0,27.346188579224794,27.628620832814942
1,25.761109480027187,28.673363570640465
2,34.22538088568748,34.795256950319235
3,37.29456885594228,38.018923258654915
4,31.943711130577647,35.43007154213151
5,26.60632182724,27.245919362099052
6,30.764426243696068,31.396975742093737
7,31.33241214520714,33.475036045548016
8,28.809227934719043,29.541292569615198
9,33.072813434340326,35.51039189114839
10,25.547398547798938,29.632437527706287
11,30.900377654620904,34.16823614899578
12,29.104261739856653,31.233174463581484
13,35.58811294212345,38.4235620300028
14,29.932256879534116,31.26877911767697
15,31.87838176648146,32.10529233471765
16,25.02785595302962,28.658533715488915
17,28.01572751417113,29.54661706842148
18,27.170944099517325,27.386477445534258
19,29.479154085347517,31.589221589963678
20,34.159130940657974,37.071606335917565
21,34.656162640490216,37.702859693628845
22,26.86354296847235,30.22087320323652
23,33.47071355765295,33.83518711177593
24,30.33279483383878,31.128405915755454
25,28.769044742207875,31.78012526379405
26,28.084626770810562,30.88314901138033
27,33.520154759099974,34.57753727697091
28,32.70732390771374,32.85607286449019
29,30.64763046877476,30.876559482871123
30,30.731267633051974,32.206532474492775
31,23.969903562693872,25.547398547798938
32,30.082275337218377,30.307785327358065
33,28.53492611193167,30.16347976881453
34,29.104261739856653,32.706842532229594
35,24.151062546447516,26.26494451617146
36,27.437610028276584,32.44173261104277
37,27.13031329034001,35.59015793850872
38,29.20886547634514,30.51584672242486
39,39.35925655040474,39.59463852384411
40,30.886975624752303,32.07207532144934
41,25.120128116064425,26.84923353441346
42,23.78685345512745,31.099214986263153
43,29.223635278485816,29.418485767415213
44,30.242524954648697,31.048504961548318
45,26.867415390399227,28.787564623895147
46,32.25303328972581,36.755269055715864
47,29.227896605845476,29.62368958171427
48,29.049364656956378,29.649636653128287
49,29.3866361503634,29.592241797894
50,30.26774964440144,32.42237993797699
51,35.25546358987811,37.701622872729985
52,29.209362140396703,29.616316722404267
53,34.669077877995925,36.83822928340389
54,28.107261148357555,28.904678877421205
55,27.24330943710133,31.541010971006198
56,31.55994125561696,31.84380527425977
57,38.685645113920415,40.63776668603148
58,27.700550180584496,30.30068171139992
59,23.969903562693872,25.52238532841452
60,20.96954679894615,26.87847314144706
61,23.37918549021138,28.94038171529282
62,29.77100277652622,30.04904923176558
63,25.530569272218127,27.550824585263683
64,27.11936109916776,27.67232310426976
65,25.307958588572344,26.064265185467864
66,27.244083447621225,27.291364373072206
67,23.061180588764117,23.582786080498014
68,22.293038144639674,26.77273888955149
69,26.052714038494425,26.99333009495996
70,28.596736440289185,30.886101952252268
71,28.77322773842634,29.24681334784053
72,28.07761233688972,30.7318247733217
73,33.96630402013219,34.60308020972543
74,30.18191666366953,33.2708617862252
75,33.98239719377795,34.430534301450244
76,26.987002703388132,32.06506690533096
77,29.041122445960987,30.871441229165185
78,31.242400276854106,34.387975459933884
79,32.228884319305706,32.557423548312414
80,34.111352493669834,34.98275383788437
81,38.59622742548821,39.24587246425057
82,32.299087797210866,34.01203959540794
83,24.849130074158193,26.982973070063956
84,24.804121057680987,27.480088178047602
85,26.78874013268631,27.736227582586874
86,28.341064976631536,28.402955625211316
87,27.481957591501043,28.87944141593723
88,31.675490680950467,31.807592435568996
89,31.51146721281082,32.47672671060443
90,30.755356902474798,30.91892892123019
91,30.444310788263678,33.41286702615716
92,31.549439477796593,32.92782589183113
93,34.6236501395199,38.889697993593906
94,26.229697358546474,26.64071684595576
95,28.312409759036907,28.326909612181787
96,31.056878448641445,31.869382328354785
97,31.59505956352491,32.280366482760854
98,29.936570820690388,31.589221589963678
99,28.706288438223822,29.504592192809646
100,33.78311062851738,33.99635863057561
101,25.634887813726046,27.532004863683593
102,26.254042055030087,27.309769659630945
103,31.83002762793273,31.85728850049055
104,28.1964035238578,30.488795153687004
105,31.818509902432858,33.22060423284247
106,29.10837099707037,32.863375528192954
107,27.282027009274913,28.55167571358938
108,26.71852514821775,28.706234259650206
109,27.401060883684746,30.44693395985708
110,35.541024791750516,36.24605092510691
111,28.01572751417113,29.316327596505865
112,24.491548920861387,28.53492611193167
113,32.75797449079641,33.44560807276142
114,26.57355667748014,29.5271034900358
115,30.520904350108434,31.767724261549795
116,42.06234821522579,42.70107731796208
117,29.43141588345329,30.63575475378452
118,28.59804237372025,30.286245820466323
119,23.38794118612146,30.51749171444419
120,30.395340334264507,31.245201249365408
121,29.475687014220163,33.1841708634772
122,26.5140082754077,31.007171106598076
123,26.035110234612596,26.64918223407436
124,29.146487471141107,30.64592141374145
125,30.22087320323652,30.41392692647436
126,27.74680706755904,28.464306074892235
127,26.416955214091562,28.04661645191697
128,25.33848140201275,26.47081794062199
129,27.695523699293922,30.633303572116926
130,29.10892239102122,30.775541798943735
131,38.363962088689526,40.055203403401876
132,36.15420478472619,36.72471929005142
133,29.152511867482207,30.540004165127172
134,32.16300745927367,32.61216681695198
135,27.460113928328806,28.860779407223628
136,26.317291654159312,29.66716531961954
137,32.61706390756803,32.84491556366129
138,25.787672039252723,26.86544291853601
139,28.762499744486316,33.31340278173781
140,28.30562243106114,32.66303362860006
141,28.180439768543234,32.69551083011781
142,34.24304939959612,35.6024576184088
143,26.31096425128258,26.972956981040205
144,35.29733983781053,38.47124475226873
145,23.061180588764117,23.413288965988293
146,27.29631665407173,31.23609218650202
147,29.566665139781826,30.348004751158136
148,26.223355907153046,28.546524500828664
149,37.29057374351879,37.33540661733235
150,29.293125376681363,29.77576339018625
151,25.11864266137607,25.648433425295366
152,33.96634406918604,36.80498223516294
153,30.484126989160025,34.444113295460646
154,28.647176755506926,29.718439557229832
155,32.67977845686813,36.150512453793546
156,34.781177249841825,34.787604831037314
157,28.549936602852533,31.121266725895953
158,32.04580409384333,32.88724743792421
159,32.905687393186206,34.976283364309474
160,28.727571395273134,29.35534183144975
161,32.2228214478313,32.82971122921676
162,28.947985839670444,35.16070770159559
163,28.049345460374408,28.227792063731243
164,29.109763984611426,29.46514678470063
165,25.16124618408358,28.74079962580552
166,27.594592540506685,29.30385468351286
167,29.79003211868252,30.232089540150493
168,31.49969470552483,32.44800729998604
169,31.431985441206063,31.85711764911888
170,28.10507591491357,31.921602675476343
171,33.72479837040855,33.81189584310354
172,29.85911797521597,30.816037995740107
173,25.013452029011066,27.099915127189064
174,32.950538390943365,35.220753952594386
175,31.615358304194483,33.41561961696755
176,26.465596780192403,26.71852514821775
177,26.761123671136414,27.430746290812696
178,30.592189367134388,30.59818610620101
179,30.448923721896882,31.025311792168015
180,25.02785595302962,28.757321733339396
181,23.925737169591095,25.42505220392113
182,32.25752605233056,32.68977997687679
183,29.10837099707037,29.86727648884397
184,33.96634406918604,35.55465169763703
185,32.98000456790535,33.692914972252325
186,32.767616807996674,33.29283692602088
187,22.965557540413187,26.281251753050256
188,31.696600126599897,33.99747608588704
189,27.479330672551328,28.999406677212818
190,28.97100995660777,30.066021409086854
191,32.19285531325809,33.84970313238924
192,30.741970529056694,33.79484158730006
193,27.648824592624,28.714713792080044
194,26.16994596037214,27.432655935750713
195,27.648824592624,28.84851633365261
196,31.51146721281082,32.19721946486237
197,29.324730275444182,32.92104570230818
198,27.270256067286354,28.524073186021315
199,25.914007628244867,30.809723556697964
200,29.507271676716744,29.790391587448294
201,30.262005620343064,30.927188791722187
202,30.554930711869048,30.88029516247119
203,40.4069128059809,40.91378377504667
204,29.541384745955796,32.88173360659381
205,29.47263042746407,30.44693395985708
206,29.633056609960924,30.344608887090907
207,34.711698646745575,39.37561706226318
208,33.66081640785996,34.338218857509965
209,27.303874502538,28.71938942887114
210,33.77580166503448,35.20350150087406
211,36.75072418643487,36.87586660786846
212,32.19141424392167,33.807627008296905
213,26.0540001530522,27.45847841393261
214,28.30327257608918,30.421024856684515
215,31.446015135711857,32.0081280800888
216,32.905687393186206,40.21903867191825
217,38.10933636076517,39.89763357681622
218,25.735178184144402,28.73690892848743
219,26.43376066323766,30.73629816022282
220,32.12788281690278,32.77864706044935
221,28.98290436731332,31.045773047314114
222,25.11864266137607,27.81835864196607
223,32.497971761412266,33.5695969682337
224,35.227434610567855,35.393040711653924
225,24.491548920861387,27.524802888318128
226,31.91381243809721,34.18334447849432
227,41.059308026182876,44.678640694833376
228,36.18115533818735,36.66622328317385
229,36.37620861460127,37.13516375910177
230,28.33647123365776,28.813419339806405
231,29.52336723808859,29.681744920233438
232,32.6536129865442,33.47617889379248
233,29.88141924395082,31.99076088496741
234,30.04456422512648,36.74268619696792
235,35.93229532795419,37.95908960895889
236,25.52238532841452,27.466967862009955
237,24.817509550540525,27.460113928328806
238,26.53264642932126,29.544798878578096
239,31.181351231388405,39.01684307063268
240,29.227896605845476,29.440400184531477
241,25.97929276131967,29.791629927154926
242,25.16124618408358,28.9875237826398
243,29.85911797521597,30.454339685137708
244,37.02074954805233,37.99733426415258
245,32.77171944522818,34.36473243434716
246,30.139336609199542,31.090440280222897
247,26.987002703388132,27.855608653910185
248,30.184181103009326,33.10028500330333
249,38.99356619149632,39.04806229535285
250,30.16191961016499,30.71341589815884
251,28.658533715488915,33.946096549939384
252,27.200882983552354,27.62053909505852
253,30.48292880317606,33.98601457697626
254,34.3871127338254,37.09440969130103
255,30.08708918732453,30.71341589815884
256,27.274818415451044,27.361769143513797
257,26.66583960458793,28.14223987553409
258,27.486358457520918,28.04661645191697
259,30.35783374317851,31.01295939938513
260,32.19653333738261,35.74507768723255
261,33.41286702615716,36.12724033636347
262,26.42706608641498,27.05632911102635
263,29.53536964884964,31.786670127947087
264,25.307958588572344,25.768982476481046
265,28.083933991103258,28.483819973000756
266,29.764186905824534,31.96335399836004
267,28.812442099417517,31.503050869857976
268,29.52661709211982,33.881447779759156
269,29.46514678470063,32.46442157727247
270,31.21543468434926,33.08149612741313
271,29.288206105081738,30.307137247140236
272,29.43141588345329,31.54297002307627
273,28.616928154091735,30.82290721653459
274,29.67068333557837,32.485559946883754
275,26.257148281414675,28.90468820642781
276,35.49075899186601,38.463628544608895
277,26.204367086202414,27.806266625564305
278,25.82539935103484,27.291364373072206
279,28.233988447405117,28.59610171280402
280,23.9262265414636,25.768982476481046
281,28.59610171280402,33.09739073688555
282,29.791629927154926,31.083248556521937
283,33.11049484921184,35.61826461982918
284,36.371135696761506,37.351029585847236
285,31.933369010584187,31.999334834484927
286,34.20848895904493,35.8108811596389
287,27.682038433074073,30.229598727244447
288,26.59196733062795,27.386477445534258
289,35.91483095351338,38.08714187381681
290,26.61318235879198,29.327829125429464
291,25.678834578375994,28.971243044890613
292,30.08831674274733,34.03226821245421
293,30.011401970593617,31.724849166859208
294,28.187504804576403,30.043291079782296
295,28.8449478999924,29.791502453757296
296,21.99248686982077,27.845808814641426
297,32.657774557793665,32.71074571019473
298,26.0540001530522,28.94307762297003
299,26.813549158631258,30.394388212762284
300,31.062867232384885,32.43737546472456
301,34.65965334088252,35.19642646923086
302,30.441138074174162,31.787699273056436
303,30.09899548493707,31.333125649385302
304,26.53264642932126,29.446548975093013
305,29.824925603119482,31.177691071944793
306,29.86727648884397,33.525116115153025
307,28.326909612181787,31.441339656424592
308,31.49864525195853,33.04984542044169
309,28.07761233688972,31.865506287437295
310,23.23791999455316,24.817509550540525
311,27.65438951645768,27.700550180584496
312,35.94601741975231,36.03143380879808
313,32.58966811217446,33.9015319217599
314,30.040909281934358,33.175764772817516
315,26.700261195929585,27.557770844970953
316,34.685953071253415,34.74885248825302
317,35.28049811935587,35.58175297171697
318,30.26756869189786,30.865001068950686
319,27.938275409554198,28.592755231980764
320,28.984125079345134,30.340017882813854
321,32.04598069846189,32.048560924750795
322,25.184153642378302,27.885108117199067
323,23.868401286373125,26.16994596037214
324,27.8147662691148,28.10303652928494
325,29.897621151471558,31.181351231388405
326,22.29303814463967,27.755231760124335
327,26.742500298053955,28.433484987783217
328,31.0250895127178,32.04434928867699
329,35.38412640500821,41.99059169534719
330,31.815881490847776,32.161272570326965
331,34.42909675265397,35.13476190273878
332,33.603769157546985,34.219375203023446
333,35.04464797424436,36.31446786765319
334,32.96553309075974,33.2464702068809
335,27.106566567635376,28.19740924551806
336,34.05681996496113,34.34969969093346
337,31.685121270570733,31.721037194537804
338,29.32327856874547,31.251426469288738
339,27.309769659630945,29.407140054003452
340,28.769044742207875,28.84799704377223
341,24.804121057680987,31.13663252449374
342,28.03383586628026,29.409049421461255
343,25.735178184144402,25.933155100342276
344,30.236448941360734,30.926950478058735
345,35.654052950706536,35.742462847460814
346,29.043283962230895,30.31891574831501
347,29.153491195875898,29.487818297018087
348,29.0072174047114,31.385379600201645
349,35.001853395988896,35.29088667699894
350,27.291887232009817,28.33647123365776
351,28.7115248008201,30.23937775434681
352,25.97775530938954,27.486358457520918
353,33.08149612741313,34.88971490363957
354,24.134911177183717,27.921871661652144
355,30.223327696903564,31.730077374496435
356,31.61733040404225,31.927542584197518
357,28.043988423175495,34.142569760290726
358,29.38356373482869,29.94424401887008
359,39.04072817201625,39.902404441870075
360,33.57554489571089,36.1063102387915
361,33.881447779759156,35.387610960762984
362,33.14144455309877,34.71839424519104
363,23.015699054324376,23.831713400273106
364,30.292879527401208,31.418534212922328
365,30.067156309362012,31.080331389210077
366,31.198101652920247,34.01497515873841
367,34.353481620399585,36.96815062203878
368,34.03995379248916,34.8737140474812
369,34.33577216125721,35.52537462220549
370,32.29615581536772,32.96414211512901
371,27.06586277387371,28.606819980871684
372,28.19740924551806,28.84053352608785
373,28.09472517435143,28.533263429297815
374,26.052714038494425,26.976089662701106
375,32.42108550124479,34.90459901905497
376,33.2973110185929,35.21356820283314
377,31.127913600069583,32.28145265411809
378,26.014747802758727,26.708452963283275
379,32.75302446068986,32.817610511032065
380,29.383845511909627,33.5882334518739
381,29.12414315538678,29.900858061427105
382,25.43384396434893,28.546023740884817
383,28.73690892848743,29.184597517610165
384,33.39437270667173,37.161135765340205
385,28.229978416310566,28.546524500828664
386,34.630519763110634,34.98494450399186
387,33.35661465353464,34.61287025630306
388,32.42105819526248,34.15382327183999
389,27.259622208736264,30.23990976055793
390,34.71899594951174,35.719338235171755
391,28.049345460374408,29.03677527620104
392,28.850484625803475,29.875718562990947
393,30.25251503435035,30.387943314733675
394,28.75169421589751,29.41172032917249
395,26.30806838257925,30.804835216752352
396,29.127017377276164,30.73629816022282
397,29.887543976026958,32.78899089106522
398,26.64918223407436,28.29813279683001
399,29.613784056773515,30.899407018415847
400,32.95759755375321,33.74164907044297
401,24.291615169623036,29.12414315538678
402,29.5387973463315,32.44173261104277
403,26.61318235879198,30.54056325702817
404,33.675166413192805,33.75236800345937
405,33.07664500758759,35.47905732242832
406,27.26305999962335,33.005681300605595
407,29.093644112546276,29.818080044734312
408,34.00669378735448,34.33376318735932
409,31.997203166840492,32.26828116546076
410,33.71298853137056,36.128512216841095
411,31.11571325792313,31.496093219614533
412,28.714713792080044,29.63386733666032
413,35.82234693951937,38.772031902365036
414,40.08590815345622,40.85242524399459
415,35.6096884480877,35.69069859408588
416,23.015699054324376,26.146999544451017
417,27.587057621503952,31.492376421728924
418,34.39106363560596,34.67038286843701
419,29.78249041257137,32.78899089106522
420,28.617759047832003,35.60353424311337
421,24.14978678141594,28.341064976631536
422,20.96954679894615,22.884839848052472
423,26.57355667748014,28.886856153209827
424,29.047873066798445,29.567528910114362
425,29.38922360304313,29.932256879534116
426,29.92475433778661,32.56121491880719
427,32.56322749225668,33.25406377245919
428,27.9726104986078,28.757321733339396
429,23.413288965988293,25.679820427340776
430,26.2627538257458,27.403662116887773
431,26.42706608641498,29.21432902253553
432,30.00745537252779,30.681376546584207
433,31.70663664032517,31.728717133668052
434,30.700546335046823,33.091820185529734
435,30.793000220849695,34.189822045738886
436,29.38460771234067,32.019493444254195
437,30.746051481403505,30.80571068380836
438,43.21698519460363,43.383654695466795
439,36.63128273608306,37.833083680879966
440,32.02485936671997,33.08416743477807
441,25.89671038140488,26.13821894347332
442,34.792049741248555,34.79735628505311
443,28.312409759036907,30.08831674274733
444,29.68406965716179,31.330380247782266
445,22.38519715825798,29.957907451827396
446,28.69888577475253,29.764186905824534
447,32.832082218889425,33.14930774873576
448,30.208556990309226,30.306827938498632
449,30.29094378976802,30.43279166289551
450,30.51053627447439,31.941823872356604
451,30.67221367904927,30.782038811970473
452,27.94709039222987,28.02822258930082
453,29.158337778211745,33.36340536451069
454,26.59902174402941,28.924228242690248
455,27.18094898328637,27.660040191874767
456,37.12741057857586,37.95282713999309
457,35.23105407263287,35.938308850932316
458,32.952364896673636,33.17327307669742
459,26.5140082754077,26.95833028944381
460,32.819178531557114,35.61341914110863
461,31.08365638375252,31.14115679556573
462,23.64634404875933,24.459231126976295
463,28.981516569180584,29.649636653128287
464,25.184153642378302,27.49373392489992
465,25.388117293492652,28.475167984081963
466,36.08515563544252,36.3736758995857
467,32.82908275521654,35.08416127584015
468,32.16595937086078,32.18802739100711
469,32.64347941759982,33.354765701225574
470,30.482970078656493,31.410531328072107
471,27.06586277387371,29.41172032917249
472,28.99329276799595,31.888385124067945
473,31.061218460877374,32.30723229331539
474,30.190888295209575,32.0081280800888
475,30.881294142832623,31.543554139247597
476,31.295868561985014,35.04931503351423
477,32.10619003392255,32.36451756865714
478,25.634887813726046,26.31096425128258
479,30.20773353698381,30.865001068950686
480,27.845808814641426,29.584294405516957
481,36.67272015073887,37.5568314913406
482,28.99329276799595,32.19653333738261
483,29.752861629701066,30.271373348532826
484,38.77920322083825,41.069595824071726
485,29.3866361503634,29.38922360304313
486,36.6235431774136,36.82244049338433
487,28.176211046873433,28.194615020158054
488,31.625626710756123,34.95848394853752
489,24.633048506951575,28.21805920301944
490,26.2627538257458,26.281251753050256
491,29.3157127554518,30.26774964440144
492,27.77009317046476,28.022196901765287
493,30.127401446198775,30.818457874866695
494,32.17626432817408,32.88724743792421
495,27.9770204338031,28.335731501413793
496,29.414208819486273,31.583810874370645
497,29.261877501863857,34.97123766454444
498,25.59854044324352,26.064265185467864
499,28.66272527735608,29.278232784708045
500,27.463169890509747,29.192121840161192
501,29.343284067647474,30.066021409086854
502,26.64071684595576,28.599417077136202
503,27.388014757014936,27.95791543575047
504,30.973143534577197,32.62600508000125
505,23.877914607291117,28.1964035238578
506,31.20411073365084,33.274992490599374
507,25.228729399099716,26.416955214091562
508,28.953392595296357,30.400542711788415
509,33.41978826680322,34.17034054487842
510,25.82539935103484,27.9770204338031
511,34.737886349504656,35.9521584743547
512,31.44729730278402,33.69219907342877
513,29.03450010050356,30.155440656148194
514,28.58545020945789,31.40540759175931
515,29.51348186791049,31.32684003755896
516,33.07212591969375,33.813750925318196
517,22.4129014216435,24.756231250561676
518,35.275603909162385,37.4028976646485
519,34.35446460998226,35.106353913467515
520,30.893195376303694,32.18309708390179
521,29.912770553483007,30.60174802174455
522,25.27058803282762,29.46042246539058
523,33.455692894443466,33.71867682965983
524,25.82208856724754,27.510083767608542
525,23.37918549021138,24.995492494567213
526,31.25459299363055,31.78885676256703
527,32.950538390943365,34.44300992928725
528,31.446015135711857,34.442322142187635
529,31.49969470552483,34.47448973002736
530,31.859075176196885,32.21313962189105
531,32.42257309107123,33.47959773918826
532,31.20795801722206,31.731324792342
533,27.520087801102054,27.603648814585743
534,37.975272825580944,40.289729515715294
535,31.44160680816864,32.78492792991645
536,32.809776928505144,32.88684457213704
537,27.386250988724925,27.80865570412826
538,32.0325517344346,33.273619751957305
539,31.913684879889523,33.791125897448666
540,22.707246817111095,25.013452029011066
541,21.393887526457835,24.151062546447516
542,26.962838570901507,28.167538131351986
543,28.929995614891105,29.31760397045289
544,26.43376066323766,28.6421390907117
545,29.608989835321815,30.33343079890377
546,33.65348877486787,35.07590070484267
547,23.831713400273106,25.43384396434893
548,22.707246817111095,24.291615169623036
549,25.281142399627445,25.914007628244867
550,31.625626710756123,34.353481620399585
551,28.64941306893996,30.72555345329374
552,30.55007522220064,31.75709493520608
553,24.162589813664813,25.17206402078433
554,36.9743281098132,37.31435011947108
555,30.309963369345606,31.034125567707818
556,29.761541464359183,30.413005563287122
557,33.14571104955232,33.17934995634447
558,32.0468904088629,35.38074713417161
559,23.38794118612146,30.34812312208708
560,25.281142399627445,29.20729408608995
561,33.486661959371766,34.98829786961576
562,25.42505220392113,27.65438951645768
563,30.028376570636134,30.59818610620101
564,32.94568861590307,33.54026339369266
565,37.55309701246975,38.08336778778891
566,24.756231250561676,26.146999544451017
567,25.27058803282762,29.834825655677207
568,30.656413670044024,32.17781671149614
569,29.38139175846042,30.637572527848903
570,35.30905350432644,36.89204400883348
571,29.192121840161192,30.06613840729009
572,35.906567560204955,38.19013301460444
573,28.691268947155173,29.032266086231616
574,30.72606234831704,33.90695921462031
575,26.229697358546474,28.33846388914171
576,30.754400311000204,32.588152936352785
577,29.438116889228528,29.702813500076015
578,33.2314324190968,35.083791507619935
579,33.495237627092564,35.074847564772796
580,32.91999363807881,34.98829786961576
581,34.57753727697091,36.04555666605672
582,32.051260639291314,32.55016795125913
583,30.754400311000204,32.010737986712044
584,36.10716003662335,36.45304060871752
585,28.999406677212818,32.14376111949495
586,27.69521755172431,29.33848527675833
587,29.919545621307293,31.351121591833333
588,31.251815745775787,31.39069820159751
589,32.19406570999777,32.6383236664387
590,29.056257629145133,30.51584672242486
591,30.25989232138886,35.77666224266598
592,21.97792126009194,29.587399112755666
593,26.922214816217334,30.12890697403169
594,22.884839848052472,25.648433425295366
595,28.763889664706983,32.89395946999581
596,28.749333553521822,28.762499744486316
597,33.133653208847576,33.39636856642134
598,29.633056609960924,30.624345870246277
599,23.91067223277047,25.67338428424597
600,33.50162517436641,33.94906399530464
601,27.099915127189064,30.232089540150493
602,37.621609217191086,38.61964425627786
603,22.4129014216435,24.134911177183717
604,26.218209492848434,27.90930704052984
605,31.40401521814701,32.39582096864466
606,29.616316722404267,29.68252485450283
607,28.00769861817381,29.569418044687506
608,32.70967517987029,33.768237032979414
609,21.97792126009194,28.970460339805634
610,30.610943269758316,33.44252923588566
611,39.00406704175768,41.81207112699803
612,36.73167174068289,36.737680418985995
613,33.769651517502766,37.2389109676854
614,28.402955625211316,30.66786510592642
615,31.330380247782266,31.65542792916558
616,31.50343101346298,32.47830899721509
617,32.752703171599386,33.634946058186564
618,30.00972846000965,30.586183769140252
619,24.50107996569699,25.24001448762649
620,30.484354085578804,31.158068789739477
621,28.180439768543234,29.58354081932666
622,31.27710131446324,32.03709604386744
623,25.109569592862517,28.406358021570014
624,26.8762160150548,29.055610004234552
625,27.16589646732409,28.107261148357555
626,29.33848527675833,30.444310788263678
627,26.9939368686655,28.119842562485346
628,29.895936382687506,31.04772598431881
629,27.755231760124335,28.091977588381923
630,27.481957591501043,30.046680888877585
631,21.393887526457835,27.32960398752219
632,31.351121591833333,32.43914641095143
633,28.561765330955918,30.804835216752352
634,34.33089929240299,34.68368026656621
635,26.061538456612098,30.262005620343064
636,26.26494451617146,27.74102213545088
637,28.89091104458492,29.78405040481509
638,33.29210552811745,33.90450689032227
639,28.984296346416645,30.14740796172059
640,24.398379414886087,28.617759047832003
641,26.86354296847235,29.544798878578096
642,32.388704178505826,32.591791328791615
643,26.354432291819677,26.840278186982722
644,30.848895254882297,34.64593650472781
645,26.084244883649536,28.10303652928494
646,31.689921034295693,33.53426688858114
647,25.14448249078602,26.648065590235717
648,32.90929834571135,33.20229634458366
649,33.64606134218128,34.98165606634296
650,27.308691893653734,28.823085738955807
651,25.59854044324352,29.99584155085322
652,25.829012417990345,28.275431061738885
653,23.927152028530607,25.89671038140488
654,33.53943639308313,35.35970668478758
655,32.0468904088629,32.32666645073115
656,33.33996724986267,33.4789211948709
657,25.426088449421858,26.218209492848434
658,29.12946829201591,29.586806282539783
659,26.59196733062795,27.170944099517325
660,30.53879843396999,33.75660245117839
661,30.44093598364382,30.957418637719112
662,30.389029075011425,31.465896789386875
663,33.41780988968048,34.47584341665919
664,28.30562243106114,30.040098835307912
665,25.869808715311144,26.613357766701693
666,27.274818415451044,28.02822258930082
667,26.840278186982722,28.638673311640236
668,29.047873066798445,31.70809486566766
669,38.12834142774745,39.95193734556902
670,30.99857471748946,31.383359150814627
671,34.444113295460646,38.206593049990694
672,24.14978678141594,28.616292252617942
673,27.9726104986078,30.48292880317606
674,29.74368218529346,31.891010319701124
675,29.324730275444182,32.04580409384333
676,31.21543468434926,34.08757781035917
677,25.97929276131967,28.187504804576403
678,32.838694759413706,33.16464700485862
679,24.695355291154442,28.60115064476588
680,23.925737169591095,26.354432291819677
681,35.13959278661704,36.434891152336995
682,31.91556366174451,36.457115291307176
683,32.99054026632417,33.5426314843516
684,28.23882845833777,29.047227714134944
685,25.933155100342276,31.017566898438105
686,34.691344159810896,38.27953496830053
687,32.14105401819103,32.958197226906634
688,35.72906324193793,35.95007270322336
689,32.82773287955807,33.015707197340184
690,31.85711764911888,33.07293615823333
691,33.005187578586366,33.0684898811087
692,26.54308113078612,26.962838570901507
693,28.673363570640465,30.292879527401208
694,30.876323833209398,33.264931346092695
695,24.849130074158193,27.524802888318128
696,27.444887254098216,27.802678953603717
697,25.678834578375994,26.86544291853601
698,30.073308885974065,30.92026168365807
699,27.939941708596848,28.304896490457942
700,35.569728692323636,36.40678643928474
701,36.115356781436105,36.974827023331834
702,31.831817942290865,34.293047442615226
703,29.273884733785295,30.242524954648697
704,28.787564623895147,31.177503705028226
705,33.6453825126641,33.84370279498498
706,24.995492494567213,27.761146962575946
707,25.82208856724754,29.35534183144975
708,29.191885258335727,30.482970078656493
709,24.47234449836236,27.884803689084556
710,34.62294140882407,34.740588694232976
711,33.25437351707577,33.700457666455705
712,29.604808236617682,31.503050869857976
713,29.652656341547047,30.53653692129765
714,28.229978416310566,28.295210915119377
715,27.26305999962335,30.503186790762857
716,38.2008682473949,38.28179359675643
717,37.9314079913804,40.47624726185116
718,28.596736440289185,32.753583394180446
719,34.46593956286827,35.37295203919368
720,32.67977845686813,34.137769030816195
721,30.08708918732453,31.882916684218237
722,27.921871661652144,30.690804230671862
723,33.25282669939541,34.91328518418561
724,24.804404230952134,27.270256067286354
725,25.519505510189934,26.761123671136414
726,32.70730463662371,34.416269962484016
727,28.89361255483349,29.418485767415213
728,28.84851633365261,29.080855161156315
729,23.91067223277047,25.120128116064425
730,36.60330221011149,39.88720897629434
731,23.78685345512745,30.475314065393917
732,32.115955676021414,33.056066999234396
733,26.45217211515892,26.88011080383048
734,37.21755607801714,37.95518194297288
735,34.99212650515177,35.27277632197096
736,34.348170522391854,34.58881115575411
737,31.9264819749886,31.9368763821233
738,31.780532650427254,36.304436509023645
739,28.32299978372038,29.386205688085877
740,28.35791471383504,29.368516938098583
741,29.266563513819722,29.316327596505865
742,26.976089662701106,26.99333009495996
743,28.45734676252836,30.626375113095275
744,27.185716645244522,30.444688731671967
745,29.77576339018625,31.709702517410538
746,29.586806282539783,29.594120452724503
747,23.23791999455316,29.31822743469403
748,37.76696476158862,39.36859881177569
749,31.62418965086837,35.73266376294351
750,31.241130692244464,33.07256362013949
751,29.99584155085322,30.65201879137813
752,28.65784323324988,29.071466217285966
753,31.44160680816864,31.835563313430416
754,30.25251503435035,32.3636215246009
755,29.543004115256178,32.398876583999126
756,34.536775421568834,35.57129748289545
757,23.9262265414636,28.972444611317037
758,23.582786080498014,24.459231126976295
759,30.11383352982737,30.21802937342319
760,32.15251732313094,32.35703655253217
761,30.188700121852282,31.66135332929064
762,23.877914607291117,31.950454813073655
763,28.606819980871684,28.940726270426694
764,27.377293414270174,28.1115373056
765,34.080634911059086,36.67587989076046
766,27.884803689084556,30.40912193978071
767,35.21534652572379,36.61816607510931
768,32.84784265999634,33.946096549939384
769,28.148508910007997,29.63295293982599
770,35.11856350118883,36.017861372828435
771,28.043988423175495,29.273884733785295
772,36.06425892867054,36.44603479782937
773,33.04884977884938,33.37816769895137
774,34.277337492352665,37.96055812791767
775,25.08050445919051,27.185716645244522
776,29.31822743469403,32.809776928505144
777,28.14223987553409,30.37739489494732
778,32.69845090799708,35.08065205335534
779,34.86589970607546,37.861970597612775
780,26.850817040264534,29.820193710409267
781,27.403662116887773,27.60358073088302
782,26.88011080383048,27.16400923819139
783,28.224674151529516,28.989982655029024
784,33.78766855554226,35.04974212001404
785,26.223355907153046,28.989982655029024
786,25.08050445919051,30.067156309362012
787,29.567528910114362,29.94424401887008
788,30.503186790762857,35.329725238289754
789,29.080855161156315,30.033085440165145
790,25.426088449421858,28.129425829748133
791,29.287053013764904,32.935107572275875
792,34.789560095641214,35.53725956405397
793,28.32299978372038,31.53986914352809
794,29.65770423313696,31.59609723386192
795,33.145009157647586,33.33152326207104
796,32.42817898572617,34.612757494466074
797,28.275431061738885,28.7115248008201
798,31.549356372148107,33.20301135784549
799,28.720109026909686,29.868854623655448
800,39.407416458637606,39.83787197197098
801,31.241130692244464,31.546931327874525
802,25.24001448762649,30.518917347023073
803,27.920981617106634,31.992737076421612
804,27.885108117199067,28.939893321471416
805,30.349333750364924,31.756537793317243
806,26.257148281414675,26.813549158631258
807,34.30037322107131,35.389948506773834
808,23.868401286373125,30.706349938680958
809,28.065488733487857,31.728369067183724
810,31.929849122312998,34.51950501259664
811,35.30978388855347,38.33386903629123
812,23.23458328524219,27.920915862135857
813,32.25303328972581,35.63712724740094
814,28.10507591491357,31.158068789739477
815,32.48181570432025,32.818903713189094
816,29.810180863307167,30.50971020238446
817,27.49373392489992,28.850484625803475
818,27.13031329034001,31.623076176748732
819,27.259622208736264,29.106203386523372
820,31.69127387391013,31.811658310844926
821,29.02597778182844,29.508022559864756
822,27.049136021132195,28.967389733258653
823,27.907724623637012,30.75576621617634
824,31.549439477796593,35.297706697004045
825,31.952013266060078,32.39288789109902
826,29.67864833725922,32.35378761189081
827,27.3323729513493,27.603648814585743
828,30.670907995038593,32.57526710290187
829,25.787672039252723,31.502322264083826
830,21.99248686982077,29.257643278702837
831,32.976143414848856,34.277016730433836
832,32.37564264827011,33.13550532733837
833,31.80113384521301,32.044835192947204
834,26.708452963283275,27.761146962575946
835,32.79595668422014,38.15985401603845
836,29.20886547634514,30.094111884523667
837,32.91514711926332,33.46342454443257
838,25.829012417990345,29.833212819743427
839,33.58630704617433,37.794943109496494
840,32.43737546472456,32.57526710290187
841,33.45912675214519,34.650645697142885
842,31.485419953769025,34.64076412501742
843,31.910523670977863,33.768237032979414
844,27.95837288060758,31.30267366216236
845,27.381364815602083,29.68831569015944
846,32.77969234428438,34.97337182031566
847,26.77273888955149,30.746051481403505
848,31.394226813503735,31.431821531731092
849,26.52836884308479,26.964062200385086
850,30.053614586128926,30.73215472050409
851,30.731267633051974,31.27489386919169
852,35.83183270162468,35.84467383222616
853,31.114214771923578,37.21065274681532
854,24.50107996569699,30.81587973990089
855,24.36515038766921,25.07232464160317
856,27.16400923819139,27.444887254098216
857,33.664309425465994,34.46803312715055
858,30.525528576080198,31.382128901462668
859,35.31587511005538,38.24724591055227
860,28.289292811528835,28.63013849606216
861,30.44736265722622,31.179369424535125
862,26.33648880217453,26.87847314144706
863,34.00123086243826,34.09648937774297
864,23.23458328524219,27.244083447621225
865,35.75304783325435,36.27271102230227
866,29.507271676716744,31.594740544012836
867,29.446548975093013,31.245201249365408
868,32.89117939805642,33.13659106111683
869,31.383359150814627,32.75072987549143
870,26.084244883649536,28.115048702129027
871,25.109569592862517,30.184181103009326
872,34.040495655966,34.569511938839675
873,32.17008819833647,34.79735628505311
874,28.630468379110344,31.145489386754612
875,28.64615501029365,29.51348186791049
876,32.06067408995791,32.62421503712098
877,31.093372415288965,31.242400276854106
878,35.1876208417337,35.47593905851324
879,24.398379414886087,32.299961215802625
880,28.929995614891105,34.922464450056815
881,30.429700196551394,31.322733523413714
882,28.944937428336484,29.383845511909627
883,28.154240910635167,28.485104800207093
884,26.859524874237216,27.635810701432955
885,34.40737070495875,34.69361976027
886,32.38602623645169,33.47548643128587
887,31.962034347158447,32.332790058709854
888,33.37796072508109,34.24810903153675
889,29.63295293982599,30.031573748851862
890,31.377907983774968,34.061129164330744
891,30.886975624752303,31.431821531731092
892,39.341507702337395,39.362002256342535
893,32.34012678985737,32.767616807996674
894,25.671900643898375,29.38139175846042
895,28.211603957812734,31.409859226751898
896,32.01492278302208,32.443892469185755
897,29.775992565069224,30.30068171139992
898,26.613357766701693,30.930861134411348
899,33.66950634637654,34.74885248825302
900,26.66583960458793,28.295210915119377
901,33.22740979351372,34.85952897219387
902,27.32960398752219,28.49769819992378
903,28.148508910007997,33.14651435488249
904,31.270998887926478,34.20496411312826
905,27.1740864145974,27.587057621503952
906,28.154240910635167,29.056257629145133
907,30.35723917462613,30.957418637719112
908,27.570836472321336,30.37767010346755
909,29.236099407870906,29.879555753811903
910,29.543004115256178,30.259874809857443
911,34.93649684617046,37.1641958224999
912,26.45217211515892,28.77322773842634
913,24.47234449836236,24.979559669144656
914,30.815645680613965,35.11105248327403
915,35.57894534297993,36.03882272516111
916,25.869808715311144,30.971764340698247
917,26.014747802758727,29.53605750931763
918,28.409995835866194,29.592241797894
919,30.306827938498632,33.74407182935158
920,28.211603957812734,28.833374974900124
921,32.07207532144934,34.27430723858097
922,35.789703322370464,36.275813722693975
923,25.14448249078602,31.992845187403855
924,32.00795524065761,32.82119641291509
925,31.73359499456392,32.44534656681156
926,29.550596641201455,32.50040132794258
927,27.695523699293922,35.00651664094572
928,25.388117293492652,26.869834607267254
929,35.66858942413686,40.99067484173198
930,32.007459871751585,33.829764757294875
931,26.317291654159312,28.391876659718452
932,27.18094898328637,29.257815397258778
933,40.335205496959844,40.33946559651082
934,34.610053758691045,34.74787237354022
935,29.31760397045289,33.001639619642454
936,27.386250988724925,31.069983429159045
937,29.681265362438147,30.329358444422667
938,34.18928803782121,35.063511407992095
939,29.261877501863857,30.94411459375264
940,23.927152028530607,28.129425829748133
941,27.855608653910185,29.997876695066036
942,34.133198863274416,34.91328518418561
943,31.535806717221536,31.99031541936104
944,32.5866434494233,32.59926733513112
945,24.695355291154442,26.035110234612596
946,29.559206091423015,31.617644202529316
947,38.15439086844544,38.16742883865782
948,27.437610028276584,29.5387973463315
949,26.54516680166895,27.8216805465945
950,36.32951058633498,37.738051156048506
951,35.77171753795843,37.34585307651026
952,26.884155834132336,28.298738059968585
953,28.28440249099549,31.72154451144712
954,28.727571395273134,29.452512180737653
955,33.26807341641373,34.30303790696894
956,29.673656879758955,31.728369067183724
957,30.08478528265358,32.31975995068824
958,35.207309436281854,38.046952092965924
959,28.97210739903831,29.327829125429464
960,27.95837288060758,29.931446920684902
961,29.493441661085367,30.00745537252779
962,30.576149614179805,31.379858655156905
963,35.84692995862761,37.517418592574245
964,42.24895997873572,43.05899028597142
965,30.818457874866695,31.52048927002561
966,26.453658870803753,27.430746290812696
967,31.93352417801833,32.42678462541456
968,39.16560080892507,40.97338735736539
969,30.465563581671322,33.186115387275876
970,31.32684003755896,35.81287033446062
971,27.74680706755904,28.261600909843033
972,29.208125926682754,30.060765053937363
973,27.480088178047602,30.33560115237914
974,30.755356902474798,32.675563178993684
975,28.549936602852533,29.680979143490912
976,25.671900643898375,28.823085738955807
977,29.74368218529346,34.3157346451829
978,26.884155834132336,32.82908275521654
979,29.0072174047114,30.848895254882297
980,28.357381207422385,29.368516938098583
981,27.303874502538,27.361769143513797
982,40.97264415653893,42.43535452137779
983,37.44162719298114,37.57813391771113
984,25.768509307717757,26.011777492247656
985,35.78082605739609,37.484921244610156
986,25.228729399099716,26.8762160150548
987,30.04456422512648,32.20162073793312
988,30.66786510592642,32.502184991947196
989,26.78874013268631,29.620150326410876
990,35.968114675209634,37.923805418772474
991,27.3323729513493,27.520087801102054
992,22.38519715825798,26.850817040264534
993,32.92782589183113,33.805198247429644
994,29.71445435524948,31.6566297999391
995,29.127017377276164,30.706626408924357
996,29.791502453757296,32.739881567357386
997,30.093930211053724,31.629997056200683
998,29.158337778211745,31.689921034295693
999,31.422287433287302,32.33538877766294
1000,25.519505510189934,28.083933991103258
1001,29.124002459450008,31.836066711285984
1002,30.632152666301632,31.83002762793273
1003,30.209400986818995,32.92372759946168
1004,23.64634404875933,24.36515038766921
1005,26.475155802004565,27.951841452132072
1006,31.685121270570733,32.61385504431609
1007,30.67567480398426,31.310242663777142
1008,29.169074965140133,31.888385124067945
1009,28.295291240390647,29.879855660424326
1010,28.6421390907117,28.64615501029365
1011,29.10892239102122,29.38460771234067
1012,26.254042055030087,28.464306074892235
1013,28.226684797748938,30.692603678575153
1014,28.47993246007484,28.887549266027644
1015,29.88595215697143,29.900858061427105
1016,28.062247123161924,30.72787652044273
1017,37.07996529413924,38.27258444272265
1018,30.712012967555676,32.42708710100295
1019,27.106566567635376,27.377293414270174
1020,27.81835864196607,30.637572527848903
1021,30.25989232138886,32.04434928867699
1022,30.864637527730306,31.795144275686084
1023,30.726998944250187,32.26358403027648
