0,0.994614180003285
1,0.9991288776610161
2,0.9990960802607559
3,1.147160334110463
4,1.1279407296938324
5,1.0099868372994703
6,1.0472761147073173
7,0.9940388878713478
8,1.0063578919837215
9,1.0147961104373027
10,1.0854413773526144
11,1.064535882215651
12,0.992467411344504
13,1.0743406253254846
14,0.9835022879843742
15,0.989608367308078
16,1.0230100877692836
17,0.9794398539860762
18,1.0767450751703138
19,1.0222000756066543
20,1.1194159866615305
21,0.9863836911381548
22,1.1256831514998185
23,0.9974607524619328
24,1.0183349770506636
25,1.0082342475723967
26,1.0186222190530296
27,1.0064763915044652
28,1.1233718990131778
29,0.9940092793373129
30,0.9906788168436641
31,1.1136747552269297
32,1.0452065186695911
33,1.1051614238653211
34,0.9709376117582015
35,1.0128854495256525
36,1.0171625138603546
37,1.0344798468461303
38,0.9934695410324212
39,1.0348488229960406
40,0.983164236874013
41,1.1622663624751972
42,0.9988322028650725
43,1.0871809853164058
44,1.023670735135832
45,1.019773209640685
46,1.0182565201121219
47,1.0727291467028657
48,0.9892977644218734
49,0.9972480545078302
50,1.032892737275188
51,1.1186724915342259
52,1.0031279419080783
53,0.9942853662546606
54,1.053229366846053
55,1.0263107367404936
56,1.004628437940275
57,1.027787179966237
58,1.0364220118177532
59,1.1889484165170485
60,0.9922247535675448
61,1.0211735730242806
62,1.0027042740251413
63,1.027783803755667
64,1.0578020963691013
65,1.0533863622569293
66,0.9887388933011271
67,1.0027905855700465
68,0.9606240689549643
69,1.0213163558155682
70,1.0019305371786307
71,0.994552328803018
72,1.0378971296740844
73,1.1234432278658535
74,0.9641309773931273
75,0.9886845719139562
76,1.0576966089797053
77,1.0314676715804112
78,1.0107043294121745
79,1.1577368576357265
80,1.0081603073300163
81,1.0111297996647943
82,1.0418720048791048
83,1.0225282809880367
84,0.981238043140213
85,1.1089329909942336
86,1.100893170833292
87,0.9768189455655916
88,1.00453035437353
89,1.2942299926421592
90,1.1456189440718219
91,1.003166910343014
92,1.0023076125312924
93,1.295878715333872
94,0.999457937339757
95,0.9764654815765308
96,1.0165908040936869
97,1.0188248212461457
98,1.1441776541591424
99,1.0437763347330398
100,1.0280467942832663
101,1.113868158676841
102,1.1674333285010126
103,0.9938581387816532
104,1.1753528984597972
105,1.0906025377725492
106,0.9966577471234053
107,0.9930180347111127
108,1.0798170776854032
109,1.1601432056285166
110,1.3373115977896841
111,1.013746263623866
112,0.9940778520546623
113,1.1913004950291017
114,1.0242407084970515
115,0.9687413732365504
116,1.0616492443927297
117,1.1077643710051681
118,1.090813414438105
119,0.9883499768914337
120,1.011732036900363
121,0.9778498754197884
122,1.0489863809654736
123,0.9868124479950605
124,1.0157277102517308
125,1.240384041293085
126,1.0535807750514044
127,1.011465725981423
128,0.9822193820594576
129,1.0110329435813032
130,1.0129028045430273
131,1.124529398294501
132,0.9886606265992066
133,0.9855967231297956
134,1.1587124049798503
135,1.0130118373525279
136,1.049081412269535
137,1.0088132922967041
138,1.1461544222160018
139,1.1028560421047047
140,0.9754201518978318
141,1.057085301366548
142,0.9966996390110388
143,1.010959121085786
144,1.0268384653892504
145,1.1838006711719602
146,1.0583671274183932
147,1.0158085194523547
148,0.9957724316883427
149,1.3031442067288417
150,1.0142989816792918
151,0.9976793937560369
152,0.9723500787935675
153,0.991110405476906
154,1.2218683015817073
155,1.149442192111617
156,0.9911565244314164
157,1.030136062966761
158,1.0981267710872
159,1.021294211229169
160,1.0203242788630342
161,1.0452720507925024
162,0.9669598162477215
163,1.0416606640610362
164,1.0090604651970283
165,1.068871387572078
166,1.140438925183105
167,1.0050657767146634
168,1.0536544109437036
169,1.118431884789489
170,1.0087040993169167
171,0.9954254435801995
172,1.0819532458776238
173,1.0910880127727731
174,1.074533768063087
175,1.0737879613531984
176,1.0095161890683313
177,1.0890999205442928
178,1.0396182147310427
179,1.1117450750922244
180,0.9841791401003477
181,1.0035130270967247
182,1.0810457260235256
183,1.1215574471355625
184,1.406079569790737
185,1.0006421670876153
186,1.0044882248314266
187,0.9992688524730367
188,0.9935899905351481
189,1.088647447460965
190,0.9799521667145437
191,1.008374006810525
192,0.9876554460461473
193,1.0564714604761938
194,1.0906803058255217
195,1.1009868712925348
196,1.0691542695941774
197,1.0588363583410667
198,1.0549378278639316
199,0.999493474266613
200,1.0387012073861377
201,1.0209204763782913
202,1.028623557423271
203,1.0393413193439887
204,1.0257869779019209
205,1.0180527198589377
206,1.01326232137699
207,0.9820932404684971
208,1.074580200289937
209,1.4131676110920603
210,1.06231252387101
211,1.0250225541276032
212,1.0482817330501053
213,1.0475856940637769
214,1.1229841284948074
215,1.0058630419072716
216,1.0771112268693055
217,1.135893151374347
218,1.0438539541467482
219,0.9837910030796626
220,1.018440392898547
221,0.9797664035788489
222,1.1206725242744082
223,1.044188538899645
224,1.1077339713123464
225,0.9900703852416939
226,1.0566198984876845
227,1.011859742289926
228,1.0369892678417638
229,1.031367036089713
230,1.0597694272382314
231,1.0076458078017936
232,0.9906548306097507
233,0.9914798422987146
234,1.112285265705581
235,1.0140942136343218
236,1.1026438649707608
237,1.0795641765844162
238,0.9622756909978245
239,1.0550966929240624
240,0.99962492651255
241,1.007040937773181
242,0.9859702210288229
243,1.00487189830591
244,1.0349181411447053
245,1.1000183071755871
246,1.088105969537813
247,1.0643135634184098
248,1.0785466904990133
249,0.9783946375861812
250,0.9901328647462
251,1.0194562027188216
252,1.0661102570318484
253,0.9966156275078958
254,1.0528475974548734
255,1.0619363838012186
