0,0.042423493431283404
1,0.043087971673525134
2,0.041925681035078176
3,0.040914581167811104
4,0.04252351033082367
5,0.04134309584528411
6,0.03310141364933834
7,0.04298755412819407
8,0.04276196583245692
9,0.034407940548431416
10,0.040898734434485946
11,0.04027444086039305
12,0.03351890665503306
13,0.030366386214721132
14,0.04693285852814313
15,0.04266710930279756
16,0.05011282126427806
17,0.04660773206135476
18,0.030010353581161678
19,0.04874178476283694
20,0.02825530214459237
21,0.04615574867856954
22,0.03205463496860953
23,0.03224030824575643
24,0.04485626272290534
25,0.04137756419857797
26,0.04371895644038943
27,0.04167335422807454
28,0.040362651321931585
29,0.03321996779784961
30,0.04476337300649326
31,0.033605301904316806
32,0.04881393983392894
33,0.04483289036842145
34,0.052513557560705186
35,0.031872824643640496
36,0.04475593517987281
37,0.049644117654335206
38,0.04558690424360397
39,0.029949625340513337
40,0.05283872964272232
41,0.027107133436494547
42,0.03294951080065722
43,0.02957431837444033
44,0.042897298503050386
45,0.050586174915918665
46,0.03184132659861611
47,0.039967543796045696
48,0.052601702634687234
49,0.042159106597275155
50,0.04250455593135663
51,0.04000656244627633
52,0.0425811163074892
53,0.03304655833471104
54,0.032256919807772996
55,0.0314388675391671
56,0.04187772964571937
57,0.04979932924138651
58,0.0409627284079675
59,0.03587928160632306
60,0.043270005595641814
61,0.04352901299819412
62,0.04232277828584062
63,0.04231045366122311
64,0.04904928549701106
65,0.04668211824112254
66,0.04652340603287172
67,0.05142031663788489
68,0.05467193069591498
69,0.043696905390561314
70,0.04606437983022522
71,0.0461516844508326
72,0.04100659386440993
73,0.04507860074454728
74,0.05385157972420716
75,0.051404929755475844
76,0.03924246404199525
77,0.05042250620274358
78,0.04174679510398091
79,0.03865313053475207
80,0.050894724771332014
81,0.045273477315779895
82,0.04121661505260233
83,0.049156173445059695
84,0.05315495359726016
85,0.029188260964989155
86,0.04029779146335771
87,0.04363762540137772
88,0.04490678584512555
89,0.03981313871396362
90,0.038529538729516886
91,0.051211585684170474
92,0.04222637010208563
93,0.029153174276870586
94,0.042699084976930625
95,0.05315818032216048
96,0.03321296246788741
97,0.044265012555746726
98,0.03555742315549189
99,0.04791209512586047
100,0.04468992571194553
101,0.032945140210078175
102,0.04305769951187201
103,0.04293091812839996
104,0.04246600057847088
105,0.04148617825415524
106,0.04209553689155512
107,0.04589720510415325
108,0.02938600157554399
109,0.030262929941596656
110,0.023532790857784876
111,0.04968490745682927
112,0.04615349889933723
113,0.04280995024661151
114,0.04976233673394918
115,0.05380810349669215
116,0.04165515068171981
117,0.04289962015002142
118,0.0290271118275931
119,0.051444739129642314
120,0.04329109446896193
121,0.046909548973172586
122,0.03987711600447042
123,0.051234999510134105
124,0.04431474795976541
125,0.03484497007872751
126,0.04197982914303644
127,0.05043138641960643
128,0.05216013683200906
129,0.04443351939822325
130,0.04489886700400771
131,0.04525149978460169
132,0.05259038532645747
133,0.04656136045204622
134,0.037663553547637604
135,0.04113289043309236
136,0.04324939984298627
137,0.045718381068230854
138,0.03852277566705326
139,0.029427815153506
140,0.05364280752121072
141,0.03994687725980161
142,0.04380760847554467
143,0.044845026151394664
144,0.050060416816669895
145,0.02733842332270502
146,0.030954189782257707
147,0.03156731453456348
148,0.04575490204425025
149,0.03076245832456659
150,0.04402241910407625
151,0.04474532012967294
152,0.047572118568268595
153,0.04604144615603852
154,0.042219925165307516
155,0.035015572444644406
156,0.046211467530782216
157,0.043468045460228685
158,0.02927488429485672
159,0.04416992890782445
160,0.032093430151702726
161,0.042542500247136954
162,0.05392674740980397
163,0.043224784830956944
164,0.050037474331892276
165,0.03144376397817588
166,0.03855920743959822
167,0.041645079883945245
168,0.0399551771945871
169,0.028735351556365616
170,0.04225850368909316
171,0.0513932195158773
172,0.03078908605562282
173,0.03137760771433623
174,0.042239975160163576
175,0.03794345989689445
176,0.045699285392514284
177,0.03760022336336981
178,0.029658079761074423
179,0.037715883094847115
180,0.04660549080191387
181,0.04244411121894753
182,0.04083408077993376
183,0.033246714191240596
184,0.03319470867528423
185,0.03287100922928224
186,0.032514588035376706
187,0.03188165152239793
188,0.042648267517520565
189,0.03179831094953439
190,0.04691695463529027
191,0.04049446208000542
192,0.046317863041459593
193,0.043582797499721646
194,0.04630989894997259
195,0.030799005989575648
196,0.04740930763933556
197,0.04700054627131352
198,0.03910366747425706
199,0.03286378994944475
200,0.049649854283935826
201,0.031198069387386448
202,0.04134689465159713
203,0.04315259876884066
204,0.04858783956390764
205,0.04982236377876852
206,0.04263849484084753
207,0.05305260856393008
208,0.02933974185284932
209,0.026406413704429
210,0.03146857760316821
211,0.03995809114545061
212,0.03690576593966317
213,0.04817091869387812
214,0.039944220999901775
215,0.04507293039372022
216,0.04725420791842078
217,0.03172082413609335
218,0.04783363886116073
219,0.04344817163894475
220,0.033434126553103245
221,0.046769037570944985
222,0.04487893981994265
223,0.04050807417504676
224,0.028612284855961845
225,0.04526062298481125
226,0.04119861842924106
227,0.041471734689262
228,0.04860023283597864
229,0.031177939310325916
230,0.031858836637968777
231,0.050734218648337735
232,0.0513812321612835
233,0.04301304472908736
234,0.032678026787563624
235,0.045402898476280505
236,0.03041767175744051
237,0.04692219100642582
238,0.04799174104437974
239,0.03439345315614832
240,0.05187984716600127
241,0.04495871315487398
242,0.04677973847565681
243,0.043428650580459034
244,0.04397571166511985
245,0.03275806458787241
246,0.03874230539026145
247,0.04798225084398405
248,0.03383277187277058
249,0.05292464946058566
250,0.04343803563451719
251,0.05059596919630281
252,0.04093523548415517
253,0.04205191686787236
254,0.04862093245221061
255,0.03698582074293531
