0,15,211,188,181,219,198,103,87,78,106,49,52,72,253,30,56
1,52,24,167,82,225,8,250,62,7,181,30,170,87,25,219,142
2,60,82,122,219,106,252,94,244,25,191,206,167,7,233,56,79
3,244,117,225,219,123,30,250,56,24,48,2,40,171,34,68,60
4,205,237,111,181,57,77,40,16,194,104,171,140,123,15,117,30
5,92,253,191,56,27,106,49,135,227,60,25,2,177,233,58,30
6,189,255,217,183,239,230,234,212,29,156,96,54,9,101,199,168
7,225,8,60,62,1,24,181,30,219,167,244,72,252,250,166,2
8,181,7,167,1,52,225,15,219,250,62,72,24,188,30,87,78
9,12,243,55,255,54,199,212,239,186,53,42,156,31,183,160,96
10,86,88,116,112,61,107,174,215,159,71,138,121,192,129,153,238
11,120,219,202,82,1,2,58,188,250,225,7,94,252,221,62,87
12,185,9,248,199,42,96,212,54,255,46,220,23,187,55,160,53
13,35,209,229,236,201,248,234,199,220,42,178,172,46,239,156,54
14,71,190,152,112,36,153,148,241,238,61,180,242,21,121,133,176
15,0,198,181,211,219,78,87,56,106,52,72,167,8,250,30,188
16,77,111,114,164,132,80,237,19,140,74,34,249,119,231,162,128
17,133,238,203,242,129,121,112,136,152,156,192,221,97,66,241,161
18,173,230,109,201,212,55,210,169,53,108,160,239,165,243,185,41
19,119,164,34,99,74,247,65,197,171,144,204,228,140,33,75,123
20,46,189,108,185,199,85,42,158,35,23,13,187,29,55,165,220
21,151,71,38,180,126,97,150,148,100,156,238,242,243,137,152,14
22,239,172,31,29,214,178,88,195,149,187,192,255,112,234,118,156
23,186,187,160,39,43,29,220,42,199,158,53,12,185,35,54,96
24,225,1,250,123,181,7,30,117,80,48,68,52,244,219,142,8
25,135,60,188,27,2,227,82,5,92,179,1,7,62,58,233,191
26,221,124,242,126,243,66,226,150,151,156,161,63,235,148,38,241
27,92,58,5,60,94,25,170,188,253,2,168,233,135,87,191,106
28,150,151,242,66,126,121,71,176,100,61,88,36,26,21,238,190
29,187,160,23,199,239,212,22,236,101,255,31,53,6,96,172,189
30,225,142,103,250,44,123,181,219,253,117,60,49,7,24,233,40
31,220,53,212,229,22,35,147,29,239,130,9,192,255,107,70,133
32,95,249,228,102,37,207,240,45,68,162,132,83,67,48,115,131
33,197,19,164,65,218,204,99,75,213,119,232,34,83,144,74,247
34,119,74,19,99,164,140,123,162,68,228,65,132,80,37,128,114
35,229,220,31,13,236,201,212,147,53,46,199,23,208,54,239,187
36,241,153,71,14,190,152,61,150,163,192,112,124,21,121,148,243
37,48,91,132,114,80,32,240,34,67,119,131,68,123,162,77,207
38,238,151,21,180,156,242,97,130,226,66,71,63,81,70,148,69
39,160,187,23,224,178,186,147,29,199,208,220,236,145,42,169,118
40,140,123,75,57,68,128,205,127,115,213,171,240,74,48,84,95
41,169,178,139,172,230,201,18,239,210,160,149,108,199,55,6,212
42,220,185,160,187,146,12,147,53,85,212,23,186,199,255,248,234
43,23,186,55,9,199,185,54,42,160,187,35,39,158,96,147,53
44,30,181,103,60,142,225,117,87,92,205,211,72,233,227,123,24
45,162,207,67,68,64,240,91,131,32,249,83,140,115,132,232,48
46,108,199,185,165,239,212,12,189,20,35,195,29,248,96,55,42
47,246,142,211,253,135,30,191,175,188,181,91,44,167,0,80,103
48,132,91,67,240,80,251,162,37,123,207,68,40,114,115,119,140
49,106,30,5,56,92,253,219,188,227,103,135,2,0,202,181,166
50,159,182,121,129,163,157,88,105,69,241,215,63,133,116,161,156
51,148,143,150,137,153,241,126,157,21,36,243,124,159,180,71,69
52,250,223,1,142,211,188,15,225,8,30,62,76,24,167,233,219
53,212,31,220,147,42,230,245,101,160,23,9,29,210,186,35,187
54,229,255,9,12,217,183,23,6,248,236,35,29,199,230,212,156
55,199,9,185,186,160,18,12,158,43,23,212,245,42,46,53,108
56,106,253,219,141,5,15,78,198,49,244,206,2,202,250,191,30
57,205,194,40,140,64,73,68,232,115,127,240,84,162,128,74,237
58,27,170,60,250,25,135,225,233,2,5,1,11,94,188,120,52
59,78,198,72,87,15,103,30,225,181,202,4,250,44,0,219,117
60,94,2,62,92,170,87,225,7,206,142,30,233,27,219,25,44
61,71,112,190,193,153,88,107,138,36,152,150,14,192,10,86,174
62,60,7,1,188,87,52,8,246,181,167,170,25,219,24,211,120
63,226,161,134,243,38,151,156,241,182,242,21,124,26,126,50,203
64,162,140,45,57,194,232,68,74,40,48,240,164,207,132,95,205
65,197,19,99,119,164,34,33,204,75,228,102,74,140,83,213,218
66,242,238,221,81,180,100,38,26,151,156,71,124,190,121,152,148
67,240,91,251,68,207,127,115,48,132,162,45,222,196,140,40,80
68,140,207,67,115,74,162,127,240,132,84,40,119,34,95,232,91
69,157,116,182,71,143,180,81,38,66,107,148,50,136,156,70,243
70,130,156,136,71,133,107,152,38,242,112,180,192,238,235,21,190
71,14,190,61,112,21,152,153,180,107,150,36,193,235,242,70,238
72,181,166,87,15,7,78,8,106,0,30,194,219,44,225,59,1
73,232,57,216,140,213,128,218,231,205,75,84,64,40,83,74,164
74,140,68,34,164,119,128,162,231,19,84,95,171,40,232,111,123
75,213,204,218,40,140,128,95,19,74,164,231,119,34,171,65,232
76,233,135,223,170,52,142,211,1,168,58,227,27,250,188,253,98
77,16,132,80,114,162,249,84,140,240,74,34,68,237,207,37,48
78,87,15,250,56,225,219,202,198,72,106,30,103,52,0,59,206
79,122,2,106,219,252,34,181,246,19,244,16,206,77,140,82,60
80,114,132,48,91,77,162,237,37,216,68,16,40,123,115,119,34
81,66,180,242,38,238,221,69,243,133,124,148,192,143,130,156,71
82,2,167,1,122,219,252,25,135,106,7,11,233,34,188,225,24
83,232,144,115,249,197,164,140,19,45,68,119,204,200,32,89,207
84,95,231,140,240,115,68,128,207,74,249,40,196,162,254,77,67
85,42,185,12,20,187,248,220,212,146,199,46,160,139,29,53,172
86,10,88,116,112,174,107,61,138,215,71,121,192,153,190,159,129
87,78,72,60,94,15,181,219,211,170,62,225,103,233,142,106,1
88,121,112,153,192,61,159,86,10,190,215,107,133,152,71,50,221
89,254,83,232,95,140,74,200,231,84,204,68,115,144,249,247,207
90,203,97,156,63,133,21,130,17,161,38,120,148,151,70,136,125
91,67,48,251,132,240,115,207,37,80,68,114,45,127,123,162,222
92,253,5,94,60,27,227,103,49,30,233,25,44,135,106,191,142
93,239,221,195,31,125,220,147,133,212,17,203,242,245,22,210,8
94,60,92,170,87,2,233,120,103,27,253,202,225,106,206,219,78
95,228,84,140,32,254,204,74,68,231,75,240,162,40,115,249,207
96,199,185,101,183,12,248,230,29,6,160,9,23,186,46,8,212
97,180,21,38,238,156,151,148,105,17,242,100,136,130,90,137,133
98,198,211,15,233,253,56,76,141,223,175,227,191,106,78,142,155
99,119,19,34,164,65,123,171,197,33,74,111,80,114,75,218,40
100,151,176,242,21,66,156,238,97,38,71,180,112,152,17,70,126
101,230,183,96,160,53,109,29,212,40,7,6,225,8,1,187,173
102,32,228,95,65,204,162,75,34,45,83,140,213,249,131,74,197
103,30,253,142,233,94,44,92,225,87,250,227,0,78,49,135,141
104,196,127,128,57,237,68,205,240,40,84,4,222,74,111,115,30
105,121,97,151,156,50,238,159,137,214,215,242,180,17,157,21,221
106,56,49,2,219,253,122,15,181,5,30,141,191,188,206,202,167
107,174,112,192,215,152,71,61,180,153,133,70,156,238,121,88,10
108,46,185,199,165,18,20,55,230,189,109,12,139,172,201,212,29
109,173,230,18,165,101,212,12,53,185,250,96,108,142,46,183,40
110,209,42,160,186,85,199,158,20,23,248,13,178,234,255,172,220
111,237,171,205,16,74,119,164,128,19,34,123,231,140,4,40,99
112,152,192,133,190,107,71,121,88,61,238,153,174,14,129,17,215
113,222,68,74,127,67,196,140,254,162,251,34,240,45,119,115,194
114,80,132,37,77,16,48,19,91,119,34,216,249,144,123,164,115
115,207,68,240,67,84,132,140,127,91,232,249,40,128,83,200,74
116,69,182,86,10,129,121,157,107,136,71,50,112,192,70,159,66
117,3,225,30,244,24,123,44,219,40,205,68,80,194,171,140,250
118,187,147,145,22,160,53,42,31,39,224,146,220,208,178,29,212
119,19,34,164,99,74,123,140,68,65,171,228,162,132,144,247,111
120,11,148,94,238,60,233,219,225,221,188,202,2,38,87,130,170
121,129,152,133,112,88,221,192,156,241,50,17,242,215,190,238,159
122,2,82,106,167,79,219,87,170,60,94,233,206,191,27,56,246
123,40,171,119,99,34,48,225,68,74,19,251,127,80,30,205,91
124,221,26,150,241,243,242,66,190,148,81,36,63,126,203,121,14
125,133,156,192,203,90,121,242,17,152,234,212,70,183,161,221,100
126,21,26,150,151,226,242,243,63,38,148,71,66,124,51,180,28
127,68,67,115,40,240,251,196,200,140,123,254,207,74,91,57,104
128,74,231,140,40,84,213,75,68,115,171,205,19,232,204,111,218
129,121,163,17,50,152,112,133,203,192,241,116,159,136,182,238,190
130,70,156,38,148,143,180,221,243,242,238,97,133,21,235,81,168
131,240,45,162,37,32,67,222,95,48,68,132,64,91,140,207,102
132,207,48,80,162,240,67,68,91,77,115,249,114,251,37,119,140
133,192,152,17,112,121,136,203,156,129,238,242,190,70,163,107,221
134,226,63,38,97,161,182,120,238,11,151,156,17,90,242,21,252
135,233,25,76,227,188,253,142,191,5,170,175,30,49,47,82,103
136,133,17,70,152,163,129,180,192,97,116,107,69,203,112,148,238
137,143,235,148,157,180,71,215,21,153,238,242,121,221,152,107,66
138,61,71,86,153,88,10,190,150,193,112,69,14,107,28,116,235
139,172,42,199,185,41,239,46,234,195,248,178,108,212,161,85,210
140,74,68,162,95,40,84,232,164,231,115,119,128,34,75,64,207
141,253,56,106,103,142,30,49,198,233,15,206,135,219,5,188,168
142,30,233,250,225,170,52,253,103,60,135,206,47,91,123,44,211
143,148,137,180,221,153,157,159,238,69,130,235,51,121,71,38,156
144,247,19,83,164,119,249,232,200,74,115,132,34,68,114,80,207
145,160,118,169,39,101,146,187,186,147,23,96,53,88,230,178,29
146,42,186,160,53,183,220,101,96,187,145,147,12,185,9,212,23
147,208,220,53,42,210,187,118,35,31,39,160,212,229,201,23,185
148,143,180,137,238,152,21,221,130,242,153,71,120,14,51,97,241
149,239,243,22,61,150,36,172,193,71,190,124,214,6,201,212,192
150,21,126,71,28,124,36,193,151,242,61,148,243,26,180,153,66
151,21,100,38,156,126,242,226,97,238,66,150,63,28,180,71,243
152,112,133,192,190,121,14,71,107,153,238,176,129,148,241,242,17
153,88,61,71,112,190,152,36,107,14,143,121,193,148,159,137,192
154,128,40,216,115,127,123,200,48,240,68,251,67,80,75,171,84
155,211,191,227,177,179,175,135,47,184,24,76,181,5,223,1,233
156,121,242,243,38,151,221,238,215,133,70,130,21,192,97,17,100
157,69,137,143,121,215,50,148,71,159,116,107,180,21,182,156,97
158,23,55,160,29,186,199,189,20,42,53,43,187,212,85,12,185
159,50,121,143,88,129,153,182,133,180,107,157,112,215,163,192,238
160,39,187,23,186,29,42,101,145,169,53,212,55,199,243,146,12
161,63,203,226,241,242,221,156,26,17,121,243,81,50,182,124,66
162,140,68,64,132,74,48,207,240,45,67,34,164,119,249,80,95
163,129,241,192,152,133,36,136,50,121,159,203,107,112,69,17,157
164,19,119,74,140,197,232,99,34,171,162,144,65,33,16,68,111
165,46,109,199,108,173,58,239,12,189,185,230,212,35,250,229,29
166,72,181,7,106,49,194,57,30,87,60,205,92,244,44,225,252
167,82,1,219,8,181,188,246,7,15,122,52,106,2,62,168,252
168,188,246,206,170,130,27,167,142,253,156,135,76,94,70,212,58
169,41,160,178,230,18,172,145,39,239,55,101,201,243,212,29,187
170,233,142,60,94,76,87,135,250,225,58,27,1,62,168,38,103
171,123,19,119,164,111,99,74,40,128,205,140,218,75,231,34,68
172,239,22,139,178,29,199,243,160,212,169,192,42,41,149,187,201
173,18,109,230,212,210,165,53,245,201,101,160,186,52,142,55,250
174,215,107,112,152,86,192,10,88,121,238,71,61,156,153,133,176
175,177,191,211,135,253,227,47,155,233,92,44,0,5,103,142,98
176,238,100,152,242,112,193,21,66,180,151,133,14,150,71,121,221
177,191,175,211,5,135,49,227,155,106,253,0,25,92,47,44,188
178,224,169,172,22,39,239,201,160,41,199,147,13,187,42,139,208
179,227,25,24,211,155,1,181,52,92,44,30,7,60,62,191,135
180,238,148,97,38,21,71,66,81,143,242,137,107,69,151,152,14
181,72,15,8,219,30,0,87,211,24,167,7,44,106,225,4,166
182,50,69,116,63,159,129,157,38,161,121,241,81,134,66,17,238
183,101,96,255,6,40,212,213,54,7,156,12,9,146,248,125,220
184,24,237,155,80,171,179,144,164,114,111,123,205,216,117,191,19
185,46,12,199,42,108,96,187,55,23,160,53,9,212,29,248,220
186,23,160,220,42,55,146,9,245,43,39,53,199,212,12,96,29
187,23,39,160,29,42,118,185,220,147,199,12,53,22,224,208,101
188,168,135,0,52,62,167,25,219,60,106,30,49,253,142,27,120
189,6,217,199,46,245,20,29,27,168,212,165,58,96,188,55,35
190,14,112,152,71,61,153,235,121,242,221,192,36,133,88,66,124
191,177,5,175,211,135,106,253,2,60,227,233,181,56,155,47,92
192,133,112,152,107,121,88,190,156,163,129,71,17,61,153,36,70
193,61,71,176,153,150,180,112,14,238,107,21,152,190,36,148,66
194,205,57,64,68,140,232,127,162,237,115,74,40,207,67,72,4
195,239,22,46,9,234,248,199,6,185,93,139,42,31,214,156,96
196,68,240,127,84,115,67,104,222,207,140,74,113,254,132,57,162
197,33,65,164,19,83,204,232,99,119,75,218,34,140,144,213,74
198,15,98,56,78,0,219,211,181,59,106,141,250,87,227,103,223
199,46,185,55,12,248,96,239,29,9,189,42,165,23,212,108,160
200,115,127,68,74,251,144,128,232,83,140,40,67,254,123,119,205
201,210,230,18,239,35,234,212,208,13,178,229,147,173,53,6,172
202,11,78,106,219,94,233,120,56,103,49,225,87,250,227,82,2
203,17,133,241,121,161,129,242,221,152,90,163,63,124,136,192,66
204,75,213,218,95,228,19,231,128,197,140,65,119,164,33,83,74
205,57,237,194,40,140,111,128,4,171,68,123,232,115,74,80,127
206,60,142,106,56,2,233,168,94,78,225,219,170,87,37,188,244
207,68,115,67,240,132,249,162,84,140,91,45,48,251,232,127,32
208,147,201,35,39,187,229,220,178,210,18,53,118,185,160,23,42
209,13,178,110,236,248,17,156,192,199,172,112,133,116,23,121,42
210,201,212,147,245,53,234,230,18,173,125,192,35,42,239,220,178
211,15,0,52,181,191,175,87,227,142,223,198,47,233,177,155,188
212,53,243,192,239,230,130,31,156,245,221,220,133,42,210,255,124
213,75,218,204,128,40,140,95,231,74,19,73,232,84,171,252,34
214,156,215,121,235,242,221,105,151,137,88,238,159,239,71,143,112
215,174,107,156,121,112,137,88,157,238,71,152,38,159,21,192,214
216,232,80,73,115,40,249,114,128,154,57,205,83,207,84,140,68
217,189,6,54,62,229,29,31,7,60,27,25,101,245,183,53,179
218,75,213,204,19,128,33,40,164,171,231,140,74,73,99,197,34
219,181,15,250,56,244,167,2,225,30,106,7,87,60,11,82,0
220,42,147,31,35,53,212,186,229,23,187,234,156,12,255,183,9
221,242,26,121,124,66,238,156,190,143,148,235,243,241,81,152,133
222,67,251,113,240,196,68,127,91,132,131,207,48,162,115,104,45
223,52,250,76,227,233,142,211,135,103,1,15,253,170,30,198,225
224,178,39,187,160,147,118,42,172,9,22,199,239,55,220,35,169
225,30,250,142,24,123,244,7,219,40,60,1,117,3,127,52,181
226,63,134,151,38,156,161,26,243,126,242,21,97,221,255,66,182
227,233,135,223,92,211,253,103,179,25,5,49,250,191,30,24,219
228,95,204,119,34,32,19,247,74,65,102,140,68,75,164,84,254
229,35,54,31,220,236,13,217,147,53,212,201,23,29,165,208,230
230,101,212,173,109,18,201,53,6,96,239,210,160,169,245,250,225
231,84,128,140,74,95,204,75,218,254,164,111,68,40,213,171,19
232,83,140,164,73,115,68,249,74,216,19,128,207,162,64,197,144
233,170,135,142,227,76,103,253,60,94,30,225,250,223,87,120,52
234,212,201,192,42,220,6,156,239,210,125,13,195,22,121,248,221
235,137,190,71,221,143,242,148,70,14,153,156,21,152,26,112,130
236,229,35,29,13,54,23,39,212,31,239,199,165,201,255,160,70
237,205,111,80,16,4,132,77,57,68,128,114,194,74,115,40,123
238,242,38,180,17,112,176,66,221,152,97,156,148,121,133,21,151
239,243,212,199,172,221,156,22,195,46,29,9,201,214,192,6,149
240,67,207,115,68,132,48,84,162,91,127,140,131,40,251,196,95
241,36,121,163,124,152,203,129,221,148,14,190,63,153,161,156,133
242,66,221,238,26,156,17,38,81,100,180,121,190,151,176,152,112
243,156,26,124,221,63,81,226,150,21,38,151,239,212,130,242,241
244,3,219,225,117,68,2,30,123,7,252,60,56,181,24,40,74
245,212,53,78,186,210,87,189,230,8,173,55,6,239,31,52,124
246,167,47,62,168,188,7,1,79,82,30,122,170,181,142,60,38
247,144,19,119,228,128,164,74,34,204,83,249,115,231,16,68,111
248,12,199,156,255,214,96,42,226,13,215,183,121,54,239,46,185
249,207,132,32,115,232,84,162,83,68,140,144,240,95,164,77,19
250,225,52,142,223,30,219,24,1,78,233,170,103,8,15,7,227
251,67,91,48,132,127,68,240,115,123,207,222,200,119,162,37,40
252,2,82,244,213,7,167,75,219,60,106,225,79,204,94,188,11
253,103,92,5,141,142,56,106,233,30,135,94,227,49,188,191,175
254,95,68,140,74,127,84,89,231,200,228,67,207,75,115,40,32
255,156,38,243,215,54,151,226,9,183,212,248,107,6,70,12,42
