0,1.025875980012878
1,0.998312051805756
2,1.0243018751181752
3,0.9980217385614768
4,1.0552947327873512
5,0.989458313197259
6,0.9958137903512974
7,1.0082394292867058
8,1.001323214642742
9,1.0131814998006248
10,1.0207249290208602
11,0.9992821230529121
12,1.0221661861744051
13,0.9928341215819938
14,0.9996852597108317
15,1.005873414524552
16,1.122308715594728
17,1.0024541881837632
18,1.061170184830527
19,1.012130304191821
20,1.0060078156393404
21,1.0529057410106042
22,1.0217173458145423
23,0.9981198482834895
24,0.994036332156133
25,0.9970089165055733
26,1.0049746542624591
27,1.0969471923738014
28,1.0479820256138275
29,0.9997840676470127
30,0.9945204887055948
31,1.0844077440444746
32,1.0291132817907724
33,0.9903401813679773
34,0.9967761278886746
35,0.9978440606301078
36,1.0785658538975913
37,1.0143206432803025
38,1.0355764418462403
39,1.0143084540353604
40,1.003096252155241
41,1.0377804886811237
42,0.9990493038550043
43,1.057286883251789
44,1.0590419428060887
45,1.0459754551970744
46,1.026196867226266
47,1.014072217783601
48,1.0306286763775436
49,0.9899633138432173
50,1.0270938667859866
51,1.0043247886707751
52,0.9857104391668376
53,1.002723874658416
54,0.9984551202905214
55,1.0274304959145009
56,1.01552098872979
57,0.9987897595479233
58,0.9933785274316596
59,0.9916767652781189
60,1.033634229820517
61,0.9960882516529177
62,1.005730247568276
63,1.0189710728554209
64,1.0434953138728922
65,1.0015347441108453
66,1.0094240302634137
67,0.9954845747001992
68,1.0180382982690173
69,1.0010657295182608
70,1.049668834676885
71,1.0046467285262368
72,1.0206316892991676
73,1.0116713677360734
74,1.0339991766182255
75,0.9984647762869603
76,0.9923058252408643
77,1.0006589757748738
78,0.9931006837725065
79,1.016560838369384
80,1.0066356566493009
81,1.0289549453618156
82,0.995049885097035
83,1.0042046057094887
84,0.9949291039399919
85,0.9966429270792847
86,1.021430553216551
87,0.9926210627643072
88,1.0655333865362235
89,0.9927489543378991
90,1.0207144647507111
91,1.0335529068646707
92,1.0129522261959005
93,1.0090562811769306
94,0.9978401214370725
95,0.9956584625129321
96,1.0095306853976096
97,0.9993224040457307
98,1.0040114988128908
99,1.1151550024605261
100,1.0720247079554635
101,1.0242351442936974
102,1.0160390032076891
103,1.0533766008837588
104,0.9982485706851753
105,1.06330186773577
106,0.9983168978742447
107,0.9979096035646029
108,1.0197249738634162
109,0.9930071162897876
110,1.0304771235787942
111,0.9936062179114008
112,1.0497096533676287
113,0.9935073068178577
114,1.053499225461196
115,1.0895034034740694
116,1.0116768011451494
117,1.0242375513934454
118,1.070352761023392
119,0.9920009235462568
120,1.005273451980739
121,1.0123453599020102
122,1.0187422126938974
123,0.9997010904040181
124,1.0391952836072713
125,1.053123950965361
126,0.9961786165810291
127,1.0131181037641261
128,1.012525591894109
129,1.011752727084743
130,0.9916633541258539
131,1.0031280333762342
132,1.0707764906724182
133,1.044951355706163
134,1.0365626713379323
135,0.9977672107396146
136,1.0056886795471693
137,0.9931361446065212
138,0.9872055251439806
139,0.9893930128428506
140,1.00226362622992
141,0.9942900908093778
142,1.0082530112302757
143,1.0230098349558574
144,0.9916352132407427
145,1.010287536186209
146,1.0445803913723748
147,1.0277040955479584
148,1.0186663512739988
149,1.0012902320093384
150,1.001272515021142
151,1.0313137525486455
152,0.9897879968961463
153,1.022287196341325
154,0.9956907949313555
155,1.0187796701637692
156,1.059945948646593
157,1.0520222359506355
158,1.052845715065443
159,1.0182408554822513
160,1.0016375423833161
161,0.993118692655524
162,0.9964517203795543
163,0.9959820705920103
164,0.9969003201398134
165,1.0095908687971873
166,0.99814939877922
167,1.0165909788777236
168,1.014301930212249
169,1.0321713031030302
170,0.9927952388280943
171,0.9996582906821835
172,1.086141367259369
173,1.0162035199832866
174,1.0278816750932405
175,1.039752528229593
176,1.0398565089936178
177,1.0084875656531875
178,1.0208264816584922
179,1.0009834091538985
180,1.0027606752714542
181,1.0155016809091855
182,1.0796831179906543
183,1.0005313485271459
184,1.0155294952810905
185,1.0087607013054343
186,0.9884342363523133
187,0.9907389538982923
188,0.9991500576951143
189,0.9946944374887869
190,0.9957728417805987
191,1.0319527565668434
192,0.9924432468816369
193,1.0026659096689892
194,1.003298660115889
195,1.0194022469703348
196,1.0213899254558205
197,1.0589925561747306
198,1.0712970970065445
199,1.0145474877172722
200,1.0083821310284335
201,0.9991507552516063
202,0.9967713724228326
203,1.025322614464962
204,0.997044643960138
205,0.9899209615318836
206,1.0060637063140505
207,1.0342134705800259
208,1.0283397597300374
209,0.9992988813523663
210,1.0921580750913917
211,1.0570308520077405
212,0.9937601774419715
213,1.0433872002575026
214,0.9962514130579418
215,0.9948746548312939
216,1.0166529309088308
217,1.0082536774026396
218,1.0481611565260889
219,0.9910860996966416
220,0.9936593810183878
221,1.0041317827564562
222,1.0449841117109981
223,1.0305772109010154
224,1.008865569378877
225,1.0302915954168834
226,0.9966783500213104
227,1.055489829399395
228,1.0503706528180063
229,1.0559024272046917
230,1.013554541908761
231,1.0219416442313545
232,1.0311274601603158
233,0.9969092303688555
234,0.9978794006144953
235,0.99533850637582
236,1.0381570215695852
237,1.0019131803269887
238,0.9934017354200008
239,0.9863098722706946
240,1.009244993120511
241,1.025916998899027
242,1.0430806448439476
243,1.006708569108258
244,0.9866601718038281
245,1.0022147768654617
246,1.0354286625073321
247,1.023554900430724
248,1.0536482525915514
249,1.0353333644227418
250,0.9946076470153469
251,0.9969052215182551
252,1.0037075309946628
253,0.9984816117679205
254,1.0268339357791745
255,1.0328300279049776
256,1.0203876465935964
257,1.004814954116998
258,1.0034054154952023
259,1.0072682123949568
260,1.0213570951714004
261,1.0012216232707565
262,1.0030579262145713
263,1.0156485010197787
264,1.030785176463922
265,0.9966606159985592
266,0.9984761726403586
267,1.0438789433114861
268,0.9921735983154996
269,1.001829883515644
270,1.0455742961056458
271,1.0065479445993497
272,1.0753523560235148
273,1.0266450537105192
274,1.0048758077254896
275,1.0018890536228846
276,1.0266807430979337
277,0.9913913181017693
278,1.042104530190489
279,1.0260895139119341
280,1.0222338356550498
281,1.0150917238217279
282,1.005249068881522
283,0.9986635110103188
284,1.0028640835067506
285,1.0052604765042559
286,1.000956146396045
287,1.0173594325429849
288,1.0220659541111747
289,1.0154779210349907
290,1.0278307867381282
291,0.9974060957940925
292,0.9930589678179087
293,0.993165652489278
294,1.0183009827646448
295,1.0598604660440043
296,0.9900048926593469
297,1.0166053064609957
298,1.016569561727879
299,1.0011938284690638
300,1.015837300069761
301,1.0031791337313551
302,1.0036225627452608
303,0.9988529786232478
304,0.9992278586758232
305,1.0941256533250572
306,0.9995268315574339
307,0.9974417180518317
308,0.999988778924404
309,0.9857352952673871
310,1.0077838006835818
311,1.0502728932513983
312,1.078392082936943
313,1.0176682397685117
314,0.9922211878602912
315,1.0109225433883626
316,1.0347718078336838
317,1.0233738616138268
318,1.0120410140019276
319,1.0123452355491884
320,1.0190011218298964
321,0.9938163774664858
322,1.0119801512214495
323,0.9995441838034107
324,1.048545760967829
325,1.0313561894312646
326,1.0187225807071572
327,1.0093934322437905
328,1.0188196342166462
329,1.013879742309378
330,1.0070320053704727
331,1.033905976960142
332,0.9953297495101295
333,1.0030297714064376
334,1.0397578199059785
335,1.0269282863638307
336,1.0213292255840085
337,1.004798369678353
338,1.0192643092379372
339,1.080669543678914
340,1.0654793355730405
341,1.0168510754399427
342,1.0479677649150874
343,0.9941580324824615
344,1.001816901166193
345,1.0231854198512251
346,1.0737840698919965
347,1.0906467651517608
348,0.9882272178312441
349,1.0033416935218873
350,1.0041407327543808
351,1.0478935534569376
352,1.002119915794741
353,1.0080109984275947
354,1.0651873997588537
355,1.0052829303960682
356,1.0679881998990688
357,1.0596723788225053
358,0.9917867495959514
359,0.996009469140894
360,0.9926677265098276
361,1.0023737714790988
362,0.994632859067635
363,1.0255412540734126
364,1.0506371547273232
365,1.0069622075212756
366,0.998969559594787
367,1.0062018303210194
368,1.0660768327710208
369,0.9956904101663844
370,1.0943884191820052
371,1.0270617696227378
372,1.0095283384804083
373,1.0493824960924005
374,1.0108336976732946
375,1.0534551907625025
376,1.0067167588520691
377,1.0069913754885618
378,1.029842410443391
379,0.9979284284020263
380,0.9956730071081256
381,0.9957857616890556
382,0.9939706920323758
383,1.004239590882573
384,1.0065404741309143
385,1.0466626776633214
386,0.9995672761024343
387,0.9996752967785616
388,0.9995058268366914
389,1.0409203297227223
390,1.0163593351610969
391,0.9963714156208876
392,1.010106110266762
393,1.0443118010015893
394,0.9950444151730051
395,1.0035115591148998
396,1.0216357580830833
397,0.9957171797716935
398,0.993098452507859
399,1.0005326393130678
400,1.0453314899408264
401,1.0241238821114766
402,0.9966999214363573
403,1.038377297794994
404,1.0534140158671665
405,1.0063083483438144
406,0.9973097456183271
407,1.0232259607449925
408,1.0099181240061252
409,0.9956304110704821
410,1.0041108405313866
411,1.0058304835273202
412,1.0270845810744864
413,0.9935976063279326
414,1.0636840930282967
415,1.0004414220859734
416,1.038910499467662
417,0.9938173625543401
418,0.9991648007604295
419,1.0678903934958228
420,1.0317027336234694
421,1.0481633098991314
422,0.9950650978766025
423,1.0085662252334668
424,1.0063486888851076
425,1.0418473118969231
426,0.9981343730560552
427,1.0023545682098662
428,1.0050977216604111
429,1.002023676782531
430,1.0061134823717894
431,0.9915734603081301
432,1.0246395076156074
433,1.005174481053014
434,1.050877966052962
435,1.0087480531696076
436,1.0056488677163498
437,0.9930129770711587
438,0.9915630448026738
439,0.9879649671616213
440,1.0126286246615086
441,0.9926542183052094
442,1.0073768683810909
443,1.0100062544796375
444,0.9984775933435867
445,0.9983505726577646
446,0.9995061937503664
447,1.020951308238399
448,0.9927650037915887
449,1.0004577040642657
450,0.9988513135489747
451,1.0317420180988015
452,1.0012564692768149
453,1.082018414894897
454,0.998984928803234
455,1.010410910402796
456,0.9927752688585267
457,1.005287705421761
458,1.0317309873441727
459,1.054529268329305
460,1.0088812413613921
461,1.0101725580981586
462,1.0389807098848056
463,1.0626562736987084
464,1.0513449814237321
465,1.088980694918289
466,1.0731900942947068
467,1.056764246221097
468,0.9932307860134595
469,0.9897141865902787
470,1.007910490863651
471,1.0107391210078163
472,1.0576995860287393
473,1.0022083460787004
474,1.0210667710337074
475,1.059636992568201
476,1.0339892328022817
477,1.0482532622007246
478,1.0187077331377612
479,1.0164507415641575
480,1.0086783413751506
481,1.0333293410731157
482,1.1423121996187442
483,1.0403258856659208
484,1.066133252320531
485,1.0228270194436693
486,1.0256282622919441
487,0.9897672203410799
488,1.0227355256854282
489,0.9931396831615457
490,0.9959755157986235
491,0.9922952942836902
492,0.9996718850017211
493,0.9924482008561768
494,0.9926831942691396
495,1.011620186819194
496,1.047650219487951
497,1.0081397784314026
498,1.0095804917045461
499,1.0233270349353616
500,1.0587771822606398
501,1.0287894687142267
502,0.9972714795677861
503,1.001872885428769
504,1.0503249906755872
505,0.9999365665858833
506,1.0969438802117524
507,1.0041434365721715
508,1.0087208647209662
509,0.9982632080328244
510,1.0166929366708413
511,1.0056647032682304
512,1.004118771433114
513,1.0559550575317607
514,0.9955307042169668
515,1.012667233085314
516,1.0753850133784741
517,1.0005007513586535
518,1.0180136593765787
519,1.0053696092214373
520,1.0156732254153629
521,0.9985210630545501
522,0.9965551665175504
523,0.9954676942731417
524,1.0064493678610398
525,0.9995721617675376
526,1.0049392066757061
527,1.0203464489178211
528,0.9879306393285516
529,0.9932748317016961
530,1.0138939285344417
531,0.9891082757394105
532,1.0140164488846408
533,1.0041639854110511
534,1.079317350557334
535,1.0085618160196868
536,0.9953869900815995
537,1.0017096861277335
538,1.0189007392570764
539,1.0333724671401907
540,1.0460987034772593
541,1.0472116797396054
542,1.018349249649872
543,1.046830382412086
544,1.0114460492234387
545,1.0094452321609608
546,1.0057316344682365
547,1.0029916977491098
548,1.008299842601797
549,1.0010135681773504
550,1.0244224972111247
551,0.9947882311503646
552,1.0518775848900894
553,1.002056938775306
554,1.0736516648205354
555,1.0305693126810997
556,1.0526498077438455
557,1.0542061329644807
558,1.1191125366662322
559,1.0308904698009482
560,1.0173493135760021
561,1.0109800185525248
562,0.9986692885505193
563,0.9898887665476219
564,1.0249141008116616
565,1.0057426024302696
566,1.0233759400138693
567,1.0088521679820466
568,1.0128478338715485
569,0.9932283537040936
570,1.0044317697727334
571,0.9989066630788501
572,1.0089989862373403
573,1.0029075240292584
574,1.0263662730272571
575,0.9968866345059642
576,1.0020147795078753
577,1.0857688613334298
578,1.017580712690844
579,0.9992983914132509
580,0.9858403349349132
581,1.0235136166242262
582,0.9922387167006399
583,1.059783478745577
584,1.024766604984305
585,1.0221928703790188
586,1.0079371669255743
587,1.0115642923479538
588,0.9994434130699164
589,1.0144076990516941
590,1.004997356545712
591,1.0009805608241227
592,1.0124594162750005
593,0.9994290242217606
594,0.9992449667547331
595,1.0169442795645076
596,1.035755949206251
597,1.0142496688554115
598,0.9975466567463416
599,0.9888419459377138
600,1.0296695164950835
601,1.0060115635608802
602,0.9948818599985905
603,0.9993690261828954
604,0.9940092599181519
605,0.9958301936536365
606,1.0006727827315482
607,0.999087889941943
608,0.9902019682221519
609,1.0120995931457615
610,1.0901218780633783
611,1.025336324573697
612,1.0355298144513272
613,1.0212358810734852
614,0.99688853616916
615,1.0099125295053322
616,1.0423154901680183
617,1.01864210084889
618,1.016255899627256
619,0.9901268602357716
620,1.0510441425562864
621,1.0039672530336154
622,1.021701539547946
623,1.013667076437886
624,1.0093095363909756
625,1.0301534643486996
626,1.0119441537182232
627,0.9981653943279651
628,1.0507293345104507
629,1.0222985526281836
630,0.9953826863587842
631,0.9959689400575096
632,1.0066290309771155
633,1.0766476019110367
634,1.136021363527199
635,0.9987921094678931
636,1.0123706203402478
637,0.9950311969343167
638,1.0834238285216773
639,1.0234325539333273
640,1.0237913110477699
641,0.9910670660381024
642,1.0082327003627969
643,0.9934598021113052
644,1.0018910162353811
645,1.005660118830392
646,0.9907986574487672
647,1.0025734692197252
648,1.0141486105668713
649,1.001521912142467
650,0.9966167191880795
651,0.9922620779122115
652,1.0053002677715028
653,1.0233131771174593
654,1.0301464733324093
655,1.00831660285781
656,1.011779445398607
657,1.0129815174168408
658,1.0328160583417434
659,1.0023256649796686
660,0.9977240295861689
661,0.9947860994749438
662,0.9961138066016091
663,1.0301761138019316
664,0.995176344067303
665,1.039983523403442
666,1.014099270850116
667,0.9954353178572055
668,1.057444395843675
669,1.0349072870988454
670,0.9990628618543452
671,0.9984602424463801
672,1.0067468293131725
673,0.9946488155989459
674,1.0099221552841595
675,1.0301878339236847
676,0.9942106271986717
677,0.9962723464689355
678,0.9957728971078617
679,1.0472585141590725
680,0.9950223784028596
681,1.0165590724763325
682,1.0030574543730197
683,1.1126043490993631
684,1.0186080582319383
685,1.023855046773287
686,1.0359408301955892
687,1.0036385728555521
688,0.9964034219636345
689,1.0248648136209793
690,1.0267812852728846
691,1.009197323374453
692,1.02225038123614
693,1.0475454723971456
694,0.9965754706737622
695,1.019514180899079
696,1.053811668116965
697,1.0501715585518223
698,1.0011612989421108
699,1.048647745492322
700,1.0241503379349042
701,1.0006496879219393
702,1.0150021045022286
703,1.0154877352015417
704,1.0000201548345153
705,0.9943555627624563
706,1.0301698353241306
707,1.0282268142308313
708,1.0136634020284436
709,1.0160222056946009
710,1.001226163450116
711,0.9943386170763657
712,0.9895629849196169
713,0.9997334583091231
714,0.9999802010582448
715,0.998116287284757
716,0.9935949903197695
717,1.036950261560579
718,1.011059141820211
719,1.036041915356742
720,1.0245838708654544
721,1.0940843028541773
722,1.0016074225777558
723,0.9951636730794541
724,1.0237389258712613
725,1.0477778883740352
726,1.0478455309336014
727,1.0131168229664085
728,0.9926062656007439
729,1.0155389416439515
730,1.026206422912565
731,0.994692188051675
732,1.058742487432828
733,1.0019912789623042
734,1.0001263472017348
735,1.0384157485563128
736,1.0048826906511503
737,1.0296736847533543
738,1.064415736081883
739,1.0074093356709724
740,0.998343322124092
741,1.0145615730969895
742,1.008538989414189
743,1.0447348433516412
744,0.993874180626761
745,1.001999173004172
746,1.0676069199112561
747,1.0054465379605793
748,1.0134386168219294
749,1.0147206210277426
750,0.9999796006221726
751,1.0214256137207354
752,1.0005960285125775
753,1.0198492361288538
754,0.9923651977297185
755,0.9958354633924427
756,1.037040263860828
757,0.9881375955248806
758,1.0050071582239957
759,1.031813907356931
760,1.005489998940344
761,1.0176799775465275
762,0.9960481228153997
763,1.00188744157993
764,1.0069279553873884
765,1.0675985772171357
766,1.0051687914120826
767,0.9978055668185641
768,1.0009335624201832
769,0.997451665763051
770,1.0059397410361544
771,1.000910532386661
772,1.0110553464984098
773,0.9944915411532107
774,1.040631621283419
775,1.0031286443061456
776,1.012065392762124
777,0.9937607691543127
778,1.0105635582970594
779,1.0021802675184603
780,0.9878567333222301
781,0.990714386844118
782,1.0281950627230274
783,1.093418991807774
784,1.1108012689659799
785,1.0199429456181468
786,1.018867580018168
787,1.0136491750540275
788,0.9960610691145063
789,1.0158445724245089
790,1.0139136779127156
791,1.0516699879853844
792,1.0726842646369399
793,1.066283769225113
794,0.9954872412795222
795,1.0043025811063753
796,1.0085573309528462
797,1.040916401970719
798,0.9952448026112756
799,0.9999659355164491
800,1.0118856119389943
801,1.037938044689982
802,1.0565290638160842
803,1.0819163997849688
804,1.023223616414556
805,1.007766957594681
806,0.9985726059208788
807,1.0323249926364495
808,1.0169554194412855
809,1.0085130979433812
810,1.0153474458856664
811,0.9977485165228518
812,1.0260096490220434
813,1.037800866277766
814,1.049075679487005
815,1.054742300035734
816,1.0220106363678285
817,0.9989379977968298
818,1.0229532840500724
819,1.0406836638220023
820,1.0056312735994273
821,0.9939878583269732
822,1.004652922944496
823,1.0020468399144797
824,1.0040448686176466
825,1.0423437135956781
826,1.0350314088079644
827,1.02200648267518
828,1.0042482499429994
829,1.0552890584935841
830,0.9920973934401696
831,0.9969653644631302
832,0.9987711050627518
833,1.0165099646031996
834,1.0160544048957432
835,1.0249582018520091
836,1.0612063836373298
837,0.9944696138063512
838,1.0250633824450879
839,1.0060678396926424
840,1.1149244933323539
841,1.0257010562130209
842,0.9885247161851287
843,0.9957322735428371
844,1.0018333548615268
845,0.9981902138681982
846,0.9973080610583723
847,1.015870130980105
848,1.0495479866507151
849,1.0191697674446822
850,1.017397255937837
851,1.0122107221067767
852,0.997488582679501
853,0.9936187092624302
854,1.0116400453805219
855,1.0115625209990033
856,1.0838640320875084
857,1.011478301972776
858,0.9961557101143756
859,1.0109339008060445
860,1.0005045769177994
861,0.9850601667810021
862,1.0323903773081404
863,0.9951914618344182
864,0.990630697631564
865,1.046852977054869
866,1.0226719525711925
867,0.9981767902876604
868,1.0041520860653415
869,1.0125209961902342
870,1.0241335108933436
871,0.9980671966861427
872,1.081909226726696
873,1.0051713853205722
874,1.006267634575394
875,0.9948230719742721
876,0.9948688857593142
877,1.0043332935437808
878,1.0217399308414075
879,0.9992010118652896
880,0.9960785734493107
881,1.019062265086156
882,1.019536006545505
883,1.000716342407312
884,0.9990045684482174
885,1.0262876448328095
886,1.0355857376069313
887,0.9920597754995786
888,1.0406849042758086
889,0.9999294121817308
890,1.0062045337457484
891,1.1382671088906342
892,1.0832176738828965
893,0.9986475924152187
894,0.9996708442614105
895,0.9934800477882442
896,0.9936063502353668
897,1.0078719062850645
898,1.0301216134706954
899,0.9999759172758791
900,0.992403158208812
901,1.0036837290450469
902,1.0321309004886934
903,1.0128593394083494
904,1.005880735002951
905,1.0108960383576036
906,1.0021411866336107
907,1.010197729058916
908,1.099580988687722
909,1.0341247718341544
910,0.992518583269209
911,0.9934082370773072
912,1.0033918036971747
913,1.002061937064187
914,1.0570264211416904
915,1.0163813176496357
916,0.9927291044722193
917,1.0201570617160116
918,1.0284808984365166
919,0.9968319594539552
920,1.011492561708919
921,1.073758126222598
922,1.0407220109472974
923,1.0138387923192846
924,1.0112095562503332
925,1.0016165011248468
926,0.9942656819661512
927,1.0290513052662111
928,1.043886923818636
929,1.0168635144272202
930,1.050012648405285
931,1.0068146566988818
932,1.009222001064158
933,1.0011353532675997
934,1.0434481911720483
935,1.0089006242570437
936,1.083329944606195
937,1.0158492033497468
938,1.0295852852082445
939,1.0005953157430318
940,1.0768502461758838
941,1.0231495770418144
942,1.0718581975310002
943,0.9890688984806953
944,1.0128009062758188
945,1.0439571768268345
946,1.1051471509262227
947,0.9960782422152584
948,1.0347630302223205
949,1.035638709612934
950,1.0126899951646664
951,0.999551175027424
952,1.0928337706078313
953,0.9992423559250112
954,1.0548831866134325
955,0.995896891347331
956,1.0527038145086698
957,0.9963557305506487
958,1.0147230655306805
959,1.0070876341660333
960,1.0109948083120046
961,1.0138596330506502
962,0.9901765052311176
963,1.0036619288724298
964,0.9976547816876551
965,1.0217199384641216
966,1.0368458475209819
967,0.9958448476831907
968,1.0153995799631144
969,1.0477352197165564
970,1.0192612827457341
971,1.0135230447057006
972,1.0029947128386416
973,0.9881141578092868
974,1.0222817245932445
975,1.0009714572449504
976,1.084784517372295
977,0.983318772296345
978,1.0645424364874359
979,1.0022305727310286
980,0.9988609412556875
981,1.005956739227892
982,1.079496782862916
983,0.9959818100599682
984,1.0786829954869244
985,0.9984923273429124
986,1.0012555162940204
987,1.0024862317779992
988,1.026392303963955
989,1.0344541481418932
990,0.9944586379077754
991,0.991426117247145
992,1.025187604118027
993,1.0116875502940488
994,1.0057887269055181
995,1.0174646742638092
996,1.0048110710534595
997,1.0102051793116313
998,0.9975136860021864
999,1.0559331855468141
1000,1.0037860515557524
1001,0.9970898524855575
1002,0.9880021948774851
1003,1.0357204159142852
1004,1.064855352641656
1005,0.9908644952053209
1006,1.0007836783545958
1007,1.006225401305827
1008,1.0738107217262411
1009,1.0059694989910233
1010,1.0287538151682059
1011,1.0056682145559999
1012,0.9967012543535724
1013,0.9905435135544398
1014,1.0132519383688146
1015,1.0062422214702418
1016,1.007566910040568
1017,0.997377952363744
1018,1.057424573176852
1019,1.0218147605178272
1020,1.0092353489807473
1021,0.9920035464285304
1022,0.9920593587167496
1023,0.9986846862330812
