0,1.015719118967524
1,1.0011094666750795
2,1.0404240136797247
3,1.0196094634644715
4,1.012080592853024
5,1.0962035894856146
6,0.9941396692780912
7,1.0041229859723433
8,1.058790767989017
9,1.0356474186870253
10,1.0084861838535608
11,1.0125194648775828
12,0.9843400857398317
13,1.0021654832537226
14,1.0093926232820845
15,1.0679906808188546
16,1.0173806798702563
17,0.9891427949438354
18,0.9844174166096782
19,1.0187570976157825
20,0.9970318097128893
21,0.9882846551648994
22,1.0113093329789153
23,1.073760444039579
24,1.0239784339149463
25,1.0967061693229028
26,0.9955956468826096
27,1.0153933293394388
28,1.0229242759188635
29,1.0785743192424746
30,1.0614289632072351
31,1.0153450863088813
32,1.049427260358252
33,1.0249816795368787
34,0.9873912851322357
35,1.0973306216728274
36,1.0976028986091633
37,1.0499015414531028
38,1.0081983506754224
39,1.01223905199732
40,1.0281982691614564
41,1.0700704361791105
42,1.0098791751735683
43,0.9927032717193189
44,1.131286984969955
45,1.0043572554096476
46,0.9900712256148028
47,1.0305457843900894
48,1.038359076794219
49,1.1154126434530105
50,1.0241409162097939
51,1.06446824493867
52,1.0031685165463566
53,1.0412240426589994
54,1.0693516110112788
55,1.0938474503752793
56,1.0001485779354855
57,1.12733787186421
58,0.9743081427845348
59,1.0032750303863645
60,1.0247788862267102
61,1.01192730393831
62,0.9952711499824906
63,0.9997546652925515
64,1.0334967391678176
65,0.9820033335232474
66,0.998977984824091
67,1.0263396506809985
68,0.9670719914232031
69,1.0030642583703049
70,1.107626119022315
71,0.9367747401786541
72,1.0967860904693292
73,1.003592376776445
74,0.9432831065055756
75,1.0171812214086398
76,1.0085077504624371
77,1.0690481493761381
78,1.0356780962702161
79,1.040683263074388
80,0.9552135391222276
81,1.1377355831377662
82,1.0999322412250567
83,1.0058017388403304
84,1.0148181159433856
85,0.9342720773847266
86,1.0183765347390645
87,1.065119015591573
88,1.0425716542827643
89,1.0443835973901894
90,0.9848338889680681
91,1.0428881455709003
92,1.069493024045876
93,1.0729281287220584
94,1.1341238517405303
95,1.1568738937936094
96,1.0036559515315446
97,1.0000039192918335
98,1.0867956972973833
99,1.0742697509809425
100,1.007759259245537
101,1.082559871216712
102,1.1935066084643804
103,0.9965195238582076
104,1.0422595790195603
105,1.1321333686081219
106,1.0188555414685783
107,1.0793401926709185
108,1.0875605849065377
109,1.068393446834053
110,1.0300506335989574
111,1.025490439367128
112,1.011679224290049
113,1.0736839221118235
114,0.9669703516035659
115,1.007730709784083
116,1.093281617224128
117,1.0085838962447427
118,1.0006406402053765
119,1.0336786402914684
120,1.021940847355493
121,1.0530138449583486
122,1.1086974887876369
123,1.0164976656375946
124,0.996054848066968
125,1.1163975265325692
126,1.021285414085179
127,1.020386007523547
128,1.0309913375433295
129,1.0745564185571181
130,0.9963654781902578
131,1.0976791015741125
132,0.9672284189700113
133,1.005201547656457
134,0.9617145703874286
135,1.1062777205578391
136,1.0296228746927647
137,1.072079570448353
138,1.0351914595208185
139,1.0042689533102325
140,1.0629597448969101
141,1.0089371651207804
142,1.0370866300999446
143,0.964091209952149
144,1.0009896524394244
145,1.0290776035208558
146,1.0124762496155968
147,1.0034842355172815
148,1.003273798279238
149,1.0278409870130143
150,1.0899988768759075
151,1.0329882135762207
152,0.9797505315910826
153,1.0109281342345064
154,1.054800083677351
155,1.017415802143118
156,1.0522415620066567
157,1.0494510420165934
158,1.0057786548928362
159,1.1195362710466843
160,0.9700228221355929
161,1.113585985836424
162,1.1100843538276057
163,1.0294362472475893
164,1.074464180447132
165,0.9968105057609877
166,1.0061198375559601
167,0.9914398105664259
168,1.1695746594519993
169,1.1095080953689163
170,1.0815527147131634
171,1.0322594502899203
172,1.0553922999555267
173,1.1225012757157118
174,1.000801182752662
175,1.0457913897772322
176,1.06102475692426
177,1.0525586516255232
178,1.0049445250090456
179,1.0179972704676725
180,1.1733594297050365
181,1.0503668154420467
182,0.994920969770346
183,0.9795582021358629
184,1.032197044880971
185,1.0925622517706168
186,1.1085602832006258
187,1.0248888403343246
188,1.0566055221742
189,1.071900368550044
190,1.1151388074999695
191,1.0268427609509443
192,1.112373774535064
193,1.149241864279745
194,1.0333448127065312
195,1.0035252149026834
196,1.0443116193997357
197,1.019527149812434
198,1.0889436790841858
199,1.052997459913343
200,0.9985312450484296
201,0.9539915526440137
202,1.0191519502998172
203,1.0585741679051681
204,1.0417675020150527
205,1.0786846290598904
206,1.0109020580257284
207,1.0262618869285405
208,1.1039475020619482
209,1.1564401956525305
210,1.0835096293654298
211,1.0183516816027587
212,1.081080783267319
213,1.0376069560233123
214,1.0310995469622761
215,1.0164976656375946
216,0.9526431841793421
217,1.0063789346693235
218,1.016870299411484
219,1.0448090120556457
220,1.091857360370818
221,1.1250090189114776
222,0.9730132432443326
223,0.9801721566923889
224,1.1028598190357852
225,1.0321162224962324
226,1.0588958820807113
227,0.9781766357574591
228,1.0095761642133176
229,1.0154121746670528
230,1.1082358010171993
231,1.1175861946691774
232,1.0302431687824687
233,1.0350136467311322
234,1.0297763076844046
235,0.9948084198219955
236,0.9991514275968014
237,1.0662796132426635
238,1.0101655414833364
239,1.2337881256506111
240,1.1344387220962875
241,1.0020785261191052
242,1.0196927467814951
243,1.060816430190033
244,1.010220638218798
245,1.0657436525812045
246,1.00291461828564
247,1.0020863110985467
248,1.0564707455894249
249,0.9962464292423358
250,1.0375224933866698
251,0.9940080543187602
252,1.0028045968945125
253,1.1506788539261157
254,1.1210367548560152
255,1.0384257621739263
256,1.008219029662683
257,0.9933158116557124
258,1.106868300468863
259,1.0494435269853883
260,1.0206819233319022
261,0.9955507374940461
262,1.0890358248029186
263,1.0215945189454865
264,1.068032787030858
265,1.0695745460977253
266,1.0628779183059724
267,1.1245135470908232
268,1.0531224088993412
269,1.0726779811582057
270,0.9767239599908515
271,1.013999781642768
272,1.1130486912606408
273,1.2253654427160998
274,1.023589585526035
275,0.9933842776928045
276,1.166850501027842
277,1.1014850596922146
278,1.063085086714283
279,0.9746990940069853
280,1.0592848812809321
281,1.048923616305458
282,0.9924969444008354
283,0.9970158089695768
284,0.999635578366505
285,0.9551038232573328
286,1.1185984494874834
287,1.0767681338221167
288,1.1069550492957942
289,1.0082982162721172
290,1.0006981655954572
291,1.0117013749490427
292,1.1001738946170738
293,1.122723516169653
294,1.053182336486611
295,1.0403129311219055
296,1.0571733050387642
297,1.0441602856825822
298,1.1039228699284331
299,1.062349680838717
300,0.9880758564715315
301,0.9915768982926219
302,1.019662356867004
303,1.0086931715403105
304,1.033197503693311
305,1.027300292552865
306,1.069296191044052
307,1.0165115836595648
308,1.0048744255409516
309,1.0187795453906348
310,1.0148006909365868
311,1.0188025352600956
312,1.0408908462925188
313,1.024646818159002
314,1.0005977037651794
315,0.9812476303206487
316,1.0061138945751305
317,1.0426186265002582
318,1.0723195924524769
319,1.0588495511520968
320,0.9923512172476996
321,1.0485742456971554
322,1.010201066653928
323,1.0352638199740785
324,1.0232570643386518
325,1.0701635248680557
326,1.0140040553312386
327,1.0527920693336161
328,1.0450737710199491
329,0.9918059799962908
330,1.0058718874504886
331,1.0370560025316942
332,1.0104308871499958
333,1.1007521322622829
334,1.020102931755622
335,1.0032648296383753
336,1.0087784344867006
337,1.008104897281234
338,1.0063167022328687
339,1.0238470044572185
340,0.9957407681704358
341,1.1979885328201414
342,0.9944223512689142
343,1.0599868813170052
344,1.0120883181193476
345,1.037630140961156
346,1.0004056733157627
347,1.1345331325143782
348,1.037051158914751
349,1.01294822258526
350,1.038839782400987
351,1.163705964396236
352,0.9804465339161186
353,1.0468765057323517
354,1.0009913881748362
355,1.0871050888931166
356,1.0180988600171506
357,1.0629664485274326
358,0.980046833065168
359,1.0675466903246753
360,0.9921657540858749
361,0.9818983401426459
362,1.0400209480005942
363,1.0212411490401152
364,1.0150827491417078
365,1.0348596757482182
366,0.9840292931263988
367,0.9876874410968755
368,1.050829651986477
369,0.991785044716633
370,1.0758593701539976
371,0.989243356408676
372,1.028555751760247
373,1.0295185523966683
374,1.15878849936107
375,1.0228949640981249
376,1.0175217338344738
377,1.0723182199244832
378,1.007187617128274
379,1.018585256904518
380,1.0008976330462065
381,1.0517670390676237
382,1.0633665459232982
383,1.0260017106965167
384,1.0234920698208558
385,1.0854567103146735
386,1.0300032441698137
387,1.117513717479825
388,0.9893056053265892
389,1.0018607641934736
390,1.0819432509499425
391,1.0095912070643125
392,1.0487357939647244
393,1.0635416323772358
394,1.004273258027958
395,1.0239497291265256
396,1.0151415299555864
397,1.057096127170281
398,1.0153343571270421
399,1.0481588642899968
400,0.9963601178084285
401,0.9708089470074421
402,1.122751394692742
403,0.9992698652153466
404,1.0788179785507697
405,1.0059796402189254
406,1.0283478254951053
407,1.028529703212526
408,1.0437804520569967
409,1.0431982365813124
410,1.0410389948516683
411,0.9985619455432088
412,1.0246605050383017
413,1.0583294504456784
414,1.0092386572152705
415,1.0638835950367727
416,1.0271524099351117
417,1.0090269018073998
418,1.0227257333885023
419,1.031769481197457
420,0.9820765064948331
421,1.106561734225864
422,1.059275383848321
423,1.0571800921737342
424,1.0095255674018797
425,1.0339848086839991
426,1.1159219496818036
427,1.0042917471950596
428,1.0177218166251032
429,1.0174375849470942
430,0.9990123025150265
431,1.0218240863495944
432,1.12425085529032
433,1.1343535840109529
434,1.0429999158111332
435,1.0327362386817085
436,1.086682909205538
437,1.0478920367294389
438,0.9997511060822789
439,1.0081568321975305
440,1.1006319194148848
441,1.0012585331616124
442,1.0229495973677802
443,1.0597419495888052
444,1.100576464172312
445,1.177960506607377
446,1.1468006886774527
447,1.0105104794172388
448,1.0432728575655679
449,1.1245558552378316
450,1.0064773801146654
451,1.003827569358066
452,1.0153147803645353
453,1.0024472862071794
454,1.0199241603488645
455,1.1118722052209469
456,1.015039315125708
457,1.0688762039320139
458,1.0316168373965653
459,1.1604893187666918
460,1.0372267615002846
461,1.0397762322195945
462,1.0622675891950815
463,1.105311130445018
464,1.0389644896442873
465,1.0135146264692705
466,1.0897683298629248
467,1.0038961262977417
468,0.9893729891449798
469,1.0449532768175205
470,1.1718168684449548
471,1.0583746760793198
472,1.011586205688405
473,1.0165557820172402
474,1.0252230029340832
475,1.0265707110355944
476,1.0140134534718899
477,1.0314135125327613
478,1.0485299023474823
479,1.0527064305086915
480,0.9746450663632222
481,0.9936947229393251
482,1.0731340820764887
483,1.2230640950600375
484,1.0507480405317131
485,1.0319114345049931
486,0.9909897125752485
487,0.9914761436804658
488,1.0462957650702258
489,1.0215834037557963
490,1.050166660905731
491,1.0799446402566746
492,1.1960195333881145
493,1.0108820030668446
494,0.9986628346142583
495,1.108178301637969
496,1.0317440199726189
497,1.031317786065581
498,0.9805030942486839
499,1.0344339860394567
500,1.0380136219904785
501,1.0354880839208278
502,1.058103043890215
503,1.0586618144346756
504,1.0448448828735075
505,1.0306459017845846
506,1.0816679840927552
507,1.0432161805135731
508,1.02007542324342
509,0.998112301307114
510,1.0643757321735459
511,1.010904719166958
