0,0.013447315119741093
1,0.013519225917391305
2,0.012721348442607184
3,0.01311051238304385
4,0.013374347706248527
5,0.011794927051953752
6,0.01315862782303522
7,0.013278559442744944
8,0.012782719170970253
9,0.01369796236805217
10,0.013543123431785483
11,0.01322613945244487
12,0.013505881908573089
13,0.013568784828241946
14,0.013329884897982657
15,0.012958573348567632
16,0.013023269363774983
17,0.013805011724897103
18,0.014427820247748083
19,0.01340460926209821
20,0.013839199625309146
21,0.01400211893504033
22,0.013192228782385894
23,0.012653028848109541
24,0.01299164408074178
25,0.012756464905370786
26,0.013798059333905557
27,0.01310642788920279
28,0.013830918749290828
29,0.012875305698665008
30,0.013038682806581504
31,0.01348117538289489
32,0.012512838937358653
33,0.013220462595311821
34,0.01305958439302428
35,0.012709389034084246
36,0.012245884258141455
37,0.01265939989229122
38,0.01336504838672659
39,0.01325962071877957
40,0.013558730196079
41,0.012756190763241016
42,0.013551459785781015
43,0.013673833674572094
44,0.012070436647125217
45,0.013981743516064482
46,0.013985709958491525
47,0.01299324201283513
48,0.012730255241217984
49,0.012846534129119201
50,0.01281204092817054
51,0.012709482026043939
52,0.01397904760805892
53,0.013012987802433193
54,0.01277203219202125
55,0.013499345797714418
56,0.014099621128780796
57,0.01278367389940303
58,0.013417724019095785
59,0.013682212588534307
60,0.013647076910983363
61,0.013742832373135361
62,0.013732998786638894
63,0.01345391654510035
64,0.013385587732625229
65,0.0135339360500259
66,0.013699337962159549
67,0.012964135319585223
68,0.013558968333856518
69,0.013081946552078545
70,0.012926960133514126
71,0.014784517348647835
72,0.012988736846508035
73,0.013579009832793218
74,0.014556003544554443
75,0.012964135319585223
76,0.01453592005913087
77,0.0127756576805227
78,0.012829499388858993
79,0.012628490747603265
80,0.014213507610029263
81,0.012542948533237168
82,0.012136541209162329
83,0.013494741775315565
84,0.01303116186865898
85,0.0146157936347851
86,0.013215434206505982
87,0.012807740245922745
88,0.012942276996770365
89,0.012458868795099007
90,0.014100456965239956
91,0.012445463382231006
92,0.012802815401053068
93,0.01285389760796087
94,0.012860939805899432
95,0.011847679244323069
96,0.013299842117898574
97,0.013434437500551446
98,0.012047260207358563
99,0.012694046624981156
100,0.014652532186723792
101,0.012171532960466053
102,0.011256318196107899
103,0.012869842049891412
104,0.013066431035921826
105,0.013031657879135634
106,0.013135976899205398
107,0.012633227079840964
108,0.012591991672312645
109,0.01236053605922369
110,0.013370430178918152
111,0.013679295929677697
112,0.013475593906396025
113,0.012837715826600267
114,0.013621613878982444
115,0.013434437500551446
116,0.012473300650003854
117,0.012647528859442982
118,0.013113273851196478
119,0.013385960482831555
120,0.013870075012063084
121,0.01256473709029537
122,0.012879623853751835
123,0.013192267543026697
124,0.0137173474485686
125,0.012984984673243938
126,0.013159889250970057
127,0.01413473621385825
128,0.01313986471830562
129,0.01326802102555933
130,0.01339019352392436
131,0.012768640176792368
132,0.013321799732522744
133,0.013481162903766785
134,0.01374413608755846
135,0.012563848352951738
136,0.012768019825071182
137,0.013526841216413064
138,0.013376129152700552
139,0.01345391654510035
140,0.012595349348488343
141,0.01464109413340462
142,0.012738232790218396
143,0.014067596360177521
144,0.013577907185852956
145,0.013273558544418449
146,0.01302375610015691
147,0.013614387713354645
148,0.01397806858590215
149,0.013782062080238957
150,0.012199727458662879
151,0.01323912323134654
152,0.013974093172014422
153,0.012780255693484847
154,0.012744219971449956
155,0.013383030148235877
156,0.012912708286038868
157,0.01283103266146692
158,0.013310979052182058
159,0.0124269941987247
160,0.013894914982486264
161,0.012016980102247377
162,0.012135010399162595
163,0.013162310947358622
164,0.012096781292369258
165,0.013479703364110694
166,0.013032712614161529
167,0.013642152975409778
168,0.012382562998134507
169,0.012355235186846784
170,0.012179256109557822
171,0.012886985136978404
172,0.012651642053446687
173,0.012295937340832369
174,0.013183926022813002
175,0.01324623664476714
176,0.013007215385789288
177,0.012972542357084827
178,0.013393716491663843
179,0.013346463364590258
180,0.01149296327485423
181,0.013416329471896688
182,0.012809671827015888
183,0.014101453710822012
184,0.012658189571682138
185,0.013148246431940987
186,0.012217899001897466
187,0.013309442193365191
188,0.013383211029151403
189,0.012250498899537682
190,0.01295933422726531
191,0.013345755307350538
192,0.012083274853712129
193,0.012109919314027674
194,0.013390977201194778
195,0.013578102217994027
196,0.013260227144307897
197,0.013282858872658223
198,0.01228559070427583
199,0.01294089674041449
200,0.013415740297663332
201,0.013998133265995916
202,0.013132053426879713
203,0.012846159695566241
204,0.012639840817179006
205,0.012490876606211745
206,0.012969266378811746
207,0.012589733983810098
208,0.012608732191977614
209,0.011896597370929489
210,0.01234924528863743
211,0.013449892039671502
212,0.012616716899913187
213,0.013627550780879792
214,0.012994454688050749
215,0.013192267543026697
216,0.013502645414498823
217,0.013798059333905557
218,0.012886985136978404
219,0.013730143250194388
220,0.01241896499740522
221,0.012308216580984235
222,0.013468442215850269
223,0.013951837521482303
224,0.012812195515360817
225,0.012582616103857417
226,0.012727298869054741
227,0.014121409366434919
228,0.013748762839303437
229,0.013032712614161529
230,0.012703199304571089
231,0.01233712315678271
232,0.012524163502894805
233,0.012832597540969944
234,0.0130342124782839
235,0.012909191971998274
236,0.013212961590078573
237,0.012742795722184362
238,0.013673833674572094
239,0.011079024209888514
240,0.011955790349600318
241,0.012982301276260003
242,0.013332768175138251
243,0.012722192619475223
244,0.013475975915126762
245,0.012779778085619689
246,0.013559093229447693
247,0.01362311688749466
248,0.012841207912440485
249,0.013577907185852956
250,0.013126089311407862
251,0.013461573309095363
252,0.01402908165560512
253,0.011842264220041188
254,0.012561445270728546
255,0.012968691984561312
256,0.013466039978109395
257,0.013532882241824687
258,0.012543625239602377
259,0.013296861438063488
260,0.013347409483156028
261,0.014475926927275515
262,0.012900261558522419
263,0.013152251247083042
264,0.013149600646264699
265,0.01241618424779703
266,0.013623118477407456
267,0.012565652649043671
268,0.012486431486327765
269,0.01290843042630802
270,0.014042274318763022
271,0.01360478200379047
272,0.012209324208596828
273,0.012055133508972474
274,0.013209834283469345
275,0.01325962071877957
276,0.011592038138369284
277,0.012802457824820293
278,0.012547555747441524
279,0.013833063314698643
280,0.013214662453329582
281,0.013169886140389232
282,0.013578102217994027
283,0.013379769020716609
284,0.013623577637204598
285,0.01388121181205006
286,0.012168719769928614
287,0.013514916780849458
288,0.012701710963890995
289,0.013474285176814935
290,0.01336504838672659
291,0.012844018120383084
292,0.011948555394903275
293,0.012231596875879077
294,0.012623057276317969
295,0.014020683732095772
296,0.012988080447169731
297,0.012955417437030757
298,0.012388201504332924
299,0.013176539138216177
300,0.013629544503352596
301,0.013694102389790519
302,0.012742795722184362
303,0.013103624734244965
304,0.013076013941751221
305,0.013061992243542504
306,0.013090939877355401
307,0.013205051491096695
308,0.013560322969058722
309,0.013434542807513815
310,0.013495930008169489
311,0.013584191093663336
312,0.013476905136713922
313,0.01287818382539523
314,0.01324170802070949
315,0.013718439249804993
316,0.013197634267732912
317,0.012666821852001225
318,0.012382697100749655
319,0.013061478443439052
320,0.013383710420657056
321,0.012882640448187441
322,0.013028782088134598
323,0.01348117538289489
324,0.013167102313078872
325,0.012138638040365081
326,0.013425762799874107
327,0.012645548228795872
328,0.013397121243369978
329,0.013749493935104102
330,0.014068612317512575
331,0.013799398977512483
332,0.013146197826117959
333,0.011856629016851545
334,0.013229836076045057
335,0.013610691293463463
336,0.013409614678179943
337,0.01322579335826801
338,0.013123041636523848
339,0.012791197718553686
340,0.013559700010685415
341,0.011495183245463935
342,0.01443197086637766
343,0.012463554565913821
344,0.01334029369846851
345,0.012704545664247755
346,0.014277561514397404
347,0.01250217387021886
348,0.01307859510396986
349,0.01367657167193411
350,0.012827189778704201
351,0.01171871693532932
352,0.01456821259091723
353,0.013194177034416759
354,0.013139724749054369
355,0.012864659010406676
356,0.013552863384253634
357,0.01322579335826801
358,0.014891355831723697
359,0.012955555990345745
360,0.01336137310333766
361,0.013705123479349214
362,0.013141446163473998
363,0.013558730196079
364,0.013713689063502338
365,0.012893134538805189
366,0.013627550780879792
367,0.014217722084266951
368,0.013030787135794576
369,0.013660924919497906
370,0.012587858035481864
371,0.013085339247643966
372,0.014323395643192207
373,0.013243902516130205
374,0.011760377980863395
375,0.01331694277830122
376,0.013757044869490689
377,0.013187106602385135
378,0.013321819911850963
379,0.013346376251180493
380,0.013263634152711803
381,0.01285393282401368
382,0.012658543640717397
383,0.013312687367962622
384,0.013106146483540337
385,0.012660976598758776
386,0.012567179682976123
387,0.012554688671936312
388,0.01305958439302428
389,0.013579009832793218
390,0.012663000487623699
391,0.014068067784481234
392,0.013568784828241946
393,0.01274865955719329
394,0.013647076910983363
395,0.013023269363774983
396,0.013427047644026116
397,0.013229862372615609
398,0.013756314276886719
399,0.013402311183753955
400,0.013540277694006628
401,0.014680304598438181
402,0.01191774900237842
403,0.013172936003916867
404,0.01211299997925045
405,0.012869842049891412
406,0.013306737868193254
407,0.013572514538538052
408,0.013092874688933763
409,0.012780875760098506
410,0.01302773751028413
411,0.013435031720742435
412,0.013355386785088528
413,0.012510493648142773
414,0.013209834283469345
415,0.01227764297502349
416,0.012780255693484847
417,0.012921673072189265
418,0.012650770446766466
419,0.012939134362091705
420,0.013129001702515873
421,0.012293371337800854
422,0.012297981436582664
423,0.012763150520005095
424,0.01259452818479583
425,0.013084176781631205
426,0.012017773593275055
427,0.013387330071453978
428,0.012768037964787662
429,0.012919903455359247
430,0.01360478200379047
431,0.013479703364110694
432,0.012031698656178503
433,0.012331296522086864
434,0.013226507281558634
435,0.012647528859442982
436,0.012419555023671095
437,0.01285929734951648
438,0.01362200334456764
439,0.013672494447130715
440,0.012513011692961635
441,0.013447315119741093
442,0.013214047014358386
443,0.011985818184911678
444,0.01191282471408574
445,0.011953136944486091
446,0.011619623922373661
447,0.014180146454724353
448,0.012640753319782158
449,0.012716556951962521
450,0.012910683388415122
451,0.013763711872919407
452,0.014287119397587252
453,0.01351127049915075
454,0.01342763023582229
455,0.012519574426782374
456,0.013139045935142948
457,0.012552485997792419
458,0.012598385410119586
459,0.011641718485527683
460,0.012675356721332359
461,0.012990029311936884
462,0.013440180751531194
463,0.012855059558401315
464,0.013208961201832837
465,0.013183926022813002
466,0.012287405382329404
467,0.013573085490960235
468,0.013371041797654618
469,0.013479955537295014
470,0.011542421261150156
471,0.012638212817115054
472,0.013110377323589658
473,0.013585214687602492
474,0.013093071276794573
475,0.013338118468001566
476,0.013241694831168514
477,0.012815759568530096
478,0.013026519353737614
479,0.01249120861933277
480,0.013839738777913998
481,0.013755480410808844
482,0.012362881101344907
483,0.010805860603648966
484,0.01290730399332484
485,0.013231581793378184
486,0.013693250139787613
487,0.013676516282623109
488,0.013016026027663354
489,0.013449820095416095
490,0.01336885316524134
491,0.012357049939102418
492,0.012065208906499175
493,0.012711726605790773
494,0.01344229100777239
495,0.01291376082694157
496,0.01289991576902512
497,0.013154727294838658
498,0.013671889737687156
499,0.012611989090340614
500,0.013839199625309146
501,0.01308432639455519
502,0.01394341961158291
503,0.012451395480351787
504,0.01290575634440632
505,0.013296508726272334
506,0.01253742886738412
507,0.012975075724475779
508,0.01312428172555957
509,0.013311923271487768
510,0.013415945320384029
511,0.013345818762957224
