0,0.04857518968114837
1,0.05240102576021512
2,0.04838078685285108
3,0.038205581732327
4,0.05098473121336631
5,0.04180999591040373
6,0.04489577460047762
7,0.05333304489253188
8,0.052033844857806925
9,0.0509440867541556
10,0.05595184731010658
11,0.03864648036734865
12,0.04784104620623096
13,0.04600178215335037
14,0.04384957589133481
15,0.047939519018039514
16,0.037381224560920794
17,0.04043038404457844
18,0.03846236754211079
19,0.041934138050110634
20,0.045660336012148264
21,0.04916383824925013
22,0.04988991199267058
23,0.049927528643319834
24,0.03942067315420309
25,0.05399797651951058
26,0.05131820802609688
27,0.047153852479336976
28,0.04589388364758491
29,0.05198674577318096
30,0.04167881494700399
31,0.04909357988895808
32,0.04692460906077788
33,0.04793106580482791
34,0.04903434346596158
35,0.04581573823431431
36,0.041466185743906245
37,0.049028423600908165
38,0.049466436822060554
39,0.05289692836384431
40,0.03650185908212169
41,0.051817362474293735
42,0.04323016571735244
43,0.05237506644658605
44,0.043120571473508784
45,0.04107085165402919
46,0.04070468001567231
47,0.04684411117730972
48,0.04715622190766657
49,0.04541947942793443
50,0.04598660766534204
51,0.04098946357805179
52,0.050391219644878416
53,0.04402201273555789
54,0.04394963889624551
55,0.04467778730765615
56,0.054521244877708326
57,0.049210087776903624
58,0.05431479895407449
59,0.05250292126962112
60,0.04385474562268535
61,0.05090643326811077
62,0.05143392056287357
63,0.0496550371042889
64,0.04119376943888984
65,0.04665419680970834
66,0.03242721691912759
67,0.05050751890038506
68,0.049892436713713004
69,0.04352317165857082
70,0.0468367427681936
71,0.03947936410018998
72,0.049141858211931747
73,0.04305805096771705
74,0.04187041795043777
75,0.05185876159892668
76,0.04306081195781173
77,0.03793985747277028
78,0.048003146669726965
79,0.051978336121361705
80,0.04320220786891179
81,0.03981065403875141
82,0.040459622573614976
83,0.051393439440251695
84,0.04896897482722263
85,0.050376398089503574
86,0.04652600216202797
87,0.03925329549215485
88,0.04624565044871098
89,0.04611245062708254
90,0.05219892142340879
91,0.050103333783385065
92,0.04028739211255083
93,0.04819366418506591
94,0.04682371057932938
95,0.04827062907741282
96,0.04667122514439455
97,0.03890645274543166
98,0.039889195491045165
99,0.03901520221662903
100,0.05308252162803077
101,0.04658483973071723
102,0.050952336113335904
103,0.042599794908129165
104,0.04491750333601617
105,0.047916932538252174
106,0.05119505672693576
107,0.04959239659080709
108,0.0483264655238248
109,0.04792327355535353
110,0.04541190323020996
111,0.0406136028561517
112,0.04893606551404266
113,0.046747262315305155
114,0.03938677688541532
115,0.0532999115609007
116,0.04455197827692201
117,0.05332702735293147
118,0.044649396649877576
119,0.044066067127152664
120,0.04686626169292025
121,0.05294843062183561
122,0.045622965990170544
123,0.04629739443598384
124,0.04424638184121782
125,0.05245312482155312
126,0.04252961376548156
127,0.04554572686793635
128,0.05090823147543835
129,0.05228934966801366
130,0.04582510626252949
131,0.046521060747433333
132,0.04587607932951693
133,0.04877420822844144
134,0.03945392751827381
135,0.052231552648650106
136,0.037947365825901774
137,0.05021197758060183
138,0.04826644742011433
139,0.04838179844827293
140,0.04537326425111681
141,0.04810581044902521
142,0.04636701643288905
143,0.04557675941889816
144,0.044295763722057714
145,0.04049068328033449
146,0.04240190439996428
147,0.044769953756607014
148,0.048774383691093576
149,0.052439249975421716
150,0.052650606433013836
151,0.05201975571370974
152,0.04031428233413135
153,0.049897347213409535
154,0.055360022273959954
155,0.0457485007890842
156,0.043451769633456976
157,0.04531874611394629
158,0.05400192649663368
159,0.055457402847778815
160,0.046164306288456934
161,0.04373348066839834
162,0.05240552744450961
163,0.052890733895403344
164,0.05002261677085647
165,0.03864517538254392
166,0.04262260990527027
167,0.047967585211601285
168,0.046269198271761104
169,0.04919734994611067
170,0.051019094215624686
171,0.04612653133776928
172,0.04424389560979063
173,0.04658867443769141
174,0.04955561280787461
175,0.04194056275580623
176,0.04035582579393787
177,0.04801101505354457
178,0.046193557706568605
179,0.05118407042798892
180,0.052342192682549096
181,0.041467703271146045
182,0.049992739625489724
183,0.05199930563553299
184,0.0401575369290981
185,0.04769073445736393
186,0.04503569699817258
187,0.04701602671726753
188,0.034129904020069435
189,0.038345931354701754
190,0.042254959468295765
191,0.04931271436875606
192,0.04807180620570581
193,0.039201649014966124
194,0.04541347107755705
195,0.03698221691525773
196,0.046469449800111993
197,0.05031930262479633
198,0.05026509434750414
199,0.048920880698147845
200,0.04566202198907632
201,0.04683168957953548
202,0.04668003852299703
203,0.04711089994785778
204,0.04874621518719388
205,0.04497613499636622
206,0.04784877996297845
207,0.038935923094241445
208,0.04430376381153583
209,0.049258845298673914
210,0.05155202727475231
211,0.03935364041780666
212,0.045683399341594225
213,0.03342631099724614
214,0.03379015155142236
215,0.04209437683730444
216,0.03938376293342857
217,0.03944862066931113
218,0.04988739760660048
219,0.04512273987385284
220,0.04912988289697245
221,0.045708961228511515
222,0.04915872233021185
223,0.034776458186908256
224,0.046612256364499026
225,0.04149136995743618
226,0.049746316339233744
227,0.048706164402677506
228,0.05059458943964218
229,0.04427125292914597
230,0.042483489831622194
231,0.046176691576736324
232,0.05012996433046707
233,0.04822909018137395
234,0.05226068689835635
235,0.04886031092786399
236,0.04912396184734916
237,0.037792405765835695
238,0.050585166914999355
239,0.04453208656789998
240,0.04646299860954875
241,0.046486883347582754
242,0.04632963385066619
243,0.04906449554906173
244,0.03665667542226036
245,0.0447325803306728
246,0.050750862855974355
247,0.040022839139753436
248,0.03989683532639439
249,0.04885405402907983
250,0.03846718621160713
251,0.04860534074305124
252,0.0439943368225825
253,0.03995217244184775
254,0.04293170133697573
255,0.04304268468767477
256,0.05314622220804758
257,0.03765771701850074
258,0.04725531014788238
259,0.04499172100625182
260,0.051235757662931695
261,0.05388443760953663
262,0.04013689956364566
263,0.044062022146132945
264,0.04573734333252418
265,0.042919605961829095
266,0.05023125031258974
267,0.05148761773750875
268,0.04904651244090703
269,0.05403796901625654
270,0.054062793374787255
271,0.05070522304718032
272,0.04381191876624035
273,0.03699291669871617
274,0.03824215789157645
275,0.04173276530316135
276,0.04180526628341554
277,0.04872462512921354
278,0.054575791712621655
279,0.0341921128066207
280,0.05053331555381697
281,0.033426531550303305
282,0.04560951262837067
283,0.047828705300555434
284,0.04601583730025085
285,0.0456339089985563
286,0.04676761013397517
287,0.04714132646466279
288,0.04684758606839052
289,0.0370452556276324
290,0.05352679795734096
291,0.043698239360765445
292,0.0518177887817311
293,0.04690763643735684
294,0.050658469711219546
295,0.04305403727233986
296,0.039585340500298535
297,0.04667251677162353
298,0.046825149811767476
299,0.04142296345683926
300,0.043859651747947495
301,0.04124455381954872
302,0.029002710753455837
303,0.04623039193536526
304,0.053120421957941595
305,0.04678666811517254
306,0.048552833899993666
307,0.04636823220545428
308,0.04208085003894238
309,0.04541306038800457
310,0.03918503072103407
311,0.050032932339357884
312,0.044854338184182906
313,0.041415105176537244
314,0.03942282286012384
315,0.039338629084854075
316,0.049500520820434664
317,0.05062142875550482
318,0.049689324299089996
319,0.04943115807050939
320,0.05180385237783153
321,0.04971613999824505
322,0.047880974921976044
323,0.043848226631275494
324,0.04505624069776016
325,0.03114200465656188
326,0.05308237300812119
327,0.043177855548183416
328,0.041309581140220146
329,0.05108344084129634
330,0.05026261876849188
331,0.04041376916877024
332,0.04749437531464316
333,0.04405744135241735
334,0.04992182606505712
335,0.05047775503254727
336,0.04507665962714171
337,0.04651521695559191
338,0.038270072001897554
339,0.049502669485915925
340,0.04601469092753135
341,0.04923901776507803
342,0.045557272772344067
343,0.0528758315890013
344,0.040900496629425145
345,0.04919334903717563
346,0.041725305766099376
347,0.05045976622693105
348,0.05076130827161304
349,0.04354668315351133
350,0.04007431356439936
351,0.03947102289254778
352,0.04573842162180844
353,0.03738470283972231
354,0.04993107758060469
355,0.04617737992538521
356,0.053065784626954576
357,0.05214994487213881
358,0.039073322050104754
359,0.04989552246261957
360,0.04643752026312584
361,0.0484474451794537
362,0.047518780075116764
363,0.041446776243211504
364,0.043782618014488205
365,0.03682911368795603
366,0.04365051228142936
367,0.037829604029704346
368,0.03585831094729323
369,0.046680377223629894
370,0.05432933433713148
371,0.04497678857778134
372,0.04296059707572633
373,0.04946417032226576
374,0.05096132823169769
375,0.05051801375024569
376,0.04907500823856489
377,0.044052943891023794
378,0.047908465319975474
379,0.050098620304833516
380,0.05073330259008258
381,0.049791073373686295
382,0.04590562358077905
383,0.046319731016973335
384,0.049123654829888744
385,0.048316271090772515
386,0.03305395279414731
387,0.05181964676774361
388,0.04766682694980005
389,0.04246146936185209
390,0.05305713579601614
391,0.04958334007195288
392,0.046442624370693554
393,0.04873088314527221
394,0.04738578653475004
395,0.04987399846651043
396,0.04860920244504308
397,0.04407550574700615
398,0.03974715349067442
399,0.04209180985035862
400,0.050545320719619015
401,0.05319173601627766
402,0.04530600683466162
403,0.045661128812187354
404,0.0379753430917479
405,0.04463851316740611
406,0.03556536174686483
407,0.04737964719189275
408,0.04228338160032153
409,0.05007812555704519
410,0.037145212749766496
411,0.04621276594142536
412,0.04405148213511832
413,0.04548318920226158
414,0.05099104057037852
415,0.0422976274370299
416,0.04864763767681726
417,0.04784005884268677
418,0.051813926743818635
419,0.042234141678220066
420,0.04621788254204982
421,0.03797494323908425
422,0.049297923156271906
423,0.04068835158164748
424,0.03726082314800863
425,0.05524434655412078
426,0.05124596006838459
427,0.044260428021945075
428,0.04929046276524931
429,0.05146585941130381
430,0.04653292346634465
431,0.05064127683052435
432,0.040865659523663576
433,0.04825129130436947
434,0.05353998241299709
435,0.04960939730157546
436,0.040838950594868764
437,0.046800038565188475
438,0.050506741529885095
439,0.03968144531168629
440,0.04332032078486296
441,0.04684766503587605
442,0.052000520212376805
443,0.048442506769564624
444,0.049698940338624244
445,0.042195548264506264
446,0.03803566268212206
447,0.053648664118157295
448,0.045010876930797514
449,0.03937215482986461
450,0.04243557617216687
451,0.037697640268800806
452,0.03997487802439984
453,0.05170638787675791
454,0.04637605647478115
455,0.04190436518490982
456,0.0407434350608224
457,0.045857491010927294
458,0.04981609815425536
459,0.04470975865005062
460,0.04750153299839635
461,0.0397984946111153
462,0.04207604359423108
463,0.05244389310235256
464,0.04387433497040827
465,0.043514364104810695
466,0.049239226665215775
467,0.05085768623923854
468,0.0499208769557701
469,0.05188582493169558
470,0.03699071191781558
471,0.04616601963029685
472,0.053213885488494955
473,0.03949211253806017
474,0.04667790440642829
475,0.04801187434331043
476,0.05168793137162137
477,0.053460432727889404
478,0.04378172139002867
479,0.04512254708401385
480,0.04103693997622712
481,0.05112814411127897
482,0.049522996875727365
483,0.04239377970006727
484,0.04550613259984445
485,0.046152463916259615
486,0.04178371699908918
487,0.043689484423598386
488,0.04963541621076931
489,0.042795456721057244
490,0.03205695070553545
491,0.05212134577188187
492,0.03842123431192601
493,0.05213809714576275
494,0.0408019451151765
495,0.047383560223204446
496,0.03377111925460971
497,0.04811461024290225
498,0.04791653418942763
499,0.048434117721820116
500,0.039178074857037816
501,0.04235818538151446
502,0.0422906417618498
503,0.03739582690400147
504,0.044753689075033104
505,0.04369131756183433
506,0.045581705574382535
507,0.04437497406550488
508,0.03739585707900199
509,0.0415242114269998
510,0.0415248569783128
511,0.04452413671650731
512,0.049299604408719076
513,0.0437516320273284
514,0.042416217141025454
515,0.0449999375102065
516,0.048224060189783625
517,0.050900757556330944
518,0.0499873475570377
519,0.047018767423594295
520,0.044195173609468064
521,0.04971900349425869
522,0.04703021513491466
523,0.05209976381119579
524,0.049285344211714044
525,0.04835379354045382
526,0.04429138313520354
527,0.03288710158575683
528,0.032761973825902214
529,0.04354479859900819
530,0.04272194862251393
531,0.051870701972115914
532,0.03926772670641398
533,0.053793822713525584
534,0.04622781400843469
535,0.046074098351276876
536,0.04040816475572117
537,0.05014484418151615
538,0.04477717237896114
539,0.04415539963818211
540,0.04210909235736961
541,0.045224666284892086
542,0.035122725175987045
543,0.046494750312947974
544,0.05259770010162696
545,0.043538606122117594
546,0.044088844749319595
547,0.043145352752859474
548,0.04565234806793907
549,0.05028430197482567
550,0.042626080394600106
551,0.04461089943197751
552,0.042310499293614565
553,0.04196660153433926
554,0.05093049338942056
555,0.04514189421048833
556,0.05091096366855238
557,0.05141043779109232
558,0.04476099335620443
559,0.04785292784296082
560,0.04945107719682888
561,0.05197817895000269
562,0.04526775807021526
563,0.046068249054135986
564,0.05510581279336245
565,0.050786511376731305
566,0.048855902253595915
567,0.05003904912954533
568,0.04722753216959881
569,0.03258162527663433
570,0.050516968503934806
571,0.04450735943716714
572,0.043417635158636676
573,0.04515677277766901
574,0.05469153164811598
575,0.055976286649954514
576,0.043048915804091266
577,0.04932869423432579
578,0.05320096477823772
579,0.0367550551318954
580,0.04615224487201285
581,0.053094595549076536
582,0.04631318418929754
583,0.04266862655903632
584,0.04489339567541864
585,0.05120592986643219
586,0.048535670372772385
587,0.04295127236650775
588,0.047186573103998646
589,0.04582140068446879
590,0.04810675353647609
591,0.04234101300998991
592,0.04797383869393248
593,0.05194664392531363
594,0.050945068227854
595,0.048092674587656446
596,0.05170453368107387
597,0.053896616068530454
598,0.03905029701596758
599,0.03998729311994299
600,0.048480771085640896
601,0.04593801050528412
602,0.04619405642019734
603,0.05024873531490269
604,0.045379670602960116
605,0.049860346307817105
606,0.04343722592288092
607,0.050836796626356484
608,0.038939794980827704
609,0.04592013184712236
610,0.04504266841274013
611,0.049243287292798754
612,0.04298738711710707
613,0.051239072079075916
614,0.046693139101457524
615,0.04286105679751414
616,0.04594329504131384
617,0.0506532330697382
618,0.039240432239739546
619,0.04292375089173708
620,0.04707544612698516
621,0.04362019371042102
622,0.04683937376514459
623,0.039360493050071
624,0.05223420627979116
625,0.04566315520087055
626,0.04644912205094182
627,0.05558554050672193
628,0.04113928528230457
629,0.05231174224726986
630,0.046834871229750684
631,0.0489726436652888
632,0.05550020319447224
633,0.047835946911108505
634,0.043324690031352524
635,0.0489653746458081
636,0.045476208544771086
637,0.051627685630416406
638,0.03601967503208115
639,0.0429248517072054
640,0.04866068837483653
641,0.03674471401337592
642,0.04306174870484515
643,0.042875569481400005
644,0.0480162232898588
645,0.04096063338640957
646,0.042931997735530365
647,0.051957822930120155
648,0.051998867799261314
649,0.04126854184896366
650,0.05131446935679541
651,0.049895524259293965
652,0.04370942547749695
653,0.05038699957097675
654,0.0372712395526657
655,0.04911340993195262
656,0.038488588256064285
657,0.03897793337531805
658,0.03810648768521753
659,0.05158257111491366
660,0.047953140906560186
661,0.04527389629389236
662,0.051677367454110834
663,0.04936437164335866
664,0.04654760905516744
665,0.048887411098571566
666,0.049418809924221166
667,0.051798003306830674
668,0.04531615756458402
669,0.047237793419891566
670,0.04900362305473125
671,0.04332626210297789
672,0.034532273266553615
673,0.048043246024606065
674,0.04413353700706957
675,0.04274316191763435
676,0.042430555313237875
677,0.04580915160567217
678,0.03712891390298839
679,0.04655680254252285
680,0.04177227456979639
681,0.04093667976709213
682,0.050818203818079014
683,0.03846251066708321
684,0.038147070198164976
685,0.048406174285728215
686,0.0475892562779685
687,0.04781033828166429
688,0.05004617531211406
689,0.04659005113576975
690,0.04810505336126436
691,0.040690409505145506
692,0.03816692545128995
693,0.052508032170436175
694,0.04761958429190949
695,0.041052620911106286
696,0.05418408218636823
697,0.04852179045820245
698,0.04703894386123578
699,0.04661334846169126
700,0.04244024127519539
701,0.05089618770967256
702,0.04014393822038116
703,0.044534997006545035
704,0.03577811521289467
705,0.04966066754943911
706,0.050778654462012615
707,0.03957934424375819
708,0.03675424427041379
709,0.04010124548938913
710,0.04637094915240963
711,0.04741834240236537
712,0.04432194189324939
713,0.05323215678086416
714,0.0519736415747914
715,0.05328002230099443
716,0.03838011338566654
717,0.05182594062542573
718,0.04647680797361919
719,0.04146937568397153
720,0.04963883670276051
721,0.045214885050839426
722,0.05336982800349383
723,0.04419715498768615
724,0.04105388096559969
725,0.0512525437054471
726,0.05551985206230528
727,0.04030204572554928
728,0.03724947474389068
729,0.04629184365271831
730,0.054532925565835305
731,0.04704410357959347
732,0.04259563396041873
733,0.0440623330524669
734,0.04859756906868515
735,0.04466990828027677
736,0.044501239878808455
737,0.04518251210654502
738,0.05093811363265476
739,0.04344669163995612
740,0.05448678148152296
741,0.04955514882420647
742,0.04905686183509031
743,0.037369513969463725
744,0.04598690188252731
745,0.0397498293031428
746,0.0482789295667892
747,0.04859258568399143
748,0.05252948455443065
749,0.03455746263675748
750,0.04136622005601801
751,0.029588754285096826
752,0.04458102526380386
753,0.046436468142844335
754,0.04101897432343186
755,0.04616906943962695
756,0.04687864619770041
757,0.040788742109254816
758,0.04544518990460158
759,0.049188281867217444
760,0.04539929346451391
761,0.03967145099754976
762,0.04370289466304361
763,0.04682018933622489
764,0.052768332915846226
765,0.0489610587230645
766,0.04386861979725322
767,0.04881863662386903
768,0.04277028132212644
769,0.042769514877754364
770,0.04607461139561849
771,0.0491393098479031
772,0.04708378990223992
773,0.04944351797419062
774,0.04950034154385115
775,0.0476452433417764
776,0.04752652739160633
777,0.048530284164373404
778,0.04026914067114801
779,0.037342651028410015
780,0.04148120249594038
781,0.044419271536015305
782,0.049833385734325567
783,0.05324590452974491
784,0.04425961881567574
785,0.05436176853714304
786,0.04736031662110789
787,0.049121831320468365
788,0.03936933212281832
789,0.04608308370401996
790,0.05077666387991035
791,0.04704263543204601
792,0.04970860176729726
793,0.04370173388982465
794,0.044377807080452185
795,0.04355409712951027
796,0.04566944934521697
797,0.04535114942061955
798,0.05620114116822292
799,0.04504545984639251
800,0.04476632670534661
801,0.051095339326381196
802,0.05027068493078976
803,0.04689091299711434
804,0.05235622408666976
805,0.04950527717157962
806,0.04063847411023392
807,0.05199888590754679
808,0.048280211296718945
809,0.043101901741862396
810,0.05328265374462158
811,0.05333054734505512
812,0.03993600373163644
813,0.03528635744451012
814,0.05416282221857966
815,0.042903996988854276
816,0.04659455892419165
817,0.04721639227804088
818,0.044395375359544305
819,0.041021875014232136
820,0.05047388880777835
821,0.037756952554075206
822,0.034986961907300114
823,0.0435415112753947
824,0.05290467244272768
825,0.050189444202132706
826,0.04687880569776541
827,0.04082216901791126
828,0.03543326011160543
829,0.04917360264204473
830,0.04439681968515377
831,0.048377591594830634
832,0.05010476329556386
833,0.0462906377065405
834,0.048855811863049055
835,0.045928667796042225
836,0.04514947858831115
837,0.05323049652836506
838,0.04645539555661518
839,0.04441962348118429
840,0.0426473740196983
841,0.04582517526779373
842,0.052617003575965035
843,0.04897245581953751
844,0.03891320268817864
845,0.048453633073259034
846,0.04046572488207585
847,0.04947999410977622
848,0.04207942131106223
849,0.04203533700515234
850,0.049195572617577336
851,0.04536184686374565
852,0.05010219795518458
853,0.04348804069429464
854,0.04461374205230636
855,0.04827276920226292
856,0.050738557658471295
857,0.041876028179373755
858,0.048015840952546
859,0.05249142053370273
860,0.032240667735667326
861,0.04729493784174213
862,0.04959725721731415
863,0.04027864890635714
864,0.05257870024974956
865,0.04858250788916684
866,0.04171920193770351
867,0.04938511762152322
868,0.04510111271501586
869,0.0460921407965067
870,0.04669741453108428
871,0.04103193940623393
872,0.04853410111221866
873,0.04895070699907022
874,0.04202270927509586
875,0.049484648019893857
876,0.051933275286227897
877,0.041980296158528656
878,0.04890695774192961
879,0.04680816691950122
880,0.041085831507912014
881,0.04538297518667993
882,0.0441204924884938
883,0.04656476754435386
884,0.0426360835107432
885,0.04972618523115521
886,0.04264906349615701
887,0.04393985232664545
888,0.04545963035917616
889,0.04272203694204495
890,0.04627619541767625
891,0.05256722451836752
892,0.05152849578540322
893,0.04120733147518931
894,0.04361251602072808
895,0.04599708624162817
896,0.0463854924461234
897,0.0489881890001119
898,0.048739495801124355
899,0.0516822316541165
900,0.04796207925204083
901,0.04591000370070752
902,0.037660040558904116
903,0.049066988578828644
904,0.04896971790474214
905,0.04127210190319658
906,0.047818087139850335
907,0.041716478217754475
908,0.04834051704863248
909,0.045148095901057714
910,0.04889961798382561
911,0.04487683583799691
912,0.039030280086200964
913,0.04730344750836423
914,0.04472931898882515
915,0.05068174582681689
916,0.0488764840144608
917,0.04503458901582374
918,0.0495516294696699
919,0.04601491086859315
920,0.052690389505747864
921,0.04663154192553861
922,0.0476432028857629
923,0.0541213592372705
924,0.05045191501615692
925,0.04879649182948431
926,0.05409243821822591
927,0.04781713593123485
928,0.050894713645883834
929,0.04020900525339546
930,0.039207956305637566
931,0.04478117636310842
932,0.04553098239994587
933,0.050188204836903436
934,0.052776852050785666
935,0.04862505885554966
936,0.04673142860142779
937,0.048592959127575504
938,0.0413790067230344
939,0.04929919931622387
940,0.03699374753741468
941,0.03640317382389804
942,0.035155069221779384
943,0.046092786681278405
944,0.04519219902505542
945,0.054264442251537995
946,0.04833712514724013
947,0.047565647385202144
948,0.03900791550028701
949,0.034638021655180345
950,0.039554920716626855
951,0.05008481546497933
952,0.051413390760276144
953,0.03843226331464716
954,0.04809112200109709
955,0.052253763092369766
956,0.03997378877532883
957,0.04973730295104819
958,0.041437779408698215
959,0.04650737505684631
960,0.04700774086848682
961,0.035428659269564775
962,0.049036250292214686
963,0.04711609538062148
964,0.04317274555574187
965,0.04790897208364113
966,0.0401378598036425
967,0.040658871353915285
968,0.042312445189645886
969,0.0491255356101771
970,0.048586310563259294
971,0.0503968671948659
972,0.05290943139112539
973,0.05091137225674757
974,0.05016989243960149
975,0.043031882233590384
976,0.04751023323715696
977,0.048893373325948335
978,0.04249527615417079
979,0.044769139173357037
980,0.05612746066786932
981,0.03989278194972784
982,0.042392767384931924
983,0.047572457822383236
984,0.04456826015389883
985,0.04540362511363724
986,0.050766085409204076
987,0.043200129210183416
988,0.04706137038083544
989,0.04523518625857685
990,0.049233276843892976
991,0.04124976445036152
992,0.044440057899774905
993,0.046820246126470594
994,0.03998608076524797
995,0.05023347025893276
996,0.04960543912852617
997,0.04540599794824921
998,0.04655579674808909
999,0.04685114168295844
1000,0.043520036595156866
1001,0.04298874759586878
1002,0.04281181736889546
1003,0.04712774317003183
1004,0.04668295946973659
1005,0.041916605119410554
1006,0.04720827368314711
1007,0.05013172357276512
1008,0.04990360685692083
1009,0.04253180947228311
1010,0.05386421940274823
1011,0.052179474137488066
1012,0.04349858048650191
1013,0.04954799194574432
1014,0.044872729899075356
1015,0.05306378709984919
1016,0.04579493715329937
1017,0.03914885113137011
1018,0.048518361223323515
1019,0.045027387710427906
1020,0.05062256640668711
1021,0.04056049343915805
1022,0.05256177884260727
1023,0.045639532181141314
