0,141,962,770,459,910,373,329,773,320,252,89,84,196,426,582,666
1,270,842,400,25,228,923,665,622,581,722,627,726,197,783,807,945
2,651,458,742,1003,433,543,567,755,78,336,555,862,885,316,744,113
3,89,459,202,0,103,141,808,773,329,750,962,827,492,94,591,391
4,740,117,533,199,876,434,326,662,602,90,183,764,814,578,30,476
5,636,489,275,369,245,358,97,875,922,284,497,81,742,817,366,731
6,287,995,434,798,881,29,90,56,696,654,117,362,376,740,210,429
7,179,613,491,990,565,278,726,75,1010,154,574,722,650,891,759,1011
8,159,980,174,431,266,280,370,100,149,403,58,521,867,632,472,726
9,959,771,234,149,923,644,632,730,21,581,159,228,463,1,466,726
10,597,632,25,531,798,564,926,980,159,425,627,783,304,477,915,575
11,678,987,314,692,110,893,419,991,281,897,94,33,562,296,351,373
12,768,52,210,720,1023,915,980,798,564,926,154,966,1000,1010,477,832
13,203,789,109,620,563,567,14,174,604,885,50,589,201,799,32,1002
14,1002,789,364,563,610,576,589,851,13,127,757,44,456,546,32,739
15,705,714,533,747,385,409,38,904,637,525,138,865,782,919,814,578
16,344,757,871,478,664,558,851,643,546,922,610,44,450,497,336,190
17,243,134,851,178,566,799,433,791,651,589,620,203,862,885,303,2
18,92,495,436,355,54,868,985,781,875,194,589,862,277,87,566,201
19,62,633,663,988,990,200,722,811,889,603,807,665,955,340,1014,872
20,495,1006,76,563,906,98,306,791,922,669,444,185,535,862,70,156
21,135,923,400,9,581,1,150,270,934,730,523,575,632,8,856,726
22,832,210,1010,154,891,7,746,541,180,574,75,287,613,680,256,174
23,765,258,957,388,852,401,428,375,918,1007,577,939,512,775,429,108
24,401,375,56,26,362,157,725,238,212,696,517,441,108,378,428,23
25,842,531,10,627,523,783,926,1,170,726,632,980,597,100,810,892
26,939,375,696,441,401,56,725,517,238,220,475,378,561,1015,330,802
27,607,85,914,802,721,561,239,725,348,690,61,586,640,876,382,401
28,38,239,802,592,241,763,747,924,586,561,382,594,125,348,914,607
29,798,154,810,980,682,995,748,180,418,8,379,521,469,370,227,726
30,4,367,434,740,90,997,126,117,487,328,920,102,332,823,533,820
31,68,125,594,637,605,561,782,714,577,1020,876,804,765,307,607,283
32,836,567,203,851,566,109,201,116,222,306,327,243,127,710,803,799
33,488,629,897,792,94,509,246,205,773,198,987,345,965,438,79,1018
34,311,370,379,154,204,872,748,580,635,632,524,983,892,133,159,150
35,133,872,603,1014,231,304,52,155,720,311,317,34,294,437,927,370
36,495,535,568,436,70,906,862,92,800,661,265,922,566,20,1006,539
37,107,946,624,688,617,935,65,342,670,805,318,715,607,951,957,102
38,924,28,802,932,637,782,904,220,267,1015,655,561,774,578,747,865
39,923,234,179,926,955,278,581,945,463,650,236,149,947,632,609,811
40,545,643,953,250,127,215,461,847,707,245,716,555,739,412,176,187
41,713,1022,899,341,468,162,387,43,359,435,232,928,79,191,246,986
42,703,167,729,831,896,825,989,623,824,224,554,468,694,626,286,334
43,741,387,249,549,41,1022,395,593,694,713,738,343,824,468,666,831
44,671,1002,610,344,546,14,573,563,890,669,643,274,127,646,306,277
45,82,803,573,819,538,433,651,548,902,502,668,796,369,233,175,566
46,331,1021,727,636,797,709,566,178,366,243,769,8,888,32,127,875
47,674,230,971,611,738,960,845,963,343,169,390,430,962,544,173,288
48,475,706,932,285,1015,26,782,747,151,525,59,557,220,319,837,105
49,554,282,593,584,790,297,167,240,824,371,673,67,95,738,711,801
50,566,303,558,755,862,355,505,54,836,174,119,885,495,675,201,906
51,481,846,411,753,474,356,79,334,549,899,288,162,986,628,246,501
52,759,720,210,915,12,1010,477,635,590,798,10,370,660,564,632,311
53,414,893,300,426,251,449,562,374,419,373,235,693,110,818,792,390
54,568,355,303,675,50,566,178,862,194,201,836,495,956,504,514,535
55,986,341,501,829,958,249,254,43,128,694,921,481,628,554,1022,395
56,696,401,740,102,267,26,837,864,557,764,1015,375,820,260,183,59
57,269,564,171,627,477,926,785,58,1011,575,560,934,523,123,261,491
58,564,980,261,425,627,380,575,798,785,159,560,8,859,730,847,898
59,697,1015,876,864,740,837,706,56,420,357,624,764,183,974,696,814
60,690,725,26,220,61,429,721,238,401,939,924,441,561,696,676,330
61,690,605,637,85,607,330,802,561,787,714,577,348,226,876,600,1007
62,826,722,522,477,581,945,923,1011,811,491,304,663,785,7,1,644
63,380,859,575,564,58,425,570,746,785,186,270,560,400,995,574,516
64,520,573,284,709,439,817,176,727,502,599,480,178,366,840,888,620
65,903,342,37,688,951,507,318,383,164,101,72,686,304,607,226,361
66,917,130,426,141,0,373,235,252,693,938,255,192,320,53,960,738
67,128,343,129,711,653,825,717,554,467,384,824,493,163,611,790,801
68,804,31,125,878,594,561,90,117,335,578,1020,782,361,740,876,849
69,666,468,387,965,770,247,910,582,416,91,824,232,509,593,664,1018
70,568,862,922,147,495,369,566,885,906,1006,275,817,851,567,543,433
71,659,952,603,995,1,301,133,180,472,682,785,927,349,574,663,803
72,662,226,714,318,409,903,600,946,951,168,607,876,900,775,957,740
73,453,251,894,986,928,899,374,377,360,883,158,982,544,249,679,874
74,626,224,235,732,300,630,363,653,717,111,384,257,67,96,584,95
75,596,891,292,380,832,180,7,278,624,570,182,22,516,746,115,256
76,20,458,415,563,742,433,639,851,589,369,316,306,116,124,791,243
77,809,237,257,1012,723,753,288,95,352,338,129,698,572,611,205,334
78,952,444,2,317,742,113,596,736,744,306,861,472,82,458,616,731
79,899,928,41,246,481,629,162,360,713,374,1022,387,411,986,191,198
80,660,227,482,423,748,443,659,777,667,858,437,873,340,720,150,112
81,1021,742,369,641,5,366,316,455,284,731,97,87,70,636,144,134
82,45,538,573,78,184,306,749,253,651,819,567,952,113,369,502,344
83,970,164,951,442,499,512,688,624,594,383,765,557,767,715,537,814
84,395,110,679,141,343,741,0,453,373,163,666,158,1018,493,987,414
85,607,177,640,151,61,561,802,401,27,335,715,951,690,725,786,787
86,631,385,918,904,948,388,951,939,26,525,1013,924,734,267,1007,903
87,366,1001,386,964,742,284,355,194,346,956,81,54,566,316,473,866
88,442,177,837,348,307,85,996,125,1003,914,145,764,787,183,605,974
89,391,459,202,962,0,94,773,987,770,3,407,141,855,329,629,373
90,260,920,476,117,767,740,814,537,434,332,804,68,951,876,834,137
91,977,169,845,629,387,1004,438,713,288,167,219,971,498,173,271,593
92,18,436,568,495,558,201,868,36,194,535,54,505,871,886,147,854
93,977,1004,899,374,588,831,79,931,271,585,544,162,845,1022,41,387
94,103,773,33,629,373,89,987,844,488,493,897,329,141,0,438,163
95,626,106,653,773,584,320,384,438,352,693,717,629,163,91,235,343
96,626,693,320,630,544,235,224,529,95,611,653,414,209,717,960,809
97,275,98,5,369,922,742,70,81,495,20,444,800,731,497,455,308
98,97,275,20,922,444,800,369,497,817,495,277,731,5,308,70,906
99,333,255,295,371,240,588,694,938,824,192,593,252,457,130,440,850
100,280,810,934,726,370,980,8,25,748,135,627,197,783,923,523,856
101,951,903,342,148,578,321,830,537,512,686,164,335,65,115,530,607
102,935,267,624,56,864,937,696,305,107,916,925,715,820,837,517,1016
103,94,723,329,373,773,459,89,141,844,338,987,629,288,0,391,419
104,221,820,291,725,805,737,1003,930,267,852,75,429,935,515,607,721
105,706,864,348,393,802,586,837,932,974,715,285,283,764,59,637,48
106,585,345,384,693,129,554,95,790,825,343,673,653,352,717,493,374
107,37,624,102,715,151,843,617,864,794,935,879,696,805,85,670,75
108,428,392,557,487,697,56,820,23,765,852,375,183,997,442,258,775
109,669,201,836,862,32,13,789,203,306,563,699,1006,194,567,755,861
110,373,679,84,987,818,991,141,562,395,426,0,792,163,11,416,414
111,448,732,694,363,440,224,532,831,74,630,824,587,542,43,626,136
112,311,944,155,418,521,153,370,231,632,915,464,154,294,748,798,10
113,742,668,316,1017,233,731,78,616,402,380,2,336,545,222,433,952
114,308,639,871,456,190,886,669,806,757,156,344,797,193,514,127,185
115,370,973,647,798,891,180,294,556,969,463,149,154,418,210,261,867
116,563,486,32,639,625,992,484,306,243,589,576,671,185,769,316,890
117,740,533,814,4,434,804,90,578,476,876,920,1015,125,837,662,878
118,774,637,782,996,932,323,38,561,802,322,939,26,816,441,283,48
119,755,821,1006,50,567,558,505,744,985,718,563,853,514,2,885,669
120,644,722,234,39,62,978,990,955,891,278,1014,650,1011,166,603,923
121,491,256,574,726,936,447,7,270,603,722,304,154,565,682,234,179
122,786,339,499,957,908,689,537,601,83,951,137,512,37,335,101,687
123,859,575,945,269,564,186,811,57,571,270,746,856,923,477,63,934
124,791,875,769,735,566,243,890,796,484,589,906,316,671,277,651,625
125,594,68,607,31,637,804,442,335,648,117,688,533,876,578,740,714
126,764,332,649,997,367,392,183,260,90,864,145,837,30,820,697,772
127,471,266,306,32,739,425,1002,456,364,14,783,980,545,8,109,159
128,67,467,343,829,129,711,554,717,825,493,453,693,384,297,738,390
129,717,343,329,693,790,493,653,128,611,106,467,67,773,629,801,163
130,917,240,252,196,192,371,0,738,790,962,910,320,850,282,593,653
131,422,858,1010,154,469,720,153,379,210,659,972,748,150,848,370,519
132,701,841,973,650,463,609,647,236,762,39,847,926,149,1011,771,182
133,35,204,603,872,873,777,292,659,437,370,234,311,811,294,304,748
134,473,1001,17,851,70,742,336,709,817,366,546,259,178,636,433,2
135,150,21,923,933,574,228,726,955,807,400,581,972,632,280,100,270
136,440,363,462,883,230,845,542,111,544,377,224,448,93,732,529,831
137,335,715,90,578,268,624,83,397,688,878,125,607,68,592,655,804
138,330,714,409,559,697,59,662,876,775,637,15,1015,740,525,518,814
139,345,488,534,246,829,825,585,664,41,899,493,33,554,162,729,435
140,396,433,504,803,520,566,222,668,651,277,548,458,731,2,862,887
141,0,459,329,373,84,770,962,110,196,910,773,987,129,343,89,94
142,173,549,882,753,334,534,713,729,554,465,232,977,896,498,91,629
143,228,955,372,999,947,1014,135,872,452,234,381,923,39,609,150,9
144,369,742,1003,548,954,458,433,455,366,316,2,567,233,566,113,731
145,88,392,764,126,298,697,996,299,157,183,517,2,1003,108,864,177
146,985,514,840,521,661,861,204,853,431,313,50,784,634,277,469,800
147,1006,70,568,755,201,922,194,886,567,505,669,862,851,20,885,535
148,686,705,164,578,814,434,903,655,267,383,101,429,507,951,556,342
149,463,236,647,234,701,891,632,973,9,959,115,39,8,650,370,210
150,135,574,197,154,726,748,933,228,858,842,923,955,632,570,575,859
151,617,475,624,85,837,715,557,843,706,864,56,26,107,764,348,83
152,252,192,196,582,351,0,492,506,158,750,982,130,325,141,195,850
153,379,394,294,154,112,720,469,417,210,422,521,231,370,418,748,317
154,748,210,726,798,370,632,472,256,379,980,29,556,720,574,613,564
155,112,231,911,317,720,35,756,927,52,613,759,153,472,418,311,381
156,744,444,306,669,922,20,109,736,616,245,483,431,563,797,497,555
157,428,517,85,787,323,725,441,61,577,307,177,401,970,23,26,939
158,343,192,356,693,390,320,738,585,544,986,41,899,824,374,453,1022
159,266,564,980,425,431,632,8,730,10,667,783,575,798,370,597,58
160,516,859,519,995,22,1009,604,570,380,564,980,63,746,58,858,993
161,784,521,437,204,1019,311,370,379,394,431,469,34,8,423,748,550
162,899,374,41,246,481,831,549,629,1022,79,411,792,818,438,43,163
163,629,343,438,453,414,792,493,544,390,426,84,374,129,395,693,162
164,686,951,83,578,148,383,434,537,765,814,903,920,361,267,90,830
165,456,757,406,871,201,868,854,526,1002,494,14,439,886,13,127,403
166,826,907,847,120,959,62,622,182,722,1014,927,947,644,132,701,884
167,977,729,703,408,334,91,626,554,42,825,713,824,593,989,752,753
168,900,951,957,226,72,600,903,834,212,765,321,946,305,795,378,511
169,91,971,288,977,219,271,611,845,202,329,962,963,808,629,320,391
170,783,269,25,926,915,290,10,581,756,523,531,627,597,606,826,171
171,57,309,785,926,269,581,170,826,62,923,978,477,756,783,560,523
172,567,620,185,2,178,243,458,548,651,203,293,1003,954,799,791,744
173,142,549,977,498,208,91,882,845,963,465,971,288,387,167,713,169
174,180,8,835,604,590,210,596,980,233,22,50,115,380,798,316,1010
175,739,668,233,766,471,796,306,396,699,785,402,458,113,213,902,127
176,480,817,789,1002,64,273,668,113,439,573,14,616,545,245,546,954
177,85,970,307,715,151,88,764,260,677,640,786,787,561,83,442,607
178,504,566,243,303,620,366,862,433,568,651,54,172,954,222,567,885
179,7,491,565,1008,39,650,990,278,460,595,447,972,234,121,613,1011
180,174,256,115,75,154,370,659,798,952,22,891,995,7,29,726,8
181,267,429,725,104,324,924,556,376,655,107,335,578,294,342,696,903
182,891,973,847,898,870,596,292,75,477,556,115,701,463,762,524,149
183,764,326,876,740,442,533,837,605,706,392,697,974,56,767,4,283
184,716,82,32,546,766,538,203,851,567,573,536,187,306,707,819,668
185,781,620,243,293,625,1006,639,203,563,567,669,885,277,222,589,791
186,746,570,200,63,353,936,123,62,575,603,873,859,574,516,121,722
187,847,327,376,973,425,596,785,867,32,710,701,182,891,870,412,545
188,486,514,992,303,558,436,50,505,16,495,54,119,658,735,638,116
189,206,328,1016,268,557,687,774,618,487,260,937,920,939,916,1020,298
190,871,201,669,203,127,552,32,114,854,643,109,471,836,450,412,344
191,855,41,457,1022,249,741,359,899,407,387,79,582,793,506,43,928
192,158,152,252,209,320,693,850,824,673,593,738,333,255,130,917,343
193,658,1006,20,886,185,868,563,612,114,735,833,306,671,625,669,791
194,201,568,366,964,862,245,109,620,222,885,331,32,147,954,669,1001
195,874,894,216,192,152,905,528,982,506,958,252,453,679,73,917,158
196,405,0,130,141,252,855,297,152,192,666,582,711,962,395,790,738
197,856,667,150,482,1,783,400,842,100,934,726,135,933,810,581,269
198,246,435,792,899,468,831,79,33,162,374,345,897,387,41,629,438
199,876,787,4,740,485,117,804,662,714,600,348,226,838,61,330,561
200,746,516,633,570,186,858,22,988,720,242,7,603,422,990,19,1010
201,836,109,568,194,862,868,355,32,222,885,566,854,190,203,669,436
202,391,271,89,962,808,219,169,790,855,773,850,770,713,91,0,681
203,13,851,32,243,567,789,885,109,185,563,546,669,201,364,836,50
204,133,294,234,437,784,311,370,372,34,748,521,983,379,632,469,9
205,488,683,33,713,968,334,493,629,753,698,729,801,534,773,743,288
206,260,939,238,362,920,918,618,189,696,90,26,375,916,56,102,557
207,511,476,839,775,795,772,767,901,518,834,900,765,183,605,649,1015
208,498,465,549,173,845,629,91,438,312,984,288,142,977,411,163,448
209,850,320,192,693,960,790,738,158,630,593,673,717,255,824,343,169
210,154,590,798,891,22,632,52,12,174,287,115,472,236,613,317,418
211,276,1018,692,33,500,519,246,359,84,987,139,897,562,360,162,407
212,362,378,375,305,881,918,56,26,238,168,206,401,696,23,518,916
213,175,796,739,727,471,289,308,668,364,480,684,358,233,396,610,749
214,350,616,420,997,546,2,113,78,458,369,428,517,1017,402,76,415
215,597,461,531,606,915,627,170,847,615,25,10,451,560,564,523,926
216,195,345,664,874,468,585,106,416,506,673,703,192,792,824,894,704
217,752,572,529,984,419,445,438,809,427,300,626,629,312,352,198,897
218,935,725,258,852,939,429,428,1007,23,238,339,687,267,631,957,976
219,968,169,808,91,202,773,977,271,850,288,790,205,723,1004,975,572
220,26,802,1015,38,924,814,705,330,56,476,117,561,782,637,920,904
221,104,805,1003,715,432,298,864,820,742,740,555,75,967,929,843,2
222,885,862,566,954,396,229,875,803,567,433,32,668,201,355,620,293
223,875,124,484,992,486,890,497,5,735,906,639,306,489,610,495,796
224,626,74,630,363,414,111,831,106,544,693,374,235,96,448,438,356
225,776,307,4,392,602,88,442,183,125,553,764,787,740,485,914,199
226,318,72,900,600,957,401,168,607,951,876,714,946,662,1013,805,794
227,443,431,521,748,1019,660,980,519,154,798,810,29,469,80,403,632
228,454,999,1,955,135,923,143,807,150,665,270,842,234,9,39,25
229,222,412,346,355,201,862,885,349,923,952,471,880,545,875,888,113
230,47,544,960,883,674,971,738,426,845,462,96,136,390,377,169,430
231,294,155,418,551,911,595,112,417,35,153,317,877,370,613,311,556
232,387,713,41,359,855,468,534,593,286,43,391,1018,549,435,666,664
233,316,731,742,875,952,458,444,396,175,796,113,277,174,668,284,888
234,955,278,149,990,726,39,294,9,204,923,236,372,891,811,7,370
235,653,426,626,717,300,693,320,74,427,414,438,163,390,96,343,630
236,149,39,891,463,234,650,210,324,294,632,701,1023,132,973,647,115
237,77,1012,257,408,809,352,653,572,950,717,723,968,790,106,591,129
238,696,26,401,939,206,260,362,916,725,375,852,258,935,56,687,429
239,28,607,513,27,670,617,382,924,904,348,914,721,802,151,342,843
240,130,790,593,588,850,917,824,192,282,673,252,371,49,255,653,738
241,592,382,614,594,869,339,499,28,763,689,607,335,85,68,908,816
242,516,75,7,746,995,682,200,633,180,748,936,659,154,292,777,603
243,791,620,185,566,203,651,178,222,32,396,851,875,433,803,589,862
244,259,350,567,402,2,755,885,399,176,861,651,744,789,1006,389,458
245,555,817,797,922,744,636,194,643,964,444,616,397,222,880,568,336
246,899,198,928,374,162,897,79,792,41,481,435,345,33,139,629,506
247,910,666,69,790,824,593,963,770,850,130,0,681,202,962,329,196
248,609,523,780,39,926,760,923,947,100,913,228,454,581,25,460,934
249,741,43,1022,679,191,986,41,395,694,55,162,333,899,738,894,831
250,187,137,710,221,555,1017,298,847,376,545,40,1003,253,707,691,346
251,453,414,374,73,390,356,163,377,899,53,693,883,986,481,829,373
252,152,192,130,582,0,457,196,310,333,855,240,295,405,750,191,917
253,502,455,336,538,369,573,82,953,922,473,742,555,113,250,2,78
254,986,501,341,921,55,334,981,829,554,628,481,801,467,1022,493,949
255,587,917,192,333,295,440,209,540,694,850,240,99,938,630,703,738
256,659,574,121,1008,972,180,278,154,726,7,613,422,682,491,294,565
257,809,77,408,237,626,74,950,572,653,717,825,352,95,584,753,611
258,852,23,218,428,1007,238,734,943,725,263,388,765,267,935,577,676
259,399,316,284,731,458,396,277,817,833,862,244,233,651,791,885,2
260,90,696,206,767,1020,970,920,687,238,56,908,740,939,332,537,183
261,58,973,463,701,847,627,370,575,726,798,491,785,115,730,647,564
262,745,699,785,187,229,304,596,301,952,891,306,567,483,317,722,471
263,935,852,734,258,515,820,700,108,805,23,685,916,102,267,375,946
264,759,613,317,1005,720,272,516,995,52,570,659,287,376,798,682,402
265,313,634,489,736,661,861,444,800,862,539,742,346,284,389,887,922
266,159,8,431,127,632,425,980,403,867,701,783,944,418,798,597,730
267,429,924,655,578,696,918,102,734,904,56,935,631,852,774,937,434
268,920,1020,1016,655,137,90,537,619,918,937,865,434,592,578,814,499
269,564,477,57,856,170,627,926,10,934,980,290,783,25,159,811,581
270,1,859,923,574,491,726,807,627,665,400,972,447,722,842,575,945
271,202,391,713,962,971,169,91,977,801,790,808,673,855,773,334,629
272,798,1000,759,264,915,682,12,52,1005,154,613,556,10,980,516,720
273,707,668,113,176,545,616,508,376,1017,847,716,954,402,187,789,301
274,598,277,44,344,354,550,671,861,573,875,444,708,822,233,497,796
275,97,98,70,369,5,922,444,731,736,817,636,497,495,742,20,277
276,211,488,411,829,1018,698,33,345,84,395,897,139,604,246,443,162
277,444,861,875,887,661,396,862,817,550,566,833,906,316,791,985,535
278,955,945,234,923,726,807,574,256,1010,832,7,39,972,370,75,179
279,559,138,212,378,900,207,319,330,733,409,518,775,362,476,59,56
280,100,8,980,370,632,726,135,1010,154,810,798,521,780,210,926,758
281,419,11,678,53,449,410,426,893,987,103,94,438,314,296,692,984
282,738,49,917,554,711,240,297,801,128,703,593,694,343,998,130,440
283,586,637,183,876,706,68,561,782,804,533,849,125,740,105,802,31
284,489,888,316,875,817,259,399,636,233,277,64,862,566,731,742,651
285,706,747,974,48,393,837,105,932,617,996,151,28,348,715,319,864
286,468,435,41,713,232,729,387,534,664,989,831,43,341,549,142,896
287,613,210,22,256,317,6,180,759,798,154,682,7,29,1005,541,264
288,169,629,977,91,356,971,723,809,753,984,465,498,1012,343,975,173
289,708,222,471,396,539,788,668,526,489,229,277,885,699,875,439,887
290,581,933,926,934,10,269,923,170,783,945,811,980,25,564,627,915
291,895,929,307,361,104,607,776,221,483,429,547,970,27,614,786,689
292,811,75,596,447,560,370,726,564,847,380,597,182,472,748,710,915
293,625,620,185,396,222,885,567,781,526,277,566,803,1006,875,548,724
294,418,234,379,370,231,983,115,204,556,153,311,595,154,417,748,317
295,333,938,457,588,255,371,960,252,850,192,738,209,99,674,1004,931
296,427,621,198,678,792,419,991,33,850,910,11,630,629,824,984,69
297,801,790,673,554,467,921,711,196,128,49,282,493,982,129,593,738
298,970,517,864,555,843,397,1003,221,976,299,996,687,820,715,696,997
299,382,298,970,397,869,843,177,764,687,996,689,145,715,307,260,499
300,235,587,53,390,426,717,427,74,414,626,630,693,419,224,905,251
301,766,402,785,699,668,109,349,203,1010,262,471,596,574,71,836,380
302,124,886,450,598,769,308,806,223,875,610,684,404,484,1021,868,535
303,50,566,54,178,651,875,243,567,620,890,316,32,992,675,836,906
304,565,491,10,632,926,531,613,1011,556,603,7,999,62,121,722,872
305,935,881,102,212,733,1013,362,238,56,852,696,916,946,107,267,375
306,699,563,444,471,497,952,32,567,875,127,109,364,316,862,1006,78
307,776,787,970,361,177,602,260,392,225,291,68,88,908,1020,397,428
308,344,610,497,114,886,739,875,639,364,306,851,450,484,922,20,643
309,171,923,622,412,400,425,644,785,581,722,575,1,783,9,270,560
310,750,252,850,506,0,295,457,855,240,130,982,202,191,192,582,808
311,112,635,521,34,370,294,204,437,748,431,969,394,720,292,115,133
312,984,438,629,465,897,753,163,208,419,288,411,498,162,33,509,549
313,265,736,634,444,853,861,346,539,229,912,146,887,661,862,355,817
314,893,11,897,33,692,773,987,844,488,94,678,338,629,84,984,562
315,864,59,393,764,932,105,706,151,326,837,624,996,715,107,974,937
316,233,875,742,497,458,651,567,952,566,992,610,444,862,484,284,563
317,613,472,418,759,210,596,7,294,264,891,720,78,287,155,256,659
318,226,607,72,805,688,1013,957,946,903,428,65,37,714,690,852,61
319,837,559,747,518,706,59,378,925,617,1015,151,393,900,357,864,348
320,693,544,209,960,850,343,717,158,192,910,0,773,653,329,235,962
321,512,401,951,1015,561,26,939,624,101,607,640,869,85,786,441,226
322,909,774,267,1020,429,937,904,594,1007,479,631,782,637,924,852,434
323,939,869,774,441,157,118,339,996,26,1007,475,557,577,816,218,648
324,556,1023,891,236,650,210,294,613,973,182,317,418,181,417,983,376
325,152,196,750,141,492,351,0,252,808,773,582,192,874,790,982,345
326,764,183,357,837,715,740,864,442,533,4,974,706,814,348,876,879
327,545,187,412,32,847,567,819,724,261,306,710,425,116,992,127,484
328,189,1016,206,920,557,90,937,774,268,30,126,487,260,764,715,618
329,129,773,141,343,611,0,717,790,629,693,962,320,910,808,169,827
330,714,348,138,802,559,61,637,409,26,876,740,925,670,943,226,837
331,194,46,366,32,639,456,245,797,964,576,880,222,589,929,710,806
332,90,260,126,772,117,837,767,834,764,4,183,476,740,920,876,326
333,938,295,694,588,192,249,255,252,621,457,440,158,824,741,191,99
334,554,753,713,825,801,167,971,341,896,142,549,493,729,41,585,467
335,137,592,607,804,125,85,578,68,951,786,339,594,655,241,715,561
336,538,555,2,546,742,573,851,691,32,113,651,433,245,710,78,253
337,441,939,26,725,976,721,401,375,670,996,685,517,802,321,932,27
338,844,723,103,743,474,445,288,984,314,94,205,809,698,419,77,312
339,689,1007,607,499,594,592,939,786,267,429,85,335,908,1020,122,241
340,720,811,660,748,667,988,292,34,872,311,381,726,858,955,52,197
341,41,921,554,334,55,1022,713,986,43,829,254,628,549,395,481,359
342,903,65,37,101,607,148,951,686,688,318,762,507,614,491,239,383
343,129,390,717,693,158,629,356,163,738,128,329,493,467,544,67,453
344,308,610,450,44,404,643,497,306,127,573,471,274,886,16,871,875
345,488,585,106,139,246,825,352,33,374,493,198,698,792,897,829,629
346,964,979,229,636,840,313,265,555,854,1001,355,956,599,284,861,634
347,531,603,748,842,995,564,472,663,154,730,927,10,682,425,635,575
348,802,330,837,706,876,105,864,326,151,61,637,617,740,914,393,59
349,380,229,785,510,412,443,63,646,570,58,596,722,425,995,861,952
350,214,546,420,2,458,402,244,78,755,306,699,833,997,563,567,616
351,152,110,84,991,0,987,582,692,874,141,679,11,252,373,792,492
352,106,345,585,825,95,488,723,808,626,474,809,653,408,717,698,968
353,186,936,663,746,62,826,182,889,863,603,120,722,560,447,63,477
354,418,472,431,969,294,8,726,149,632,370,469,234,959,973,952,647
355,566,862,54,201,50,222,568,836,888,229,433,436,875,495,504,885
356,390,343,474,158,374,693,717,288,629,414,481,899,544,251,438,986
357,837,326,864,442,715,974,764,59,393,706,740,946,814,518,183,820
358,636,727,489,1021,5,684,599,284,502,46,854,709,953,875,64,788
359,855,41,232,407,191,666,998,741,391,713,387,965,1018,43,162,395
360,928,899,79,246,986,585,506,374,41,345,139,158,855,793,191,829
361,776,547,970,307,537,164,68,383,951,908,83,765,688,499,903,291
362,212,881,238,206,375,56,918,696,305,401,260,476,26,920,90,6
363,732,111,440,224,831,630,587,136,626,74,532,694,448,300,235,540
364,14,306,739,851,32,203,127,819,471,671,563,789,308,546,567,610
365,164,881,434,775,918,920,362,537,511,6,90,823,476,765,686,212
366,194,620,87,178,222,954,885,742,636,473,566,144,964,1001,567,331
367,30,126,649,602,4,392,487,108,332,764,997,618,787,740,183,820
368,43,549,694,998,111,341,173,554,704,468,55,387,395,824,249,741
369,742,144,455,458,433,731,316,954,616,70,862,233,444,2,113,275
370,632,726,154,115,730,469,798,748,379,294,100,1010,418,945,8,521
371,130,674,960,295,910,240,738,457,588,91,593,320,169,845,49,962
372,234,204,143,812,959,955,278,149,9,381,236,784,1014,161,947,39
373,390,426,110,987,141,0,343,629,84,94,158,163,459,356,329,792
374,899,162,246,414,585,481,356,928,544,251,438,629,897,377,79,453
375,26,401,212,378,23,56,557,685,939,238,696,916,935,852,362,102
376,847,613,973,798,187,425,304,870,785,682,472,710,317,575,121,491
377,374,462,251,544,899,883,481,356,414,445,73,1022,928,93,453,585
378,212,375,26,557,900,475,685,559,319,697,583,226,837,518,946,56
379,748,153,294,154,370,469,34,892,394,437,417,810,29,580,726,632
380,596,564,58,785,63,75,560,604,425,980,292,570,516,472,746,349
381,933,923,581,811,955,39,947,945,758,278,644,135,150,632,783,234
382,689,241,869,843,299,715,624,339,996,592,614,151,239,499,27,28
383,164,83,507,688,737,148,361,65,830,686,951,614,429,903,970,655
384,653,106,717,693,584,129,95,67,343,128,824,790,320,345,626,910
385,904,525,86,648,782,631,594,705,924,15,747,774,125,607,409,920
386,87,1001,602,134,17,108,618,194,866,487,366,956,367,649,54,473
387,593,232,713,468,43,41,824,91,666,549,977,1004,855,588,79,965
388,577,1007,23,765,775,918,537,1020,676,86,631,951,258,429,512,908
389,504,840,861,885,887,178,651,265,396,2,634,956,520,979,284,50
390,343,356,373,426,717,629,158,693,986,899,251,163,738,883,544,129
391,202,962,89,855,271,407,713,770,666,965,359,971,0,232,169,387
392,487,776,183,997,108,442,764,553,428,901,307,970,697,260,557,649
393,864,937,837,715,706,695,357,617,105,932,843,59,624,285,348,996
394,153,379,469,311,521,418,294,635,969,370,437,748,112,422,354,161
395,679,741,43,84,343,666,453,1018,158,163,249,359,110,986,341,41
396,140,277,668,222,875,233,293,433,566,620,651,548,803,885,796,861
397,298,137,744,307,689,245,687,970,619,964,979,592,908,299,335,555
398,1007,86,388,631,903,60,339,690,951,924,101,904,530,607,429,577
399,259,731,284,402,887,817,520,636,866,709,862,396,277,861,489,389
400,1,665,270,856,21,135,859,842,197,923,934,482,150,25,807,933
401,56,696,725,375,26,321,23,238,226,85,561,939,607,267,951,852
402,699,668,113,952,301,833,233,861,399,862,766,433,78,396,380,538
403,431,8,1019,266,443,227,521,109,159,835,478,174,127,980,669,13
404,344,886,610,44,757,308,364,450,456,114,484,806,14,819,471,671
405,457,855,196,793,582,191,741,249,252,679,359,407,395,738,41,986
406,165,757,860,456,724,871,494,1002,643,190,822,14,669,44,203,201
407,391,855,359,191,965,41,89,1018,79,770,713,232,373,986,387,666
408,626,167,950,430,572,809,584,703,257,653,977,237,352,717,825,95
409,814,525,533,559,900,72,330,138,714,946,662,518,1015,705,117,740
410,987,419,373,103,288,629,33,329,984,11,678,509,94,312,208,89
411,162,481,79,549,629,984,43,356,246,41,51,435,465,899,276,288
412,545,327,229,309,847,471,425,552,785,349,187,113,58,560,923,222
413,898,973,847,841,701,927,472,712,647,418,354,182,785,58,376,425
414,374,693,251,453,163,53,544,426,343,356,438,224,629,235,106,419
415,851,369,922,76,32,616,70,306,563,997,316,742,20,697,536,610
416,792,438,965,910,0,320,163,448,855,773,897,468,629,33,91,387
417,556,1023,551,294,892,379,231,153,580,447,613,418,154,179,7,370
418,354,632,294,969,798,370,944,317,112,472,231,115,915,973,431,613
419,984,438,529,426,414,629,449,281,678,217,356,427,53,312,288,11
420,563,59,458,536,316,350,357,697,174,596,740,306,696,616,876,233
421,412,222,994,885,366,113,187,327,253,32,851,567,545,573,803,502
422,131,720,659,469,858,748,256,848,154,153,180,972,570,278,1010,759
423,437,784,80,204,161,133,777,311,521,748,379,227,1019,112,34,469
424,952,8,349,888,284,526,887,1,229,21,875,277,396,63,380,769
425,564,575,785,159,10,58,632,980,596,477,798,597,847,472,380,783
426,373,390,235,438,414,544,629,693,343,163,792,0,320,53,419,960
427,630,621,448,732,792,235,438,426,296,300,419,529,91,629,390,532
428,852,23,108,258,765,725,787,577,820,970,957,1013,805,696,157,392
429,267,909,740,696,1007,434,924,903,725,607,918,904,951,218,577,714
430,801,971,408,977,47,390,356,169,271,167,93,588,808,717,288,738
431,159,227,632,472,8,266,1019,443,403,521,354,969,418,748,425,370
432,221,805,555,515,657,670,852,298,930,685,104,428,925,517,820,336
433,566,458,862,140,954,2,742,543,538,369,222,651,396,803,504,548
434,920,117,578,814,740,533,90,267,164,429,918,4,1015,148,476,655
435,468,198,41,286,246,831,387,79,162,664,232,43,899,713,411,792
436,201,495,92,355,36,194,568,514,18,862,222,736,190,50,875,156
437,204,423,748,777,379,311,133,294,659,161,784,472,34,469,1019,227
438,629,792,163,426,91,419,544,374,416,448,897,312,414,343,320,498
439,64,888,599,526,176,885,668,222,709,510,229,854,349,887,284,165
440,694,363,111,732,883,738,587,136,255,630,333,831,462,588,544,249
441,939,26,869,337,976,517,475,696,151,996,323,321,401,725,157,375
442,837,183,605,594,83,125,688,776,326,764,357,715,767,392,706,533
443,227,995,431,652,859,980,403,159,798,8,521,1019,519,667,993,425
444,861,277,744,742,862,306,731,497,78,922,952,316,233,875,736,458
445,809,356,529,438,374,572,419,377,312,288,723,753,474,629,217,352
446,661,550,906,277,50,866,800,887,535,985,833,669,862,146,861,675
447,811,491,892,556,270,627,842,121,292,726,179,531,7,25,370,973
448,438,792,111,427,532,732,621,845,416,224,544,694,426,630,235,998
449,818,419,53,414,562,110,356,984,300,678,426,374,390,438,373,411
450,886,344,875,854,610,871,735,992,497,769,471,806,308,190,44,568
451,907,170,215,606,523,622,531,826,25,913,815,615,783,171,771,926
452,454,143,642,872,228,760,522,807,955,665,1014,565,988,923,609,873
453,251,493,163,414,343,693,73,829,986,374,158,84,395,544,129,585
454,228,25,760,842,1,447,665,892,872,999,452,270,304,531,609,622
455,502,369,731,253,742,144,520,233,458,284,489,953,81,2,433,316
456,871,757,165,127,854,14,201,406,1002,880,643,610,194,331,114,886
457,405,191,855,252,295,741,738,770,43,333,593,371,588,962,998,249
458,433,2,742,316,369,731,233,566,651,952,420,862,954,444,548,277
459,141,962,0,89,770,373,391,987,329,84,773,103,827,3,202,666
460,491,179,574,972,270,39,7,650,1008,726,1011,923,926,541,121,278
461,215,712,898,847,915,867,597,58,560,710,754,606,564,32,510,798
462,883,377,544,356,440,1022,738,230,136,986,390,251,481,47,693,374
463,149,647,701,650,973,261,730,39,891,115,236,632,771,370,234,926
464,112,311,34,10,632,720,872,660,597,154,379,556,35,551,227,431
465,208,549,498,288,173,312,142,411,984,971,845,753,629,162,438,334
466,581,632,913,580,524,872,783,730,9,10,926,760,39,149,159,771
467,801,128,343,493,554,129,986,711,334,829,297,825,67,713,921,971
468,387,824,435,664,41,286,713,593,232,43,666,198,69,792,831,729
469,726,370,659,422,521,379,748,154,972,153,720,394,632,810,952,256
470,947,884,780,143,228,39,999,760,248,955,609,959,923,595,135,234
471,127,306,783,785,668,699,222,175,412,610,803,875,526,545,425,888
472,748,596,317,354,431,154,603,726,425,952,927,418,210,8,294,891
473,134,953,942,366,709,336,742,1003,707,346,1001,253,113,433,87,538
474,356,723,825,374,481,390,899,79,585,829,288,51,251,352,158,717
475,557,151,48,26,378,441,624,706,939,837,869,183,56,525,1015,767
476,90,117,1015,876,772,561,640,814,740,920,804,434,951,56,511,260
477,564,269,524,1011,10,62,425,926,575,811,531,597,52,785,57,159
478,563,757,669,546,32,203,243,403,185,109,851,14,558,13,174,238
479,937,655,967,1016,267,747,322,715,737,594,268,864,774,125,624,393
480,520,277,176,861,797,64,817,887,444,778,636,668,396,731,399,573
481,899,986,162,374,928,51,246,1022,41,79,356,411,390,334,549,829
482,667,993,859,197,810,980,652,519,934,842,1,856,400,660,100,564
483,553,745,895,4,662,199,291,740,929,547,72,776,997,428,104,156
484,875,610,316,589,639,497,890,625,116,992,563,1006,576,306,486,124
485,199,605,876,600,72,61,714,787,804,690,662,740,4,68,125,577
486,992,116,514,639,185,875,484,32,497,119,188,303,735,495,316,243
487,392,108,901,649,1020,260,442,557,997,765,183,547,776,90,795,553
488,33,205,345,629,773,493,698,139,825,106,808,343,713,585,129,94
489,284,5,788,502,875,358,265,636,277,731,840,520,887,444,233,817
490,366,641,54,303,566,46,620,331,888,568,194,178,87,355,222,589
491,7,179,121,270,304,541,447,613,722,460,565,650,972,726,575,627
492,750,152,893,506,360,373,808,0,982,89,192,773,3,351,53,850
493,801,453,129,343,467,163,488,629,829,711,334,986,106,554,128,345
494,853,885,868,724,661,646,514,505,558,201,109,840,50,669,406,13
495,36,906,862,535,566,20,568,875,70,922,1006,277,50,436,243,444
496,478,851,243,16,563,697,76,138,558,589,639,757,17,116,940,576
497,316,875,610,444,992,306,484,922,742,736,233,563,277,952,1006,985
498,208,629,91,173,438,845,465,163,288,549,910,611,343,977,169,962
499,908,614,339,83,1020,970,512,594,361,241,689,122,592,137,268,786
500,359,407,493,211,855,928,391,360,986,84,453,1018,94,274,899,844
501,254,55,829,981,481,986,128,334,251,390,628,825,554,883,462,958
502,455,253,573,489,953,233,369,538,520,922,788,742,64,284,727,651
503,68,1020,434,268,920,619,90,537,322,655,878,782,804,849,594,117
504,178,566,389,140,433,862,520,396,651,543,355,277,50,675,54,906
505,558,853,50,661,119,755,985,1006,669,912,147,646,885,868,201,800
506,793,855,928,608,982,191,246,899,41,585,158,750,192,360,345,582
507,688,383,65,737,148,547,578,125,614,164,342,705,686,655,929,967
508,1005,264,376,6,995,707,516,273,682,863,63,746,272,798,1000,380
509,33,882,965,488,629,312,91,205,69,208,387,752,438,142,411,468
510,668,380,349,13,898,58,1002,785,803,526,888,8,439,127,266,159
511,834,767,476,90,839,207,537,951,920,164,168,260,362,814,772,881
512,321,537,83,865,951,23,765,499,429,939,830,624,970,869,908,1015
513,721,617,607,239,85,690,802,27,648,151,725,715,904,318,843,385
514,486,724,992,146,675,185,119,201,836,32,50,194,558,245,109,964
515,805,670,946,685,263,935,221,820,852,1003,725,32,37,104,432,583
516,746,570,242,995,859,160,200,75,380,564,759,1005,720,154,7,627
517,976,696,864,725,26,820,298,56,996,852,721,102,441,939,151,557
518,814,919,900,533,319,409,624,183,946,837,1015,442,557,357,740,747
519,859,1009,980,858,604,810,482,993,227,652,160,995,443,835,660,667
520,480,861,731,64,140,458,277,504,444,233,396,433,502,952,455,399
521,227,311,1019,370,431,469,112,8,161,980,748,798,394,29,443,153
522,826,62,1011,760,872,926,565,756,581,811,304,477,609,170,39,290
523,25,926,627,581,170,531,783,934,269,701,100,10,1,730,913,261
524,477,466,556,1011,10,603,531,730,580,34,632,154,347,62,149,182
525,385,747,904,409,734,814,918,920,624,865,782,1016,648,1015,48,15
526,539,293,803,868,277,875,471,222,396,854,566,887,201,888,708,885
527,817,1001,5,245,636,840,964,599,800,346,854,661,922,194,284,505
528,195,333,894,216,99,252,874,938,792,448,351,416,506,191,152,608
529,419,572,438,217,630,977,96,427,445,809,426,984,626,845,235,1004
530,719,429,547,537,1007,903,101,619,339,361,1008,512,291,499,908,218
531,25,10,926,597,892,304,347,842,477,771,627,615,447,826,632,564
532,448,111,427,792,363,732,198,224,167,468,626,438,74,217,831,216
533,814,740,117,4,434,183,876,409,837,518,326,1015,920,706,714,578
534,729,139,232,142,286,713,549,41,334,896,554,753,205,341,989,1018
535,495,277,568,661,906,1006,185,800,875,36,791,886,20,669,922,868
536,420,306,233,316,444,563,744,546,415,616,961,716,596,922,184,78
537,951,90,920,512,164,1020,767,361,260,719,908,83,268,918,429,388
538,573,336,433,651,82,546,2,851,566,862,543,45,502,32,402,885
539,634,526,277,396,222,875,887,861,661,854,708,265,313,885,803,444
540,587,917,255,950,653,717,235,630,440,626,693,584,732,300,384,363
541,491,22,1008,179,7,680,832,972,287,613,460,650,565,746,1011,574
542,831,136,111,1022,958,440,363,162,435,41,42,532,846,989,93,481
543,433,2,862,566,906,866,651,458,538,70,952,755,504,1003,78,369
544,320,693,738,343,414,374,883,438,163,158,426,356,845,960,1022,453
545,412,327,113,616,471,847,643,127,1017,699,497,964,306,229,187,576
546,851,669,203,563,336,573,350,789,538,478,44,791,716,14,861,420
547,619,361,737,530,719,164,507,823,578,137,776,537,487,429,553,765
548,396,458,567,433,651,566,144,222,625,796,2,293,779,766,742,954
549,173,43,142,162,387,41,713,208,465,334,629,554,411,343,1022,845
550,277,833,985,661,612,906,887,446,791,469,535,50,598,161,861,875
551,417,231,983,418,294,556,999,815,580,379,632,153,1023,112,304,892
552,482,646,412,190,923,945,116,44,380,718,596,726,667,992,563,1
553,483,392,776,307,361,428,547,487,997,901,895,225,787,291,823,719
554,334,341,593,713,921,106,467,128,824,41,343,585,49,801,167,825
555,245,336,744,616,298,861,2,1017,922,444,221,979,742,817,643,432
556,417,1023,154,294,447,115,304,798,324,973,613,7,892,524,10,182
557,475,837,56,151,375,970,378,108,624,83,774,442,26,765,996,648
558,505,50,661,985,755,868,669,119,646,604,853,563,1006,201,243,316
559,946,330,409,319,138,925,378,900,518,685,670,1013,357,805,734,59
560,571,380,564,58,292,847,811,75,596,425,447,63,57,269,62,182
561,782,802,640,804,637,85,68,1015,476,876,401,26,61,607,648,586
562,818,897,874,894,792,110,374,246,414,53,162,163,416,438,84,893
563,306,420,576,116,789,316,14,20,185,109,478,1006,203,546,669,589
564,980,425,269,575,58,159,477,10,798,627,859,380,785,597,560,154
565,304,7,179,936,613,1011,491,682,574,121,663,256,603,447,722,889
566,862,433,875,222,355,906,504,50,178,277,568,567,243,651,954,495
567,885,651,755,32,566,1006,862,316,222,203,2,620,172,306,875,954
568,862,70,201,54,566,194,495,922,355,854,535,222,885,636,147,906
569,987,407,931,79,459,621,89,410,770,411,391,373,965,103,975,962
570,859,516,858,873,574,186,746,660,380,75,748,659,150,603,995,807
571,560,380,564,123,859,934,811,746,75,58,186,516,160,63,726,856
572,809,529,977,626,217,752,408,288,91,1012,167,445,95,630,219,169
573,538,651,502,32,82,64,546,336,875,819,277,316,567,233,803,610
574,256,972,722,807,726,278,270,150,785,923,121,135,154,570,7,1010
575,425,564,785,859,58,632,159,10,730,798,627,477,270,261,370,923
576,563,14,1002,639,589,484,116,545,610,497,316,789,851,781,185,308
577,388,1007,765,428,775,23,429,637,605,594,61,909,260,1020,787,31
578,1015,434,655,814,117,267,164,714,740,951,924,148,533,920,662,804
579,568,70,535,727,636,178,684,134,817,81,495,366,728,284,1001,709
580,466,379,34,417,892,730,370,524,632,872,551,983,294,418,556,469
581,923,783,945,933,466,926,290,39,62,1,632,381,10,811,170,25
582,855,252,666,191,0,770,405,196,793,152,359,741,506,1018,387,391
583,378,657,879,946,805,515,392,226,696,997,428,852,794,895,517,820
584,653,626,95,384,49,106,673,408,790,703,167,717,554,282,235,693
585,106,345,374,899,825,673,554,158,334,352,928,453,829,139,246,41
586,283,637,876,802,561,105,183,740,706,804,849,914,348,125,533,68
587,255,300,440,540,630,235,626,224,883,905,363,693,390,950,732,544
588,593,240,387,333,93,1004,977,824,91,295,674,845,694,850,713,371
589,620,484,789,563,14,185,243,799,868,875,576,566,116,625,201,32
590,210,174,596,52,1010,22,8,159,835,266,980,891,149,58,564,431
591,723,1012,960,329,320,288,209,717,808,773,169,129,693,850,809,103
592,335,1020,594,339,241,763,908,655,816,689,125,268,137,561,28,607
593,824,387,713,554,790,43,468,588,738,240,343,910,666,91,192,694
594,125,1020,592,68,607,339,442,648,637,774,83,385,1007,31,577,782
595,294,179,231,234,990,7,955,370,228,278,565,379,417,133,999,39
596,891,75,472,380,425,292,847,785,182,952,317,278,174,590,726,973
597,10,915,531,564,425,159,632,25,798,477,926,292,980,783,215,847
598,274,277,550,44,671,539,833,396,875,769,526,450,791,887,854,124
599,880,709,854,994,64,439,636,346,817,358,643,284,840,489,727,366
600,226,605,951,72,834,900,61,787,476,117,199,837,876,168,330,485
601,786,687,895,957,838,908,951,401,238,321,970,122,935,725,23,85
602,787,4,740,307,820,56,1003,764,637,183,322,864,849,586,696,199
603,936,472,133,347,633,35,748,927,154,304,121,570,613,565,256,659
604,380,174,993,519,858,835,652,160,980,13,8,570,443,558,180,995
605,637,61,442,183,876,600,577,31,772,787,125,767,607,485,714,740
606,915,926,170,531,215,815,597,25,523,911,826,451,847,701,756,907
607,85,318,688,335,339,61,125,594,690,951,27,226,714,903,648,401
608,506,793,191,468,435,855,41,232,928,387,582,588,198,713,246,664
609,39,760,999,1011,926,913,650,248,132,947,228,234,522,143,454,179
610,497,875,886,316,484,344,308,14,890,44,450,471,306,854,992,1006
611,129,329,47,343,717,169,653,963,790,67,498,320,693,91,288,910
612,833,277,661,817,550,887,495,736,985,444,20,906,862,868,861,275
613,7,317,759,1011,565,287,491,304,154,682,376,264,210,418,891,256
614,499,688,241,83,607,594,137,382,715,339,383,512,68,361,507,830
615,826,531,304,62,926,1011,215,907,10,913,622,606,477,597,171,166
616,555,1017,444,369,699,742,113,954,78,306,545,997,744,245,420,736
617,151,715,624,837,688,37,607,864,107,843,393,805,513,557,348,747
618,206,108,56,916,937,102,328,1001,30,375,189,126,118,696,1016,517
619,547,268,655,578,823,397,530,1020,137,537,434,507,304,383,267,164
620,185,243,293,589,885,222,567,781,651,396,366,566,178,13,172,625
621,427,448,792,991,333,931,158,938,296,845,387,910,373,468,43,438
622,1,826,25,581,309,62,523,531,907,722,923,170,783,400,454,9
623,896,42,628,846,829,831,139,958,825,729,501,345,341,334,224,585
624,715,814,617,1015,102,107,151,864,37,83,937,75,267,557,843,59
625,293,781,185,671,116,396,484,620,766,548,875,589,243,306,563,803
626,224,235,74,408,95,653,584,96,167,630,717,572,693,106,320,809
627,980,25,564,58,810,10,798,926,269,842,270,730,934,859,575,261
628,341,254,55,896,334,501,989,921,829,534,623,554,549,481,467,51
629,438,163,343,33,773,91,488,792,288,390,899,984,374,162,493,79
630,427,626,224,96,320,732,693,356,209,587,977,235,717,343,529,440
631,904,86,267,924,918,1007,385,734,774,939,429,388,218,23,339,322
632,10,370,159,926,431,798,418,154,149,425,304,575,730,466,210,701
633,722,746,603,777,200,447,663,748,121,730,726,516,370,570,7,242
634,539,887,861,840,277,313,661,265,854,853,444,389,349,526,396,346
635,311,159,52,34,292,748,660,347,969,521,980,112,394,370,431,667
636,817,5,862,222,358,854,444,245,568,284,277,1001,954,742,489,1021
637,802,605,283,586,61,561,782,125,330,594,876,38,706,740,774,714
638,755,495,906,147,119,303,50,20,567,735,651,791,486,799,70,543
639,116,484,185,486,576,797,563,589,306,781,114,875,20,625,76,308
640,85,561,802,476,1015,876,321,804,151,772,177,27,607,90,715,220
641,81,1021,636,489,5,566,284,355,433,366,140,490,358,875,87,742
642,807,665,873,574,270,452,62,923,570,150,933,186,400,955,722,123
643,871,854,245,880,545,817,555,344,994,44,669,573,456,336,127,610
644,120,9,923,722,978,581,62,39,381,955,234,309,811,947,945,278
645,640,876,772,183,697,59,326,378,476,764,794,420,26,151,441,475
646,558,552,661,853,817,868,669,505,44,985,349,604,494,885,497,1006
647,701,973,463,149,771,115,650,632,730,418,983,261,159,370,294,8
648,996,774,594,782,385,125,607,837,561,26,557,852,85,1020,617,637
649,487,183,126,392,108,367,283,332,772,697,605,876,997,90,764,4
650,463,973,179,39,7,647,491,1011,701,891,236,149,613,234,132,841
651,2,567,573,791,885,566,316,538,433,755,458,243,620,396,875,742
652,993,443,482,519,604,995,1009,980,667,848,859,8,227,810,835,58
653,717,235,129,693,790,384,626,584,67,106,343,611,95,320,773,329
654,6,995,652,443,980,798,1002,546,29,835,58,14,403,1005,174,519
655,578,267,479,924,937,268,38,148,592,434,705,137,619,335,814,624
656,820,864,357,1003,393,263,954,221,805,764,102,326,144,56,87,596
657,583,428,432,805,852,515,298,685,957,895,517,976,218,725,258,318
658,193,119,563,558,486,514,116,20,755,114,185,436,156,1006,669,821
659,256,777,422,469,748,682,720,574,972,180,995,570,154,370,726,133
660,720,858,340,80,227,570,980,52,482,667,635,748,993,859,564,521
661,887,277,817,800,985,861,854,558,868,853,535,1006,612,885,505,669
662,72,714,876,740,775,578,4,117,226,409,814,429,138,903,533,951
663,842,936,62,565,722,1,347,531,447,603,746,633,270,826,575,63
664,468,435,139,286,232,729,824,345,41,554,713,593,387,1018,341,666
665,807,400,1,270,642,228,923,955,842,722,454,62,945,150,574,135
666,1018,770,910,69,387,395,824,582,391,359,593,741,468,43,0,84
667,482,197,159,783,980,842,856,810,730,564,748,993,431,1,859,370
668,396,739,175,766,803,222,113,402,471,233,140,954,510,433,861,573
669,109,861,853,1006,546,922,558,817,185,203,563,862,661,201,277,478
670,685,805,946,515,37,725,330,607,226,696,393,348,401,107,925,852
671,625,890,791,44,306,116,819,563,364,735,766,124,293,769,573,833
672,818,562,449,680,162,411,110,746,448,621,249,679,43,75,831,186
673,790,585,106,192,297,271,593,808,850,584,209,554,320,703,158,240
674,47,845,960,371,963,588,169,230,977,91,611,173,295,738,971,430
675,54,50,702,906,566,514,568,303,178,504,535,862,800,277,661,861
676,388,577,238,258,1007,909,429,631,218,60,939,918,267,23,696,260
677,838,908,260,786,767,177,970,85,772,307,776,879,869,601,157,895
678,11,419,991,296,987,984,314,449,110,281,410,411,438,818,621,562
679,395,741,110,84,249,43,894,453,874,158,373,163,818,666,343,141
680,22,832,541,75,746,256,516,287,491,737,574,7,160,242,570,164
681,770,962,391,0,202,910,371,827,169,960,329,141,666,247,498,457
682,154,613,565,659,995,256,29,121,798,936,7,304,556,347,376,1008
683,205,488,142,698,827,968,773,391,534,33,629,1012,493,753,713,89
684,796,1021,358,906,489,277,284,124,566,275,636,579,875,504,769,728
685,670,375,515,805,401,378,946,725,226,852,957,925,559,697,319,734
686,164,148,903,951,705,578,814,383,434,830,101,83,924,1015,342,65
687,601,970,260,895,908,786,935,238,218,696,879,298,939,23,206,397
688,607,507,776,318,617,442,715,83,37,125,814,65,614,951,383,137
689,339,382,592,607,241,499,786,594,122,298,397,970,335,221,908,614
690,61,607,60,85,561,318,714,226,330,802,27,725,903,485,876,72
691,336,298,555,710,109,836,32,997,546,538,696,201,789,895,203,1003
692,987,11,110,893,314,211,351,84,94,373,562,33,897,53,844,818
693,717,320,343,129,544,414,158,653,356,106,738,453,235,390,192,384
694,824,440,43,111,333,593,249,831,738,468,732,158,554,343,703,390
695,937,393,102,932,864,925,979,976,1016,843,267,916,517,479,624,996
696,56,238,260,740,401,517,267,26,725,102,864,429,820,939,852,935
697,59,876,183,138,108,378,764,375,392,837,696,740,685,428,420,226
698,488,896,753,345,829,825,882,629,752,493,67,106,205,334,729,139
699,306,402,1006,616,109,567,471,563,862,497,789,952,545,316,766,954
700,935,75,102,263,624,832,37,515,737,596,734,52,107,891,182,305
701,647,973,463,149,847,261,926,632,132,650,771,867,841,425,523,418
702,675,803,222,885,32,567,566,836,724,651,857,959,303,229,779,514
703,42,167,554,694,673,824,282,593,408,584,626,825,255,729,49,440
704,468,664,694,824,216,111,42,435,703,532,286,368,341,593,99,729
705,148,15,924,904,686,385,578,533,814,267,714,429,655,409,434,220
706,285,974,837,747,105,48,183,864,348,533,151,59,442,637,326,393
707,273,1003,954,113,668,473,979,778,864,187,616,898,953,942,739,596
708,289,539,526,471,634,1006,274,822,277,854,669,44,661,699,886,861
709,64,599,727,473,888,284,636,46,399,396,134,140,439,366,233,742
710,292,32,425,798,867,847,376,137,187,336,597,221,691,75,10,895
711,128,493,67,801,467,282,554,921,297,343,196,163,453,129,395,986
712,898,867,847,798,461,182,973,413,969,635,58,915,292,597,418,115
713,41,387,232,593,554,334,271,468,391,91,855,43,549,971,1022,79
714,662,330,72,740,578,138,607,876,533,15,226,775,409,637,429,125
715,624,864,617,740,137,837,764,814,326,151,688,357,442,107,533,85
716,546,184,739,306,536,668,344,350,113,82,573,643,44,364,707,175
717,693,129,653,343,390,235,320,356,128,384,106,790,329,611,825,67
718,972,777,278,807,135,519,726,256,422,574,180,955,659,119,604,755
719,530,537,547,361,1007,429,957,1020,909,903,688,823,737,852,122,935
720,660,422,154,340,52,759,748,659,12,988,153,811,469,317,858,726
721,725,513,517,27,337,976,802,670,330,85,26,607,820,239,60,852
722,62,574,923,807,633,120,491,785,7,270,955,278,1,726,945,121
723,338,1012,288,808,474,591,773,103,329,352,356,488,809,629,129,717
724,806,514,185,293,327,494,32,406,836,885,201,757,222,109,203,620
725,721,401,26,517,852,696,218,428,935,429,238,85,976,267,607,670
726,154,748,370,574,955,469,234,278,923,980,100,270,472,7,972,121
727,358,709,46,64,233,502,636,396,953,620,796,994,739,875,573,1021
728,566,504,303,124,906,735,50,791,684,495,875,284,54,651,579,535
729,167,896,334,534,713,752,42,554,825,468,286,882,142,753,989,664
730,159,370,892,632,627,463,575,10,564,9,647,980,667,269,58,842
731,742,233,458,444,369,455,316,399,113,520,396,952,259,277,78,284
732,111,363,440,427,448,630,74,694,235,626,224,587,390,532,300,824
733,56,305,164,946,1013,881,805,740,765,714,696,72,820,212,900,226
734,267,935,852,1013,525,925,904,631,918,916,258,429,263,102,23,1016
735,890,875,1006,992,791,651,886,450,868,755,124,671,316,116,484,50
736,444,313,78,833,497,912,742,862,265,555,616,922,861,156,316,336
737,967,547,267,383,935,429,507,164,104,688,148,734,221,930,434,479
738,343,544,693,593,158,282,43,47,883,192,390,320,917,741,209,554
739,175,668,364,127,954,306,851,471,233,222,14,796,308,396,546,716
740,4,533,117,876,814,715,696,183,56,434,864,90,837,764,662,714
741,249,43,395,679,1022,191,84,666,359,41,738,158,457,387,855,405
742,316,369,458,2,731,433,444,233,113,862,954,566,144,222,78,616
743,844,205,338,474,928,753,488,481,723,493,139,51,360,334,801,500
744,444,922,861,555,245,156,2,78,800,669,119,397,616,567,979,298
745,929,483,262,221,187,4,870,291,895,740,104,688,326,715,805,304
746,516,200,186,633,570,22,722,75,574,380,63,663,242,7,575,936
747,706,525,285,919,319,974,814,1015,624,15,617,837,38,518,393,385
748,154,472,726,379,370,777,810,227,842,980,659,150,437,603,720,347
749,82,113,45,369,1017,610,275,308,731,497,306,78,344,573,253,616
750,310,982,506,808,492,252,850,0,192,240,152,855,773,673,202,130
751,913,826,309,644,622,581,760,466,522,9,615,171,872,381,933,143
752,882,729,217,977,572,753,167,698,91,984,95,629,198,288,438,352
753,334,142,698,288,809,752,629,896,729,549,205,167,882,825,312,481
754,292,710,811,170,597,25,482,783,622,552,803,915,560,927,112,564
755,119,567,50,2,651,1006,885,821,558,895,799,316,862,109,505,563
756,783,170,62,522,477,581,915,290,597,926,155,52,10,171,381,466
757,456,478,871,165,14,406,886,32,201,44,724,514,669,868,610,851
758,856,933,381,934,135,280,100,21,581,783,923,290,197,980,8,945
759,264,613,52,1010,720,7,317,516,154,422,469,570,659,272,287,12
760,913,522,609,826,947,454,228,466,581,907,872,999,39,143,926,62
761,1023,231,417,556,35,889,524,155,551,815,52,324,311,317,603,613
762,889,556,182,990,132,342,179,236,1023,565,447,891,811,826,39,522
763,592,125,594,241,28,996,637,802,137,715,1020,382,586,68,335,782
764,326,183,864,837,740,715,56,442,879,392,357,696,706,4,151,59
765,23,775,577,901,388,428,164,83,795,557,951,512,442,957,776,401
766,301,668,175,306,625,402,785,548,803,699,567,671,396,203,471,293
767,90,834,260,772,839,511,442,537,83,183,814,901,605,476,776,332
768,1000,12,832,613,22,7,1010,759,287,210,915,541,798,52,272,590
769,124,875,316,116,992,233,890,450,671,803,610,952,1,735,566,46
770,0,962,666,459,391,141,910,681,582,89,855,457,69,965,407,202
771,647,9,913,531,463,701,999,632,730,927,959,149,466,25,228,159
772,476,767,332,605,90,183,561,260,640,876,837,677,600,442,816,645
773,629,329,808,488,94,0,129,320,95,790,33,827,438,723,91,141
774,996,648,267,118,322,594,924,782,1020,557,904,637,939,56,323,631
775,765,388,662,714,577,23,795,138,918,72,605,428,164,56,740,108
776,307,361,901,392,688,442,970,225,765,553,767,183,83,4,740,715
777,748,659,437,633,718,133,807,256,873,955,150,422,726,121,570,204
778,979,861,744,397,555,954,480,707,245,520,298,178,797,346,176,994
779,548,567,144,222,32,702,566,45,262,369,954,875,486,366,187,433
780,135,280,923,21,100,470,248,39,261,581,370,523,228,632,758,926
781,185,625,620,293,243,277,396,589,639,563,875,985,484,1002,576,1006
782,561,637,865,920,648,774,816,385,1015,904,38,594,1020,125,68,118
783,581,25,170,10,159,980,667,632,933,856,290,425,564,756,269,1
784,423,161,204,469,437,370,955,521,777,379,133,311,278,422,372,748
785,425,575,564,574,380,722,1010,58,596,923,477,726,261,627,847,62
786,601,122,339,908,970,951,687,838,895,85,335,677,689,607,321,499
787,307,199,428,602,61,260,605,85,740,696,600,577,637,1020,125,852
788,489,502,284,369,233,952,45,796,455,520,444,265,289,888,922,82
789,13,203,109,563,14,589,567,799,620,885,1002,546,32,699,851,755
790,129,808,593,653,673,240,106,850,717,329,824,297,773,343,271,320
791,243,651,833,124,277,671,906,566,396,20,875,735,185,890,316,1006
792,438,416,629,246,163,198,897,448,33,162,426,468,427,899,374,562
793,506,855,191,405,582,249,41,608,986,588,928,899,360,232,982,333
794,879,226,107,941,378,151,401,837,900,696,764,321,168,319,56,617
795,901,765,775,518,957,23,168,392,605,487,900,767,442,388,72,834
796,233,277,396,566,458,906,875,175,444,548,791,684,369,124,316,520
797,245,444,277,639,954,862,636,185,861,222,32,566,817,243,480,433
798,980,10,564,154,632,29,210,627,370,915,58,115,418,159,425,575
799,32,895,789,755,567,589,401,836,13,2,620,1003,651,203,566,885
800,922,661,744,535,495,568,906,861,817,265,277,669,444,840,70,675
801,493,467,971,334,297,986,554,713,711,343,129,271,629,430,790,825
802,348,637,561,330,640,85,38,61,220,586,607,27,26,837,876,28
803,222,668,566,396,433,32,140,526,875,243,471,651,293,45,573,888
804,68,117,878,561,335,876,740,125,90,814,578,1015,476,199,533,802
805,946,515,318,670,221,852,685,37,226,925,820,725,617,428,935,107
806,724,992,886,116,803,450,32,514,486,875,456,757,589,201,114,868
807,955,665,923,574,278,945,270,722,972,642,135,228,873,1,570,150
808,790,773,219,850,202,329,723,271,673,169,129,488,717,320,653,750
809,572,77,445,257,288,753,626,408,1012,356,717,629,529,352,95,723
810,100,627,842,980,29,370,748,726,25,482,519,859,667,379,730,934
811,945,292,923,447,955,370,340,381,726,564,477,872,926,62,581,10
812,372,234,1014,955,120,644,143,278,9,947,884,959,990,39,807,923
813,835,6,604,174,618,210,858,287,881,519,22,422,102,238,916,206
814,533,1015,117,409,740,624,920,578,434,90,518,715,837,876,476,804
815,915,606,418,1000,531,911,551,417,170,926,413,613,973,524,231,556
816,839,782,869,561,592,865,1020,908,767,637,594,241,774,939,772,260
817,245,661,277,636,854,887,862,861,444,1001,284,669,922,259,568,70
818,562,110,162,449,374,792,899,672,246,84,438,679,894,249,426,414
819,573,364,671,45,32,327,902,306,116,82,803,890,567,625,293,651
820,852,517,864,1003,56,696,715,740,805,428,102,108,602,725,221,104
821,119,755,895,885,1006,699,567,515,736,505,221,658,873,853,2,50
822,127,44,274,708,643,861,668,994,1002,669,406,510,480,526,293,598
823,834,117,4,547,537,619,434,90,164,920,578,487,483,740,814,662
824,593,468,694,387,343,554,910,192,43,666,158,790,713,91,106,850
825,585,334,829,106,345,896,128,554,488,717,67,467,343,139,474,167
826,62,522,615,531,622,760,1011,926,166,811,581,477,170,663,304,722
827,329,773,141,0,459,681,962,89,1012,683,391,202,770,498,910,129
828,721,904,924,220,631,38,60,322,330,943,802,513,267,725,774,118
829,128,986,825,453,493,896,467,343,139,554,55,921,585,341,481,698
830,83,512,164,101,383,686,951,537,614,65,148,903,499,814,767,68
831,162,899,435,43,198,41,958,468,694,224,93,374,1022,42,896,549
832,22,278,1010,75,7,210,891,256,680,574,596,972,1008,491,180,12
833,277,791,612,550,862,952,736,402,458,906,566,444,259,433,316,396
834,767,511,951,90,814,600,823,117,260,164,537,578,442,332,476,83
835,174,980,8,604,519,590,280,521,403,159,210,993,856,564,798,154
836,201,109,32,50,355,566,203,944,862,112,799,54,13,303,568,514
837,864,706,442,357,764,715,326,740,56,617,183,348,319,557,151,814
838,677,786,951,601,895,260,804,600,876,834,90,199,85,767,226,776
839,767,816,512,765,511,83,537,865,908,388,260,920,475,557,207,918
840,634,861,887,389,661,979,146,817,346,956,994,277,800,489,853,284
841,132,973,701,650,149,463,413,236,647,891,234,990,847,182,7,926
842,25,1,892,859,810,627,663,667,748,270,531,447,10,347,400,150
843,151,624,864,107,298,715,382,617,393,976,996,517,557,221,937,970
844,338,94,893,743,103,251,314,723,374,897,493,453,928,773,414,474
845,91,977,1004,544,169,674,498,173,438,960,208,971,47,549,387,320
846,51,481,246,198,162,411,374,899,623,831,435,928,474,79,897,753
847,973,898,182,187,701,261,425,596,376,560,867,292,870,58,413,785
848,422,519,659,995,131,652,1009,394,469,521,810,833,660,858,748,359
849,68,561,586,283,602,31,637,640,782,924,38,804,774,878,802,594
850,209,320,790,192,808,91,593,240,824,960,910,1004,673,169,977,0
851,415,546,203,32,243,364,336,567,14,538,563,70,739,862,316,610
852,935,428,258,820,725,267,23,1013,925,957,218,734,1007,916,696,805
853,505,669,494,661,885,861,109,558,646,50,313,201,119,1006,956,634
854,871,875,817,661,568,636,643,450,277,201,880,456,610,599,539,497
855,191,359,582,391,407,41,713,232,405,506,965,387,793,457,271,196
856,197,269,934,564,667,783,400,980,758,933,859,159,150,482,100,290
857,418,294,650,891,317,354,236,180,256,149,210,973,231,744,280,115
858,570,660,131,519,422,150,720,604,154,873,748,200,574,859,227,22
859,570,270,564,575,842,980,63,627,482,516,519,726,934,160,810,58
860,406,456,165,194,494,964,871,757,201,724,853,514,190,836,691,643
861,444,277,669,744,634,887,862,661,979,817,840,555,520,396,180,317
862,566,954,222,433,568,277,70,355,885,444,201,906,495,567,109,875
863,936,347,603,663,682,565,376,516,613,121,531,242,1005,264,995,304
864,837,393,764,715,740,517,102,937,56,696,820,326,624,105,706,357
865,918,782,1015,512,920,268,816,525,814,904,38,939,578,15,839,321
866,862,543,1001,566,284,277,458,399,444,817,906,504,259,433,265,355
867,898,973,847,8,701,266,115,798,159,425,712,710,647,980,187,596
868,1006,886,201,985,661,558,875,526,589,277,735,854,646,494,50,885
869,441,816,382,939,323,241,512,561,321,996,151,475,499,339,85,908
870,182,847,891,973,376,898,425,867,149,596,187,927,701,107,115,710
871,854,190,456,643,201,757,450,165,669,886,568,114,406,558,127,610
872,35,811,133,522,34,304,10,466,62,1014,581,150,632,945,988,228
873,570,133,807,574,955,256,278,150,777,642,858,603,811,748,75,659
874,894,562,195,453,679,792,416,84,163,345,216,110,246,73,351,395
875,316,566,277,497,992,484,222,610,862,233,396,854,444,1006,495,890
876,740,183,662,199,804,117,476,533,605,697,561,814,59,4,714,586
877,231,294,256,153,317,659,422,437,720,379,955,595,469,155,748,278
878,804,68,117,90,814,715,137,533,740,125,335,876,4,83,688,434
879,764,794,895,970,107,260,326,696,583,687,997,786,776,392,90,715
880,854,599,643,245,229,456,636,545,412,817,994,964,871,346,331,222
881,362,305,212,696,238,56,6,102,90,164,206,260,951,879,733,935
882,752,142,173,729,698,549,753,509,167,91,977,498,334,629,312,288
883,544,462,738,390,693,440,251,356,414,230,453,426,343,377,224,587
884,947,39,234,650,470,609,923,120,132,955,959,841,236,463,701,149
885,222,567,862,651,620,566,1006,203,755,201,293,2,396,568,853,185
886,868,450,610,1006,735,875,404,535,147,757,201,806,308,854,568,871
887,277,661,634,861,817,840,396,539,399,612,526,389,550,985,854,444
888,284,566,222,355,233,875,862,803,439,471,668,785,316,526,229,396
889,762,565,556,447,603,524,304,182,990,936,35,988,7,179,19,522
890,735,671,875,1006,316,484,610,791,906,306,567,303,563,44,124,651
891,596,182,149,75,973,210,115,236,7,463,22,650,234,613,472,180
892,842,531,730,447,10,25,417,379,370,627,556,926,580,810,269,632
893,53,314,844,897,414,11,374,251,345,692,562,492,773,94,453,585
894,874,73,562,679,195,249,453,246,191,818,792,899,506,374,110,741
895,687,291,601,879,786,970,483,799,755,696,838,428,957,725,298,776
896,729,829,825,334,554,698,753,831,42,106,585,534,623,142,341,628
897,246,562,33,792,374,438,629,198,345,162,163,312,416,94,488,899
898,712,847,182,973,867,413,58,701,380,596,261,292,870,564,425,798
899,374,246,79,162,928,481,41,986,1022,585,629,360,93,198,390,158
900,226,168,518,409,946,378,600,559,72,1013,814,319,318,951,688,834
901,795,765,776,767,392,487,442,688,518,83,183,23,537,919,834,361
902,819,803,45,175,739,668,548,32,766,364,187,46,898,433,707,243
903,951,65,342,101,686,607,429,164,72,318,148,957,662,1013,688,226
904,631,924,385,267,525,705,86,734,429,782,774,38,918,865,15,322
905,585,958,587,345,251,106,300,374,352,829,825,224,53,693,453,474
906,566,495,862,277,791,543,20,535,875,1006,568,50,833,796,70,890
907,622,760,166,913,826,451,771,454,531,615,25,947,523,606,228,609
908,499,1020,786,260,687,677,537,592,970,339,361,512,1007,68,816,122
909,322,429,943,577,428,1007,714,676,258,852,267,23,775,787,388,1013
910,0,666,320,824,593,343,416,329,770,141,91,962,850,387,247,991
911,915,231,155,418,112,815,701,926,944,466,847,294,606,947,959,973
912,736,505,922,313,800,119,265,156,669,444,853,497,744,558,1006,50
913,771,466,760,581,926,947,523,632,609,9,531,25,826,783,907,959
914,27,348,586,88,125,715,85,607,177,28,802,239,326,878,382,1003
915,926,597,798,10,911,170,52,418,980,627,12,632,606,292,290,815
916,935,925,102,852,238,734,375,918,206,696,937,267,939,305,1016,26
917,130,282,255,738,192,240,540,693,653,694,128,717,252,196,343,390
918,920,267,865,631,23,434,86,429,388,939,734,206,578,904,537,362
919,518,747,533,442,706,814,15,525,837,920,557,901,479,83,183,1016
920,434,90,918,814,268,117,537,1015,260,782,533,267,476,578,206,1020
921,341,554,829,986,297,711,254,467,128,493,334,55,713,801,139,825
922,800,70,744,444,862,245,568,495,669,316,497,567,742,555,817,20
923,945,581,955,39,278,135,807,270,933,811,722,726,574,926,1,381
924,904,267,38,631,705,655,578,774,429,561,220,385,1015,782,56,714
925,916,852,734,102,805,330,559,319,1013,864,837,670,935,685,393,517
926,10,632,25,915,523,531,581,1011,290,39,627,923,304,269,170,701
927,472,603,771,347,425,9,748,524,292,811,413,159,531,155,575,133
928,899,246,79,41,481,374,360,986,506,1022,585,191,855,713,162,435
929,745,291,221,483,507,104,137,710,187,304,547,32,229,262,688,331
930,737,104,935,547,221,432,483,852,263,805,700,967,734,719,428,832
931,1022,1004,93,845,621,79,158,977,387,356,43,960,831,899,333,741
932,38,996,48,393,706,774,105,802,118,59,285,937,747,837,695,864
933,381,581,923,290,135,783,945,150,758,856,811,197,400,807,955,1
934,100,980,856,290,627,269,859,726,25,270,564,923,523,482,197,400
935,852,102,267,305,218,916,734,957,725,263,700,37,696,429,375,687
936,603,565,663,121,863,682,574,186,347,746,1011,748,7,613,256,242
937,1016,102,864,479,267,695,655,393,624,979,715,774,996,268,920,322
938,333,295,621,252,255,588,426,960,440,427,448,694,249,457,0,130
939,26,441,238,206,401,339,323,267,696,375,23,918,337,260,218,869
940,116,185,243,203,589,625,478,671,563,32,486,364,639,658,890,193
941,794,900,168,583,879,378,946,226,834,357,319,645,518,420,212,515
942,473,953,707,888,215,538,1003,46,433,32,502,45,250,264,366,178
943,909,330,258,1013,61,714,1007,577,428,852,637,23,388,138,690,631
944,112,418,266,431,632,836,311,1019,911,32,354,127,109,159,797,472
945,923,278,955,581,811,807,370,39,62,933,1010,270,290,726,722,1
946,805,37,559,670,900,515,226,1013,318,409,357,518,72,685,378,102
947,923,884,39,955,959,234,381,760,581,913,143,9,1014,228,609,644
948,86,904,924,631,385,525,38,220,26,1015,939,865,60,918,337,267
949,981,254,467,986,297,501,921,55,801,128,334,462,829,430,628,554
950,408,540,717,653,587,626,235,430,257,693,809,300,917,237,282,584
951,903,164,537,101,321,168,83,607,578,686,226,834,90,786,600,814
952,78,472,233,316,444,596,458,180,306,875,566,256,726,469,278,277
953,473,502,942,369,455,727,253,636,707,739,233,40,64,709,134,358
954,862,433,222,566,458,742,369,567,616,444,636,144,739,366,797,668
955,278,807,923,234,945,726,39,811,228,722,574,135,947,143,381,1014
956,1001,840,54,853,355,389,346,50,146,87,634,979,964,521,887,494
957,23,168,226,852,935,318,1013,601,428,765,951,903,607,401,122,946
958,55,831,829,905,694,249,986,224,894,481,390,883,623,501,158,111
959,9,149,947,234,771,701,372,354,913,632,927,647,463,466,923,166
960,320,962,544,674,209,845,47,230,426,850,169,1004,371,738,0,295
961,306,536,82,20,78,156,344,444,716,744,497,563,420,308,98,415
962,0,770,391,459,271,960,202,89,141,329,320,169,963,790,343,738
963,611,962,169,790,47,173,674,593,288,91,343,467,824,977,129,209
964,194,346,137,245,221,366,545,979,397,555,229,87,817,412,514,853
965,855,416,391,387,713,407,359,33,666,41,191,69,91,770,232,509
966,12,154,131,153,210,370,1010,22,768,379,720,580,34,422,1008,52
967,479,737,221,507,715,1016,137,346,655,547,937,624,104,864,930,964
968,219,205,808,790,729,352,488,1012,91,977,202,752,167,169,106,713
969,418,115,354,431,294,8,472,311,370,635,983,647,521,394,1019,29
970,83,298,260,687,177,307,557,786,776,361,499,428,895,908,879,512
971,169,801,271,334,713,47,288,91,430,977,845,391,629,549,173,467
972,574,256,278,726,1008,270,807,491,659,1010,135,469,955,179,7,718
973,701,847,647,182,463,115,891,261,898,149,867,650,798,418,413,376
974,706,183,285,357,442,326,747,837,59,715,637,764,393,151,864,996
975,91,288,169,977,1004,845,498,219,752,387,910,438,629,984,173,1012
976,517,725,441,298,843,939,337,696,721,26,996,864,820,102,218,852
977,91,1004,845,93,167,169,288,387,173,629,713,271,572,971,588,752
978,644,722,120,62,785,171,39,923,491,57,884,1011,463,581,278,891
979,861,937,346,778,840,996,137,75,555,744,864,964,624,317,444,715
980,564,798,159,58,627,10,8,726,859,934,154,810,100,425,783,370
981,254,501,801,949,467,334,453,493,297,711,128,986,251,282,971,829
982,750,506,192,297,673,917,240,196,252,793,152,808,73,130,585,255
983,294,647,551,204,115,34,969,556,149,311,418,379,632,236,771,370
984,419,312,629,438,288,162,411,217,498,752,208,529,465,374,753,414
985,661,868,1006,277,550,558,146,50,505,875,497,495,119,833,185,316
986,481,899,1022,829,41,55,801,390,928,158,453,467,249,254,79,493
987,373,11,110,33,94,692,89,141,84,459,410,0,629,991,103,407
988,278,720,955,811,945,872,200,340,422,7,990,370,832,873,807,179
989,713,334,167,729,41,286,554,341,549,1022,42,232,534,142,977,628
990,7,234,179,278,595,955,811,120,891,75,726,447,722,62,292,762
991,110,910,621,678,141,0,987,84,11,351,427,373,296,792,416,666
992,875,486,497,316,651,514,116,735,484,610,303,573,806,450,769,32
993,652,482,604,980,519,859,667,443,660,380,856,564,58,835,570,934
994,599,643,840,222,620,573,502,727,880,421,861,992,64,245,366,964
995,516,443,682,659,798,859,29,180,570,347,748,154,980,472,519,6
996,774,648,517,864,932,557,937,939,393,715,802,118,151,837,706,843
997,392,428,764,616,970,879,126,696,298,108,260,740,697,487,30,820
998,359,163,43,544,249,549,191,741,855,448,457,41,282,1022,162,438
999,228,771,304,609,294,143,234,632,454,650,121,760,565,551,379,1011
1000,768,613,12,915,272,7,815,759,627,798,413,898,52,564,1010,973
1001,817,87,636,742,862,134,866,194,366,956,444,178,954,346,979,861
1002,14,44,576,127,789,563,610,176,13,456,471,589,58,510,781,980
1003,2,820,864,221,298,144,696,805,764,742,32,707,88,715,433,740
1004,977,91,93,845,387,588,850,931,960,975,169,79,271,593,191,320
1005,516,995,264,287,272,759,508,6,613,746,22,682,200,603,720,798
1006,868,567,147,755,885,862,875,185,20,886,985,699,119,890,669,277
1007,388,577,339,1020,429,852,258,631,594,23,607,267,939,218,61,908
1008,256,179,972,491,7,154,541,278,180,565,574,832,39,370,682,556
1009,519,859,160,652,995,516,848,570,482,993,443,242,810,659,858,777
1010,278,370,22,832,726,785,759,7,574,945,154,972,923,52,210,613
1011,477,926,613,565,304,522,62,7,650,574,531,491,154,785,179,609
1012,723,288,773,591,809,329,129,106,237,95,572,717,77,790,320,352
1013,852,318,734,946,957,226,428,935,714,903,925,305,23,900,805,765
1014,955,872,35,143,945,947,120,278,812,234,133,923,644,62,811,381
1015,814,578,59,624,476,321,117,920,561,740,56,865,533,434,26,876
1016,937,268,102,479,624,525,920,557,916,734,328,267,935,918,434,967
1017,616,113,555,545,245,78,250,742,497,229,336,731,369,749,736,643
1018,666,395,359,232,387,43,84,713,41,407,33,391,488,855,741,582
1019,431,521,227,403,443,969,437,161,8,944,311,204,266,159,379,29
1020,594,592,1007,908,260,268,537,774,90,499,322,920,68,782,648,339
1021,636,81,46,358,742,684,369,875,796,233,316,731,641,124,727,769
1022,41,899,43,986,481,741,249,191,162,713,79,341,158,374,544,928
1023,556,417,324,12,210,294,236,761,115,524,153,231,52,973,720,311
