0,0.016932456770856863
1,0.018529429974183293
2,0.018009646570784018
3,0.01675468262648428
4,0.01885804087237666
5,0.017461363357628736
6,0.016403124105367754
7,0.016430983313842365
8,0.018396191143564198
9,0.01654123939954526
10,0.019135451102514488
11,0.016219624686629266
12,0.017987659353891065
13,0.01709254129902163
14,0.015216618852097904
15,0.016997201283000234
16,0.018580333766271814
17,0.01626087813712384
18,0.017591451941130105
19,0.018103407867860487
20,0.017075931171009407
21,0.016376561035441894
22,0.016680012544024653
23,0.016487253183525986
24,0.018864413675301627
25,0.01878507315720833
26,0.016876010741805312
27,0.01770838071426926
28,0.01629083222528979
29,0.017533897717125782
30,0.019372253906868784
31,0.01727058215503429
32,0.01668696350382556
33,0.01660765983855353
34,0.019175669869448308
35,0.018539543811251648
36,0.016075215503961557
37,0.019332262913439296
38,0.01650113388968768
39,0.016496977815479038
40,0.018170815048891998
41,0.016728318693997178
42,0.017516755595055077
43,0.016236239960215847
44,0.017140325484972855
45,0.018156536335482008
46,0.017984651234560837
47,0.01563679609123938
48,0.018432379819211527
49,0.01754007533387937
50,0.01872971984797082
51,0.016781146687051596
52,0.017725139287978996
53,0.01794224197525115
54,0.01899470725426814
55,0.01823990900464894
56,0.018530475113721016
57,0.01804490050425756
58,0.01885959139289479
59,0.017697738688516037
60,0.018343270547719163
61,0.018645088315241455
62,0.01672544433457824
63,0.016666531703828046
64,0.01790249306709704
65,0.015496282564268127
66,0.017698873919278154
67,0.017463523310202494
68,0.01668245905324314
69,0.017198602867955392
70,0.01760412022453129
71,0.01748408706102372
72,0.017328070596416577
73,0.017178770401869457
74,0.017995329313449014
75,0.018894078160444687
76,0.018626222172802017
77,0.015259282271444626
78,0.016947084961734516
79,0.017244292451680666
80,0.016603197004875406
81,0.017624453093409074
82,0.01943450668277174
83,0.01791242191848777
84,0.0179728321341281
85,0.018059746822209326
86,0.01967291735098798
87,0.016884252423644733
88,0.01807503164176893
89,0.01749816209115479
90,0.01567060798862618
91,0.0178487452352495
92,0.019123297775576403
93,0.017592015117409182
94,0.01595370601022734
95,0.018713537267073855
96,0.016381656837684343
97,0.018301112485681857
98,0.018514421397309133
99,0.018863604341638345
100,0.01594635314312122
101,0.015126706541032734
102,0.01798057492264935
103,0.017738829308277394
104,0.018538854967058257
105,0.01786608783346213
106,0.01606463237202849
107,0.016675728239028027
108,0.017101301089094256
109,0.01598389048991582
110,0.01866204401175897
111,0.01814959656200528
112,0.014922718777328483
113,0.017678649649578052
114,0.01646720362489802
115,0.017953417076630875
116,0.018701665104866
117,0.018212490979995895
118,0.017991684739272946
119,0.018314706701354027
120,0.0160347604722071
121,0.01624312947845845
122,0.018143937085521252
123,0.01800872892930853
124,0.01747382912508857
125,0.017058241095836923
126,0.019082732862019718
127,0.018733928206984017
128,0.017728844321561025
129,0.01904656228439593
130,0.018879264622169212
131,0.016892217593624786
132,0.019619038794426308
133,0.016888597898836767
134,0.01955273587928673
135,0.018166362434268852
136,0.01727661991324789
137,0.015847634958308016
138,0.016432800757047856
139,0.019159885387389712
140,0.01815091470208463
141,0.017455301087852208
142,0.015832124779644016
143,0.018160955848904488
144,0.019174706900094093
145,0.016070587848363033
146,0.017934413458828954
147,0.01601300007678763
148,0.019629136945280932
149,0.01703770931527318
150,0.017225743408775914
151,0.017136212289752605
152,0.01927192902765912
153,0.015012272634623045
154,0.01898445378278198
155,0.017782344667324562
156,0.01847377150100956
157,0.017570742142617047
158,0.017155273978215382
159,0.017431235205870435
160,0.01888350901678225
161,0.01659404822339611
162,0.01796931845790582
163,0.018093095970280762
164,0.0185186784298306
165,0.016698724723452324
166,0.017419748025198155
167,0.018341910699783786
168,0.01637828138853473
169,0.018917513037419717
170,0.01882653077543957
171,0.015772889803248306
172,0.016936150983031053
173,0.01618872686428514
174,0.017929008742956876
175,0.017356237950725436
176,0.01622593701287097
177,0.01903295134540666
178,0.01773199603628008
179,0.016618068038791105
180,0.01682404388340434
181,0.01772184574287123
182,0.01806148634429876
183,0.015741282528972247
184,0.01608670375952457
185,0.0159609768184177
186,0.017957124030989636
187,0.018516853317949528
188,0.016997179172368763
189,0.016527656472909446
190,0.017160848347900624
191,0.01848588361433279
192,0.01796332799445221
193,0.0192120489667823
194,0.01798451208006801
195,0.01527143858088378
196,0.01652618158090809
197,0.018853882438145755
198,0.018531726376341595
199,0.019245902500998193
200,0.01648823765835994
201,0.01624380539934419
202,0.019182516471792203
203,0.016561863095177654
204,0.01749697494183914
205,0.018662223342578048
206,0.019452657755282765
207,0.01834231536372395
208,0.01698408248424064
209,0.018116108125414934
210,0.019094307041274385
211,0.016528173608752215
212,0.017034811870012555
213,0.018062948204203573
214,0.017741185731309
215,0.016707331261226303
216,0.017226964914748236
217,0.019015958335286368
218,0.016827320984307562
219,0.018666366990355936
220,0.01847020886010854
221,0.018777532913035928
222,0.01828386869072834
223,0.018810302450308247
224,0.018499447804861496
225,0.018345243530818654
226,0.01854835473893303
227,0.015949388922851273
228,0.018542859928089853
229,0.018657188930235376
230,0.017789583743562074
231,0.01911875010889359
232,0.018598751618546426
233,0.016850724789945246
234,0.019399241305539692
235,0.01819068763009378
236,0.019173824086108175
237,0.019263316315231625
238,0.018430224530222677
239,0.018662600495510214
240,0.018930014965330356
241,0.01702216624915398
242,0.019020344366983223
243,0.016700676932487744
244,0.01637976276443321
245,0.01693997566639856
246,0.01881428756361858
247,0.01796194827299241
248,0.019338297850504036
249,0.0172989532444563
250,0.014758947570675073
251,0.018367877296112955
252,0.01938695289698974
253,0.014869658134840123
254,0.01792887984766177
255,0.018470555781551403
256,0.01889160776140588
257,0.016288873528102217
258,0.016651998803828418
259,0.015835274542845265
260,0.01849250853247206
261,0.01840711411380675
262,0.016776963210380184
263,0.016077098340440937
264,0.0179340981697731
265,0.018550712622953543
266,0.01669526338200411
267,0.019103910943021756
268,0.01729155037494382
269,0.01756219044488305
270,0.019021674542206872
271,0.016816238595576367
272,0.018840589498275526
273,0.019255089325182752
274,0.018448363387753953
275,0.017894216722343825
276,0.019120772468158517
277,0.015693917193749116
278,0.014753153095452309
279,0.017725117144537495
280,0.016735793116593765
281,0.016162076950733104
282,0.016598017491088902
283,0.01730810155716375
284,0.014951351033540177
285,0.017296172661238552
286,0.01585330552044929
287,0.016478638317963396
288,0.01654058488455345
289,0.01690266634775551
290,0.017725355062765163
291,0.015577154387749998
292,0.01801411225082232
293,0.015606614626543296
294,0.017084410624821224
295,0.01782482558657075
296,0.016626385607709643
297,0.017106523012020872
298,0.017360118229962408
299,0.016910995965608584
300,0.018700359269662202
301,0.016117513691233935
302,0.01925259783680945
303,0.016704612280476375
304,0.016327623457742677
305,0.01758903993061524
306,0.017032351186218105
307,0.016803280705444474
308,0.018024106147200864
309,0.018278942077719115
310,0.015426165959395846
311,0.017816194183697644
312,0.01785882728207959
313,0.015540274253332143
314,0.016055130968511792
315,0.01633494811909126
316,0.01856178949047103
317,0.017596379496407497
318,0.018395480182666804
319,0.01687403911137498
320,0.01854310750826315
321,0.016618340388084466
322,0.016495094678931788
323,0.017690273149990325
324,0.01684042546082105
325,0.015724478494510568
326,0.016910292619622513
327,0.01869422342634773
328,0.018893783859899555
329,0.018159004116493932
330,0.01835463055082041
331,0.0185656629002518
332,0.017853706471968888
333,0.014330865987066527
334,0.01773193926783479
335,0.01845286391283079
336,0.015368359747458057
337,0.01648525658057262
338,0.01934346072578721
339,0.01563223881113163
340,0.019008292702647058
341,0.017835075233596967
342,0.01662138901378898
343,0.018571278726386038
344,0.016402304056886242
345,0.01557031045644414
346,0.01882106454671616
347,0.014303535866355133
348,0.017919931408028816
349,0.01813657358555873
350,0.01630248399448385
351,0.015409540707053204
352,0.018481944939666907
353,0.01795299578276464
354,0.018348463359862156
355,0.017539748039463995
356,0.01858562968870014
357,0.01807053395623066
358,0.01622642406413224
359,0.017298873198086994
360,0.017840518896214044
361,0.01711514945768578
362,0.016663460726280232
363,0.017558694068103724
364,0.018363746238465654
365,0.018797684259211706
366,0.017745847889693
367,0.017664404531095645
368,0.016270781340570663
369,0.017965190236434257
370,0.01727456729346158
371,0.016426203289302433
372,0.016603112570725186
373,0.018032924269670042
374,0.01772762825114442
375,0.018605372905650695
376,0.01655090505217705
377,0.018555188978472137
378,0.01878812182797461
379,0.01747398955997208
380,0.0193816273591191
381,0.01789909276396713
382,0.018026245162540117
383,0.01867598231922148
384,0.016428776583786244
385,0.01871351437141096
386,0.01776798278183899
387,0.01796385742976183
388,0.01619366204397508
389,0.0192752297211449
390,0.016630566368861798
391,0.01807822259924142
392,0.01691591855493526
393,0.018468372062203847
394,0.016776943010756364
395,0.01760235339373311
396,0.01771210061643735
397,0.017402306714254457
398,0.015434046658082822
399,0.015608449299925234
400,0.01926462763949777
401,0.01796631429067532
402,0.015755432890848856
403,0.019078030181415465
404,0.0164451986905146
405,0.016964572330795
406,0.019431789477988945
407,0.01817829091440339
408,0.016088994521707305
409,0.017603522343442646
410,0.018354693927366363
411,0.018405020167329297
412,0.01877981764670634
413,0.016503525241449147
414,0.018536359598615836
415,0.017476775563287538
416,0.01920011227891409
417,0.017981032802108398
418,0.01810655116399821
419,0.01882093731339929
420,0.01886207935620125
421,0.018780392820881175
422,0.018040137269429764
423,0.01885830853797792
424,0.018114119094232328
425,0.01667454973354708
426,0.014856423040750312
427,0.01819794500499266
428,0.017962294960287825
429,0.0194571306035154
430,0.016733769493458246
431,0.01837003076844473
432,0.01773598113891751
433,0.01631129181703618
434,0.014183676428081025
435,0.018475898585012883
436,0.01848816924847335
437,0.016142112672309358
438,0.017516161891865254
439,0.01785782297298765
440,0.016837035770497576
441,0.017764091946372223
442,0.01917391487961955
443,0.01727863716601965
444,0.015762955562726458
445,0.01833441662091502
446,0.01851251865017038
447,0.017968438480965635
448,0.016820927888612853
449,0.018721360320545225
450,0.01883356096023634
451,0.016035484104985787
452,0.019154689051007378
453,0.01835677368532174
454,0.017646561260733152
455,0.015264167940885082
456,0.01849247094820387
457,0.017647303803811736
458,0.017790057955692034
459,0.018741725725736298
460,0.019049103724125147
461,0.01876421519441179
462,0.018346257970023577
463,0.016119537232692247
464,0.016924744231073773
465,0.016525693990866536
466,0.01671498747460311
467,0.017686844224752644
468,0.018319643371925792
469,0.01803389559826682
470,0.01857107505158289
471,0.01643467620944213
472,0.017241267109964903
473,0.017842651177313186
474,0.018049549079969786
475,0.019069230907732347
476,0.014920893964059854
477,0.01752965335112452
478,0.01871102111176722
479,0.018428230819195143
480,0.016925860334056474
481,0.01808341412109297
482,0.017717376249645145
483,0.016183627331942382
484,0.01854057311589368
485,0.015391224633746085
486,0.019326229274054352
487,0.018791199230603985
488,0.017609805049996687
489,0.016726763887782718
490,0.017773398571062932
491,0.018429744604157364
492,0.0164732968073208
493,0.017159476261110876
494,0.017153307804404577
495,0.016383415730805935
496,0.017060734446594634
497,0.016733450870314012
498,0.019095311675197693
499,0.01826697943378964
500,0.01822495711512046
501,0.019013541318405013
502,0.018844097404914287
503,0.016159770777516454
504,0.01736428569074041
505,0.018054085332871762
506,0.01677298465629411
507,0.014200873616616318
508,0.017225823732537685
509,0.017907197059242385
510,0.016511746736935142
511,0.018803988417957326
512,0.01789255735443462
513,0.018092103494490922
514,0.018184911064410506
515,0.016827891837987406
516,0.019373592275427516
517,0.018999760839216232
518,0.019043580548140527
519,0.01659205770974498
520,0.017909990339225274
521,0.01668396948031628
522,0.018545917232431375
523,0.018293661941012392
524,0.017956491250765406
525,0.018590426572103646
526,0.015676798923456053
527,0.018926706370820334
528,0.017048983273269994
529,0.015801308950275192
530,0.01885717775649756
531,0.018381220619575214
532,0.01541476679832161
533,0.019416522489794336
534,0.018884167228542272
535,0.016390640641004456
536,0.0152691445306875
537,0.01801899607282643
538,0.019481125901135314
539,0.01826249745877609
540,0.01870634631100342
541,0.01841174243968446
542,0.019275601138789983
543,0.019228534192107447
544,0.018730645522584268
545,0.018469814117528086
546,0.01671115757718525
547,0.018506845189663335
548,0.0165795595054212
549,0.017768408955693635
550,0.018357638898270894
551,0.018049839531777738
552,0.019453577793377183
553,0.01932511245744331
554,0.018296813086021133
555,0.0164806049965548
556,0.01829994614792988
557,0.017530168659581274
558,0.01606072126883431
559,0.018067796028610694
560,0.01697570492734028
561,0.01800551430019861
562,0.017701190272729057
563,0.01895285942320058
564,0.018885586596614778
565,0.017739366457695326
566,0.018259559138675018
567,0.0168075256293212
568,0.017481201831205714
569,0.015989996877011844
570,0.016581172220771576
571,0.018425304207443958
572,0.018618207058597097
573,0.018487728607538192
574,0.01856742760835038
575,0.01804819026988601
576,0.016511706794243682
577,0.018686624139452445
578,0.018728571423360704
579,0.01854752789351426
580,0.018522272240311534
581,0.018640252813930152
582,0.018285070119030442
583,0.017399457295163515
584,0.015690264380545334
585,0.018460281566933197
586,0.017937970273677866
587,0.016494456328493314
588,0.018444186486516138
589,0.01577523419101079
590,0.018795907425023458
591,0.017738669778242018
592,0.019191046627034948
593,0.014840037023813306
594,0.016493623124891957
595,0.015173904130735851
596,0.017872476833850005
597,0.019153331273527675
598,0.0182963963653561
599,0.018357913385515776
600,0.017280146604034357
601,0.016057214706004196
602,0.018411770083160882
603,0.017387363220634038
604,0.01545139559627404
605,0.017780966611772878
606,0.016050547609702114
607,0.01898719956406197
608,0.018022945542160423
609,0.018278996658103543
610,0.017449360230244695
611,0.018973772696080762
612,0.01708349449829399
613,0.01566219369788719
614,0.017277433072213595
615,0.016627701089943197
616,0.017801815537705507
617,0.01725784943595653
618,0.015459026158181845
619,0.018999767611944735
620,0.016499456510443093
621,0.01664817796173169
622,0.01844567308546284
623,0.017602373683316956
624,0.016347626007940222
625,0.016662317381757132
626,0.017620678617626652
627,0.016450174959819205
628,0.01653893238629803
629,0.0181649567720866
630,0.017409225805415474
631,0.016435559113100767
632,0.016807660117811908
633,0.0157516074165949
634,0.01880597804506615
635,0.017094220990758257
636,0.018772797064762828
637,0.016674317341272126
638,0.016970199000171715
639,0.017258744175854327
640,0.01682680831458862
641,0.015470651074972405
642,0.017187085717360467
643,0.018210387631938867
644,0.01641171880742954
645,0.01874943964185639
646,0.0184128587494783
647,0.019396942788904203
648,0.015595489867919437
649,0.018045901393607455
650,0.01630558466465605
651,0.016962349131075
652,0.01691791525240343
653,0.019282127864696425
654,0.017757085477596826
655,0.01803908047952171
656,0.01752808821158718
657,0.018135409068056028
658,0.01796768342066386
659,0.0162191230937257
660,0.017101141884134505
661,0.016291666797014923
662,0.018357594918251993
663,0.018050283013887995
664,0.018895256706177678
665,0.018314523486107178
666,0.01916747010140678
667,0.018265199172181255
668,0.01865717338634989
669,0.017399834805378652
670,0.017880639333826522
671,0.016618379038373078
672,0.019019640688840128
673,0.01699399758833984
674,0.01644149848266839
675,0.014869612556915858
676,0.019072134097516003
677,0.01831228769320325
678,0.018988718115594473
679,0.015002950842414925
680,0.01913637572341343
681,0.016115620608414448
682,0.016353833218037378
683,0.018509094079841415
684,0.01782541227898671
685,0.015916224667893306
686,0.01579190197690833
687,0.015926215769950448
688,0.016711535824528233
689,0.0185188908792489
690,0.017695694416738295
691,0.017679798746622927
692,0.016605819951118827
693,0.018089994361266525
694,0.018401009327765696
695,0.01684469566001458
696,0.018238458481224577
697,0.01777760844966879
698,0.018466724191572047
699,0.017915428561791083
700,0.0156583817323228
701,0.018942202417378776
702,0.01587909656431599
703,0.016631320509533806
704,0.01619339852650719
705,0.01587885413395966
706,0.01769416000609828
707,0.01565514614958945
708,0.015532651119936403
709,0.018735145178900944
710,0.01737525502229286
711,0.0156479079594605
712,0.017855246318636865
713,0.017002900748619234
714,0.016563230180283606
715,0.016877275848470714
716,0.017854608700051906
717,0.018949589636575514
718,0.01775907336578094
719,0.015702241672911142
720,0.018133079171556134
721,0.017996051474409337
722,0.01746354521210454
723,0.0180851544529508
724,0.018876171021561153
725,0.01648441498647619
726,0.018961970248323606
727,0.01839765874475658
728,0.016923187631312564
729,0.015781749612719352
730,0.017082552819598935
731,0.016205488436139934
732,0.01727258413928722
733,0.01830494183029464
734,0.017453526336010574
735,0.017797358179503484
736,0.0191013512612248
737,0.018175250928142643
738,0.018259990947030017
739,0.017306045515097797
740,0.01793117596261235
741,0.017299242513685673
742,0.018483189360508454
743,0.016504092434179725
744,0.016333941001545626
745,0.018050782022247473
746,0.01781708478691809
747,0.016485656560885957
748,0.015578096962949565
749,0.018367464024597376
750,0.018592515272176317
751,0.016925320838986575
752,0.01841728277988031
753,0.01853850336243775
754,0.0190424320279062
755,0.017590012180816964
756,0.016890785387441865
757,0.0168843124938919
758,0.0184248477768274
759,0.018269477658469882
760,0.01809031267100025
761,0.018757657201636517
762,0.018553682036868614
763,0.01823392484495152
764,0.015100940970289849
765,0.019399085896012934
766,0.018105018782777527
767,0.015806585918611463
768,0.016733949051890566
769,0.016341381047301335
770,0.019341076650987596
771,0.01777538727816781
772,0.01823675461138535
773,0.016326263188985977
774,0.01857153189508189
775,0.016937122826514394
776,0.01906774546955629
777,0.016675145116455112
778,0.01909305763834559
779,0.018314278105362496
780,0.01809476700502997
781,0.01815763421877114
782,0.018003106460124423
783,0.01751108784455683
784,0.018819763647907415
785,0.01784978095370036
786,0.0158235084387979
787,0.01851311673108917
788,0.015806880133466313
789,0.018793933847840963
790,0.01882478103643383
791,0.01646647010291983
792,0.019243267890918812
793,0.015161995986747926
794,0.017961347753935143
795,0.01767947115517101
796,0.0160586001638954
797,0.018419362557506893
798,0.018349670502627417
799,0.017149305495344127
800,0.0185257480422072
801,0.018113134956890178
802,0.01745979040560896
803,0.01631093896380589
804,0.017809621358707728
805,0.018144591922794173
806,0.019019270996141875
807,0.015239758181027945
808,0.017222594109282483
809,0.018928828088973577
810,0.017527262740507536
811,0.017723340323154962
812,0.016531691082863943
813,0.017998258638760936
814,0.017019263600791493
815,0.01867125213938327
816,0.016549572319105373
817,0.018958483009025712
818,0.01653897778610484
819,0.018390866803966857
820,0.017284135806732347
821,0.01649830060936075
822,0.01577903211637659
823,0.01669994866608761
824,0.01565419215872499
825,0.018895607746521104
826,0.016390167890866572
827,0.014613946388007523
828,0.018153646460746443
829,0.016694411120266154
830,0.015682829937432054
831,0.015786008228641974
832,0.015534971167516452
833,0.017986359884141802
834,0.018152353923626137
835,0.018535948524685843
836,0.018094702633931994
837,0.01718921961862851
838,0.01645629617322266
839,0.017761953047966208
840,0.019205916218896415
841,0.018744356397371088
842,0.01918249275882605
843,0.016493719398906675
844,0.016088984979468923
845,0.018445809796360468
846,0.01665286167811937
847,0.018675160317459215
848,0.01658943808053727
849,0.01649052177976343
850,0.016052264036239182
851,0.018805604892649846
852,0.017115537060499775
853,0.018373119064300905
854,0.014982330424706689
855,0.016721456414969575
856,0.017993370162481974
857,0.01854423332524721
858,0.01828163618196426
859,0.017125712828780483
860,0.01796461701369201
861,0.017877448394012552
862,0.015715552998794628
863,0.01839027156247148
864,0.017590426699117815
865,0.01789076609388875
866,0.01694098453090013
867,0.017930600640900712
868,0.018605669921191996
869,0.017702289649293983
870,0.01667321909292116
871,0.01909154967928451
872,0.01633121816576896
873,0.018149726378440652
874,0.016756093924766024
875,0.017514977945108343
876,0.018150838539211313
877,0.01790448927325784
878,0.01811330334887257
879,0.01864202065337932
880,0.014500909513841956
881,0.01707887621365339
882,0.018792772000166366
883,0.017955983990065476
884,0.01626485713370686
885,0.01938270242575544
886,0.01825744081319409
887,0.01946121529907493
888,0.01853255110762734
889,0.017723328854836445
890,0.01766304011598199
891,0.01655670379907852
892,0.01689242556179503
893,0.018059930994329662
894,0.013855255286772636
895,0.01764894937652831
896,0.015706595894179415
897,0.01873903458518886
898,0.018172471849308154
899,0.018076851072519537
900,0.01759427290140451
901,0.018361902875726723
902,0.0177836765583384
903,0.018839388016536757
904,0.017617743161244755
905,0.01856986989644884
906,0.017777255028284103
907,0.017881161841624058
908,0.01899662020159743
909,0.01898503166212356
910,0.01863271511972898
911,0.017162111034329786
912,0.01878632524211306
913,0.01693335717606811
914,0.01828312835732559
915,0.015246400352552914
916,0.018047073005662773
917,0.01837095079547663
918,0.016207731005168088
919,0.016367034484391585
920,0.01806770698871536
921,0.018821802651844428
922,0.01794606178845673
923,0.01627342090050694
924,0.019212424641494186
925,0.01915544568785308
926,0.016710412342281166
927,0.017236944041612967
928,0.017990036133965357
929,0.016340032702004313
930,0.017127815114012724
931,0.018039700356321436
932,0.016883486707886506
933,0.017577550180788586
934,0.018788819052429687
935,0.01686512714635833
936,0.018752401136317143
937,0.019164569342180762
938,0.018500938253307855
939,0.01881418919387204
940,0.018479189277349855
941,0.017053000661475328
942,0.018010720620266367
943,0.018450915663439142
944,0.018936764880564533
945,0.01889728424742419
946,0.016581877936552306
947,0.016689297389314222
948,0.015548555374981558
949,0.016473145981786917
950,0.015548183066035837
951,0.018585361456150293
952,0.01929875640281339
953,0.014231314466630689
954,0.01713023278958244
955,0.01800137884999069
956,0.018310001777499196
957,0.01774381325554479
958,0.016493858376478637
959,0.019209628956810026
960,0.018524966430120172
961,0.018762475684460867
962,0.019165086204190922
963,0.01854034502111058
964,0.01588859517798887
965,0.017944534059756403
966,0.018397284751702686
967,0.018082372616180543
968,0.017527048595265684
969,0.019439651959338996
970,0.018629938271748744
971,0.018345206969595147
972,0.017642707775139245
973,0.017321940161155944
974,0.018599608006358986
975,0.016682224170979053
976,0.017648300665572797
977,0.019150647890886306
978,0.01779644847615464
979,0.018007384709905476
980,0.015414894939232014
981,0.01829513980561179
982,0.01933067969495537
983,0.01680231049417936
984,0.01807764059327588
985,0.019092913345458054
986,0.01616540914711988
987,0.016567935909291287
988,0.019224619642727928
989,0.016773305360198304
990,0.018781550966146053
991,0.01759979965103639
992,0.019166109966137868
993,0.016191893195258118
994,0.01759492207358217
995,0.015697434610347966
996,0.018377390740459906
997,0.017923817610476424
998,0.018088450927562158
999,0.015051104652020964
1000,0.016422664247516632
1001,0.018103008706079286
1002,0.015730445298258743
1003,0.018730279126800274
1004,0.01891860453291027
1005,0.01805566502988709
1006,0.015483872731017846
1007,0.017639052848261734
1008,0.018702224450280722
1009,0.016644675918280893
1010,0.01896659582468761
1011,0.01708632371295273
1012,0.016492727192389426
1013,0.01653214663935844
1014,0.017976144081499012
1015,0.015525283946984726
1016,0.018403703306975223
1017,0.017597475242556206
1018,0.0179204895838401
1019,0.0164932123628236
1020,0.018000051478060986
1021,0.01594699703517376
1022,0.018227250112307775
1023,0.017428427355330123
