-2.3598069253153637, 4.466222406186282
-1.3277584420087956, 0.50590917805033
-3.391642569990804, 4.307641423359399
-6.500429734152503, 4.476192682087518
5.4832574373827025, 9.8402032366677
-2.3125168938053617, 2.8919587528290918
-3.286371664595059, 5.348651727250093
-5.528165626462998, 8.493281106757998
-4.244469571414427, -1.2851040629521044
4.731275450546408, 9.253851489214416
-10.975999516387555, 2.767473386249035
-5.25338792328301, 2.2805577373871335
-6.883778207870976, 5.967083486876755
-6.176382891695397, -15.005483862624754
12.104987100926932, 19.583860353860114
-1.768839191506996, 3.5232729808188785
-0.39741096659340047, 7.388923867769398
-2.2646958231290135, 0.8352854422860987
-4.450706227649054, 14.210006591723982
-2.307057914272396, 0.6605513951117361
4.88662734407556, 12.532728097168333
-7.130174216725416, 2.278546518479885
6.484328426291544, 15.72920857152805
-7.437173841180664, -1.9938123458747277
3.259206702730709, 4.358660059335244
-2.638149039459235, 2.2879070279735547
-14.329619058609786, 4.3545219286335834
-3.0025054178646173, 2.0653541615332967
-1.3943855468838549, -0.8060872874294747
-5.142673543909965, 1.1407692257588231
-3.549241204118065, -0.09713884660590555
6.19654464046012, 5.243676917554783
1.0526652980613154, 21.398584190578404
-10.323127170538417, 8.60193056956917
-2.1132311775757144, 0.33115435472039323
-2.03370409421718, 1.2280339457610745
-3.490861391735196, 7.707647171267021
-12.27771881578418, -1.0805521133597566
7.975295743071067, 22.26712554157722
-6.231545670444846, -7.165959481128638
-0.3471453694591382, 7.703242819775159
-2.8576869502419058, 5.95798568229319
-9.381940594343153, -0.4507230923454759
-2.217907498203517, 4.02689122844749
-11.434394383668748, 6.560982752680252
-11.326223096150834, 10.8996014168285
-12.835548027394797, 2.2572244740961236
6.34466068408568, -5.3885632410481605
4.247148252369092, 12.574265415851336
7.994420796251346, 3.469947069492999
-3.4356817726644597, 1.0952225627131094
-13.166572245879136, 2.6945789381540663
-4.135697883260473, 4.812529802119971
-3.084910512217283, 5.160032281356182
-3.148755167427261, 21.223741405690568
15.198618507066035, 9.175787871725847
7.504557807527991, 2.153193420097625
-8.524996516013353, 12.00460835728295
-3.7647958759677955, -3.2663132073871974
-2.519930519326757, 1.329983876718823
-10.178648164207974, -5.035357361281779
-4.633579507750707, 1.2425388559310948
3.8023102774411255, 11.308177559869662
-2.8998889679580926, 0.7823270741700119
-10.363370187852848, -8.084314871556439
-4.951102561103179, 6.548803660668001
-11.094860297810289, -1.1248451492239968
-2.5403718583848276, 3.6798049015481906
-2.968922274045266, 5.424253003723203
-2.8731189971629054, 0.6210356263530952
5.418575158002371, 8.414902475834229
7.89381421102337, 6.593480836276483
-16.611913972753342, 3.4653817866669936
-1.4461161145243295, 4.866091132460686
-9.262992348281713, 0.36830450066238285
-3.9935056137735767, 9.978592018199896
-11.865460322782283, 0.7462408107436321
-2.6171946953062704, 1.345077828081873
-2.295929698292211, 6.382706788321135
-4.4293333742863785, 6.853542501706944
-12.646479703453352, 2.1975546926825285
11.902682929527359, 10.218877853036151
2.07376674217196, 17.459678234055566
-6.556434760429651, -5.80389586014137
3.1325033388757255, 15.602692853862738
4.933074929806104, 0.1960699016762435
6.0492289767586085, 1.51436714279418
7.542299839765834, 12.31327672299693
-10.506573918397782, 5.2624241322511605
14.866258130023397, 5.580370105812589
-13.718842246693931, -0.14180882076196255
-1.3942005108729607, 0.8178023371326613
-0.48040630451986077, 1.1600364499857636
8.42531186032794, 5.162199727938774
-2.1906341002849556, 4.007819495877618
8.015074163757557, 6.84896812106578
-0.11248794517075389, 7.806011142287646
2.233889716882679, 2.3739341048852265
-4.98218489374525, 4.392448004252104
-2.0795522433896227, 4.582415786273502
-4.286977929516606, 11.972549046212528
-3.490795210865577, 2.160453998044364
-2.7223978417477777, 3.224761155417456
-4.626344283881847, 0.6314137886090205
-7.834211282252647, -1.6927567139976425
-13.604730452811152, 6.531859977221629
-1.6577491423426187, 1.801968556341316
-1.107748610852096, 16.328037544045067
-3.3683316030880643, 4.579722518765884
0.8521596743312205, -1.186670586673321
-3.941726862394714, 1.8562677305170905
-14.535744299517564, 9.653909169742104
-7.6921337826763825, 5.291817547467372
-6.851403943068924, -0.07770027036260174
5.298182561268062, 8.14425270187141
-10.712088090737518, -1.7308954916657004
-3.951447678598497, 5.2687828915821004
5.966199486415692, 12.559577734163742
-3.347709596508108, 6.275114082160792
-4.688380190844306, 4.130319385723578
-2.1085708982507763, -0.9804539806352319
-9.852828703386596, 6.46448767961157
-1.4278380649009108, -3.731044202683014
3.4706619927596987, 14.976269539311327
4.493378272191699, 12.517184658313127
0.19903718343462495, 0.315417355871082
7.283100755082787, 2.5501251827618243
11.04738289236338, 2.527745780726957
-1.4548631970570085, 15.074897233718897
-25.382340181744972, -7.586727884445697
-1.7976298115377576, 8.07082434280603
-2.4364643502636842, 1.4621053453175576
-10.978344044543432, 1.3267403388439871
-5.401649099802661, 12.471448731185866
0.5376775163475904, 16.940797085173642
2.722772417787913, 16.779713410256758
-1.1460216557903653, -2.892462702382544
7.6950018472986335, 10.885341430301102
-4.101227525124442, 5.904533383689008
-8.79776609517139, 5.266003137805572
-7.02465212390082, 9.453020355148118
0.5395239327927177, 7.962707098567408
5.383722780562092, 6.689910537236701
-1.2715525205853442, 5.853603319020505
-5.19786223727095, 22.07940545932523
-4.426716938605515, 3.3015269630803235
-12.62898761454999, 4.71623099992426
0.19570711817014175, 13.277913488499236
4.005733458801438, 7.473155054018449
-1.9975419194898572, 5.18062372922973
-3.1613370153440674, 1.7455132288138353
-3.023249485993694, 10.88243379631503
-17.550593653036138, 6.236755420619997
-3.005387072149718, 3.2340950932806956
-4.668850692249624, 3.694027703034462
-2.236049961320475, 5.277035926737325
-6.7176305899362525, 2.0651601188982047
-1.8740627793562838, 0.14954205727803904
-1.9552322526289696, 1.0478354902328368
-18.833237510556174, 0.9110656409138469
0.3275608602214479, 5.057538091027085
5.014600969615455, 3.0877726232890352
-1.8732665274566376, 13.07706038309407
-1.875717075763828, 4.113497487987569
13.195759178081756, 26.52330740502193
-22.378157566162393, 0.5498741808876592
-3.3862569084451795, 2.8088194304734966
-3.9723280870553097, 4.267267481858118
2.43336742669102, 11.236850375618115
-14.871798798341686, 0.8158542389748347
13.926069538379629, -4.573544464359395
-10.225524672580397, 10.047805029778402
-9.574789952201872, -0.28972263326306447
-0.6631930008790596, 5.435912397181905
20.682993273146927, 13.235597905557913
10.440692692991309, 5.704972124286252
-1.7749142208743012, 5.045535003944518
-0.6316383368347442, 6.528832709060156
-0.6441816230265034, 0.44414743755745256
-9.846666850562805, 0.6446540016498641
7.450315973900002, 19.198264153022983
6.214825477560215, 2.3399965388000465
-1.9790938402414353, 1.3921888213984155
-0.4880291503601839, 4.285072956233808
-8.821917095153783, 0.14132811143144441
1.1854250343392319, 0.5704638700188696
-0.47226018461880326, 2.661341236151078
-0.6157086930524875, 7.642262079320586
5.825076945466999, 16.314155517404977
-3.066992379266538, 0.11881049554662404
6.231107739250341, 0.9482344358105452
4.837588866448888, 6.915251911607253
-4.803953938778856, 9.147118106527799
-2.468016336493072, -2.5729574213308917
-3.594100952268137, 5.605750712861441
10.007344951828518, 4.992740498147139
-11.366780733132652, 3.239522941681501
12.727118326051826, 15.868779343941874
21.282086934909266, 0.21062663298291184
-0.6648010686716208, 4.018729593821519
8.942567107722297, 10.42855636337364
-5.276901976907334, 11.216512081385183
16.124036606160466, 4.558547274516648
-1.7538017444169702, 3.274123320833872
-3.1916877902207004, 5.026549654847225
-3.049770641684102, 0.8722330088154264
-9.627926772093208, 6.8197187681513505
-11.288247439835464, -10.3538535493762
-0.4229831470812524, 2.310763735756352
9.10649074686552, 10.635487974585693
-0.35933212579245244, 7.8180044338835994
-0.8670269445704148, -3.078702226260221
-2.666574689199126, 7.277652557415836
-0.1955122320683378, 3.978503725817145
9.101654863174936, 11.47403831946386
-13.712251229095557, 7.406452644934872
-3.2884991403371187, -0.8911198629623547
0.6144239717956665, 4.393738082923735
7.474820271209161, 18.7278038203458
-2.1430392961330433, 0.6694538725588055
-4.359274470939573, 3.9435962265083466
-17.943984271978387, 2.4797520171938254
1.3912145639736861, 21.65927947733504
0.03191610982528115, -2.672022282064148
-1.194733475475889, 5.538192719711876
-1.7984053911548958, -1.0930336344831497
-13.809552258581284, 7.602720940847502
-10.526567506314166, 9.031090921718391
-3.1668516834062403, 2.541668516308422
7.285047719759932, 7.007840732508867
-8.603677249737494, 6.677096731392325
14.674044358445698, -0.8326103151618742
1.8072806326779318, 5.451194093448145
-3.2071879049299046, 14.322777837910348
-1.65070966070581, 3.576150057536257
7.802258244368636, -0.10714646387009363
-2.4798276286813388, 4.0773882094933604
-4.021982856617313, 2.252537739147375
-5.012059569855893, 4.035955348115091
-2.4973179440839197, 13.137155779221375
-3.6076011238587378, 2.5555894190430477
5.333515321376007, 6.912450679078944
-4.799356656407098, -0.6703150380860134
-14.301285174696975, 8.816812145857478
-21.243068644073233, -3.3215826799555
-11.576108893517143, -0.4490425325823968
14.641149425694177, 7.633292705538423
-1.2252604871899215, 1.0610444083962578
-2.535007929699919, 11.462900958674929
7.230158698797863, 4.517978796926468
-5.525668591087522, 5.603907081600566
2.909421526387682, 3.3369987623003814
24.444852807138137, 9.959490865797061
-3.8341383358911343, 4.4060065348939235
-12.9369642387442, -1.9225849861866022
-10.126277963653255, 3.349489028940729
8.13780185930843, 15.132389874890443
-0.5046211267184844, -0.1939491014158996
-11.706666571239214, 3.2572492748520934
-4.67242882273619, 3.78971146273037
3.4269336424257926, -4.809157355017083
-2.3767960696241275, 2.3392643893942044
8.692946699770994, 17.7391136316635
-11.421394470034794, 15.251993704908893
14.056545288232902, 3.6510023737647397
1.5912216682455753, 6.130612279599214
-2.9728224453969343, 5.802318659747135
-10.093207906110374, 11.901661665888689
-4.832864808540402, 13.224205559634246
-1.6592474472173362, 1.0232732301992766
-3.74342279890479, 13.476624418033898
-3.034262498443697, 1.355756769150898
8.723529141118927, 8.163697120977746
5.851546383663945, 0.5155984797620645
-13.382971590579315, 13.259544128140027
-12.136116992951715, -3.933871871028207
-4.738466579317113, 9.991023759209723
-22.772723088750645, 0.41821074376250866
-2.499894543345644, 4.277744653782808
2.4202493557116407, 1.763486493530432
-13.198459136879567, -4.044301849117681
11.375521647921872, 13.196498898284723
-1.3011071449206266, 5.243904364264504
-14.232571252786036, 5.5523905077176865
-5.226841387980577, 2.1058941036970245
-3.490015750781939, -0.1758437407877409
-4.475025165124691, 0.156560520681448
4.898869912299408, 12.142369718114955
-4.041436852841839, -0.3578903623920855
3.18023429699248, -5.500871281218865
3.933331179069503, 1.871999225039846
-4.842299335026151, 2.577866160786327
-16.859035781951775, 10.480220195843847
-3.2350882907028895, 1.4157718503597578
-9.697901498263215, 10.43901958995031
2.191402642136613, 20.477560343737487
-2.3669297295767255, 0.8632649108466417
14.9693563796059, 4.902449366888625
-8.749773876523157, 3.019743090359658
6.125170126548385, -1.3240674607234304
-3.183552318543378, 1.7588125804266748
-9.76940452069776, 3.972671713054972
-19.82994996020803, -8.886892544513001
-2.712523770663872, 1.533883301409414
1.329468294701428, 7.804363491475074
-3.1560808269519156, 1.6997514683637225
-5.295724138184043, 7.47505834961784
-6.435751307663718, 0.16108256874926496
-20.390560224963934, 9.026750378822438
0.3719419682126208, 15.909289891636831
1.7526291006659394, 4.425499952712059
-6.793697857392259, 11.510386532019968
-8.715854597783272, 0.37826882943434725
-3.106564378404239, -6.952818580104436
0.5325594491861967, 9.529677812519864
2.302347240538965, -0.2246486733835784
-10.517705059046888, 4.032227658118216
-11.001306618919415, 2.0365092889789476
9.2894512396026, 9.01738041818385
-0.8050795680451621, 5.395737446038561
-3.4944541876311996, -2.223533230323117
9.988328287480169, 7.6268178465194065
-19.441933793699235, 16.760926850692876
2.209061509197954, 11.807649672683045
-5.2932268199461205, 2.733011713458324
0.24920266341202968, -2.5434316824335923
-15.59304939742625, -0.5132690476266428
10.938683432969805, 4.067613416550566
-10.336018473909899, -11.30789515892307
12.16533276249262, 18.420330770995886
3.032700428228723, 10.878283119411561
-3.6037822811146505, 5.7360239846231265
-2.750949449323714, 0.7518009988118335
-2.515728514640921, 2.2048767317428433
-3.1205678638503693, 2.61158963447618
-4.191865204026493, 8.601152534481285
-3.5722485481030066, 8.053447052101342
-10.04314837946683, 7.22294042800016
4.422560025057368, 4.175982538753789
-7.755627368725191, 10.299976616000205
-4.572706927490087, -1.4670539633128636
-8.577259290661512, 6.349801042945498
1.0162018198959482, -1.5548401867972128
5.583235272224817, 3.8811046356911003
14.547909140041828, 8.680004438754402
-13.573348910198922, 1.4872261723950713
-9.747103852698357, 5.13811387888639
3.841068700177429, 7.507269419705898
2.873674195642226, 13.155894577925194
-2.409770601563501, 0.5369587765722548
4.439410052752421, 7.036521778533173
3.896983641209882, -5.187558939459654
-2.831314966605591, 1.121828672798534
-3.634629565729446, 3.1805285580210643
9.078907672052566, 16.781881858912207
-1.3052618777183944, 3.203266654850986
-1.4824091412893452, 2.44574599771636
-17.439174410742993, 10.583176628335941
5.720580421782962, 9.55650989021376
19.966454554775314, -1.1693574929743935
-23.399411553925944, -1.0416467540539402
3.9058264368571884, -8.126110357342363
-2.971460498262282, 1.6796259723790101
-11.428162566753858, -1.3461409246634455
-2.4910739917117226, 10.078940772508204
-1.061791196653326, 0.8939913541598101
-6.913866548988679, -10.18707638791372
0.6669977568039291, 16.802144899267134
-11.10669413732263, 5.332274613761692
-6.36895338227583, -1.3943801281937946
5.618129360500498, -0.06151632941696583
-16.036091764614525, 0.4525213640911081
17.528175549041627, 12.401498882077941
-16.171564561373383, -1.9177377733130316
-2.3063663426716303, 12.318273076551591
-4.316989815922714, 1.1035832654603157
-1.0034764993213783, 11.044016062573391
-13.400123154481285, -2.8628108223435937
16.31458211760148, 15.763114029642121
2.2421485323910244, -6.111875455864329
3.9979615643517756, 20.23070685829604
2.1885777293184967, 4.021692452556493
7.69239500994637, 8.404454136294579
-5.5038243084101595, 5.1342707790645985
-3.4022776110425776, -0.6122387737276362
-9.837585147344921, 17.325581091953183
-2.8911351067677664, 2.871981751143048
-9.127492115324364, -0.42748070084641654
1.1615132970950275, -0.15419316833393992
-1.7754504533279487, 12.58019617246339
-5.596413533633112, 4.197416490061821
-0.9569678417088714, 5.2679342388828125
1.0813204375185297, -4.826432142461125
-19.60842957476725, 8.087923779103173
19.08125517590682, 17.90529912233965
8.108497450257936, 11.741712830645026
-13.652136528264098, 5.002704591004717
12.329456847060198, 1.1864526336664216
1.3952006190480488, 14.573013563460442
-0.29941618514226676, 11.844794984277547
10.870353779799096, 11.59013964251838
8.592976808950091, 7.210755315687636
-18.25529050706981, -5.542109627331633
-13.07498656954403, 3.9699079412090863
-20.462889513868372, 4.516880041196998
0.19712652874894054, -2.1819534988334484
-1.0819207230942187, 1.042650977058068
-3.146937971949214, 3.596792825276916
-2.8173494672299264, 3.2424607640919882
-11.17871219815767, 6.913003156482468
-0.05505872706729753, 1.0068390751724703
-4.001687919220436, -4.5079931537492
-3.2378840940873688, -6.017482005404439
15.661381728125884, 27.074001439434095
-7.637023470433094, 12.150055260485335
-3.614948335570242, 2.3163533433674415
-13.837661985821072, 7.567790930181309
16.062576342562654, 16.043356711710306
-10.592996228629158, 5.568021835838718
-1.7798239248140353, 1.9619794903548826
-19.385456698018693, 6.743810482515693
-2.7048594246574837, 4.278669941971442
14.235221005937312, 10.954864272605453
2.989154368774364, 5.879117886184941
-3.7875957224547445, 12.14884269780141
-10.893017751873558, 3.2400090537654735
-21.74087662645321, 6.568574758273907
-3.2752755627338836, 5.1787053244679555
2.5883993149067175, 7.787530985749308
-6.368265272754012, 4.3724185158846876
-16.24750258691986, -6.10698181922134
-1.1034650995005428, 8.658029004453628
-8.90467385165984, -6.826490406348098
-1.1157395605082496, 1.1369934394665986
12.62780022181173, -0.9465381313114136
15.514138016618453, -3.815309902928732
-20.03797481413507, -6.8646601582076325
-5.23267969581997, 0.9670422623872743
-5.289233004450455, -2.0291668491193042
1.0424710707005755, 7.902248873992962
-10.224220554109506, 3.051728271967894
8.031519632258828, 15.36076648827455
8.10774885565354, 5.55197596693974
-2.0274070848561094, 3.321723263424992
-14.471831333709503, -1.8617986306779741
-17.522126521798235, 5.750440364170748
-11.332004387256193, 13.62307079035306
-1.4272139276956866, 8.241165137815791
-5.88873933583516, 12.715721136227778
6.822813718717203, 11.81829446517013
-2.122512571471987, 8.154961169494651
-2.6706377890443065, 3.548874724365016
-4.006848607312725, 2.8974271046376026
-9.557476639781349, 13.936323336359479
-2.590646265772788, 1.6657212978592966
-1.102676964604278, -8.920363603048177
-21.033390575130873, -0.9564820708071666
-4.557644988560316, 6.28439477248434
-3.3371074185622813, -5.0822861328747
-10.95133079173396, 6.19198223584447
-0.9260391915877175, 2.5405088438255543
-6.4827615049548175, 6.98018896908588
-13.896241605223878, 4.947037681576766
10.53103875189697, 3.669225391858294
-0.3959326172601969, 0.8142962709879757
-4.787881580850231, 3.5443645439456057
-3.8582544939995334, 5.680281997383397
6.955667826159566, 5.277756559938569
-0.32638059143896125, -4.0448541202660895
-10.470979701554413, 0.8301497465713773
-6.34114318303893, 8.203666807761543
-6.352594289172755, 13.31134649997475
-12.801063980067607, -2.898657812380005
0.743522611851378, 4.714392384256722
-11.89581236748819, 1.134811112541234
10.591423431251693, 9.265854680854394
-9.927989725063874, 9.313707554941583
2.505189612932231, 1.8023474349847866
2.6460886739354166, 0.3563066064478946
12.700301649236565, 5.567481806039061
-2.5904206305628272, -1.5740418624896177
-21.08065738152314, 4.464476910819558
-2.7076375420397167, 2.938756021867823
-4.557826730922249, 1.8605341762540553
10.835440274421362, 7.698510968155369
-1.9131921503578606, 9.41939265421718
-7.764524071612958, -0.4006154257145442
16.0733586084234, 21.750032395866356
-0.7404549976148407, -0.8610861335575204
-3.2455862935447017, 10.093045583119645
13.113558262766807, 10.317494109365725
-5.945781994735116, 1.17849984484547
-3.474265497146583, 1.2325062474580237
1.2903401416781461, 2.769662714991344
-9.857691801515067, 6.217379025678694
-2.356807023220956, -0.9896666797715215
-1.718265039375516, 11.661047977494972
6.52765600980321, 16.58675937256884
-1.23890043784361, 15.499840856477844
-2.3087920213064184, 2.3576109042807203
-0.9693449366934581, 2.8001634714634167
-3.275561562987405, -0.45084877604898743
0.22889879415437253, -1.5437512075464381
-3.0925739110295574, 4.601572668262597
-16.198814843649817, -4.158293303382687
1.5725878562847555, 11.872623701521974
7.411211891362809, 8.562820337547373
0.14171519728700677, -2.0728946644263297
-17.591708016685793, 5.586743005673751
-17.101255826753512, 1.3965024787023093
0.25918162531417943, 11.392306563340494
-10.856839122751726, 0.6178486080443476
1.0746917879300089, 1.9496004162170828
-3.3662297508647976, 11.721931631072273
1.057362880780171, 10.090827884032832
2.2044925252400045, 7.753777068420373
-4.543199625360975, 6.147681603771553
-2.646003401535, 4.7343265057078
7.167485229637858, 7.336036419775384
1.4174777913243215, 5.6655862415937905
6.717809980577489, 9.43250658778728
-3.7302983607801483, 32.15059892772969
-3.4236450751674274, 3.505289078892702
-3.283340104699745, 5.8354654202276794
-1.5718527682876688, 4.735030816607323
-4.5734975433438985, 4.137753580150258
-9.089810761084028, 7.343966171716067
-3.587586321527188, 2.8753664169041353
11.941381534460998, 6.23787800329909
-2.98418408451841, 4.7544939361436995
-14.493328921216117, -10.345876805072635
-5.026552162018567, 1.0791849457383602
-14.504378723128738, 0.411431514826782
2.5756698107437703, 8.5525865082063
-3.5653638107244334, 2.939898005908563
-14.052500466872022, -5.479320049179709
-4.130908087004869, 13.385896235533142
-2.5988735185287926, 3.4959738661418376
2.8893476310645356, 3.130202304507953
-2.150294955276399, 0.7418764207892812
-3.0525748059585505, 3.1191322436896547
-3.4749640145316913, 3.561846174394124
6.4835028970806, 10.147397140059477
-7.3057673733390365, 4.129411492697428
-18.945347504994164, 1.1681291531946605
5.592180432542531, 6.385867733567771
-2.620163401491084, 4.896139069656745
4.1677378479124005, -1.1170300837832645
-2.6725413814890473, 2.5247383646422796
-2.930409242893136, 2.571957450144377
8.001857639726781, -7.5009803522401235
-3.019172429881242, 5.644572376577277
-4.133010162781305, -0.9309977741142248
-2.920008080125107, 3.1126761613083676
7.854978932724945, 5.959192062236379
9.791831011435903, 11.113888463238593
-13.052120435190451, 3.3622161337266903
-10.537658242145516, 6.146978378369685
11.160722152439845, 11.624594536602835
-5.363743149101671, 10.864871744174375
-1.6763755990111893, 7.609775541596965
-10.070443589942949, 8.332313455780938
-5.27848032849633, 3.3597931297235895
2.371198340450193, 13.465357324222445
-8.469548908980105, 11.866990208538706
-9.223545622248597, 5.487677518506631
-1.235881734363424, 2.78729913665959
0.7061744892378563, 8.594774106514746
-1.2886922246549932, 0.9507136458282157
-12.540927096978958, 4.635407209738163
1.2138362786253314, 2.2858128641145243
-4.549832020370581, 2.663474734014846
-1.5903817082478011, 3.014952670400291
-3.4295971298964365, 1.1635486590840611
-3.309077819694488, 3.212765618374574
-10.935118360135185, -6.765521672215845
-0.035998170088872516, 1.146891314358641
-2.6730203900611675, 15.948873818162593
7.39318737485421, 16.523541338107236
13.440888587954127, 4.051375099931137
1.3585928565041625, 2.9232719610767743
-9.521406044507401, 1.6048042180363427
-1.8476606808534164, -0.4738768496972301
-0.6351457941315863, 4.461615967980071
2.814276537612897, 4.8747799816252515
-0.7599472069286968, -7.99175625647262
-1.4763351494001868, -2.0324362561347415
-25.02875593892489, -6.172363582995469
0.3299764334876425, 5.027548806441469
-11.563375463247132, 7.193607659942595
-9.057383013552908, 3.1021521898287023
-5.668268520960861, 4.344303876419843
-3.1268900595655142, 1.284145822702758
-3.090609087403426, 6.052118435831375
10.248463452570991, 22.236077651144164
5.035881502249661, -6.275702136515516
-5.212339145117671, 7.038759256759719
-14.504737601073526, 1.7178173857198755
5.413580493491153, 14.057519608875852
9.62159861797328, 20.781208744257626
-1.879950466377359, 9.487445362917764
-12.79610350454302, 4.056401649715327
-15.957790931757994, 3.305818087304357
-9.110706017432804, 14.940758456565034
25.523206293299832, 12.675737723628702
10.272204161050338, 3.444489048618069
-5.1154172105495315, -2.203852118840716
-0.20986557476254752, -8.718186379789248
-6.746985064999899, 8.437894719795244
-3.273231848629225, 3.4193502217268095
-3.5640782925588477, 3.2985760348971134
-0.5456600939719216, 3.981926338310932
-5.526839829825763, -4.565754239294796
-1.7817798094629522, 5.222937544574459
-2.014145734659051, -1.4884650185884034
6.875732776137733, 5.1286562666670505
-0.4092535119716081, 3.605942467354344
8.779924248496407, 12.229422306277007
10.22901906560177, 2.0348163645303132
-4.482871424205619, 6.307282619960993
-3.2699006259087993, -4.8483014807072085
-12.068652119459665, 1.7475009991749784
-17.87148344412048, -9.259591575625631
10.565516323921127, -3.238389692252275
-3.4170164425048584, 3.675719755084163
-3.12996080234898, 1.8919423925876033
-10.570841711254658, -7.8390302435222825
16.136023209286904, 15.84135635156894
-14.86984531460769, -10.292514587729157
-2.491487102561346, 0.04381856887156621
12.159498071250578, -3.2707467605981257
-16.060490695982015, 8.90972106659703
-1.8232404549071757, 3.5960013000548647
-14.947362669025262, 2.4652479712852853
-4.617915085353786, 4.10973448966827
-2.3596915679896835, 5.794353406958941
-22.52009759150379, 4.83566935055052
-4.362889598630524, 6.2735869656323535
-4.940213825525933, 3.1053805663006493
-0.27064070814777885, -4.191099134826115
-8.138515665979119, -0.4853879115919435
-7.792580161512652, 6.453530621900716
-3.6580151159753473, 5.736312844003882
8.431013631062612, -6.982872102577492
-11.497805195234953, 13.297730079683632
-3.09925374385073, 8.29675752323779
14.109488376638089, 6.218999050174039
-0.910947126330506, 0.6038624924591911
12.316631315731184, 14.49340058870751
-1.4271799972161516, -0.05900333811304748
16.35318596288084, -6.19042354509193
-14.92636711991888, -12.056431813938183
-2.7570901288153893, 3.0126273271020425
-5.396927931194319, 1.9033396300485683
12.38151708921893, 9.303682519532508
-13.681603937199368, 5.716146512057875
-18.674920470314945, -3.6713456606249864
-4.237729313984194, 0.7163643943038607
-0.38640866632461623, 10.396417104736443
15.431279095882381, 1.8089299698330925
-4.399694728080745, 1.9576026184812223
0.7501510042649469, 5.249693559706912
1.7538165595516038, -1.8920017534648723
-3.4744749127815058, 4.457074215869548
1.5455925025304973, 13.657772606562663
-1.0606394450982375, 0.054348094268746205
-1.9214077248544736, -1.5862526438968203
-4.414651917022364, 8.575236665940476
-13.509404715401072, -1.2116500562235863
-1.6623999763071478, 2.8490060382157365
-2.5255513477297438, 2.911322264753983
7.7894296045889515, 19.56855775614865
2.2350371024249798, 8.922381678413634
-2.4571867437852393, 5.267282790503919
1.7554684912317584, 1.734857433111713
-6.889056809694725, -1.6229528402513766
9.714582395178015, -1.5773462576005812
2.0512365345331314, -5.841592801001228
-3.67316670481382, 5.338927295285446
0.6154965592417798, 5.592007949198626
-16.083391833500077, -0.4634292504656241
-3.542601682267913, 2.4472007847138704
-1.043839848755033, 1.4840633456560113
-13.76823446271137, 3.7005529968979536
-16.024280111198074, -2.8041509961705797
1.5672931426712942, -0.5452819957115391
-5.8545920411687895, 19.261569071662233
-4.696589689090024, 0.12759000161054157
-7.838904878748263, 4.833009209383501
11.085680013358724, 11.530861646961231
16.20329063490583, 6.703466974398175
1.158795742360383, 17.351751826015594
0.8266185054891189, -2.045978964918827
-3.797706488618204, -0.11100019596891553
-4.250665688106896, 6.066746157624206
10.702486660318803, 1.8793091276891172
3.5736049380122035, 14.883585457949884
-1.570870230420768, 4.5241187488437316
-6.088312667300942, 7.501427845534643
7.919527477819138, 12.588922923207235
-1.716237732848282, 8.875684187977544
-2.4960118051277593, -8.592718376570653
-2.287538383581154, 6.7279358050205005
-1.0162970797133992, 2.8410917130733093
5.083958933400661, 23.13183599211359
-1.8611575861124094, 3.872991810607638
-0.794336836693045, 2.0538743584556847
-4.645886603565216, -4.03940731236955
4.911976055152379, 2.1301053648042725
-1.3455360199292006, -2.209578617424661
-13.253851732186213, -4.9449859741785716
-5.522070107425354, 2.159120415097044
-4.790072083741599, 2.813812422491232
-1.615981894388634, 16.466362209905206
6.007139771755146, 9.563146398734409
0.6440699370548497, 14.648968860102443
-9.572397681778176, 0.8897721417489924
4.50850704925956, 8.525193204824706
8.730640034804157, 15.166812950474515
-15.442158848309244, 1.430083638415278
10.716194856750286, 5.974195542241759
4.8657109872226885, 8.821992081293676
-7.4983213857633, 13.756005420253187
-9.535808235065536, -2.5574400053507746
-1.7972582683737588, 1.5505416361264284
-0.9139357533094759, -1.5878144193025348
2.3960722010008197, 15.25512880950263
5.431126025029559, 6.876691660978582
-2.9682500780406773, 14.627800685261427
-5.931880888526557, 1.3983746839910896
1.0516004280066231, -1.3572566295704966
-11.94317506234827, -0.5272833661733287
-2.3173737089246598, 4.090875232619616
-9.284330544520987, 3.728139404468648
-0.4447425073770612, -1.5342297373556217
2.2095638722883697, 6.619730889384744
-8.541235356806844, 0.40831282497626287
3.7859122013464725, 10.321563168907696
-0.6094493195084638, 10.717551644415002
11.696520285798702, 2.2737441768295685
-14.483697339235373, -9.098371581738768
-15.241177128663818, 16.514380393328935
-1.3652690532700271, 9.987087113980168
-3.5546945706044824, -1.3422741609142883
-3.1064398648116964, 2.1975271656959303
-5.662870664825487, 5.94071147733177
-13.977730021393894, -6.741757996171403
-1.6097229350433362, 3.4210228078322373
-17.141134954991777, 3.8728481517849165
-12.784507026034671, 15.388807462099404
1.6961834186460463, 12.177021123844394
-2.0144967696966014, 12.118577578007004
-5.40061499894585, 0.9238093539429251
-1.9002017428738158, -1.1425440234789646
-2.652203317028576, 1.4479277985754204
-15.727143100969496, 2.552085324528491
-1.9564268566597038, 3.7518319098044755
-1.163534349690531, 8.551425220869142
-2.3853877276592335, 1.2930580023385636
5.127902635144463, 12.317551509113345
-1.8189490233734134, 4.178631229623617
-2.8615986412634213, 4.483667329410883
-3.2193234266971684, 6.45624754041813
-16.531982842262906, 1.7096086454592003
-4.511280988855296, -4.1335916461048345
2.339062549759551, 7.191281462178446
-1.877472026679964, 0.5549527548338022
-1.1469733626942424, 3.8994690296778227
1.871705577212444, 6.326986380866989
2.8672870947764446, 4.457858821366965
-11.783807835931412, 0.37174457417455176
-3.5333735425300477, -6.593931046311942
-4.8715019354299605, -0.9110353163627627
1.2963256019391816, 2.4501997082197784
-22.031487683464373, 4.4516333511398045
-10.868805318180284, 7.8045185022457515
-12.972492084073908, -0.4193458062465425
-19.182950792114756, -3.791770162311688
-5.688162362883016, -0.4958545273254047
0.2088296072085809, 8.30125868341415
-2.206392877701751, 6.091406052192757
-4.771992651035973, 1.2881141022707334
2.2734605551164653, 10.125931792119841
-10.644993855570181, 8.515182262765864
-7.551953365702069, 8.901065195631684
-16.795777578371364, 2.369406815121134
-5.278947286841544, 8.975233231574615
0.5286513219996221, 4.142268873802783
-10.968438701220322, 10.413963022867486
-5.5420488782928725, 5.573166432859573
-2.7998839645559928, 2.2127701819098053
7.942612604819336, 3.9879663314595915
-2.4539344521897264, 2.9348500619005784
-16.386871934441885, 2.359373038262676
-5.572569411514154, 2.882964926147464
-9.611944340778688, 8.0697274870152
-4.026847986161563, 2.7326297543879297
-3.336132911850876, 1.6854877216398838
16.324000233165663, 8.077485843120657
-9.519207937743012, 3.6485560238504346
-24.24531075947941, 2.8883625524514205
-4.071356205345969, 7.43257183627124
-8.150442083668638, 25.11238036194537
-3.4250617385885143, 2.080433700497047
-2.1840871558360035, 4.7424043048858895
-11.796462545291682, 0.24811209018735103
-10.5762629932689, 8.26114672859206
-7.5739871388054985, 7.463042483091568
2.2174657722278868, 4.650110202747312
-2.2981342947252648, 3.2673777337349716
-1.9259834166680427, 1.0181959448915008
3.3454040034720105, -9.393789938277381
-1.4487621095578105, 1.183190601088214
-21.057170378133076, 1.8052342781601374
-11.14247352205332, 1.3303575767560967
-4.165540884209452, 1.9423791325292232
1.7087872376247897, 1.6733438107566219
-10.71566305767151, 7.724713278113305
11.433099651986442, 0.020821458966315376
-6.35398839235462, -9.513045211188562
13.764352503639682, 11.739379649449202
3.1515529929631443, -2.758726754157662
4.094019940741569, 6.132952686138697
8.066143863939716, 18.655405740358233
-6.454471045017334, -0.1771864734448112
-5.590216890795827, -0.16337956757634586
-3.835907864605543, 4.865370678088434
-6.6874841459585905, -4.7679828050658335
-14.598589632328169, 5.811449301331769
-2.814133641574653, 3.9638992961993242
-22.320164979456475, 7.263246240264674
-22.877639904630428, 12.738948928683111
-1.9481208340915854, 4.716537665472706
3.4664564604344363, -0.011768611413844887
-5.942892896845005, 0.45795338660163987
5.210840116773542, 12.198053092115584
-14.297468105732015, 3.9555872236506113
-18.577570596766634, -10.354221194530433
-2.2979798572724883, 0.9363671183232349
-9.928237168042212, 8.60065538980317
8.288195245477057, 1.7962955231236468
-14.692059417065998, -0.6460753235534824
-20.74095604408187, 0.8614895543555326
-3.9444389481452458, 0.14672068851549236
-11.966188754896038, 5.162188597367141
-21.639880041072722, 4.245036470724775
3.6765014370679667, 5.038291384637456
0.08467979328590447, 3.1417101217524754
-1.2038902134698295, 6.118965916177295
-0.7796859640915181, -3.7897780668375134
24.004643469834473, 4.827026818306793
-7.2050543658073725, -2.7328808346202367
9.421655781918686, 4.9378164917980785
-3.15719999476547, 2.892621950406132
-12.316267490025089, -6.3021152159381195
7.845010929681537, 2.3957989326303624
-1.6249994527224727, 6.462476848981552
7.265879233604838, 12.598923719014499
-14.79244978537407, 2.8358349229636604
-0.9817675834336714, 3.123798039323621
11.46490268034381, 11.785381791431726
5.898255282833148, 13.607573337730923
-3.215197403113089, -0.6147150184490267
8.992206701003031, 15.90211326567319
-3.50939850054401, 3.5676208181948774
-20.042119504050305, -5.349106848036682
3.2928386710922233, 10.731446325339489
-0.42933708714357177, 3.0163687980448524
-2.829690157327223, 5.736246473972679
-17.56207064167853, 3.8840200687810333
18.12228158177414, 17.971832894291694
-5.731871724487139, 8.701948044666683
-3.9207965393822057, 8.022722827659429
-2.6224267202573004, 1.6244071388875898
-12.549836599460573, 7.255247796813174
-7.171974055676932, 1.4612855843179877
8.202086590166834, 5.335121552790606
4.82012708605297, 4.573613791719744
2.2372113821544595, 22.785886272928852
-10.614135932247418, -0.4601633541562171
-3.5108787601335036, 0.04499421260163672
-4.602726933610108, 2.0029841698809396
-13.06777457213807, -7.047449054516667
0.7533979679290415, 5.939409762522093
-11.82418484169997, 6.57686887635831
-0.962543281323243, 4.901248034590665
-4.480788992089911, 13.463833943961713
4.682460416627193, 9.70639144706966
-2.7062649428167944, 13.92774564426432
-4.969348158883101, 0.531856303559707
-4.574707525042844, 5.986431162863134
-3.668136539918785, 0.8591437145494427
7.393886076181273, 6.531460836473663
-3.0054748370813362, 5.553123861405732
-8.529757431981945, 7.853605823502855
-1.6736498519849579, 0.9021544304521703
2.012342629389857, 10.665077231323096
-4.695369577900383, 3.604541612109965
-8.187913366186462, -2.5212158996081815
-1.1793686467349271, 0.8149356072087685
-1.699166132214597, 4.603696580133554
-1.4623850528978326, 0.8624474310890529
4.798257429912229, 11.642796509051447
8.53144630689568, 7.3379513133406125
-4.411360192967662, 7.846810739735091
-1.9979262825996225, 19.61343935327543
-4.6175722431066335, 9.785710066798023
-1.0936229523648957, 0.14829307399613478
-1.9559366101153723, 1.4851949335024444
6.919894779863078, 6.88849580628898
-2.6807532577935493, 5.4283514074192105
6.800367956603239, 10.504534852440072
-1.4833853219253794, 9.17375725685312
-3.0786896911660913, 6.780497311316815
-7.188268203983917, 4.193264926058918
-2.0651810722391617, 0.7089544045537952
-14.270460166491173, -7.7753154737941745
-0.953747411645976, 1.476982412151794
3.370385176935006, 12.22825133218103
-3.1947526676735194, 3.439567110750432
-4.092494276629382, 2.8072837235037
-9.726524441714492, 1.7054492657723974
-2.8645155490369767, 2.3572388063787324
5.3677371810367305, 10.152003389138304
-9.855918434045478, -0.46009859689851673
-2.0730424594413153, 6.281890052231497
-2.7111980697977014, 3.687138080308792
-3.7484159137199278, 15.390460108535255
-4.351036339308521, -4.745361636829921
-1.0197276036562402, 21.727961853270564
-3.2781291550713885, 4.8293954463636615
3.022911713291135, 3.2199488659931905
-2.8848871809102907, 2.3582959412659785
-15.394159406754795, 4.499441302920749
-6.129247152804732, -5.881050229392704
-8.87635888875028, 5.4038016791430845
8.453495515254534, -1.031416571227398
-15.678625934794077, 8.718735777759271
10.218126584944336, 2.2896582986274217
-5.495987056562145, 11.618500758721815
-3.937518466669996, 1.1875459270418092
-3.2851437388933453, 3.7908915106676506
4.322168561482168, 13.189808818055592
-9.880557469591423, 7.5888429574733305
-3.4476753015316324, 4.738732540987908
-1.8418258044237676, 3.3211159339980734
12.951740493494109, 1.1665725782683598
-9.701660299596563, 9.250251866075919
-3.3729673230554593, 3.449718384887891
6.3729762542806405, -8.959124012081556
-14.244665578751226, -8.78709567569818
-2.1233233017340645, 1.6803634846511843
12.720555739511399, 15.338557605392655
-5.468654442929321, 12.746234271783186
-0.8435245750488283, 2.7192784635066745
-5.06874053206076, -0.5265246127825942
-11.858208745214462, 7.217936990354197
1.1127547937338225, 2.5083956330946653
-4.588778105697754, 5.1123608577684525
-9.497842261833393, -3.73772123339179
-18.60322535244083, 6.985314185532598
-5.585423962590818, 6.999507126797109
-1.1784030472504456, -3.1676307965616157
-3.1482704559604127, 5.195423664194622
-8.4069415634329, 0.7058267827541113
-2.7984810351804006, 12.178749628172978
-4.443825954693036, 13.621740915462402
3.745299138372416, 4.890431534359864
-4.9454095457419935, 8.656736082492325
2.066177830104368, 5.299213882844331
-2.7478371225358904, 5.202128571691668
-18.22923000915058, -2.3967273590638802
-2.42797327391259, 8.311592207434895
4.971643970641371, -1.8782400284632992
-12.170927291850491, 11.314715490676027
6.02037622719459, 3.1756814922176027
-6.849695812312419, 2.894697786441723
-2.2084814542718307, 3.551872323712412
-2.7043499196247063, 1.7750220501208236
-0.3497958595229296, 6.470411555319355
-17.526960620368868, 15.753291976453404
3.2360021322560053, 4.785740283438853
13.064318360553322, 4.6382927738971915
10.185671273448499, 14.862494181123605
-4.63672394244724, 2.2990611322599173
11.034168098928813, 5.912486267793184
-9.407046770645316, -2.731047320476806
-1.596001015385769, 3.782350708272373
-3.745599026223493, 4.505434800105507
11.147618699524855, -4.552131706369261
-18.272613455826423, 7.37754567783758
-0.9990309297086455, 10.384596102901051
-5.399098579262719, 3.5560076890757397
2.11534382594162, 7.256959108650044
-4.6968506408416975, 15.511464850191317
-4.800962587591288, 4.142130772199552
13.121510367878665, 25.418536137878725
-13.120571412345672, 1.4616836565663327
-15.971980259124596, 2.6824539028196246
4.608068564212853, 15.780947280199555
17.382481247510306, 20.605004099449115
-11.453640280026383, 5.137519076880185
-3.1883193696408285, 2.2741976257660004
-5.0500159899081964, 4.983349856202512
23.50662441096646, 22.55206310926488
-3.7775917191062103, -2.2838503313172343
5.260655538050233, 17.07174164224817
-9.222673812692936, 17.143790525720586
-2.4200241005124754, 4.0049803604816026
3.5657115541792788, -0.37726567193113336
-6.83703472286782, 5.643856367378738
-2.6397463790749414, 4.5977548639380155
18.82948759979805, 17.748638899190603
-16.10456863692807, 2.577273938830559
-1.4723894032331573, 6.387987647157124
-9.534827346399592, -6.9386865486159195
-3.2759217761793797, 2.5555754401113187
-2.90118342335224, 3.216165382925557
0.40143541008631844, 7.727150946723359
1.9363564153448256, 0.40150834294875093
10.007243057493637, 13.689436693118463
10.13514803079622, 17.456069600316038
-1.5288121648518267, -3.1049944173472914
-19.199385123589103, 3.2914343870361016
