0,1.0382047349273966
1,0.9955675956260301
2,0.9908295407815533
3,0.984177892973764
4,1.0078131499120806
5,1.0086508969551182
6,0.9935041044397263
7,1.027567020057154
8,1.0021644699165557
9,1.0481754338834506
10,1.0121873032416802
11,0.9917541134362171
12,0.9854120261655788
13,1.114903164812136
14,1.0595255547488849
15,1.0357425262415352
16,0.995071985682963
17,1.01390160144205
18,1.044783567452499
19,1.044538773802903
20,1.0007106791394351
21,1.043447173297199
22,1.0299048070159944
23,1.005592389104653
24,1.0076139912371223
25,1.0531031781392746
26,1.1199207675389111
27,1.0320990967772397
28,1.0710723693544926
29,0.9890055619196718
30,1.0296009482849078
31,1.0794112605761352
32,0.9808020137264504
33,1.0523718144066274
34,1.0529633785485624
35,1.0255358117385485
36,1.0126395716232173
37,1.014185014270693
38,1.0109301358460434
39,1.0348096241530351
40,1.079162235443
41,1.0350753028426647
42,1.0283825994740443
43,1.0106198196112088
44,1.0250853341781343
45,0.9892530338745487
46,0.9945105835632696
47,0.9976782026129274
48,0.9998195520823482
49,0.9822887469625381
50,1.0074103821907017
51,1.000004776104635
52,0.9867046558663013
53,1.0618444885279967
54,0.9987803422886082
55,1.0213687177312858
56,1.005859110883597
57,0.9883265514800446
58,1.0019826345544858
59,0.9985531922571784
60,1.0054769677461401
61,1.0004336018911801
62,1.1013447174939621
63,0.9854354332736359
64,1.067309894392327
65,1.1041077207924153
66,0.9998037255978239
67,1.0825959612654021
68,0.9873279442817131
69,1.0284845486288225
70,1.0062655361759627
71,0.9997341509886997
72,1.0088269399669434
73,0.9918600842844865
74,1.036910022187886
75,1.0419929126769956
76,1.0079706237127046
77,1.1829529963217305
78,0.9910048661625339
79,1.0020112416762772
80,1.0218701976381186
81,1.010506980278481
82,1.0248266961260186
83,0.9972634168825916
84,0.9960045567171066
85,1.003718137777361
86,0.9881725442985263
87,0.9990271828826939
88,1.0601671018831431
89,0.9911667003978277
90,1.0028096055415556
91,0.9930167874578045
92,0.9826035849701037
93,1.004541221102909
94,1.0164137929309904
95,1.002516468590584
96,1.0215277575410808
97,1.1729648281131568
98,1.0212461939006792
99,1.0088528463043196
100,1.0464922769866725
101,1.008108811833019
102,1.120320548379448
103,1.0338565443772412
104,0.9943712055370701
105,0.998988632085918
106,0.9997920266014874
107,0.9821327873681985
108,1.0761778107018953
109,1.0730656621736727
110,0.9930967599045483
111,0.9898233879362153
112,1.001010514576791
113,1.0637253958136696
114,1.0317079877281317
115,1.0077843134842466
116,1.054300517516742
117,1.0027935696016541
118,0.9905304859417962
119,1.033790377731735
120,1.020894211178907
121,0.9840796807527946
122,1.010556493580689
123,1.0108836162642811
124,0.9978908491833209
125,1.0265789160806944
126,1.0029168370380497
127,0.9866440195723314
128,1.0767206748863916
129,1.0562153465698367
130,1.0043088458758258
131,1.1097053900629663
132,0.9945269663517645
133,1.005291438414018
134,1.0236261030754055
135,1.0225679041340383
136,1.0074695427023224
137,1.0465948588552898
138,1.0238723608514457
139,1.0293593309920617
140,0.9999693093885285
141,1.0253249782926268
142,1.0360837991816223
143,1.0310465695402002
144,1.0312987948106045
145,0.9959369439150374
146,0.9975848075602383
147,1.031545083760518
148,1.0117440932693447
149,0.9990155049175498
150,1.0689101757036392
151,1.105574857873759
152,1.0378600289544693
153,0.9970973636806123
154,1.014223204200807
155,1.10359063573124
156,1.0422754942826868
157,1.0120135020111483
158,1.015651046162013
159,1.037379298694782
160,0.9884950518885192
161,1.0144436125961103
162,1.066353599190506
163,1.000525616328608
164,0.9917804756297446
165,1.0300665266292228
166,0.9934945415689287
167,1.05000682253743
168,1.060182890314067
169,1.0554466423659987
170,1.0371938941753722
171,0.9880766935260605
172,1.0093536851643703
173,1.0148061572943006
174,0.9850375631865349
175,1.0228922331792152
176,1.0626709845752986
177,1.0506413809054433
178,1.1078319654413393
179,1.0337248253750204
180,0.9984727115969207
181,1.0170546506578328
182,1.0121756386500032
183,1.000403717568377
184,0.9999291438600264
185,1.0118773406831358
186,1.0008383512996106
187,1.0055255885580736
188,1.015895718476858
189,1.0084765906634638
190,1.0038471457413718
191,0.9951587536644069
192,1.0126657641783317
193,1.0445779717751287
194,1.021581760402643
195,0.9965316203783217
196,0.9968806471995867
197,1.219393651945627
198,0.9993782092471672
199,1.000518391952224
200,1.010725757251537
201,0.9886532664473029
202,1.0075756085212904
203,1.1089654837349934
204,1.0353091520778843
205,1.0555421760312758
206,1.042515322326468
207,0.9946738464430145
208,1.0180714250953597
209,0.998339160438652
210,0.9898982115757774
211,0.993902636930247
212,1.0646886053062006
213,1.0016839706327798
214,0.9923363898909575
215,0.9877631876028506
216,0.9997520086147951
217,0.9958874979504297
218,1.0748660293791263
219,0.9879357323129884
220,1.0411748393875961
221,1.0163440035883713
222,1.0139791456491427
223,1.0031288353215575
224,0.992659727767195
225,1.0108842141345413
226,1.0130864327203377
227,0.9878936086301644
228,0.9843849855781116
229,1.011249895838402
230,1.0430339409909668
231,1.0815956796638146
232,1.0590244671618687
233,1.0030934425254296
234,1.0245223242370258
235,1.0343054695961966
236,0.9905000686269323
237,1.022196082626445
238,1.0026876399035993
239,1.0101222311272493
240,1.0232498162505732
241,1.0124029751515309
242,1.06391856780392
243,1.1101269525508717
244,0.9942618188685193
245,0.9941481501441847
246,1.0274787127138052
247,1.0415410106642247
248,0.9888421339012847
249,1.0788439366357951
250,1.0672983205341537
251,1.1006146983139349
252,1.0204734557760489
253,1.0413328504789403
254,1.0531711316108276
255,1.0420116896231717
256,0.9974678276594429
257,1.0089770577021102
258,0.9868113645135351
259,0.9977786646114764
260,1.0331092967049802
261,1.030661225799303
262,1.009660472958224
263,1.0238560792677656
264,1.0417950870069679
265,1.0355591232518153
266,1.0024283678756618
267,1.05329690836962
268,1.0071321154765378
269,1.0401528543404934
270,0.9977025470447474
271,1.0301100324069092
272,0.9971561741381344
273,1.0431484321122488
274,1.0230014289383413
275,1.0174332938683728
276,1.0342753805604863
277,1.0209912378818722
278,0.9901539525305234
279,0.989181555021189
280,0.9990083458371026
281,1.0411745735606637
282,1.0731827573731454
283,1.0623235933033994
284,0.991731811657255
285,1.0123914628141883
286,1.103939087353631
287,1.077109549455146
288,1.105914525979042
289,1.029080128924966
290,1.0141023699925606
291,1.0114014545019816
292,0.9938432449627695
293,1.04105869236319
294,1.0290257916466616
295,0.9942591823440399
296,1.0001432461215418
297,0.9978260629246488
298,1.0273690436206029
299,0.995754928355615
300,0.9933692601824609
301,1.107582111710814
302,0.9977001797725402
303,1.0365407618042295
304,1.0679530305586027
305,1.0212492143976026
306,1.0271074143064527
307,0.9834588897862864
308,0.9884147073747287
309,0.9990068474358647
310,0.9972261495620719
311,1.0909280009866398
312,1.0169167057039799
313,1.0655215562105549
314,1.0508403315459534
315,0.9964839563169494
316,1.0197053530536764
317,1.0739161656503238
318,1.0429442314350115
319,1.093218743910288
320,1.0152077891046303
321,0.9928126595626016
322,0.9919334091151031
323,1.0324366861804695
324,0.9931145480562512
325,0.9905413822330881
326,1.0272608515024246
327,1.0086475642650017
328,1.0483266931306465
329,1.139156401234285
330,1.0263413734323623
331,1.0026626201459634
332,1.017822410794616
333,1.005146084110644
334,1.0283118467036938
335,1.1060984776251988
336,1.0057354986326137
337,1.096638503888509
338,1.0144835411830702
339,1.0158926867952114
340,1.0229858510338417
341,0.9876725500309561
342,1.0042380894585683
343,1.0117971277921098
344,1.0780953935088615
345,1.0027307777178947
346,1.039759582552742
347,1.1111012135475413
348,1.030470778400827
349,1.0302369295527294
350,0.996094478511122
351,0.9825574811754395
352,1.0173553434651996
353,0.9956455350784998
354,0.9900981302663084
355,1.0100746742672537
356,1.0798573291604536
357,0.9932554159326611
358,1.007562051477536
359,1.0024503940631249
360,1.0618315974864823
361,1.0734961796807931
362,1.00368239564669
363,0.9834978447709289
364,1.0025193869763867
365,1.0050325504021453
366,1.0022332905927402
367,1.0217766206567966
368,1.014482426863328
369,1.0808049476009702
370,1.0114618628530572
371,1.0477024969706634
372,1.0047553107651264
373,0.9999496429704997
374,1.0936380026871984
375,1.0655115119564877
376,1.0344638662593337
377,1.0061735136479735
378,1.027230976216794
379,1.0790814320908453
380,0.9939738903625974
381,0.9866716532802093
382,0.982898183211873
383,1.0402236386012977
384,1.017395207503847
385,1.0671839889535042
386,1.0179983471929757
387,1.1237395317915064
388,0.9905521215852581
389,1.0101609290520361
390,1.0301541518360606
391,1.034324888522012
392,1.0487715630658427
393,1.0040729097165841
394,0.987949524775195
395,0.9876642139044998
396,1.03745159040282
397,1.0215586002342874
398,0.9935910510992536
399,1.1198302675227012
400,1.002547352755086
401,1.0072584521392105
402,0.9918340683081095
403,1.0041450885635974
404,0.9984375615740202
405,1.0134230688477428
406,1.0836537734931806
407,1.0724828491161147
408,1.042294002142023
409,1.0202382390307068
410,1.010236362751654
411,1.001431919652182
412,1.0281479195124956
413,1.1642147737481876
414,1.0663661504016118
415,1.002755973067921
416,1.0039912219250473
417,1.0864595385741374
418,1.0045003128345837
419,0.9979012958055916
420,0.9987037071915298
421,0.9910316174838734
422,1.0091528291766938
423,1.0720760503240645
424,1.0526250418761853
425,1.0001485528717513
426,1.006048617267537
427,1.0048783699604444
428,1.0971140608762482
429,0.9844662450674228
430,0.9972622164719454
431,1.0769024064023436
432,1.0187678608496082
433,1.1045085345711403
434,1.0941928341715665
435,1.0094372114909982
436,0.989573443657024
437,1.0531464611947996
438,1.0842479480064855
439,1.0148714848229763
440,0.9927598339832091
441,1.0358184892902242
442,1.0079987301551712
443,1.0273805446388549
444,0.9925055544470678
445,1.090499501901291
446,1.0362385305048485
447,1.0681631641942428
448,0.9986817697442306
449,1.0442393486470494
450,1.0831657180363292
451,1.072330751761736
452,1.0073097805291222
453,1.0260043480494203
454,1.1473376061100724
455,1.0260636621995864
456,1.003542046595563
457,0.9875760650693998
458,1.0051393932006967
459,1.0172163402730257
460,1.0182816945324658
461,0.9889354165832419
462,0.9906151913228262
463,0.9870229012324561
464,1.0047099685373688
465,1.0095509250050378
466,0.9860036038113604
467,1.0027756304447188
468,1.0749874789419638
469,0.9830664491030499
470,1.0187517373637518
471,0.9920363832575705
472,0.9851071810887085
473,0.9866162130041152
474,1.008187453683701
475,0.9882130318441177
476,1.0083800356736963
477,0.999543829527803
478,1.054262894431222
479,1.0758440449041309
480,1.0140051048792738
481,1.031963570485603
482,1.0793896391551265
483,0.9921121064050037
484,1.1745427171080227
485,1.0632194478727293
486,1.0159349406098444
487,1.0073169273012883
488,1.0051222462444318
489,1.0120945301357842
490,1.033332346648308
491,1.0177516379333176
492,1.0037014374183841
493,1.0948135904053284
494,1.0027354779641995
495,1.061455513435908
496,1.0369162610642135
497,1.010520348982516
498,1.0568113665357721
499,0.9981109914224332
500,0.9959236267745302
501,0.9968019358819213
502,1.0307734123181125
503,1.0043067345851409
504,1.0312064481223504
505,1.005173984472512
506,1.0524680299860871
507,0.9896766209311442
508,0.9999618947336333
509,1.0163021845152462
510,0.9924424099429541
511,0.9952288893131679
512,0.9914182885242679
513,1.0128273911409462
514,0.9926899571518286
515,0.9857124178204311
516,1.0360948623808854
517,0.9917920492019465
518,0.9911548987817064
519,1.022534716311655
520,1.0272726290977645
521,1.0322078452990215
522,1.0257524374773839
523,0.982891884097729
524,1.0268167418955279
525,0.9896585055006588
526,0.9951070228517866
527,0.9912449276847349
528,1.0527664149421962
529,1.0056844867475918
530,0.9981360236231207
531,1.0339758354765238
532,0.9998166306038789
533,1.0149442344561397
534,1.0904130111704753
535,1.0126763141744046
536,1.055550561458017
537,1.089781847334357
538,1.0280213611818172
539,0.9977131902903064
540,1.033487324372442
541,1.0118015216573
542,1.0201977027422071
543,1.0058704557185705
544,1.0139387090126037
545,1.0608141201957104
546,1.0017561367468366
547,0.990841677339999
548,1.0029187345440145
549,1.024482738240616
550,1.0070122843650227
551,1.048437730439332
552,1.059357581100422
553,1.0044062202302053
554,1.0045688417866572
555,0.98961558994172
556,1.0103494907503026
557,0.9983933539904335
558,0.9937618081670694
559,1.005822781240568
560,1.0700594523885543
561,0.9933063983616736
562,0.9997699881338302
563,1.1121995289616784
564,1.0065632389240964
565,1.059002382552714
566,1.0481861377525583
567,1.0071713687369812
568,1.0009285013008042
569,1.1152202059882965
570,1.0048018910829064
571,0.9981798897806687
572,1.0626545806394032
573,1.0389594350657563
574,1.0843892914263522
575,1.0102884876927467
576,1.02881323607558
577,0.9918574851168424
578,1.1148769218984902
579,1.0023874652468652
580,1.0124415521335624
581,0.9964897521730108
582,0.9947432623470256
583,1.0705938572246172
584,1.0442768385907295
585,0.9903643823012226
586,0.9894840982881398
587,1.0094688413810369
588,1.0129302601047079
589,1.0765071332977496
590,1.0248740451864653
591,1.0449130274852778
592,1.0128804957778197
593,1.006553595156292
594,1.0114453905563734
595,0.9953050201890916
596,0.99738902595329
597,0.9946336865959473
598,1.073182618219201
599,1.026087290175377
600,1.022085433014329
601,0.9938201989081163
602,1.0048627960086085
603,1.0282379423242354
604,1.0077391929289323
605,1.013088048198843
606,1.039840706573851
607,0.994156325411053
608,0.9939313698255137
609,1.0003950892068407
610,1.0433866865017059
611,1.0045191793536352
612,0.9915376646527019
613,1.00091239166459
614,1.0209085108794935
615,1.0127738524011578
616,1.0197525326595316
617,1.0075912310792978
618,1.0928565259032426
619,1.0820942981255843
620,0.9941291024784944
621,0.9986448255124971
622,1.0390870216019041
623,1.0066907407115666
624,1.0152154376913316
625,1.0411616396549317
626,1.0721837845035573
627,0.9967920416725364
628,1.0073401087421185
629,0.9827304949028485
630,0.9857937505776223
631,1.103879077218279
632,1.0256185138280425
633,1.0904318284453811
634,1.0426609137505989
635,1.058727846556745
636,1.0412169206791522
637,0.985269976381363
638,0.9858918670118804
639,1.0567618445768516
640,1.0170733614801633
641,1.067901712511123
642,1.0051639693561438
643,1.0876292413399984
644,1.034860370633936
645,1.0132870456140886
646,0.9953856106287683
647,1.0056337032815028
648,0.9960698174217587
649,0.9989676202178017
650,1.0627374883097973
651,1.015140085429661
652,0.996961029902645
653,1.0395606957656627
654,1.0799933489015399
655,1.0886384993285843
656,1.0008090284361768
657,1.0730405287593783
658,1.0016936731060664
659,1.0053103820307867
660,0.9931808382346592
661,1.0028125240628492
662,1.0036736647422688
663,1.0343751120642324
664,1.0499425147914283
665,1.0161209616587021
666,0.9999124838203575
667,1.0628402751242607
668,1.063676979543771
669,0.9984322722265209
670,1.0085753603841985
671,1.0290414888292663
672,1.0014686639276718
673,0.984871125865265
674,1.0457379134120366
675,1.0309533544072704
676,1.1462262467861808
677,0.9949338153370313
678,1.0116438007881492
679,1.0422018479928954
680,1.0014400441512474
681,1.0060060278460115
682,1.0062686454288428
683,1.0337504449990718
684,1.009014559805609
685,0.9896859628397647
686,0.9942149011620903
687,1.0263917874399997
688,1.0417496140759517
689,1.0035579470770792
690,0.9936905150583426
691,1.0045662786179583
692,1.03626347578772
693,0.9877403875276977
694,1.0424729143007436
695,1.0055009307208982
696,0.9907917438623614
697,0.9950775920772217
698,0.9922912771286504
699,1.0354168751964132
700,1.1227947214545426
701,1.032685810857699
702,1.1368341674946985
703,1.0524413443690612
704,1.052158342431074
705,0.9904551082621158
706,1.0057908290814768
707,1.0123749991616864
708,1.0177935901932293
709,1.0089116106321638
710,1.0043521958715154
711,1.0769038424478068
712,1.067737727678005
713,0.9821232166995537
714,1.0016698953439063
715,1.0498761258303007
716,0.993371492205905
717,1.0348472103446171
718,1.0199694448708845
719,1.0042438817212431
720,1.0306612719270238
721,1.0726222474131208
722,1.0613147383224355
723,0.99833701093284
724,1.0182699040403307
725,0.9853042842958073
726,1.0074895736454328
727,0.9933357301048212
728,1.000878737171802
729,1.0261995755940947
730,1.0100217633846942
731,1.016270514855588
732,1.0041709115756436
733,1.0177086313572543
734,1.0008479990417432
735,1.0239558060801142
736,1.0076385018301246
737,1.0927920852890038
738,1.0256051846523453
739,0.9936210341236978
740,1.0494360542598717
741,0.9915707370678788
742,1.0171778401265001
743,1.0113075747048497
744,1.0787145840250063
745,0.9888224326283896
746,1.0168184455785472
747,1.0141571851081272
748,1.0086525981159402
749,0.9846832153496925
750,1.0034798238348916
751,1.0051724091378684
752,0.9916686940003837
753,1.0219327533899398
754,1.0301995115217006
755,1.0147096880426258
756,1.025348942902864
757,0.9969335302236568
758,1.1185562899988535
759,1.0122094424590888
760,1.0391346678072664
761,1.0081652518977096
762,1.065620455607182
763,1.0812546319769876
764,1.0585837319052567
765,0.9939533434692371
766,1.040240358364786
767,1.0134233623185211
768,1.007398709308477
769,1.0003587426596114
770,1.006897747258668
771,1.0106748168834243
772,1.0605137653763057
773,1.034135899803922
774,1.0085827119468176
775,1.0092066227323464
776,1.015621479018788
777,1.026679135189475
778,1.015145216220261
779,1.1028351536691288
780,1.0026874447869258
781,0.9843692821718446
782,0.9872121510180243
783,1.000370921526789
784,1.0577025687618788
785,1.0441235478281112
786,0.9950607935669908
787,1.1405087188044325
788,1.0039801001143283
789,0.9945830987649696
790,1.0438614643666129
791,1.0251134713289445
792,1.0088192046215716
793,1.0587209681832306
794,1.079245199872061
795,0.9885134974375873
796,0.9970123436779741
797,0.9923266925311238
798,1.001174880319695
799,1.0851775457622659
800,1.035212668802428
801,1.0289591831045883
802,0.9996378457642919
803,1.0082555619709925
804,1.0160088065671258
805,1.0988186571035277
806,0.9963854943670546
807,0.9868422542198212
808,1.0020239538794362
809,0.9812610671954143
810,1.0550264808357768
811,0.9924145265088954
812,1.052947763946296
813,1.0307303649737456
814,1.0115579141543076
815,0.9967730320922994
816,0.9881286021137885
817,1.048308335102423
818,1.0300750680575756
819,1.0319549190939672
820,0.9928257847388888
821,1.005578060750422
822,1.0074623543373817
823,1.0049350411083338
824,0.9962307695929324
825,0.9974223061539045
826,0.9902456771855044
827,1.0740486219921168
828,0.9954013669228808
829,1.0135132047118636
830,1.0145807083393956
831,1.0506976224727467
832,1.0439105408666118
833,1.0282021079807775
834,1.0470666748063102
835,1.0479477220067008
836,1.008001939785072
837,0.9974259886221516
838,0.9966076479994863
839,0.995514175474129
840,1.0248854279365953
841,0.984391256622847
842,1.0610019200610288
843,1.0321463068246133
844,1.0203515987907084
845,0.9909059144534087
846,1.0214683235699078
847,1.0069327513775495
848,1.0788575255140453
849,0.997408958548413
850,1.0489546107104748
851,1.0172424124383252
852,1.0304534021804304
853,1.0206809419029985
854,0.9965791508586828
855,1.0025841353475347
856,1.0084751744817453
857,1.086555104874725
858,1.0001176013362014
859,1.1749476109001584
860,1.0322469379300547
861,1.0365430289221995
862,1.0215873889014242
863,1.006920221605304
864,1.0124898924726082
865,0.9902530168950292
866,1.0799257566713871
867,0.9908981530914575
868,0.9914723153319067
869,1.0177597500195192
870,1.0090408405391529
871,1.349904238713961
872,1.0065419484337461
873,1.02217778217921
874,0.9902310438195125
875,1.0267430409358602
876,0.9836346676098149
877,1.0033389023472152
878,1.0020928508403655
879,1.0623986347270704
880,0.9900945894651174
881,0.99680628654699
882,1.0607418465301204
883,1.0721035029640558
884,1.0488533704120213
885,1.0717882005843937
886,1.0781345704669616
887,0.9893709142716781
888,1.0448669776725643
889,0.9990568193232218
890,0.9947204602206396
891,1.022436460699236
892,0.985560465320891
893,1.0355051286225445
894,1.0145173385567579
895,0.9952031581455141
896,1.1041820848145374
897,1.008702976449582
898,1.0563439791549776
899,1.0321732131164
900,1.0018665724918707
901,1.0183700391328612
902,1.0346441196303802
903,1.037886357959255
904,1.0550338971724313
905,1.0073431537980282
906,1.040708967418872
907,1.1048972602928848
908,1.0055683184619382
909,0.9892178947755036
910,1.01627942219937
911,1.0063519631057873
912,1.045097293907902
913,1.1205131702543152
914,1.010367077431142
915,0.9906020839083519
916,0.9970981845441822
917,1.0948642078075996
918,1.0419321978030114
919,1.015096211934228
920,1.052427185899766
921,1.0098018372702542
922,1.0404725656777287
923,1.045214642209325
924,1.0190275087597969
925,1.0252351036083247
926,0.9976126556124498
927,1.1303238624126082
928,0.9932119429654708
929,1.002258220592721
930,1.1099662036729372
931,1.0252660919730405
932,1.0021298138137928
933,1.0313867759158621
934,0.9916921318217309
935,1.0284195734164365
936,1.0024581119209768
937,0.9979244185383823
938,1.008459817735512
939,0.9814268957137462
940,1.0299296069980668
941,0.9906649592490662
942,1.0321979192955353
943,1.0487095240239261
944,0.9940979040402973
945,1.0412411199814187
946,0.9965106499285765
947,1.0292246744539204
948,0.9970371837305637
949,0.9914202449654335
950,1.0951065074955106
951,1.0205053266225517
952,0.998951500572256
953,1.0258671258506913
954,0.985272901695189
955,1.079577587891848
956,1.0628278749540978
957,1.024553196401193
958,1.161033133098909
959,1.009529089177715
960,0.9904800980203037
961,1.0128408228925712
962,1.0089022493479054
963,1.0243251639311937
964,1.013454625852901
965,1.1794914326646362
966,1.0218905222123067
967,1.0232535400924758
968,0.9937439196565048
969,0.9990593328603242
970,1.0010500106688425
971,1.1136070947198253
972,1.050229117502154
973,1.0425624792123467
974,1.068334562297034
975,0.9986342613327082
976,0.9899352028595487
977,0.9943597093471155
978,0.9955341435666006
979,1.032536169565485
980,1.04081727628038
981,1.0443829887093303
982,1.073172980857962
983,1.0208100705441694
984,0.992627523321756
985,0.996138312969056
986,1.0511456573732272
987,1.084579382264275
988,1.0365724785979735
989,1.0337038238800282
990,1.0357815853775243
991,1.1236195597951402
992,0.9921194065295821
993,1.0747497587349208
994,0.9941376770497993
995,1.0046384248509486
996,1.1319886471122746
997,1.0039319065925913
998,0.9866242068319871
999,1.0619425916520158
1000,0.99640899963706
1001,1.0358833751632996
1002,1.0300439186792212
1003,1.0126601266625508
1004,0.9884072471890677
1005,1.0219186591120362
1006,1.0159427082120511
1007,1.0606603533715682
1008,1.0268446084213076
1009,1.0035902590344792
1010,0.9874373563195169
1011,1.0231048445467592
1012,1.0179925215587322
1013,1.0622742715930913
1014,1.0103440434255315
1015,1.088323655731085
1016,1.0203721981367764
1017,0.9992820802377611
1018,1.0068099107307646
1019,1.1760768171334637
1020,0.9947880178473136
1021,1.122382439573697
1022,0.992105446806054
1023,1.0328360227896405
