0,0.698362989532988,0.743380758305696
1,1.693724808946317,3.7873131125591097
2,1.127867505700227,2.020608521312489
3,0.7845260354290143,0.9389560622550619
4,2.9864551177656082,3.286102737594826
5,0.8703254459461733,3.224867917082995
6,0.8492503352842778,0.8855831740002006
7,1.5169495503143882,1.99060719758509
8,0.42199882528227034,0.8983601324024212
9,2.814811305583441,3.787313112559109
10,0.743380758305696,0.8492503352842778
11,1.4892760308895812,1.9031892284230578
12,0.698362989532988,0.7445260659581535
13,3.224867917082995,4.007080692824808
14,0.679213091291064,1.6092484313902702
15,0.5770546735905479,0.8983601324024212
16,0.42199882528227034,0.5770546735905479
17,1.0641251482311227,1.7122105972581085
18,0.8703254459461733,3.156954380775044
19,3.156954380775044,3.530622371261566
20,0.23925748989335488,0.7445260659581535
21,0.815765939846838,1.6092484313902702
22,4.8041919766222225,5.510991310007316
23,1.5169495503143882,1.528859921068666
24,0.23925748989335488,0.7733707133417452
25,0.815765939846838,2.041643133052199
26,4.418744411557856,5.383129986510198
27,1.127867505700227,2.735742142099028
28,2.041643133052201,2.243721228232909
29,2.020608521312489,2.243721228232909
30,1.693724808946319,2.814811305583441
31,0.679213091291064,1.918100139874847
