0,1.301457102080536
1,1.110752839195913
2,0.9380190841454594
3,0.9795435780706604
4,2.169391669775288
5,1.3825732271637976
6,1.2068161186804796
7,1.0131645277203973
8,0.9806245610622353
9,1.1726713126140362
10,1.1597282264845754
11,1.3002003274126168
12,1.0620304894161905
13,0.9904804313452927
14,1.0023183354553176
15,1.4303198253265261
16,0.9696620136693292
17,1.2294914367451284
18,1.2147035953764302
19,0.9574874074281754
20,0.9582636005446645
21,1.0444525515594743
22,0.9461052241505383
23,1.3304201490091603
24,1.0689004443781456
25,1.0001341633302734
26,1.2591229456998216
27,1.160673985300871
28,0.9536164641849669
29,1.1123822273749049
30,1.034340420026561
31,1.0501229846413893
32,1.3316940152021939
33,1.1032238221868558
34,1.1845064793375228
35,1.2283134197301915
36,1.3141219337054946
37,0.9697716100630678
38,1.1894853961993772
39,1.2027067963173024
40,1.0440011099207638
41,1.0796393096888153
42,1.1614050223870214
43,1.0038311995906468
44,1.1555912209750179
45,1.2195773237582346
46,0.9573761123327442
47,1.1158497778045988
48,0.9925107918050616
49,1.1098828749511214
50,1.0037846701224424
51,1.0201491349861165
52,1.1013249123635038
53,1.2987639415299674
54,1.0984635748371308
55,0.9479945570111377
56,1.006675577674998
57,0.9873875965883594
58,0.9714610842110386
59,1.067269571653711
60,1.0177601654806174
61,1.0032510168429802
62,0.9774914197780716
63,1.4795605383070622
64,0.9813067559082305
65,0.9889829518577089
66,1.6185325008310878
67,0.9607809901899637
68,1.311971637867373
69,0.9780084662309791
70,1.1111786518628861
71,1.1788178975827064
72,1.2581285363319314
73,2.5082517217811704
74,1.3680057657692593
75,1.2989095117105856
76,1.0682262225771884
77,1.2347598402454
78,0.991942254290741
79,1.005037650494558
80,1.0750793174830977
81,0.9802646273557825
82,1.0351420428251406
83,0.9764139952718611
84,1.0156261088411545
85,0.9929446024817445
86,0.9802655728913298
87,0.9820006588967348
88,1.0965726296420781
89,1.051636383977399
90,1.0633899040044914
91,1.2131789194497793
92,1.1136906697095832
93,1.4317053293350257
94,1.007248534704571
95,0.9658892195743383
96,3.4275903360683238
97,1.0309386799588578
98,1.2693354891460347
99,1.0811492593317094
100,1.0721375731323404
101,1.3563002381304614
102,1.0640981834520846
103,0.9690610474055291
104,1.4725503210794293
105,1.027605596867676
106,1.1091716507622684
107,1.070744224186971
108,2.600877482281417
109,1.075673247144743
110,1.1124939083915057
111,1.4789967056058173
112,1.0091685408035036
113,1.0032237798792267
114,1.0308082539119288
115,0.9869405257325716
116,1.0005554844610116
117,0.9928163229239242
118,1.0583225132425795
119,0.9921216206381387
120,0.9651895409154436
121,1.2545153222452834
122,1.0049514538356585
123,1.476578151519924
124,1.0527430079624247
125,1.0810103364925618
126,1.37046533048796
127,1.3078355408166122
