0,0.06937525644431242
1,0.08043842715129175
2,0.12222477146732888
3,0.10503177117350757
4,0.07352180741221533
5,0.08266310468505676
6,0.09413841778657299
7,0.07738633199822281
8,0.10229724817315362
9,0.09330813386132135
10,0.12062571879054221
11,0.09278188701861721
12,0.10968283880368755
13,0.08498925665956583
14,0.09192074016421865
15,0.08399483433945888
16,0.10632950546170025
17,0.08242987013345143
18,0.07024064084319989
19,0.09679735108368745
20,0.09862515884625417
21,0.10358529022363808
22,0.10066492124670108
23,0.07596900905894939
24,0.1118872907801451
25,0.09956450502055614
26,0.1156841181849922
27,0.09331069515292476
28,0.09039906648711614
29,0.11459647975075656
30,0.06412017378139365
31,0.10498878190017895
32,0.08100284560849944
33,0.0958115555576125
34,0.12031033360376303
35,0.1128690714050405
36,0.10013228754248615
37,0.10134184869803331
38,0.10806481872307445
39,0.10382875169779358
40,0.07581999095445792
41,0.08955194954618959
42,0.1191551898099946
43,0.08963640062375632
44,0.0707552334996337
45,0.0934008222364825
46,0.09084184901981307
47,0.11235688748924322
48,0.0584676034256566
49,0.10194746372096383
50,0.048807884008014904
51,0.10275930933179343
52,0.1115451939608167
53,0.11758166890358589
54,0.10163989287991419
55,0.07576594076051152
56,0.0929317587055778
57,0.07723746552195494
58,0.10145484669739818
59,0.10383587766757438
60,0.07263049765358746
61,0.10027941493138001
62,0.08407366386605036
63,0.07946595518529342
64,0.09751685716713533
65,0.08458717259926615
66,0.10143536167581804
67,0.07344659101148505
68,0.10535730296028076
69,0.10586524479717162
70,0.11806941876865608
71,0.09492328353602383
72,0.07368780809393309
73,0.11436857157183583
74,0.08359420840397169
75,0.10327143937168841
76,0.11364956917917937
77,0.09835781528000499
78,0.09402362816168697
79,0.1224781622697727
80,0.06229166599066461
81,0.09031060999702543
82,0.09068553716990588
83,0.1030349619820618
84,0.06439542447990294
85,0.07008424298289857
86,0.09704720619053438
87,0.048272971362107696
88,0.09815245284841442
89,0.08087372013828945
90,0.12130228297351416
91,0.07767668010573199
92,0.0914567270090475
93,0.07677373498911003
94,0.10138229546917865
95,0.0927334426012137
96,0.1035147185675652
97,0.08242925745091854
98,0.09106576988518457
99,0.10808589574932494
100,0.07198619068829505
101,0.10126925374058418
102,0.10057192587617307
103,0.08179798823115841
104,0.1135847496023078
105,0.09191120439344283
106,0.1102123828704728
107,0.0880417901262898
108,0.08310559611334013
109,0.10402664151915779
110,0.11498765119078244
111,0.12191894614100617
112,0.09315580669015802
113,0.10250947499052594
114,0.08081957635330685
115,0.10433428169705948
116,0.08722869708758813
117,0.08170324433402577
118,0.11658809856497136
119,0.08158613600752243
120,0.10489312633423045
121,0.0781983456315908
122,0.10065543411101897
123,0.058423907871192574
124,0.07373976970044309
125,0.07939816369595205
126,0.12082203333084748
127,0.08131992875117505
128,0.10925828793002702
129,0.07595198472168106
130,0.08525184778976513
131,0.11352860988156456
132,0.12155216357645314
133,0.10001525545820154
134,0.10911032858365632
135,0.07937994756916264
136,0.104507125422275
137,0.08012700392458341
138,0.09373531192467797
139,0.12173530200722918
140,0.0962532829991062
141,0.05303069902237909
142,0.09586581358884379
143,0.1087955219629311
144,0.09402670382946574
145,0.09457451231114726
146,0.09276040821854223
147,0.07224696409915594
148,0.10307397450773993
149,0.09083481795883695
150,0.07287699249248956
151,0.07247800420527141
152,0.09806244360195113
153,0.1218903702340793
154,0.09007635101994464
155,0.0708391662864
156,0.09468208191109123
157,0.12288809515675389
158,0.12278642937619197
159,0.09408787337049941
160,0.11511383252087834
161,0.06514722295466781
162,0.09415737351087826
163,0.05947559154477747
164,0.11774727623101773
165,0.1169858114446888
166,0.09950216162380826
167,0.10484915786183936
168,0.0922480315936063
169,0.05769759160607447
170,0.0650232042962691
171,0.09512799923020424
172,0.09169057637139427
173,0.0871759822294939
174,0.09515599624803286
175,0.06970843458894439
176,0.09318531326459599
177,0.12300127230459285
178,0.11643856613257161
179,0.07980258108127111
180,0.07823131383115944
181,0.10725333191888474
182,0.10429131502937912
183,0.08087234690205948
184,0.07957477501575168
185,0.09928396904837765
186,0.088923505022371
187,0.07443218440917329
188,0.1202815156093081
189,0.06267687283743807
190,0.06531647286224757
191,0.10371247059535339
192,0.08737192830909055
193,0.11828067550974153
194,0.0980531050777433
195,0.09679243587698763
196,0.10889708541012226
197,0.10537967486166487
198,0.07140407798727225
199,0.0666780935880121
200,0.10788019577307396
201,0.08485361776317438
202,0.06651496239957796
203,0.11914548838476428
204,0.12091529744107378
205,0.08542559772704919
206,0.0856825452549214
207,0.09705797368838286
208,0.09914721981851826
209,0.07993294780898434
210,0.10878203077242285
211,0.08868433157049747
212,0.11467011760494573
213,0.05729494540273022
214,0.0882056877648883
215,0.08108356484673618
216,0.0783174655566707
217,0.055994626828646026
218,0.08729598156124489
219,0.07979216531798593
220,0.10077241593925144
221,0.11698873558399979
222,0.10192177356964312
223,0.060769130509854344
224,0.09771220053866775
225,0.08844137388395476
226,0.10352764369196395
227,0.06537423017433558
228,0.11664528250748998
229,0.07496813685751673
230,0.07529900542574276
231,0.09479110065700735
232,0.09951873180804428
233,0.06260022424042969
234,0.10228796788589166
235,0.0959949173013822
236,0.0920199280544574
237,0.09511345313237571
238,0.09661252476876321
239,0.06642353943615421
240,0.10748429413786816
241,0.08278411495433026
242,0.12111543853076842
243,0.1133322116290012
244,0.08324034085225872
245,0.07137257742644093
246,0.1211010245599559
247,0.10158210671026552
248,0.11309722462096931
249,0.08074265971690095
250,0.085516886866059
251,0.10364858240609887
252,0.05896494404786607
253,0.06749696581298761
254,0.09034271528541828
255,0.0768561152238228
256,0.09642064671536067
257,0.10673855605274299
258,0.10751432776708174
259,0.10336690196834912
260,0.10038234495328471
261,0.11764540815052014
262,0.10130570323352904
263,0.09394486063715832
264,0.09162275755696443
265,0.05515464770838288
266,0.11000896636856236
267,0.05730201500772605
268,0.09830302726163152
269,0.06940712651509523
270,0.08352301267007121
271,0.10635059842817944
272,0.06081324420862791
273,0.08336494369944242
274,0.08697258456271054
275,0.09252423121274136
276,0.07512351325050125
277,0.07427548706221443
278,0.09784528281717073
279,0.09730511288043549
280,0.08694812750412015
281,0.10464812040194248
282,0.12023019821559534
283,0.08039150796933481
284,0.1168421190350204
285,0.06934933509608467
286,0.08929087739216104
287,0.0774310563424776
288,0.10168140794293747
289,0.09952197049235847
290,0.05753343493214058
291,0.10389633849945394
292,0.07321807575116739
293,0.10903705970986416
294,0.08331109141270014
295,0.07128043133637314
296,0.09989864604042009
297,0.10081019215637542
298,0.10213319332998799
299,0.11345502597353894
300,0.10200700568317747
301,0.1108238324522919
302,0.0948750960863755
303,0.10169378521532808
304,0.07376166436742555
305,0.10603699977011569
306,0.09020771537198688
307,0.07745244832036023
308,0.09615818684825966
309,0.09663776225962187
310,0.11338228622563218
311,0.08552944786367514
312,0.12279235347580131
313,0.08257174200053591
314,0.0919962515015975
315,0.11942162268229893
316,0.10858796511037382
317,0.09422179680600036
318,0.08184502508547718
319,0.09565860275386139
320,0.09742254870305324
321,0.1021578973572055
322,0.07069954377702133
323,0.07425290560843156
324,0.05233243543985083
325,0.07773870780965411
326,0.11318731347699022
327,0.07921838386512808
328,0.08465315404726916
329,0.10234206669995925
330,0.11802392070537666
331,0.08967004257786096
332,0.08844212763650572
333,0.08725236905885318
334,0.09496062284306328
335,0.07062250116806809
336,0.0930011889019222
337,0.09737879061165657
338,0.068952570647733
339,0.08917583255814499
340,0.11514790928888265
341,0.12177203103990293
342,0.11428273296057673
343,0.09759137390508613
344,0.09035607849037641
345,0.09567927131575973
346,0.10402218167178569
347,0.09211031788560686
348,0.09953263556824987
349,0.09447814714457749
350,0.06366373160370506
351,0.11312468850347193
352,0.0932273169415347
353,0.09988965855837476
354,0.09700732158451862
355,0.09564751094135886
356,0.0946060900239737
357,0.12046683743789033
358,0.09449420757904672
359,0.10919522273554028
360,0.10185661078470223
361,0.09669848534288936
362,0.10789991171512343
363,0.10466108680713798
364,0.09149830320952602
365,0.08169790555506498
366,0.1221867150658359
367,0.08821242563889736
368,0.11196713658802751
369,0.11596524521777703
370,0.0991310253482338
371,0.05403431728350296
372,0.10341873462771366
373,0.09960042856970336
374,0.0945564299506866
375,0.09842599970482496
376,0.0932672793474911
377,0.09186575688616745
378,0.10228993668373905
379,0.09171312446389986
380,0.10096217290291278
381,0.08277582676206632
382,0.10706196263361675
383,0.0951901497432221
384,0.1057080026174991
385,0.09886324322246762
386,0.06470373062196669
387,0.08634415004123257
388,0.09081235870772224
389,0.1059106294079004
390,0.07225006382664037
391,0.08166909768552068
392,0.09845106281401018
393,0.09810605381628547
394,0.10332952840231673
395,0.10747349321305416
396,0.10141155110080233
397,0.09530993807622683
398,0.10012818457373936
399,0.10294254182526463
400,0.0842001763543463
401,0.07823250278588988
402,0.10115114157019707
403,0.09855566932171517
404,0.06741887210982456
405,0.10370476506952933
406,0.0992699615447581
407,0.08382661906627009
408,0.0914124083093128
409,0.08934912003409347
410,0.10085478537272344
411,0.12113672494582199
412,0.06492343300820495
413,0.07120052149407942
414,0.09055176312610655
415,0.10671156757744546
416,0.08658048794328066
417,0.08877792641406007
418,0.10053842712263134
419,0.08309959125923477
420,0.07387034220537878
421,0.07402131025965174
422,0.11903946745630663
423,0.07021391536747769
424,0.10068495879598678
425,0.10813505227838961
426,0.0686412355910077
427,0.09853659393001225
428,0.0797955740033168
429,0.12192988703577774
430,0.08329802833607201
431,0.0803942931665676
432,0.09432683528878935
433,0.09799851000306502
434,0.09663413373429339
435,0.09114075394015246
436,0.0720109036788014
437,0.09345245287069777
438,0.09222244716631743
439,0.11593957925891456
440,0.09805131137392625
441,0.09757126013699612
442,0.11403815716269806
443,0.09730004539530297
444,0.09475394393614689
445,0.05234182085243197
446,0.0853292904562308
447,0.06304941632286698
448,0.09197964629989401
449,0.07677332655847449
450,0.0994444899949152
451,0.10176916695031288
452,0.10114189901337015
453,0.11175566348075004
454,0.12022958449388667
455,0.1054233311852908
456,0.07872223114837688
457,0.09312495522009362
458,0.11222822759501326
459,0.12044989499275513
460,0.09835039690760385
461,0.0705301860060741
462,0.09510760870781981
463,0.07036110219466815
464,0.08857003507230538
465,0.05989195023845019
466,0.1117995354922106
467,0.05902803047709368
468,0.06912155359388755
469,0.06940536376138487
470,0.12310067134123648
471,0.10963192722614014
472,0.10682103188647013
473,0.09482212500401875
474,0.08422461050760101
475,0.08731840754110412
476,0.08409486260526731
477,0.09993142584363612
478,0.12198761233545326
479,0.08394121924883526
480,0.09420513247855998
481,0.07627408055696973
482,0.11989697422996898
483,0.07206508533709433
484,0.06900272307766005
485,0.10145209019128767
486,0.09356988980331128
487,0.08833553674097035
488,0.10737199804494355
489,0.0819905802111702
490,0.09273788042700788
491,0.1013822535317764
492,0.10398810165518298
493,0.11512678120937858
494,0.10173578574704327
495,0.04569423321510522
496,0.10004051900592006
497,0.10238996351771258
498,0.05190345204891585
499,0.07928628376231087
500,0.09350831345911581
501,0.07354312225055797
502,0.09961632087771076
503,0.07933646435340565
504,0.08915890918308075
505,0.09629789845844072
506,0.07388396597607892
507,0.0952448886539583
508,0.11566364484599403
509,0.07002375789824822
510,0.08568605437358728
511,0.10779812834215657
512,0.09111197795889556
513,0.10064963173045674
514,0.10759521137581828
515,0.083793414942065
516,0.09976679217308027
517,0.09236817962402523
518,0.1175041968530938
519,0.07790640878709382
520,0.0690308639419426
521,0.07598794157324015
522,0.10384375933649932
523,0.08261432790513187
524,0.08946474768740727
525,0.08368429645366385
526,0.08843925971941326
527,0.06723260888943654
528,0.10442836639049786
529,0.10378761404569185
530,0.10358399467824435
531,0.07268055972562963
532,0.10401147521108485
533,0.09837303274818966
534,0.08820776164492804
535,0.11853948207746753
536,0.07256974905689448
537,0.06436410135493507
538,0.07190669626997492
539,0.07303488378792508
540,0.1219927408997017
541,0.1117400306874965
542,0.08976671514083034
543,0.07456614438375438
544,0.12122630239114174
545,0.08890724875500892
546,0.08994212282350719
547,0.09349287671693006
548,0.08617455105756003
549,0.09909635393550335
550,0.11509498588203775
551,0.08504119198407221
552,0.09636579370203971
553,0.08784195259817493
554,0.08154657806033482
555,0.06602473091328472
556,0.0853295413536733
557,0.09709925706964542
558,0.10800998869399599
559,0.09745494889117724
560,0.12162165447978873
561,0.0808814752554935
562,0.12064324748769929
563,0.08868787871157746
564,0.07783344357948944
565,0.1024623278803884
566,0.07929847216630992
567,0.09888887041938671
568,0.0590958948816936
569,0.0944922349736129
570,0.07211445037713063
571,0.12070814114727119
572,0.12023607744888502
573,0.08235934942322905
574,0.08013907428953863
575,0.09521807324860512
576,0.1019905189239658
577,0.10369639349012018
578,0.04949807010884501
579,0.11763474286786581
580,0.09428420208649146
581,0.0931767173169464
582,0.07582024833164151
583,0.10915616376616698
584,0.08665359247118538
585,0.11199895950547094
586,0.11880472516895044
587,0.08644602564419535
588,0.08319039810448428
589,0.08780876902985911
590,0.08234101340894416
591,0.09649729439343428
592,0.12268945836471427
593,0.08956436171929515
594,0.07938232330858092
595,0.09456562014058709
596,0.08175158139866504
597,0.07035446424905176
598,0.08969779349215144
599,0.11711104094822293
600,0.09357522626130226
601,0.09481203400726931
602,0.06621215706148355
603,0.08512163268296666
604,0.10174532932653454
605,0.07829387131914149
606,0.060423186057240286
607,0.08184099480123264
608,0.07652564309900746
609,0.07569281252913995
610,0.1220709261380996
611,0.08957976942819124
612,0.07325680448121785
613,0.10052559160580758
614,0.06439094295477728
615,0.08653648435577621
616,0.10443356120317547
617,0.10154610780101055
618,0.116807979391611
619,0.11916609056382944
620,0.07873416974803273
621,0.12103126355001033
622,0.08486548590643135
623,0.07884051280400205
624,0.10374905179267668
625,0.09825504194433525
626,0.0816132034112296
627,0.10046137758122498
628,0.1126706503209159
629,0.1182499136470678
630,0.0777117036356339
631,0.09812317719754804
632,0.12210531711220432
633,0.09360923466607594
634,0.10350716464186922
635,0.0674727810631833
636,0.09058825451934734
637,0.11441430343297773
638,0.09701911504907193
639,0.09581246663018997
640,0.10384715450755491
641,0.11639763380241044
642,0.1108286325151069
643,0.07120636304459832
644,0.09206031677250252
645,0.10170615293564478
646,0.09197185658767874
647,0.08136976044769471
648,0.07502038508630272
649,0.09666820484420569
650,0.10126036269197927
651,0.09570429359525034
652,0.067155470251777
653,0.08157594253677941
654,0.09544408261315332
655,0.1080376972010085
656,0.10050947559092598
657,0.07035716865512241
658,0.11904085376010692
659,0.10081749017812514
660,0.10209181875151874
661,0.08171912414618517
662,0.08457563443981585
663,0.05736734195811383
664,0.07715306626028617
665,0.08902967234899027
666,0.0818382057146726
667,0.1183825146279294
668,0.0911033273174592
669,0.09040525567925159
670,0.1226626997372419
671,0.09573437784511354
672,0.06502610447524645
673,0.06688501192680912
674,0.08906355851381054
675,0.08376549040199237
676,0.09794503707464598
677,0.07479362652678946
678,0.09750486261439885
679,0.05513211809509776
680,0.10475558346946684
681,0.09435588501847889
682,0.09458174069521864
683,0.08733119236391439
684,0.11439021612168424
685,0.06478967207423986
686,0.08009717025000253
687,0.0735266544244175
688,0.06028497082856683
689,0.09972873080453624
690,0.06551556927933291
691,0.08267326274708678
692,0.06727388121325753
693,0.08509672860450983
694,0.09125122205927025
695,0.08348572672943858
696,0.11400601665136909
697,0.1049237821897609
698,0.09135803529845951
699,0.10190337745584944
700,0.085714709437051
701,0.09400438705790291
702,0.09889891949514236
703,0.10456523551943231
704,0.06228543011829624
705,0.0859432911541342
706,0.08282616787596844
707,0.11049174350018207
708,0.09320392852178963
709,0.0631705306004839
710,0.09781426474829034
711,0.06038421874262877
712,0.10009223782229405
713,0.08785014415517382
714,0.08453694124443811
715,0.0984418279911774
716,0.0974723320026285
717,0.11700858087185174
718,0.10123715007805323
719,0.09415280106600155
720,0.1170533886767433
721,0.07212673803990655
722,0.0949152496417321
723,0.0680325534788019
724,0.10586991010784762
725,0.12258450656583361
726,0.08348149136236359
727,0.0904020035685036
728,0.09876688603769976
729,0.09926813071588521
730,0.10383136883022462
731,0.08543805945131186
732,0.1179034102420313
733,0.0711693702491072
734,0.09749667386148475
735,0.12144782387731345
736,0.09202377230264605
737,0.08120667935448903
738,0.08393765313367739
739,0.08247322486959595
740,0.07853753377983132
741,0.12102644643690133
742,0.1227084554914214
743,0.09058338767058997
744,0.09895625905554077
745,0.088942907000825
746,0.12070939655891269
747,0.10736937371965996
748,0.06822258622186264
749,0.1003415334340922
750,0.05318899590260301
751,0.08718441174628004
752,0.10831476948476752
753,0.0789688588291937
754,0.11310384897848921
755,0.11851008471403694
756,0.06775116214674425
757,0.045326300921541635
758,0.07926018499363885
759,0.09594795776786429
760,0.1141956532865587
761,0.12128289642346217
762,0.10909485801332672
763,0.09664089785413861
764,0.06796911087994655
765,0.11918524732179608
766,0.12226549680783541
767,0.1221238482927007
768,0.07504115050175464
769,0.1079150767648439
770,0.0915096539025347
771,0.0977690174374548
772,0.07856884384343145
773,0.062920373843589
774,0.06844253295691902
775,0.08473146398195142
776,0.07547843244939823
777,0.10117803763727941
778,0.0860759949334314
779,0.09086827250416186
780,0.10639980455538445
781,0.09036907017223897
782,0.09460818391442923
783,0.07115645749146203
784,0.08574076119944767
785,0.10309367586433842
786,0.08854060614296365
787,0.1091865495819322
788,0.08800817134741357
789,0.09198976173848322
790,0.08893782621216748
791,0.05638216784596504
792,0.09426784607677899
793,0.10104531155832662
794,0.0974991496022214
795,0.09658781353141048
796,0.09610178921225376
797,0.10050245908513293
798,0.12016888374024622
799,0.09998603912540957
800,0.07800317361386182
801,0.07510283187027227
802,0.06801110777251705
803,0.10577655607531783
804,0.1142214994090112
805,0.10482015165276624
806,0.10332745076232303
807,0.0863680462179462
808,0.11760872181744607
809,0.055996399296695205
810,0.09114366808867214
811,0.06827083003499176
812,0.07067128071611593
813,0.0757301868633898
814,0.07359339765333286
815,0.08762153957924414
816,0.07929887061068656
817,0.12158611043738017
818,0.10257484764314122
819,0.06582930151909361
820,0.06551700539065634
821,0.10052209156667014
822,0.07191552351430394
823,0.08306095220387612
824,0.10822053783347096
825,0.08912984941779638
826,0.06519587602523205
827,0.11849434917532983
828,0.11770374042022054
829,0.09586306566374349
830,0.1198246343882714
831,0.10613684484596053
832,0.11181059884955649
833,0.06652011982253836
834,0.07994223976778288
835,0.09821745470011838
836,0.09603701809026007
837,0.10506203909220622
838,0.06816001688908814
839,0.10196759233631353
840,0.09016664591679682
841,0.08903834329033651
842,0.09007850384968137
843,0.08018792303031444
844,0.10571150894980066
845,0.10084094968417515
846,0.11960224989113158
847,0.11949261293278811
848,0.10574765952841773
849,0.12086054531701908
850,0.09442103085108354
851,0.11726357314756598
852,0.09133549915692914
853,0.09773251339235342
854,0.10934588518629457
855,0.10521732366172351
856,0.09576844100695675
857,0.09444443325975466
858,0.08709913743061695
859,0.08740551532792067
860,0.08760767148560018
861,0.05850053820491402
862,0.07304183500686562
863,0.11995208325480555
864,0.09818227816372295
865,0.09564251163797437
866,0.09122570092282499
867,0.1017089606433952
868,0.10206667699066277
869,0.07802941967863673
870,0.09632900984844736
871,0.0742533419915762
872,0.09468538457516099
873,0.07235837230243636
874,0.09917500305658467
875,0.12276583938274128
876,0.10032444415273307
877,0.06331996909590476
878,0.06761258857897863
879,0.08851373449167217
880,0.09820952060522725
881,0.08692633606648399
882,0.10984700390026751
883,0.10178842207484973
884,0.10525935519367753
885,0.10653869607515397
886,0.040773607779208215
887,0.08699828303581239
888,0.09796324471059531
889,0.06658253101539588
890,0.08066553835470633
891,0.08811792632930192
892,0.11695797461510807
893,0.12062069648528864
894,0.10941827879342546
895,0.11237512057733154
896,0.09914776752884819
897,0.09323043669274879
898,0.07298092107018832
899,0.09897435847098907
900,0.12111403134405659
901,0.09550099568552409
902,0.08989856277386445
903,0.10418028717671775
904,0.08631146914966624
905,0.10188539667529913
906,0.07027809177151843
907,0.11550221531816945
908,0.09077426666145075
909,0.07869572100278024
910,0.0822922556898042
911,0.09494429219449357
912,0.0927085852475983
913,0.10303222299194088
914,0.09044899947940095
915,0.11029963916798527
916,0.1038876252905665
917,0.10388338629295774
918,0.09956111425360889
919,0.09952708963437022
920,0.10745873608383931
921,0.07016400089733926
922,0.12030347596958431
923,0.09763119332668448
924,0.10392994648578122
925,0.07044165019188145
926,0.08453998232440775
927,0.09129639706901237
928,0.08678089049602479
929,0.08340078886109162
930,0.0933031842558867
931,0.11170911412900858
932,0.10152304671066505
933,0.09711160554484834
934,0.07917455477804257
935,0.07614510792429406
936,0.09584714720775435
937,0.09936000273352079
938,0.06251528342831318
939,0.06862153757270839
940,0.0761769988863983
941,0.10018262189645269
942,0.08011100354928148
943,0.06646303974229903
944,0.0991063955098136
945,0.10822328050020803
946,0.07323854411261936
947,0.07156958390534172
948,0.09623748463645583
949,0.11893356252265173
950,0.10095777928331734
951,0.12193297845288799
952,0.0981955899517264
953,0.10360478996814533
954,0.08390524289158306
955,0.08310956811698066
956,0.09403288131003157
957,0.12159774398729914
958,0.09860535062868785
959,0.09298472572087632
960,0.10157387307531447
961,0.09994139509108065
962,0.0977305182423835
963,0.11559744859112264
964,0.10282194994884682
965,0.0789336401376189
966,0.10133589758144115
967,0.09954054003076028
968,0.09920700791303472
969,0.10472777186220823
970,0.09898695938156964
971,0.07921018760198215
972,0.09396841825352742
973,0.10820287256374682
974,0.07429245326289666
975,0.08776982748551011
976,0.10392867010623574
977,0.09271448481882785
978,0.08888190605036682
979,0.10350231167659775
980,0.09035730237544316
981,0.08637530199708289
982,0.09831646067376672
983,0.10654730253037506
984,0.0759227781131795
985,0.10126833581332058
986,0.08155144814124289
987,0.0764384107527651
988,0.06417160926180193
989,0.055762191848711895
990,0.038529492526035936
991,0.07049195698726583
992,0.10473367253771938
993,0.10303771102805313
994,0.07215301774705983
995,0.09260649673980434
996,0.10067101522229237
997,0.07170874886436687
998,0.06363424467120353
999,0.06921323704488455
1000,0.07483248300493092
1001,0.07354593688187695
1002,0.10733021088817125
1003,0.11935353342565493
1004,0.10810408563293274
1005,0.12156587426887792
1006,0.0986920360906946
1007,0.08858973932863329
1008,0.11111079006047886
1009,0.08509450072917027
1010,0.06079332317672278
1011,0.09868692914708475
1012,0.07262091324735598
1013,0.08479183164222488
1014,0.09606058802552983
1015,0.06613088745193642
1016,0.10186467532305526
1017,0.11388516894992969
1018,0.0829761884604982
1019,0.08550214948127721
1020,0.12121320586378538
1021,0.09147702674579557
1022,0.10974888409502745
1023,0.07746266927616785
