0,0.9877807329797923
1,0.9934145420953313
2,0.9957861408720294
3,1.156826397805957
4,0.9904998998935388
5,1.0381245370708134
6,0.9995013526066887
7,0.9900983347862269
8,0.9885621650577741
9,0.9960400296144574
10,1.0121331958717734
11,1.0118400581954465
12,1.0512701356144107
13,0.9947979805508904
14,0.9796129422116102
15,0.9924981798358629
16,1.0216998852503933
17,1.0010987993733553
18,1.0144204644310357
19,1.102798823293865
20,1.1179092403082136
21,1.0220748407842994
22,1.0717152519205202
23,0.9988806683305118
24,0.9980299100072844
25,1.006895727044366
26,1.0708503408192063
27,1.004515142797063
28,1.0476405118103056
29,1.0494797493727086
30,0.9987366108206435
31,1.010854874784548
32,1.0069510143785738
33,1.0857235122604032
34,1.0829386334229252
35,1.0578098853625026
36,1.0927898165506862
37,0.9967496940889822
38,0.9855585589344487
39,1.0131868648198923
40,1.1095486989081513
41,0.9829909677358997
42,1.0000241599269089
43,0.9772438349447349
44,0.9885959694087734
45,0.9840450394133197
46,1.0263555485317957
47,0.9907538034397672
48,1.0001202135985257
49,1.0322916347767483
50,1.0247018878565801
51,1.0038846074793069
52,1.0211246660426418
53,1.0964790440790975
54,1.0322654293133804
55,1.018451689493519
56,0.9808114715079973
57,1.0087741623254376
58,0.9954329296513101
59,0.9923137599450571
60,1.0392337288069382
61,0.9960147286295187
62,0.9747501769055291
63,1.0213294594526454
64,1.136675562328197
65,0.9882442958449182
66,0.9983312925273735
67,1.0605358085208332
68,0.9872525800744396
69,1.0389851664707224
70,0.9800865737138216
71,1.0435063099017994
72,0.9924554692507908
73,1.02892540008472
74,0.9970447166274973
75,1.083597740456356
76,0.9927245710010506
77,1.038792772828066
78,0.9855334099920509
79,0.9975741518237609
80,1.0280248407310137
81,1.1318689729508389
82,1.0244039706980128
83,0.9911284358531416
84,0.9895753724676307
85,1.0736904743547546
86,0.9965595562761866
87,0.9896415085762011
88,0.9982695136037647
89,1.0030697328825653
90,1.020153098599794
91,0.9879544455530227
92,0.979631400121953
93,1.0239573443645367
94,0.9929299060453072
95,0.9853071729065355
96,1.0890609805162987
97,1.0032771658346604
98,0.9795665276519693
99,1.0154903172486691
100,0.9936520492485741
101,1.0056443702460234
102,1.0361325993493586
103,1.0688281728616071
104,1.00001928848476
105,1.0348661563047652
106,0.9897662360560233
107,1.0098914705498638
108,1.0561234960588568
109,1.186723847956348
110,0.9898846276771653
111,0.9847257215846335
112,1.0401156028126413
113,0.9883353950578129
114,0.9913733580267787
115,1.037988973948021
116,1.0656556346401007
117,1.0404044256634706
118,0.9922864976331889
119,1.040523137195658
120,1.031328984008205
121,0.984365797670147
122,1.0366418022532227
123,1.0241647609680944
124,0.9913666646348933
125,1.0330469251604673
126,0.9822714127021364
127,1.0226691908642587
128,0.9980743385060045
129,1.2012142218949324
130,1.0487026264604955
131,0.9854277513369801
132,1.0368533580359824
133,0.9915291597123579
134,1.0958244005292348
135,1.0746499435691992
136,1.0315433213285412
137,1.038154798720721
138,0.9980548583325406
139,0.998548318589252
140,0.9809256166288098
141,1.0151910594050033
142,1.0370219730882484
143,0.9876710595786915
144,0.9810519214316665
145,1.0007545328156324
146,1.0159475905260882
147,1.1011254708022262
148,0.9851484377266161
149,1.0459873076351702
150,1.0138502487443684
151,1.1973906349164793
152,1.0276852344636738
153,0.9914649842079923
154,1.0285004488686111
155,1.021216419040861
156,1.0003711228482222
157,1.0415015547482631
158,1.0058505802474331
159,0.9973325033666913
160,1.0235959108327275
161,1.0989968718216858
162,1.004013965491015
163,1.0115006988300046
164,1.0094114699630707
165,1.1745189107288594
166,1.051543585594562
167,0.9920831372252046
168,1.0019602903616478
169,0.9965674898215573
170,1.0431023903923182
171,0.981268500422934
172,1.0242017395856036
173,0.9884916972317248
174,1.0693968899788433
175,1.0304821978902903
176,1.0017722583023467
177,1.0780054036297169
178,1.085630037836224
179,1.0748945372259064
180,0.9935546208303403
181,0.9910985619221295
182,0.9851634103651437
183,0.990304118386322
184,1.0269712179854127
185,1.008841729961373
186,0.9892722972730836
187,1.005122492482876
188,1.00582422709724
189,1.1258786627316097
190,1.1210004122654436
191,0.9921767221857191
192,0.9914285640548085
193,1.0099071909106507
194,1.0040615183540333
195,1.007172690692824
196,1.0925081938960808
197,0.9866628030140129
198,0.990621374753159
199,0.9814451084301279
200,1.0280461794081936
201,0.9868048223313985
202,0.9967995513857589
203,0.9814150470539057
204,1.0073911500121642
205,1.008383622330964
206,0.9990030310687206
207,0.9881387371273975
208,1.111668496667595
209,1.019883221405963
210,0.9896175993686048
211,0.997600494685279
212,1.01793505995329
213,1.0909832018799155
214,0.9851876850753678
215,1.0555894865416593
216,0.9816973070839758
217,1.0206474659273272
218,1.0023047534156746
219,0.9931489415766495
220,1.164100655014776
221,0.9944596869317116
222,0.9913077797800945
223,1.0632882221932256
224,0.9918835711054668
225,1.0045666645880953
226,0.9881233555282556
227,1.0003274719524287
228,1.0270466292360458
229,1.0127987574443578
230,0.9897144293035618
231,0.9799604946479588
232,0.9915332121339461
233,0.9940582659236642
234,1.0489544094724126
235,1.088693080810103
236,1.2300384076470454
237,0.982312184893142
238,1.0075176676790254
239,1.0624930929013194
240,1.0036527160203643
241,0.9971456036107507
242,1.023908927898115
243,0.9881575299993063
244,0.9988576426881741
245,1.0494622744860655
246,1.0321052799982635
247,1.0116702825555386
248,1.0182661893927356
249,1.0244738960341906
250,0.9793466627537685
251,1.006485261369559
252,0.9894632488505349
253,0.9855516541326764
254,0.9882926679978704
255,0.9962770778804886
256,1.0034834483774926
257,0.9967150919976597
258,1.010980072030787
259,1.073102900948134
260,0.9801348519535429
261,0.9924097453696397
262,0.9817140473760311
263,0.998801106042841
264,1.0018709134657267
265,0.9935702109331691
266,0.9824818216094053
267,1.0277468154088722
268,0.9956591517505848
269,1.0376511587298374
270,1.0641355653911972
271,1.0004928714682304
272,1.0719500175979102
273,1.0012278350155803
274,1.129866601698133
275,1.052397511785161
276,1.031085593640821
277,0.9854575131852151
278,1.0048366065658678
279,0.9841534288574726
280,1.1204958663245912
281,1.135160195253708
282,1.0181032442073907
283,0.977385500670902
284,0.997964350326187
285,0.9863259685813712
286,0.9839977349078952
287,1.0026400393084227
288,1.1287560025346546
289,1.001089212686463
290,1.0226490565225326
291,0.9987445689997797
292,1.0059285852095716
293,1.001711057881239
294,1.0419493688678285
295,1.0059506406853225
296,0.999918510947214
297,1.04218756621182
298,0.9886494835212967
299,1.0327510964058986
300,1.0384107017430997
301,0.9905454126403762
302,0.9873472213881808
303,0.9940808912636357
304,1.1512184934473808
305,1.0238234909911599
306,0.9811193113156544
307,1.1162852949357522
308,1.0659401909360486
309,0.9836084867725026
310,0.9867330926134281
311,1.0601118908013025
312,1.0023525756399791
313,1.1164267702051833
314,1.000533939997513
315,1.099591860144708
316,0.9982886519946407
317,1.0883474167405713
318,1.078675762998626
319,0.9813847638858388
320,0.9929039255568086
321,0.9861243531541536
322,1.0335392853404897
323,1.085819971973321
324,1.051651518589472
325,1.0879398049086881
326,0.9853624756972397
327,1.0141091295976583
328,0.9861974452299788
329,1.042696013560214
330,1.2086903618154656
331,1.0793237036120142
332,1.0401186204810704
333,0.9867316274463706
334,0.9962515925519719
335,0.9992983762150933
336,1.0445949367669511
337,1.0356028368468964
338,0.9962715623339813
339,0.9858299070407639
340,1.1009853133242493
341,0.9839328607836415
342,1.0716163288161158
343,1.0295120782392608
344,1.1492159170482505
345,1.154547994783433
346,1.0241564820811035
347,0.9880321710518916
348,0.9954864913212014
349,0.9840822269127029
350,1.0307248987422315
351,0.9827339527703146
352,1.066594922794878
353,0.9909239705687092
354,0.9861340171285913
355,1.0589297078847102
356,0.9800958916767494
357,1.0469768249269253
358,0.9849239607643636
359,1.0457667549578273
360,0.9774973260019384
361,1.0050105607268398
362,1.0167013997574676
363,0.989237035127017
364,1.0473544732151927
365,1.0003850221803066
366,1.0197617926280704
367,1.0123528295858852
368,1.0429488889638685
369,1.1013293246995532
370,0.9976875345371444
371,0.9891399509390371
372,1.0018326672919837
373,1.005020141075081
374,1.0072451663346305
375,1.0031567366885048
376,1.0711290377791753
377,0.9915238282023813
378,1.0012924377781187
379,0.9952140965764282
380,1.0085090734421853
381,1.0930465809844645
382,0.9953409953035919
383,0.9761192243625368
384,1.0024736363019837
385,0.9835596055787914
386,1.0658725890268959
387,0.9979909818653325
388,1.1589389360968183
389,1.039604212656152
390,1.0141497558309598
391,1.0444679360130236
392,0.9999523612033011
393,0.9827264796529243
394,1.0009607620452188
395,1.0007238328301735
396,0.9942362200324016
397,1.0188570686629066
398,0.983857959416119
399,0.9949386664135367
400,1.1932435714670975
401,1.0664844161632168
402,1.0739744529506576
403,1.0138612460375096
404,1.0536684550044004
405,0.9797722746783584
406,1.0664194406764058
407,0.9870405738320509
408,0.9832604578628698
409,1.0551531303968824
410,0.999907352733293
411,0.9939654722748333
412,1.0950397990686234
413,0.9770601206847807
414,0.9975138047386636
415,1.1709630989502244
416,0.9825676299650727
417,1.0477046870317117
418,1.0460827480579942
419,1.154680176122528
420,1.2080523119857849
421,0.9950632858826491
422,1.0687072170160765
423,0.9836245435630189
424,0.9892127836888052
425,1.1096009015472903
426,1.035614519972861
427,1.0622881901262762
428,0.9876144672385636
429,0.9993220379166807
430,1.0068723152358028
431,1.0385407869009768
432,1.0718172820522165
433,1.0324593911735178
434,1.0114805941412826
435,0.9995897224593001
436,1.0553169284831039
437,1.084914629024838
438,0.9949616918521302
439,1.0154678172288953
440,0.9722418778469045
441,0.9868737335225399
442,1.0661630002999032
443,0.9958385248004862
444,1.1248113185340836
445,1.0670454759242483
446,1.0074957871744403
447,1.1308322471772472
448,0.9824641113315388
449,0.9865694898440343
450,1.1315575337349797
451,1.0290660712198854
452,0.97901662087384
453,1.0271907953370014
454,0.9778051388205363
455,0.9857145561084236
456,1.0217372315378226
457,0.9878383142701093
458,1.1637664906283578
459,1.0061166649024416
460,1.0073998121896426
461,1.011680411823643
462,1.1078745915502743
463,0.9964677493968173
464,0.9830000079614412
465,0.9992604834709051
466,1.1138541722635233
467,1.0236773898594373
468,1.0535552428505133
469,0.9934209009432009
470,1.0306102328955415
471,1.0354402835047454
472,1.022277403160952
473,1.0229982234922537
474,1.0098470383838019
475,1.0075932064326167
476,1.1475957926711473
477,1.0042055914400696
478,1.0145108221995638
479,1.0744273421589359
480,1.0008901822231469
481,1.0027201971046988
482,1.0197826349502916
483,0.986568194415756
484,0.9928738285443606
485,1.0008875719773846
486,1.012994544118199
487,1.0735337930584299
488,1.0096902519953157
489,0.9941035997597223
490,0.9757453897660158
491,1.0106718078852595
492,1.0150290001555609
493,1.0597780023307324
494,0.9866662833414306
495,1.0012402617694465
496,1.202044981123401
497,0.9953618880846131
498,0.9748426977043554
499,1.0018593794602366
500,0.9874177138031384
501,0.9950553656283042
502,1.0074210970813844
503,0.9947843164719652
504,0.9884179233799557
505,0.9933999330276879
506,0.9902756555143355
507,0.9858021144393518
508,1.016515408937936
509,0.9904940563131901
510,0.9938626583138428
511,0.9782530394051463
