0,1.0046785463412151
1,1.0021524582177301
2,1.0258226407145337
3,1.017396156439864
4,1.1245253251757972
5,0.9856069094290387
6,0.9914499144570135
7,0.9866632885463511
8,1.0168832521436912
9,1.0142401270074666
10,1.0201957645494641
11,1.0213677871271798
12,1.0117423504177054
13,0.9904135612278331
14,1.0529729030356694
15,0.9891126370143295
16,1.010641635001456
17,1.0195586892410873
18,1.089532697328155
19,1.0696997742119496
20,1.009053071451391
21,0.9911621603056835
22,1.0148799077001822
23,0.9881044368697536
24,0.9727039003152604
25,0.9815887033106654
26,1.012894870581007
27,1.045299466021679
28,0.9897732719892174
29,1.0088834241589706
30,1.0139378492452769
31,1.0012323944290649
32,1.0069324103066177
33,1.001132003248755
34,1.000942988723895
35,1.011084743950422
36,1.0152918668233877
37,1.0006143011997026
38,1.000802794367129
39,1.0066628836493043
40,1.062891622397304
41,1.033224650694443
42,1.0000931932438801
43,0.9866413870089488
44,0.9849967915521918
45,1.001401587932472
46,1.0138521288689333
47,1.0141206410566224
48,1.0147683985940459
49,1.0222192392013003
50,0.9776292901744849
51,0.9856039414487632
52,0.9955607538557742
53,0.986593437623415
54,0.9763073995529231
55,1.0026297263881072
56,1.0101611523476086
57,1.00511420735071
58,1.0526671313676914
59,1.001119326629544
60,0.9907334383113636
61,0.9872184997217563
62,1.0552086292718683
63,1.0037104588234473
64,1.0848665852943629
65,1.0556403894163653
66,1.0409311620361201
67,1.058711039058099
68,1.0632403001875463
69,1.0266649893942055
70,0.9965332306869006
71,0.9886507451855737
72,0.9850355720460742
73,1.0004690457748524
74,1.0087655259481076
75,1.0151703024811045
76,1.0298051590393933
77,1.0439093641708657
78,1.0492328039203533
79,1.004980083016714
80,1.0063427389731976
81,1.0513576764406694
82,1.040296752449376
83,1.0106789911700336
84,0.9779564507793441
85,0.9777403655241288
86,1.0086817588099914
87,1.0028494861359498
88,1.139450779762821
89,0.9858853211680885
90,0.989251785658606
91,1.0882670654069044
92,0.9886049260522483
93,1.060223240840675
94,1.01143553136261
95,0.9830781164010107
96,1.0150395694153374
97,1.0559254702666703
98,1.0054097872261023
99,1.0051073860469082
100,0.9989576487294902
101,0.9896084682300788
102,1.0075170690749269
103,1.0132959888859028
104,1.0619212776311557
105,0.9920439033071413
106,1.0396476469897529
107,1.076385286499016
108,0.996705386254757
109,1.0067505144870228
110,0.9928928543138222
111,1.0132989223449758
112,0.9952299285652175
113,1.0139910622856825
114,0.9821932183480659
115,0.9997464115320215
116,1.017169106854837
117,1.0057769572526847
118,1.0067138266194422
119,1.0042821408358846
120,0.9860210639372595
121,0.9824664758407684
122,1.020376005106867
123,1.0017822999096775
124,1.0090775258257711
125,1.0143746435251648
126,1.0073972209937891
127,0.9929282914586133
