0,0.9823626152440448
1,0.9959906104152036
2,0.9994510651381077
3,1.0273449178697793
4,1.0538522813149807
5,0.9959950390040069
6,0.9801276694404686
7,0.9851931939791355
8,1.0138112764818972
9,0.9945587565186054
10,0.9860504044706077
11,1.0026814472815186
12,0.9996993820519151
13,0.9859792720696247
14,0.9993169029765251
15,0.9967730452702691
16,0.9808248654049397
17,0.9967730452702691
18,0.9876963137703381
19,0.978543327166866
20,1.0174696937521674
21,0.9878030586318098
22,1.0520905802903868
23,0.9898582932999191
24,1.0071911760248304
25,1.0043026672881077
26,1.0251265244105854
27,1.0319666477053135
28,1.0285336918569945
29,1.0074596499412811
30,1.0324668796805434
31,1.0106927925314513
