0,1.295263965966169
1,1.1349912852100033
2,1.1519478190589818
3,1.3125276710606615
4,1.0136046592301458
5,1.0220857539651371
6,1.1489055678245086
7,1.492445958318231
8,0.9510991465832249
9,0.969949015131399
10,2.1639810430350046
11,0.9905286289333748
12,1.1512986890613641
13,1.3553511190585357
14,1.4709441180081892
15,0.9711752734999932
16,1.1531749093629347
17,1.0296990681253013
18,0.8991374559309763
19,1.0556470916704899
20,0.8357057900971728
21,0.9686075110380472
22,0.9376472834515229
23,1.272394340970267
24,0.9613193939265818
25,1.2774452334796575
26,0.8967825899720121
27,1.3384035083468886
28,1.0552029502528433
29,1.0245118341486394
30,1.0266498088832643
31,1.024497877712232
32,1.1755149118419452
33,0.9749631243091434
34,0.9496653095707339
35,1.215534995057772
36,1.3561739187239006
37,1.0858876303638156
38,1.0890296821534027
39,0.9344701249429301
40,0.9972070958943211
41,1.0845107733757005
42,0.9847535606029985
43,1.0924723694952019
44,1.0464884479878702
45,0.9234585918442058
46,1.2361491821288246
47,1.0316846052850113
48,1.7627790465218065
49,1.259184001837884
50,1.1404591506440922
51,0.9849776000755737
52,1.1029635203165629
53,1.0028713027041767
54,1.114808217760256
55,1.1366649538452873
56,1.5334118665349212
57,1.6925586276098243
58,1.1995295235198358
59,1.0115524063285446
60,1.0309754510766795
61,1.1698648923832877
62,1.1714304185805864
63,1.019842236088679
64,1.0785434945142858
65,1.1445679709110788
66,0.9682768624194004
67,1.0838754415883618
68,1.052491273758301
69,0.8751473414032738
70,0.9511681164240346
71,0.9524409002278726
72,1.0399326549699648
73,1.076371280765444
74,1.1051213494011514
75,0.9776978050205123
76,1.0639452023539164
77,1.028546518375303
78,1.3732231988507162
79,0.9788713526451369
80,1.4223125395569012
81,1.0193084980324596
82,1.1082343405890638
83,1.8455957861533379
84,1.0251018203430615
85,1.3455797950331405
86,1.1503924672285228
87,1.0133946958261382
88,1.031357847505677
89,1.0095224670366723
90,1.112002218772807
91,1.633593281295373
92,0.984433891276661
93,1.0890296821534027
94,1.3230246114027469
95,1.151787465136204
96,1.1758585704268216
97,1.4106162883367444
98,0.8943770346710165
99,1.0076839742610693
100,1.3691006346385888
101,1.1495864284003576
102,0.9776978050205123
103,1.1905761217904323
104,1.04016807793449
105,1.1035055378761944
106,1.0
107,1.262026978666997
108,1.3732231988507162
109,0.9092392505908542
110,1.022711947717678
111,1.0
112,1.0041667939616656
113,1.3025310146579125
114,0.9553783574581397
115,1.0979880615998798
116,1.0279426936048908
117,1.0852564048055133
118,1.0468502180726391
119,1.0691999343768632
120,1.832285122761704
121,1.029721981760735
122,1.2303073145704384
123,1.0845107733757005
124,1.0475931538519094
125,1.358150591732199
126,0.9475575090197655
127,0.9275437839002716
128,1.1726807071874217
129,1.2302224368614414
130,0.969949015131399
131,1.4821124248457767
132,0.9398833607990834
133,1.3429811530049192
134,1.1053848706027014
135,1.0191124051287692
136,0.9080892053258336
137,1.2308697152066763
138,0.9924161217248981
139,1.0413563599124016
140,0.9905286289333748
141,0.9511681164240346
142,1.10576056966893
143,1.41159018811966
144,1.0367014428203682
145,1.4225538412501293
146,1.0142018201681309
147,1.0605605830713711
148,1.1087040854689063
149,1.1714234595329813
150,0.9965914118396427
151,1.4911504472805326
152,1.6434094597714397
153,1.0578619403489224
154,0.970501481913387
155,1.0762483046091533
156,1.1423561630519592
157,1.4890552069590608
158,1.0993192892856634
159,1.1871930540243278
160,0.9940452060812084
161,1.1424725318908182
162,1.0306016988052389
163,1.2129539703405123
164,1.1632735623174113
165,1.4815189329780292
166,1.2449218731167366
167,1.7685228530021095
168,1.1083510841163289
169,0.9376472834515229
170,1.9953395130051201
171,1.0694289484843027
172,1.109717401393348
173,1.167006203548799
174,0.9834297664300697
175,0.9576057183623292
176,1.0355816203249284
177,1.8098067585205362
178,1.1460832504739504
179,0.9558108540411482
180,1.1298812852685536
181,0.9398833607990834
182,1.0112755909563298
183,1.0532293379865916
184,1.4824661141654802
185,1.5098491527862117
186,0.9849776000755737
187,0.8710294476640144
188,1.202892856655128
189,0.9750633211566392
190,1.251220851185141
191,0.9861904221153017
192,1.0920499656963722
193,0.9294855049801544
194,1.7925336433887296
195,2.8009758076804747
196,2.1452735996563623
197,1.2806928028292726
198,1.1950669217176448
199,0.9707531704153474
200,1.8156575091634746
201,1.4441448236948369
202,1.2555963956418257
203,0.9290362332403221
204,1.0773432434930665
205,0.9275437839002716
206,1.8766839997654516
207,1.0276859286027316
208,1.289737058513793
209,1.297069849004447
210,1.1475478318405203
211,1.871425742217936
212,1.1040905433468176
213,0.8962677682650229
214,0.9553783574581397
215,0.9738424962517325
216,1.4840358480645264
217,1.5117078919224147
218,1.6491556563902883
219,1.0994985350810187
220,0.875734734041064
221,1.3558528717577323
222,1.4709441180081892
223,1.3029274905111394
224,1.1547593419245061
225,0.9803365974120515
226,2.0554179985050918
227,1.0
228,1.0615217288100764
229,0.9803365974120515
230,1.048692000603851
231,1.0466868274149388
232,1.215227022734433
233,1.154059713080425
234,0.9750633211566392
235,2.3635291229059847
236,0.9908018923928954
237,1.1097174013933473
238,1.1694708678459689
239,1.0390770436483003
240,0.9998138943327111
241,1.3442138996664477
242,1.1767832841871424
243,1.0224449081292004
244,1.0
245,1.2233007130954265
246,1.1462643770330954
247,0.9834981673909922
248,1.0409367154072595
249,0.9738424962517325
250,1.1434927528419387
251,0.9735362436649204
252,1.0461877058871676
253,1.0548976372985912
254,1.7618734994428593
255,1.561371084398389
