0,0.026822863415412637
1,0.02800515237634924
2,0.027296825482368392
3,0.025651498763821806
4,0.026818169748042638
5,0.02556651606487753
6,0.02536298950024757
7,0.029316572319393327
8,0.027768278043438774
9,0.026812189414541145
10,0.02939278510896932
11,0.02361476685218467
12,0.027064159080791534
13,0.030726589488090938
14,0.026715152089746563
15,0.029459333423265774
16,0.029277048708250392
17,0.026551404745100426
18,0.02842328960437497
19,0.02680855085263979
20,0.029081761817640446
21,0.02786693661814398
22,0.026480013895099925
23,0.027792007869829393
24,0.028481441898540186
25,0.028101518112199405
26,0.02497548415379354
27,0.029848565688253195
28,0.029489287407001023
29,0.02741182191926522
30,0.02576473930757765
31,0.031267526554355295
32,0.025981649577297483
33,0.030006094345776366
34,0.02629286763663505
35,0.02727872949809019
36,0.02817109495167428
37,0.027271166590492956
38,0.028233591565435708
39,0.027374930255430606
40,0.024307527671702363
41,0.026483527781211897
42,0.028253658750583124
43,0.032307142107228556
44,0.03003630684005841
45,0.02309476279022092
46,0.03057757374037733
47,0.029377934930592313
48,0.02727746618690093
49,0.030561700462543303
50,0.025350327706025196
51,0.028434816234189055
52,0.025963255000088246
53,0.027602018788419346
54,0.025196119143011356
55,0.027063658758720317
56,0.023347256052455762
57,0.028973489932035346
58,0.025125949454619798
59,0.027878264215281653
60,0.023666415807181033
61,0.02554394736165028
62,0.028506284369852385
63,0.025052139949670645
64,0.027580235231291862
65,0.03010752344732018
66,0.026297765000210385
67,0.02812111895870685
68,0.029632493223811396
69,0.024768298734131892
70,0.025865957078211363
71,0.027546846876475465
72,0.028698922687336585
73,0.025934027290524776
74,0.030907645217321485
75,0.029081341318441003
76,0.026417324190847795
77,0.02827901072745659
78,0.022043817262674688
79,0.026823538650887917
80,0.02866537740646843
81,0.030756872803927197
82,0.025604007291454355
83,0.027268545600485392
84,0.03021891538923965
85,0.03194044680500508
86,0.027951770365215033
87,0.02466612062990161
88,0.030188166313918845
89,0.028731837528006662
90,0.02765000522097123
91,0.023456129125825995
92,0.02961005650843876
93,0.019456054565437322
94,0.029092121519822354
95,0.028455689852087504
96,0.02800320676878345
97,0.02811777033836796
98,0.024607153183020113
99,0.02935165436075373
100,0.025274425804394086
101,0.02802095800773795
102,0.028152248298933254
103,0.027764153204004285
104,0.028032341540300286
105,0.026414954624899886
106,0.03080373373000719
107,0.028473533060432456
108,0.0273852323920349
109,0.02975616542912887
110,0.023931495447392533
111,0.02378778586532305
112,0.027407142550771733
113,0.029195392948592448
114,0.028552127620421842
115,0.03140516151039766
116,0.029527482410997452
117,0.025549786293614252
118,0.026006555643782837
119,0.028346051440509824
120,0.025611340550300284
121,0.027836517653967413
122,0.030488847574181955
123,0.026565190420845715
124,0.023827207081884308
125,0.029033925798622878
126,0.026871773561832582
127,0.028980222189423983
128,0.02928394413245001
129,0.032128549689552414
130,0.028082808471941043
131,0.028891183673477705
132,0.027370149753876354
133,0.027929573614244058
134,0.026531897809763765
135,0.026474249385309952
136,0.028432978705933778
137,0.02893342764001752
138,0.026716839718591987
139,0.026947920737988292
140,0.029254175435112616
141,0.027216176216433536
142,0.02994328755022856
143,0.02382466032690915
144,0.027781906982932692
145,0.03108337137018704
146,0.025063578126245246
147,0.029299119766127632
148,0.031641296331574434
149,0.027620841720242074
150,0.02942989204820851
151,0.02962901425238962
152,0.02741804172748901
153,0.027482436436267917
154,0.02326088858943613
155,0.027075660928221505
156,0.025722865044544692
157,0.024456109724530658
158,0.028057515507089147
159,0.02635699115977236
160,0.028519074608836792
161,0.02920911666681241
162,0.02868385135918697
163,0.02986111669013273
164,0.02719178193086072
165,0.024894337879452545
166,0.026865762260721373
167,0.025559435247851446
168,0.027943265202689537
169,0.029554020259661837
170,0.026414484377983282
171,0.028289530704562516
172,0.02149944071135004
173,0.02992730684116772
174,0.027460353540922567
175,0.02773841408380361
176,0.027555707459563455
177,0.03013824821561459
178,0.02923661913884931
179,0.026181108762638614
180,0.025079866747102546
181,0.021950501367868327
182,0.029584028711707552
183,0.030511254726423142
184,0.0285085027146594
185,0.02759987060468026
186,0.02953681015528455
187,0.03116893862760601
188,0.026525865867683466
189,0.026746365881778585
190,0.026189215401847023
191,0.02994120783776752
192,0.02737642252387335
193,0.025084101392955013
194,0.02844119762784084
195,0.027649563407455627
196,0.030126965562515717
197,0.029946284560860285
198,0.02666513500369806
199,0.027469263108442898
200,0.029861184416058315
201,0.026696933100408566
202,0.029936262675505018
203,0.01904794568364129
204,0.027479181975733204
205,0.027055671558124203
206,0.028236036741012497
207,0.025417878836754528
208,0.02892486833391009
209,0.029916930361823153
210,0.024177657584768763
211,0.030518467377953187
212,0.027692526795061487
213,0.026368317482208196
214,0.02766958222646431
215,0.030423467200966968
216,0.029392878025129285
217,0.029099203436033744
218,0.025983243101531068
219,0.02887705100716691
220,0.02372254018532043
221,0.029074157805104126
222,0.030334205632258877
223,0.02182656021742247
224,0.026607824290512692
225,0.029644719382785553
226,0.028231993683756635
227,0.03165693171360436
228,0.021418436573406925
229,0.027179767925083247
230,0.030500877762934545
231,0.022121782568696038
232,0.032243774042373524
233,0.0308995788287578
234,0.026441031877431128
235,0.026338659313489783
236,0.02765596042977056
237,0.030140447849372233
238,0.02843541905475792
239,0.02902902226146442
240,0.027704875701141444
241,0.02783445426326889
242,0.028984163811863396
243,0.028078235659663796
244,0.029383020349308345
245,0.030895431695839193
246,0.03025153962972214
247,0.023214426600011655
248,0.025434616186493585
249,0.027664909850873724
250,0.030827081773738146
251,0.0302874483397706
252,0.023448707596488066
253,0.031183784580414594
254,0.029723314590779974
255,0.024915497919897972
256,0.02707847444914486
257,0.025833244739181114
258,0.02563007807109243
259,0.027934766264362282
260,0.027773870836064963
261,0.028977490142052937
262,0.03016821323014542
263,0.02789344543504605
264,0.025400755622058936
265,0.02494682288748422
266,0.025964204549046244
267,0.027193736384401597
268,0.029863374017447104
269,0.03007941087361048
270,0.027726151677515215
271,0.025095016458767043
272,0.02572912533419619
273,0.03002363453483382
274,0.03199037239759017
275,0.026880903511389772
276,0.02742804026203128
277,0.025776503162058213
278,0.02666555125808092
279,0.02726391045747992
280,0.027002234775447477
281,0.030395878275809748
282,0.02231718635338742
283,0.0253817802539269
284,0.02706152884463011
285,0.027217802375594766
286,0.031166251510611167
287,0.02275813074905355
288,0.027754489242748866
289,0.03153733079449985
290,0.03153378030038443
291,0.026672559930474665
292,0.028418840524408955
293,0.02963310038972945
294,0.031606419390471374
295,0.027439060222389663
296,0.02465789914647724
297,0.028582628173481475
298,0.022827478366493504
299,0.027378335766517596
300,0.025978304617640186
301,0.027236862546330478
302,0.029048662826304368
303,0.027682249839345967
304,0.026997269986096098
305,0.027798360380075545
306,0.02540195871407774
307,0.024573340554371784
308,0.02793052716163361
309,0.02531038510583093
310,0.026291042904710658
311,0.024450417920504976
312,0.025380426679165236
313,0.028468192756062025
314,0.02799315981965015
315,0.023076377023964846
316,0.027792418960306386
317,0.0294603130079063
318,0.025494617383946313
319,0.02837307665789078
320,0.027885404491118013
321,0.02806710656588943
322,0.027945941081385862
323,0.027861508939282992
324,0.0257113299534431
325,0.029860151908705012
326,0.03097160077029495
327,0.02708201740691121
328,0.026429330801962258
329,0.029687202499922963
330,0.030351928546348182
331,0.029338076049863108
332,0.03033450308780818
333,0.02558244799272813
334,0.028361995040261403
335,0.026027830447233977
336,0.026978394332332883
337,0.026770640618933816
338,0.023107038324913485
339,0.02819022372643904
340,0.02671101523282734
341,0.023360952578655367
342,0.026354337136243168
343,0.030432630122524687
344,0.028143710014303196
345,0.029976263931598596
346,0.029746340229288404
347,0.028792025020095185
348,0.028542051801744014
349,0.026449062793826285
350,0.024862436230311626
351,0.025259262652246924
352,0.025472307293115268
353,0.02646353297007648
354,0.031910018600139506
355,0.021473111261813567
356,0.028705230805049126
357,0.027276752127056502
358,0.027213467658828188
359,0.027983638714246563
360,0.025857908368185373
361,0.02736365883125153
362,0.02792930121881738
363,0.026996114651280087
364,0.029836907944755714
365,0.02777895720281339
366,0.021473724379487545
367,0.03093067100683941
368,0.026704198846695858
369,0.028251907141155868
370,0.024789010311368407
371,0.027803748452376223
372,0.02871854915553302
373,0.030030630958103054
374,0.029310813451313037
375,0.02999819890981423
376,0.027379331194029938
377,0.028474681623494306
378,0.027867960313971332
379,0.03133845348733149
380,0.028511277873253756
381,0.027613674037067038
382,0.027350996469243702
383,0.02661879617665375
384,0.02656993356422704
385,0.028016000355869927
386,0.02626714703833927
387,0.029636649876757494
388,0.02134671393981241
389,0.027007479930779687
390,0.03195281713882277
391,0.021035452030954502
392,0.02787061945532238
393,0.028946891334348558
394,0.029445151416447997
395,0.026481702817008065
396,0.027665449493646414
397,0.023729894982503885
398,0.030403070078560558
399,0.024864244391619814
400,0.028929147281084065
401,0.02672145270043081
402,0.02432281624264242
403,0.028098694062570716
404,0.02853407620075639
405,0.027671076154478648
406,0.02484525912035179
407,0.028355412026745207
408,0.027422411557970202
409,0.02896201217685098
410,0.028087374032262167
411,0.030117780656890844
412,0.027452794161714603
413,0.027015974085795542
414,0.02846668356491742
415,0.027995201156581426
416,0.025891741516708085
417,0.027196069047969455
418,0.02739666720702237
419,0.03109150053341144
420,0.027987880738363394
421,0.024891966019086366
422,0.030459627427497308
423,0.029453187945735117
424,0.025890673208189614
425,0.029051463268734222
426,0.027026109400697784
427,0.026556367263336197
428,0.02867479259735046
429,0.028732335644453478
430,0.024524298770147876
431,0.030801113268012482
432,0.02749790742595671
433,0.028313414017474833
434,0.028407741168623678
435,0.030605648313016907
436,0.027820614529964382
437,0.028002365629947745
438,0.03045424612924943
439,0.02596321514202538
440,0.025028823663523506
441,0.029541216401530557
442,0.026064903886531227
443,0.026264958098125124
444,0.023332370107372245
445,0.02495596940052521
446,0.02140768223317336
447,0.02517582468827407
448,0.025979679645319064
449,0.030373769032394873
450,0.02489859488993348
451,0.02560563509982137
452,0.02576377509095247
453,0.027061170949944858
454,0.027507338419626316
455,0.029622215532686957
456,0.026534138155880464
457,0.024875848100478885
458,0.025730300856229227
459,0.0228952090648727
460,0.026071946470109682
461,0.02686446370624725
462,0.027157703049542275
463,0.02784531967873429
464,0.026286458523326377
465,0.027155397115856985
466,0.03086158932471736
467,0.028024720942427486
468,0.027180964147992807
469,0.02880586929011788
470,0.02897224617562701
471,0.02897937742557895
472,0.03070143950864724
473,0.024681147808595382
474,0.02800253876566712
475,0.029040542666481026
476,0.03028645848247302
477,0.025248322233160904
478,0.03043354284123303
479,0.030008716557236043
480,0.02832430174554321
481,0.027088272922265007
482,0.02587402267572854
483,0.02854497612002262
484,0.02916521298506095
485,0.02733650447367566
486,0.02532690939082808
487,0.027059123594753057
488,0.02907812304736906
489,0.02669601616347448
490,0.02679659974819243
491,0.02806923015873885
492,0.026866045768068687
493,0.028116142422967134
494,0.028125371357300078
495,0.024504332856903607
496,0.025118717875531965
497,0.029857242107602794
498,0.027532693682324215
499,0.026701761827682385
500,0.02222112342868109
501,0.030330002911305762
502,0.0253168631821712
503,0.026915283099562308
504,0.024818099416754315
505,0.029047927459139342
506,0.026736814235871386
507,0.028768861105406957
508,0.03085158445502042
509,0.02358604044960903
510,0.023090405375269
511,0.026663087448957585
