0,1.184207115550985
1,1.0652565789302546
2,0.943061004379692
3,0.9781437880552404
4,0.9622653561154598
5,1.250725580941982
6,1.052253916984498
7,1.1278410556001988
8,1.3178579118312241
9,1.187868883293141
10,1.0666806512448563
11,0.9417669832347106
12,1.5568848772981596
13,1.0358621027408477
14,0.9726172357039178
15,1.0149166560915908
16,1.1007276290379941
17,0.9881871068601888
18,1.3010819782310623
19,1.006258127557632
20,0.9947263876786818
21,0.953935665156489
22,0.9840365685095069
23,1.0036207292761539
24,1.0654067690261455
25,0.9804764960229264
26,1.0326145171922567
27,0.9933974062615133
28,0.9965722560048784
29,1.2215872958084706
30,1.178058929346222
31,1.1436294624013663
