0,0.03729909847346745
1,0.04080509119569536
2,0.049201796725290015
3,0.046664560873991005
4,0.047173906196659766
5,0.03375463079425964
6,0.04283027872373679
7,0.039022821065588596
8,0.03150279817137583
9,0.035631067316724656
10,0.04028958641123539
11,0.049201796725290015
12,0.02839884234775411
13,0.0407859616735912
14,0.047383533320053746
15,0.04438643539281502
16,0.03950622196956434
17,0.04601253702308478
18,0.03423184878289755
19,0.044752135312501995
20,0.046233136183844954
21,0.04864687854650944
22,0.04619492165891183
23,0.04497504020808583
24,0.04095461405443825
25,0.04634368761658645
26,0.043764659759767024
27,0.0454446123769139
28,0.046571540675259586
29,0.03276996518185416
30,0.03742862969776068
31,0.03718014474251811
