0,0.019933900065493365
1,0.019711594989109373
2,0.021309137125627764
3,0.02145008449824483
4,0.020582970546162527
5,0.021188833099353287
6,0.02122013668643449
7,0.01983852174564996
8,0.01997703357773167
9,0.02100619014527719
10,0.019616555909614315
11,0.021060921829386656
12,0.020276554574580136
13,0.0213141530823924
14,0.020766151998319278
15,0.019719018367872765
16,0.019367831137819293
17,0.021288662637973407
18,0.020570570357500925
19,0.02082568727792668
20,0.019791092234183932
21,0.020966789758873953
22,0.021123050905054078
23,0.019566429160715822
24,0.02080795257789312
25,0.021642662024941813
26,0.019016338360314976
27,0.019969746090968372
28,0.019643708632449127
29,0.019556060952586826
30,0.01888603129438869
31,0.02165063533423134
32,0.019550970889130794
33,0.020222742636949197
34,0.018444441591795348
35,0.020019279327502033
36,0.019699778434721545
37,0.02082187346757703
38,0.0213387269397039
39,0.01978287469856889
40,0.019964089847584424
41,0.019532400711593803
42,0.020358167958389843
43,0.02118816062198155
44,0.019365749824430286
45,0.021428521210335335
46,0.019753077018973653
47,0.02073589689487868
48,0.021545975671773552
49,0.019531441462546616
50,0.01969150202409711
51,0.019202034026681084
52,0.021093718986713063
53,0.019236211880922182
54,0.019210595218557548
55,0.01995179819290897
56,0.02081138407691156
57,0.021319318084222185
58,0.020060661934380754
59,0.021563307883265524
60,0.01968693055454189
61,0.02007631466157629
62,0.019544694209966927
63,0.019668787229186597
64,0.019543611087904963
65,0.021493256485536086
66,0.020987644488352986
67,0.018959125751596424
68,0.021251950054264154
69,0.01947783733035886
70,0.019562323552679974
71,0.01955735455375236
72,0.019765139704513237
73,0.02167509288251119
74,0.020059149890733482
75,0.01932445741733609
76,0.02110704481072236
77,0.02045148920101085
78,0.019523097486361527
79,0.019875405379724143
80,0.020126586985171172
81,0.020026504282588096
82,0.020927180554474095
83,0.02001221212501168
84,0.020244772161608946
85,0.02001780300818838
86,0.01964265061228697
87,0.01992548665114091
88,0.01970860353999984
89,0.01962313783875066
90,0.021523471392141773
91,0.019522917169799554
92,0.021249217679840147
93,0.019677445843271153
94,0.01970556943422449
95,0.019716781195300168
96,0.019772102891150486
97,0.019453653418376304
98,0.021650993374406582
99,0.019736751206958274
100,0.021536637755597467
101,0.02150262656004962
102,0.021212270684452268
103,0.019772320307261237
104,0.019990511326053145
105,0.01961627236591354
106,0.019046654784547208
107,0.020430740597959938
108,0.01915183016263211
109,0.021349826035448237
110,0.019417243984011377
111,0.020130995492421103
112,0.02087308195567129
113,0.02150327937288925
114,0.020921929771448203
115,0.01972267941284379
116,0.021457901120577123
117,0.019711366608166837
118,0.02014459128504619
119,0.019411590100583808
120,0.01988485933081796
121,0.020895069524361515
122,0.021482486674975373
123,0.020267235223552144
124,0.019944831505091815
125,0.019589843578137044
126,0.019760877706634733
127,0.020664743856074783
128,0.021458326488602054
129,0.019510138133362574
130,0.019777679943930912
131,0.02162109293731126
132,0.01984159216867591
133,0.020886483719513134
134,0.019629269614332465
135,0.01947728015531579
136,0.020154699589307976
137,0.02017850330583739
138,0.01980243953600223
139,0.019551572967252854
140,0.019644727433519606
141,0.021369539563551813
142,0.021104517864192426
143,0.019735478764011084
144,0.018866253218165204
145,0.021368775132966367
146,0.02013094320526194
147,0.019911421358526995
148,0.019291814615496967
149,0.020622162352099918
150,0.020253904313082646
151,0.01886147913520877
152,0.01956728887349027
153,0.02030859344734011
154,0.02099187566514482
155,0.020485809131852627
156,0.02146121635138247
157,0.02110236814559418
158,0.020975676446700734
159,0.01957849915617685
160,0.021459025925901182
161,0.020665596433349524
162,0.02097536093308722
163,0.021624968308411607
164,0.018916809316372848
165,0.0194875496625704
166,0.021349873361620995
167,0.021360272727648746
168,0.02150752517623877
169,0.01959721395482283
170,0.02079914111495584
171,0.020736280562886962
172,0.020650684358381903
173,0.0211512496554955
174,0.0196290909107925
175,0.021540618890524787
176,0.01975549491486587
177,0.01940816046971653
178,0.019418057433401373
179,0.02148242758904446
180,0.021559068639582284
181,0.020126966556883886
182,0.021426542394088678
183,0.021403139467719073
184,0.021186154525978093
185,0.018904290263446765
186,0.02131577765940656
187,0.02172564061635827
188,0.019563114588548484
189,0.02061984069724083
190,0.02100590282977107
191,0.0205728682618741
192,0.019842325100128698
193,0.019435708635359136
194,0.01946662849092582
195,0.019529394371525774
196,0.021258721676943582
197,0.01946461859601737
198,0.02107040691530866
199,0.01964416507712928
200,0.01958124699134094
201,0.01957582781910237
202,0.02125577623608786
203,0.021028777608429566
204,0.019405676034325376
205,0.021097740300456053
206,0.021632401889551726
207,0.021397773087213287
208,0.019396028261825217
209,0.0210775543722559
210,0.019548600765599725
211,0.02130186089080882
212,0.02007182432013303
213,0.020605221112655298
214,0.02064433729497916
215,0.01964469164880666
216,0.018180746771005694
217,0.019616895919315213
218,0.01970352718276786
219,0.02146718145080077
220,0.02110528337238937
221,0.02030928886641658
222,0.019816735826312937
223,0.01933700401367569
224,0.02084185590185278
225,0.019588601631629378
226,0.017849068931355478
227,0.0196265687695923
228,0.0197984557647417
229,0.019498435354124027
230,0.01982626531252433
231,0.021007179836339332
232,0.02119253413022632
233,0.01986171030986316
234,0.02061899248424593
235,0.01947164088186348
236,0.01971647040106549
237,0.021735217211043354
238,0.019749765248115458
239,0.01956223912083976
240,0.02059752421925467
241,0.020270328062067935
242,0.019869352955599155
243,0.019728973750602074
244,0.0215802450268529
245,0.021404096018944913
246,0.021122088436003755
247,0.019509181432397053
248,0.020028268036670602
249,0.019621348186822072
250,0.020082505747532117
251,0.021143520141579764
252,0.02157793938130711
253,0.01990167119995476
254,0.019650069369112087
255,0.01975224930017957
256,0.01977052990830252
257,0.019586354739378194
258,0.021388918447827053
259,0.019774977084303733
260,0.021176674304200734
261,0.020164248978889077
262,0.019819785158071812
263,0.02134135948442352
264,0.01983827988828626
265,0.019546841287087943
266,0.0194703518817891
267,0.0191903386179589
268,0.01939499484498241
269,0.020482241914246045
270,0.021531283960447574
271,0.021319554764586753
272,0.019442291624119017
273,0.01877804622835546
274,0.020029630264985138
275,0.019946784269421574
276,0.02065203042540134
277,0.021137912962170415
278,0.01857609758316164
279,0.021338527364526915
280,0.019866977387839775
281,0.021041117976175614
282,0.019806786189442007
283,0.021095694889694372
284,0.020117267113538603
285,0.019366625468889426
286,0.01903760714055371
287,0.01987687557935673
288,0.02137975829770358
289,0.01954718737024517
290,0.02076796451224628
291,0.020765450878886964
292,0.019468847613762205
293,0.019054036582479048
294,0.02148867782687802
295,0.021086773491234834
296,0.021525281185973816
297,0.019512393453351883
298,0.019733882268106944
299,0.021042752265313134
300,0.019954667831650452
301,0.019874099285156717
302,0.01987522289121818
303,0.02138887948688612
304,0.02151813765729177
305,0.019546850123784754
306,0.0197630328444479
307,0.019687003042866573
308,0.019713059735842156
309,0.02136010015270285
310,0.02113463447671887
311,0.021255242650720457
312,0.019714261274342414
313,0.019789021624610978
314,0.02046484802944997
315,0.019564194339544344
316,0.020206182738841977
317,0.02144094264441563
318,0.019705987605976097
319,0.019994034265062858
320,0.01966048407244198
321,0.021636536895849854
322,0.021263308372865598
323,0.021177472769382644
324,0.019654828025353135
325,0.020815267272217695
326,0.019408239410578683
327,0.019509303237126855
328,0.019652929044333863
329,0.021168089991193774
330,0.01949887364088378
331,0.019663173948922807
332,0.019465142031324136
333,0.019737033063312613
334,0.021567249267020274
335,0.019938188053706143
336,0.02147075877331464
337,0.021399568468704503
338,0.021388883107185105
339,0.02090572858607136
340,0.020104630618866418
341,0.021563908228510235
342,0.020682747127969983
343,0.019707129214623312
344,0.020399968341386306
345,0.021634890580767497
346,0.018463683657540406
347,0.019774238871022747
348,0.02142295954356372
349,0.019228029120511865
350,0.01998150281078436
351,0.020450132794614453
352,0.019936152497715718
353,0.02016871605184403
354,0.019267097383966002
355,0.02101218218198113
356,0.019512905672604185
357,0.01887419005813789
358,0.02047981620018406
359,0.021193216183650755
360,0.020476761392756015
361,0.021610289865223915
362,0.02138668286617462
363,0.021541351612092797
364,0.0208932686580323
365,0.01962502200477895
366,0.020704814622520315
367,0.019911685270164292
368,0.020264243944754214
369,0.02097417137319539
370,0.020033886305480388
371,0.01947931704901078
372,0.019599594610941802
373,0.01941065450259299
374,0.020011500462940562
375,0.0213065637444847
376,0.020567221439190375
377,0.02004199692989696
378,0.019662954295764076
379,0.021215923834938498
380,0.021707010328788058
381,0.021609168166407827
382,0.019725574212224053
383,0.02139244549577123
384,0.02118048326236869
385,0.02002485816264008
386,0.01959212642777733
387,0.020112500237512643
388,0.01966659884536596
389,0.021236848000365745
390,0.020097852777929057
391,0.021133505094953674
392,0.019679801873343405
393,0.019948244696496656
394,0.01962977980981583
395,0.01961018898872218
396,0.01954727718079834
397,0.020831913796949965
398,0.019643608342350863
399,0.019750548131046087
400,0.02159333913258834
401,0.020019888884244916
402,0.019882927078666384
403,0.019809428174663177
404,0.021181870776587845
405,0.02056328291839945
406,0.020136752370274118
407,0.01971102915471361
408,0.019157185562258962
409,0.021102329334807143
410,0.017496745426491392
411,0.01972740479466784
412,0.02127755237489674
413,0.01961425783122086
414,0.020100215541610653
415,0.019171012090400813
416,0.02103268070465352
417,0.020017914571442055
418,0.02057181449958884
419,0.019721495766297153
420,0.020873962390822783
421,0.019169386556064268
422,0.021534338345214264
423,0.02088852265368511
424,0.019486841054294234
425,0.01975167471768635
426,0.02096046614988151
427,0.02107138998898937
428,0.020380684263769645
429,0.021251121674950704
430,0.020221198697180993
431,0.019196379373434037
432,0.01971963389303034
433,0.020075845187207127
434,0.020155789511273364
435,0.020473256862226622
436,0.02033856685209945
437,0.021235851607697993
438,0.01904062057032627
439,0.02126750211074748
440,0.018344916693557492
441,0.01960682281710917
442,0.021141526473775138
443,0.019688570705749284
444,0.021029611157313586
445,0.019375870493527576
446,0.020947113793922733
447,0.021499816147874988
448,0.0205315977769878
449,0.02116041981183071
450,0.021564364233801703
451,0.02133062195135573
452,0.020929424908108164
453,0.020742935041464627
454,0.021449803227145497
455,0.019399112349404897
456,0.01966798321886347
457,0.019530565006140383
458,0.019529293583522365
459,0.019412560765957997
460,0.020282400913384842
461,0.019748352007753708
462,0.02048857513914459
463,0.019791815871985984
464,0.019905610117705388
465,0.019592855369494844
466,0.01992970240759613
467,0.021360564191843526
468,0.01923541679745667
469,0.01973660704769425
470,0.019610480401334014
471,0.020253548530445947
472,0.02093249777990179
473,0.02157803451674429
474,0.021107988471906217
475,0.019763269246611634
476,0.021351568208940536
477,0.021043899115282136
478,0.02121197503041455
479,0.021162292896537316
480,0.01936948790518255
481,0.019779980624162447
482,0.019497033122706182
483,0.02096231615057936
484,0.02131447229060841
485,0.01939602279912379
486,0.019783752053513227
487,0.019684247794987488
488,0.02144370878097217
489,0.019386481253442136
490,0.02064465328327747
491,0.020028965500086232
492,0.020024423679618313
493,0.019624641845112346
494,0.020063565937074306
495,0.021433885726805785
496,0.019735619526354404
497,0.020749254214331284
498,0.02032230658128882
499,0.018700521649482008
500,0.020212573308554572
501,0.020088837954834994
502,0.018594831372374845
503,0.019077741005058248
504,0.021572215196841014
505,0.019855176887100097
506,0.020855940022092904
507,0.021332215446232563
508,0.019178140794150502
509,0.01946352253502816
510,0.019626946428281142
511,0.019543422519866554
