0,0.01964270254729661
1,0.014975661079221476
2,0.01707373793343443
3,0.02005104754591928
4,0.020550613133764647
5,0.01820374816537857
6,0.02089779459196797
7,0.019528956807541995
8,0.018775372246895284
9,0.02005104754591928
10,0.018775372246895284
11,0.017022097352797524
12,0.018560596342906518
13,0.017815408055553046
14,0.018845540547742477
15,0.019929252503722218
16,0.019698490356946388
17,0.018910134058987442
18,0.01974256615434442
19,0.019814109570810076
20,0.019144549779298817
21,0.017922529683104975
22,0.01683469359756408
23,0.017818602357646814
24,0.018119260415082463
25,0.021337965029585126
26,0.01692908265585196
27,0.018472794071018643
28,0.022145675264563208
29,0.019217933959062804
30,0.02190664273715738
31,0.01836240679925073
32,0.017808894234664047
33,0.021061648622082256
34,0.01612064851244328
35,0.01780138515710295
36,0.018146577460454838
37,0.019132664295823262
38,0.01884302494510119
39,0.018154380647238604
40,0.020101682683551753
41,0.019217933959062804
42,0.017846848746431027
43,0.01833255163860334
44,0.02190664273715738
45,0.01967843945632113
46,0.020801788193768454
47,0.020780350863375912
48,0.02089779459196797
49,0.01574483888944096
50,0.018291448307477056
51,0.0220019848815366
52,0.020684923405410827
53,0.021417669139636854
54,0.01699707824043487
55,0.01612064851244328
56,0.016693744901842427
57,0.02055951010634645
58,0.021061648622082256
59,0.018769659520695543
60,0.02084991824995962
61,0.017501508460231466
62,0.014795472791772726
63,0.01780092352636512
