0,0.020739434838525264
1,0.02024483495188725
2,0.020975244659530243
3,0.020657254972505364
4,0.01863394608997986
5,0.01842735542505521
6,0.02406196403732352
7,0.022055703278689723
8,0.020109664329249474
9,0.0211410533580224
10,0.02444999599473387
11,0.02049665431453203
12,0.024564481997300103
13,0.01927006217872476
14,0.022100488878500156
15,0.020648993955057895
16,0.02056726272735607
17,0.02084789766452693
18,0.019991236785737408
19,0.019579684184514785
20,0.021130697920195625
21,0.023342469239783094
22,0.01895901439769662
23,0.01943706583401441
24,0.019704589267506647
25,0.022586112680604148
26,0.018302662894466283
27,0.022782289851964135
28,0.01983657881071326
29,0.020355631891982973
30,0.01935265179523548
31,0.019682032573130594
32,0.019555355625104947
33,0.01863668028146602
34,0.018077261779415203
35,0.019593219350150168
36,0.023511368897567157
37,0.02220453895302561
38,0.018174227008227996
39,0.022375807018115812
40,0.02143571781192164
41,0.018155207317047332
42,0.02231920307590339
43,0.021437241092399934
44,0.019894412390975457
45,0.018157315395608307
46,0.01895901439769662
47,0.019790788220843878
48,0.02015799677418144
49,0.022475191930525856
50,0.021114028037141862
51,0.018240239895687172
52,0.020633329250169058
53,0.021227494359027523
54,0.02245448074841231
55,0.021130697920195625
56,0.020136599464890458
57,0.02086448847464466
58,0.02085287984420581
59,0.019898673550079356
60,0.022348598294637704
61,0.019461918995888883
62,0.02431556989292017
63,0.022826496889341755
64,0.02409613492787339
65,0.020047603668597102
66,0.018361416284387852
67,0.021908408602668794
68,0.01835240143654936
69,0.0190610659084503
70,0.0225405704346734
71,0.018651422261626614
72,0.01886969887751953
73,0.0224642776058087
74,0.020020243436678478
75,0.019506051300178226
76,0.02070080364083589
77,0.022283521370379058
78,0.020881906605781514
79,0.018573581240956573
80,0.021308972893365478
81,0.020684603090533417
82,0.019414605767280785
83,0.01875351339691372
84,0.020345678861447284
85,0.02275878279827398
86,0.01994627281173558
87,0.021871044565065313
88,0.018114156382246956
89,0.0214019697359544
90,0.0214597312133038
91,0.021274678860338483
92,0.020741096575334513
93,0.02168090833412887
94,0.018063454908400958
95,0.025101168531578764
96,0.0202908896203636
97,0.022553264802780092
98,0.018703937250266672
99,0.02068181184638484
100,0.02007020007491972
101,0.022279088059633745
102,0.01832954482611121
103,0.020388548699051524
104,0.021192969656076314
105,0.019934720595030868
106,0.016924115725353236
107,0.02043494468714151
108,0.02285789860405203
109,0.022170887979741028
110,0.020578256749796617
111,0.021234930620515673
112,0.02289069369117975
113,0.02109300324091704
114,0.01679931444337193
115,0.020283226367069796
116,0.01774315258607843
117,0.021709446030717172
118,0.020706034722259667
119,0.021161580253960456
120,0.02152724389376965
121,0.01708026619245159
122,0.019499565062136737
123,0.020150672101635878
124,0.02158003068181873
125,0.020277249091096225
126,0.020519798167908696
127,0.02145266269946547
128,0.02067928986272397
129,0.020597288868397103
130,0.01940887751245359
131,0.02305806018780888
132,0.020432501385428476
133,0.020714600783362794
134,0.022606879440193975
135,0.020536961237128844
136,0.021604387016343856
137,0.021473723424759963
138,0.020614602841082866
139,0.019079228830575334
140,0.020910672601183063
141,0.02049694265589216
142,0.0231082651033019
143,0.024603439696400053
144,0.021926923507090492
145,0.020577042556070506
146,0.02088955855018011
147,0.019601532324691702
148,0.019997348554911254
149,0.02224535877023502
150,0.024950286429342293
151,0.018385408637027627
152,0.01837735370335465
153,0.016747378552263527
154,0.01879841687740296
155,0.018919083441709453
156,0.022957470019015557
157,0.022475191930525856
158,0.020015658474669577
159,0.021776880181498485
160,0.021546230593938513
161,0.020477133774087965
162,0.02112866081020357
163,0.021923213281444552
164,0.020362528388518715
165,0.022515038577924168
166,0.02001414983804935
167,0.019516886270794166
168,0.02009638016234082
169,0.01991617146551923
170,0.02057376170410247
171,0.020246108416132478
172,0.021270748982843063
173,0.019383236262097186
174,0.020808389474642877
175,0.021349834468144396
176,0.021064214368017274
177,0.019040442070903038
178,0.02462482890739026
179,0.022330144896847277
180,0.021877829021964824
181,0.021855581842172185
182,0.02104682800092744
183,0.020109664329249474
184,0.01856576073903622
185,0.022494879141105865
186,0.02043494468714151
187,0.021993424227094546
188,0.02076374753619568
189,0.019431798352729183
190,0.02057469377628765
191,0.02231429778763785
192,0.020662880001392412
193,0.018516968713395743
194,0.018221699467419333
195,0.0241604918455763
196,0.01991617146551923
197,0.020436171568310166
198,0.021175336357854787
199,0.021008941030854645
200,0.01904979249087165
201,0.020612102344556356
202,0.021524939591797524
203,0.02282873527456785
204,0.01761190359452286
205,0.02497854885357425
206,0.02107730064615088
207,0.0211410533580224
208,0.019950598488994126
209,0.017934540028471842
210,0.021083431543633034
211,0.019736689376549873
212,0.02069953506825935
213,0.019245543964245063
214,0.021905239585872097
215,0.020844743100873617
216,0.018861039584547445
217,0.018197146007921768
218,0.018683953369569392
219,0.021910942550573232
220,0.019759669741859227
221,0.01918581921963947
222,0.02145940742570857
223,0.02026735208042099
224,0.018989292560962826
225,0.019915857528924347
226,0.02283015753112801
227,0.01845214232298861
228,0.018920955259867332
229,0.023136834228881333
230,0.017854370894436228
231,0.021666864504623268
232,0.01848511995140094
233,0.020557156159128922
234,0.02363439820118147
235,0.02012614801408349
236,0.024536241457794605
237,0.021360916848915164
238,0.019366140634115247
239,0.02065169355618772
240,0.022507805859686255
241,0.022809486160651697
242,0.021274678860338483
243,0.019296565571368104
244,0.018807993171272165
245,0.020369296984909854
246,0.021651995540016376
247,0.020012140764315588
248,0.02420892983301461
249,0.019393862932770223
250,0.020386166574462936
251,0.02036025715403341
252,0.018635126821285028
253,0.018591125960824687
254,0.019670809275469964
255,0.021426991622389514
256,0.019855207403611734
257,0.021865094995363616
258,0.020136271259134204
259,0.020134625298291107
260,0.02285789860405203
261,0.02222587105918565
262,0.020778385443608268
263,0.021820896304944676
264,0.02002238027541285
265,0.021620061280026075
266,0.01948842154517986
267,0.01958056303700012
268,0.01805994882608127
269,0.022271810823601936
270,0.020252655317279884
271,0.02377293854903473
272,0.01930954861351019
273,0.022191095766162017
274,0.024950286429342293
275,0.022045392285985035
276,0.020576424973056853
277,0.021905488370709148
278,0.020570360987138648
279,0.020015658474669577
280,0.018437532419879846
281,0.020486287971329415
282,0.02086277568256272
283,0.02186315798843914
284,0.019929992146939635
285,0.02170987260101216
286,0.019257601624749886
287,0.02018676599023485
288,0.024050864182120085
289,0.019937319310310463
290,0.02222587105918565
291,0.018541973557563058
292,0.021095988941459642
293,0.019849826189148323
294,0.017242233037018915
295,0.02093199446805923
296,0.0195794084165591
297,0.021061847038871522
298,0.021926923507090492
299,0.01903485219707646
300,0.021506000481254336
301,0.020575813219360875
302,0.019579684184514785
303,0.0203468915837401
304,0.01905651822607051
305,0.019333574296981588
306,0.02306483847105408
307,0.021525791187203745
308,0.017409680659805884
309,0.018902478118535272
310,0.01923354050985703
311,0.021308972893365478
312,0.021908408602668794
313,0.018693993988738958
314,0.022290354685334367
315,0.019714095351974537
316,0.0174575052184169
317,0.020125796483976652
318,0.021112213896442092
319,0.020443504879086194
320,0.022593690483025848
321,0.019474216558148735
322,0.019637837646893114
323,0.02074549770792179
324,0.01991144382621926
325,0.020067189191579755
326,0.02092226342838585
327,0.021703608928170536
328,0.021064214368017274
329,0.020714983037428268
330,0.021096585866146267
331,0.022816001146905913
332,0.021236403956285132
333,0.02040062277871688
334,0.020381928408771757
335,0.020831137547472525
336,0.0193052494402326
337,0.020197067595309388
338,0.020865277488018634
339,0.021614520332190176
340,0.019290444346469413
341,0.019006265124088387
342,0.02316223840627992
343,0.019915857528924347
344,0.021508238202236053
345,0.020412715404127202
346,0.0210387879731868
347,0.017817475792490416
348,0.02021429440250641
349,0.019480887384475603
350,0.021287035174107374
351,0.02011777272807746
352,0.024590703632263674
353,0.024260248894862998
354,0.020720831904118112
355,0.02239308433796467
356,0.021097911091498917
357,0.019138179551092916
358,0.019840052028487244
359,0.021287898765898414
360,0.021499669482178976
361,0.02093101541404239
362,0.017943847177102255
363,0.02144158016032713
364,0.02118594976906081
365,0.019417081765536217
366,0.021345696047560685
367,0.01930788768819529
368,0.021806699935207497
369,0.02282204460491865
370,0.019991171197556896
371,0.02187059194430968
372,0.01901726926237392
373,0.019367910006539132
374,0.02093199446805923
375,0.017880858357129426
376,0.022458212034157047
377,0.01862028269836927
378,0.017248516079564617
379,0.020281306677080186
380,0.021160517734565128
381,0.019921083423714035
382,0.019334219778280544
383,0.019514943112750725
384,0.019456147326118747
385,0.019869289922525398
386,0.01951467570727556
387,0.022409594249244758
388,0.023625232932804968
389,0.020753689549937924
390,0.020345852925511596
391,0.0194194808989125
392,0.022956648021711375
393,0.021660523224274593
394,0.019382753750804407
395,0.018904982392127748
396,0.021183279339739014
397,0.019991236785737408
398,0.01718462337568957
399,0.02221377576984776
400,0.017916278041491148
401,0.02262074133398308
402,0.0181793261065918
403,0.021642441894729393
404,0.017454462035036037
405,0.02234317843235792
406,0.02168372337337789
407,0.020406842593624682
408,0.019571781183419956
409,0.017300095380643008
410,0.022016289336385837
411,0.022559650375439572
412,0.02149292880354441
413,0.01941341188395222
414,0.01851415493851187
415,0.020087681403431052
416,0.01825527143490028
417,0.023006812526989728
418,0.019446350519206644
419,0.021679564754557377
420,0.01802539480344513
421,0.02267915210941177
422,0.020273442203387268
423,0.022917604654347327
424,0.02011346407740314
425,0.021476292578300988
426,0.019265751400838714
427,0.019585004039724237
428,0.020810379311206384
429,0.018877225696384996
430,0.021210837752939214
431,0.02000030708991417
432,0.02174685382117319
433,0.019363378899864343
434,0.01929736679627535
435,0.01930954861351019
436,0.021504211629295094
437,0.023096712907989623
438,0.020728360453449432
439,0.019433052565845446
440,0.02218021882650229
441,0.020228439076848202
442,0.02052535402363998
443,0.018971851121144533
444,0.020881304778270035
445,0.0190723589651338
446,0.020311501331387812
447,0.02113484088230387
448,0.0212095597832989
449,0.021778277631290126
450,0.021623622988381833
451,0.020482015830137434
452,0.023086943190505766
453,0.023633796382884188
454,0.02250466733592413
455,0.021190474143263117
456,0.020662880001392412
457,0.021102831314781616
458,0.020597781236446077
459,0.020908979396273515
460,0.022519847385488616
461,0.021905239585872097
462,0.020139249403027998
463,0.020937837300156713
464,0.01855537500966013
465,0.02347280495554425
466,0.020961792923612006
467,0.02130168091215898
468,0.023409254021324672
469,0.021117167095569968
470,0.022613348751465954
471,0.01672393684275119
472,0.01652988994470768
473,0.02509692149334822
474,0.02170192879821963
475,0.01919507310669191
476,0.020948888480786503
477,0.01769874340994234
478,0.020204186688058637
479,0.018874253602910538
480,0.01625680223727991
481,0.01802539480344513
482,0.02086111003670323
483,0.021189633158014354
484,0.023094939294728004
485,0.022400986938161244
486,0.01928246600623096
487,0.02053095197735738
488,0.022860765015713685
489,0.021034487917493225
490,0.022553264802780092
491,0.021094401775665773
492,0.022003240984455098
493,0.020189599525782257
494,0.016593218067795505
495,0.024260248894862998
496,0.024486748196291597
497,0.02347128042209598
498,0.019194249948908962
499,0.019829148451304523
500,0.02130252883200163
501,0.02129447538454334
502,0.0210387879731868
503,0.018414891039116088
504,0.020451351924353486
505,0.020045179043051208
506,0.02136217759238206
507,0.02108325145637484
508,0.022163543899717888
509,0.02006565841409258
510,0.01852978374962474
511,0.022409594249244758
512,0.021504509208556784
513,0.017692782841156312
514,0.024263100530348563
515,0.01826127306538524
516,0.020002862263487794
517,0.0224642776058087
518,0.01893302254066135
519,0.021455111805755402
520,0.02237465630113308
521,0.021078696828093893
522,0.02277859348802606
523,0.02216874647309172
524,0.022788792152739695
525,0.01881656427216414
526,0.021443981527103365
527,0.019207983739495962
528,0.017898093773499237
529,0.01795921295755596
530,0.020933570528523376
531,0.022172449122391524
532,0.01866890455067982
533,0.023253045243537496
534,0.024427851052391966
535,0.01955101551526775
536,0.01715718464703138
537,0.019275180860193808
538,0.020859432040648444
539,0.02185143206105305
540,0.020958977946095973
541,0.0202908896203636
542,0.02183427869474885
543,0.020081570984472233
544,0.02033396544631967
545,0.017858191626657516
546,0.021138628981543065
547,0.019827225753962712
548,0.020563538049773813
549,0.021557005462694928
550,0.021346479601279122
551,0.022620977935848448
552,0.0178837792404897
553,0.01717859356095834
554,0.02094607086450738
555,0.021787915918097044
556,0.021649037414498678
557,0.02086029185170334
558,0.019041762408638942
559,0.021629024501637433
560,0.024587622837828182
561,0.021825004969687888
562,0.019242717847522753
563,0.01889587006922918
564,0.01806340384954926
565,0.024607612153090635
566,0.02094495024103782
567,0.019594865627204205
568,0.0225563932544887
569,0.020566901211277553
570,0.021293052852785876
571,0.020966957261517406
572,0.0205047568053298
573,0.017749904494350432
574,0.01964781852532431
575,0.02402434646977473
576,0.022532944063873697
577,0.017900125083717962
578,0.019275180860193808
579,0.01807466827266535
580,0.01962337372073273
581,0.02146367348170386
582,0.0178402987386224
583,0.023086502238918435
584,0.019165600738426658
585,0.020474702634041272
586,0.021530761024015528
587,0.022860765015713685
588,0.020033158767343417
589,0.019881075410152632
590,0.02344775620822488
591,0.021343554220841873
592,0.02214376191292454
593,0.020991914574669427
594,0.021925045741324957
595,0.022329218432973624
596,0.019743046638001326
597,0.018820470204442517
598,0.020283423656299555
599,0.02128572726830971
600,0.02044014224773718
601,0.019095795127217256
602,0.02467025007263823
603,0.022260222869155962
604,0.02108984027942751
605,0.02035304807504682
606,0.02226780970676917
607,0.023968732243286345
608,0.020752406587137024
609,0.018877852769599544
610,0.024058096589636504
611,0.018163482299583113
612,0.018339325276329126
613,0.019480887384475603
614,0.019354526989558984
615,0.020597288868397103
616,0.020633904870339736
617,0.019621767191566847
618,0.021712423114346804
619,0.020776311567095012
620,0.023148399329219606
621,0.02213605978043635
622,0.019220122917722713
623,0.02010255883974765
624,0.018995481424029258
625,0.02069436702008698
626,0.020919759936665554
627,0.020460100081886996
628,0.020541868983541677
629,0.01649624695375996
630,0.021055430154026892
631,0.019004829262479244
632,0.022042041830312196
633,0.024427851052391966
634,0.019719220196604225
635,0.022301874499397877
636,0.020356467298500693
637,0.02273130043137079
638,0.01812936249609764
639,0.020255910975110408
640,0.022833484370267127
641,0.020684603090533417
642,0.01763009044059772
643,0.019544154670657076
644,0.0205974648445506
645,0.022494858046052585
646,0.022815736703112374
647,0.019662173882837086
648,0.020148601744782918
649,0.02181688052713317
650,0.02266601078597707
651,0.021753244666925655
652,0.020563993219922885
653,0.02213605978043635
654,0.022594210819332175
655,0.021367258992197883
656,0.02202050292549763
657,0.02002849268776756
658,0.019818073085803918
659,0.019662173882837086
660,0.019298070479124935
661,0.02222058686733296
662,0.02267915210941177
663,0.01758011534948454
664,0.020748230786038883
665,0.022051701496449826
666,0.019307193442996376
667,0.02024686382472796
668,0.02016451044323824
669,0.021008941030854645
670,0.02188433925660777
671,0.019722195557555246
672,0.020552378705234294
673,0.01968856927892377
674,0.020536318174459008
675,0.02045587666460007
676,0.019830753154520434
677,0.02254042406127128
678,0.020774794021651846
679,0.02337233629909594
680,0.022519847385488616
681,0.01943062285596112
682,0.0186134158192847
683,0.02087762299465694
684,0.021928891891044883
685,0.021210189634067334
686,0.020937837300156713
687,0.019067855075529626
688,0.020350083705931003
689,0.023955997444283957
690,0.02220871161947851
691,0.019530255745002736
692,0.02182253136511094
693,0.022534186028596845
694,0.022957470019015557
695,0.020583888290149347
696,0.019474216558148735
697,0.019693349721883933
698,0.02142525280936887
699,0.020043848938869256
700,0.02073050311654801
701,0.022607563537135198
702,0.02047144512199671
703,0.020131014965654635
704,0.021154493026381917
705,0.019034644094607738
706,0.021318176476748274
707,0.02059065133545613
708,0.02126181558382693
709,0.020204186688058637
710,0.01962337372073273
711,0.02056342443777345
712,0.02020366496057802
713,0.020125796483976652
714,0.01952906411090846
715,0.017679096302156118
716,0.018745443259843033
717,0.021063249174275826
718,0.018685432689936044
719,0.021389547579784337
720,0.020075871346192764
721,0.019730836610506067
722,0.018750604223772886
723,0.023604851883371872
724,0.020489457869821
725,0.018580272609898373
726,0.021346945937993727
727,0.019264320726609333
728,0.020143327388422415
729,0.01924761815839455
730,0.02277417397242164
731,0.017691261088378547
732,0.02016451044323824
733,0.0206305655657658
734,0.023607767429407525
735,0.02008905458697817
736,0.020831137547472525
737,0.01969106956583854
738,0.02088185975769067
739,0.020047603668597102
740,0.01702944424721617
741,0.020676675265053887
742,0.02295270475828578
743,0.020873155340012654
744,0.02174879024201668
745,0.01867989551750771
746,0.019399049678926996
747,0.019819066389257154
748,0.018858410405651477
749,0.02249162914396834
750,0.020124439914030706
751,0.0196402903370767
752,0.018878179403386375
753,0.023858898250649636
754,0.022044144370817448
755,0.017196592349416916
756,0.020868852759410143
757,0.018346628666286616
758,0.022939903449454884
759,0.020685132865420962
760,0.018714739347015605
761,0.0208480012357595
762,0.02029320700801187
763,0.02009607365998272
764,0.02056632505191982
765,0.022992376702125086
766,0.020139226450265127
767,0.020367706550807798
768,0.02380365869556766
769,0.020463079525872757
770,0.0246660655527559
771,0.018435993886020945
772,0.020252655317279884
773,0.021532122291794693
774,0.02003996985588577
775,0.021383939871946273
776,0.018469122612175214
777,0.020316098139563386
778,0.02260311790040465
779,0.019116052360056028
780,0.019521662602229383
781,0.021089534702972822
782,0.018722029619179414
783,0.019539756137316525
784,0.02111314229702348
785,0.021846922141397575
786,0.018579065183969512
787,0.02134741210369095
788,0.020270152571513045
789,0.021175024358828266
790,0.020512047523444713
791,0.021896541096677657
792,0.019687545042303894
793,0.025058036314606902
794,0.02198837247151385
795,0.018659411712199526
796,0.01997579980430525
797,0.024523029293837796
798,0.0198822156546815
799,0.021026848315858528
800,0.017772073680733774
801,0.020611495141818696
802,0.022724278605803692
803,0.021485512908954816
804,0.020316953090284782
805,0.019618658448228687
806,0.021584225813925984
807,0.02349995584750206
808,0.021096585866146267
809,0.020420165695766164
810,0.019122199779104246
811,0.023613707859711168
812,0.019626239890176353
813,0.024808932101044606
814,0.021645933944983223
815,0.021024901597053367
816,0.01982921260106905
817,0.021283043143436653
818,0.021527278999251546
819,0.019911397987347455
820,0.02034626934974588
821,0.02263375568565885
822,0.02024515648744109
823,0.018693993988738958
824,0.01934004321389934
825,0.02280654468504912
826,0.020451351924353486
827,0.02022768468237599
828,0.022593083201418375
829,0.020919759936665554
830,0.02193651776116536
831,0.020819140420790288
832,0.019974980551881644
833,0.020885725675442043
834,0.02259015890886321
835,0.02172084703011337
836,0.021504509208556784
837,0.018541403940750194
838,0.021399818036158463
839,0.020956694090110084
840,0.02143571781192164
841,0.01946364293185869
842,0.02136217759238206
843,0.020953418486001785
844,0.020447263666516224
845,0.020008090535076396
846,0.02172767684859884
847,0.01916861941163882
848,0.020613260518341905
849,0.022656486293992976
850,0.017829490198075816
851,0.020547101261531846
852,0.02218021882650229
853,0.021296057820075112
854,0.020811352315838565
855,0.020172335754913527
856,0.020355324589490038
857,0.019108944785528034
858,0.019041044847048088
859,0.019220176741546646
860,0.020436144265831683
861,0.020167274702044595
862,0.021077449343516335
863,0.020416704978969143
864,0.01972133256387255
865,0.01952906411090846
866,0.020753080244856358
867,0.020541868983541677
868,0.023235128165775016
869,0.021101122852592923
870,0.01762816867057446
871,0.021055430154026892
872,0.018731415934605727
873,0.01819248200221689
874,0.019240608652382415
875,0.018335777184731127
876,0.018836385686313104
877,0.020792312496779368
878,0.020418372462491983
879,0.021163576712901314
880,0.019787928593884202
881,0.02255791203909249
882,0.01984733862181296
883,0.021248715193714858
884,0.021660523224274593
885,0.0205989318529958
886,0.02292516424743298
887,0.01773359654561502
888,0.02533131636405849
889,0.024590703632263674
890,0.021565888274667624
891,0.024396008422645693
892,0.01981508374916614
893,0.02250129815419019
894,0.019470658274879305
895,0.021062167652847717
896,0.020449152810588414
897,0.02003872825156528
898,0.017987086094000064
899,0.02043310062304444
900,0.019626239890176353
901,0.02122910771588044
902,0.020268296023886613
903,0.019243716923372147
904,0.024001818018052963
905,0.018944991743331425
906,0.022449294853228823
907,0.020153352856945552
908,0.02294415692565491
909,0.020715186879310014
910,0.02386541821433381
911,0.02072384864247721
912,0.017942743820233188
913,0.021233694577488294
914,0.01925695116330149
915,0.021154493026381917
916,0.017632392232215674
917,0.02458772359303974
918,0.020375275592301248
919,0.02565415973478864
920,0.017300095380643008
921,0.0199529100500769
922,0.02301933953592077
923,0.023613707859711168
924,0.02015072496039605
925,0.01939867369935143
926,0.022828474225879386
927,0.01870311606796827
928,0.01893153300064032
929,0.019979706425578937
930,0.023033756922987664
931,0.019970588234649034
932,0.01933166160059471
933,0.02191213007484722
934,0.021676304375107733
935,0.019951530608189997
936,0.020715186879310014
937,0.02072592620736034
938,0.020375275592301248
939,0.022578579479966315
940,0.022476957531555784
941,0.02088955855018011
942,0.018858410405651477
943,0.019995425832158756
944,0.01980627000170031
945,0.018735427548856032
946,0.02533131636405849
947,0.01939867369935143
948,0.02068717645654237
949,0.018034934615851712
950,0.020516398038346588
951,0.02058762952855387
952,0.022936695665579696
953,0.020029781285526713
954,0.02062542056646975
955,0.021120286952171295
956,0.019106003863503793
957,0.01981129415432942
958,0.017507303406253425
959,0.020574911680524784
960,0.021172202421995523
961,0.021346945937993727
962,0.02029778548347834
963,0.021357886778547296
964,0.02262625690595343
965,0.01945950208280447
966,0.02066389663290676
967,0.020948888480786503
968,0.02005614052338525
969,0.018091540919223315
970,0.019960823207531002
971,0.02260269374809477
972,0.019207983739495962
973,0.020817825789320475
974,0.02107770038569728
975,0.019135827615521052
976,0.021367258992197883
977,0.022185598278840982
978,0.01916975462064165
979,0.02137422652707781
980,0.020374493806459545
981,0.020575649073575154
982,0.02462482890739026
983,0.02208620284552481
984,0.021913852802315368
985,0.016859907051951464
986,0.018919083441709453
987,0.02115035369812666
988,0.017828102138710996
989,0.021725481773361865
990,0.017486005281335346
991,0.01980297029708008
992,0.020284993444773972
993,0.022606376700706043
994,0.01889966446424559
995,0.02167047248445417
996,0.022382158245949184
997,0.019242717847522753
998,0.02142969998936416
999,0.01827127622000259
1000,0.02327030318521059
1001,0.018294084629992827
1002,0.021508238202236053
1003,0.017811816750217025
1004,0.0214027032629666
1005,0.02261148940759961
1006,0.020214427230495956
1007,0.02073600560731296
1008,0.017046821950345237
1009,0.02193564660723468
1010,0.021649662994570943
1011,0.0222715846968775
1012,0.019774105026048705
1013,0.017961887005672476
1014,0.01860936455938865
1015,0.019142552399337338
1016,0.022583161610525617
1017,0.019286344469348703
1018,0.02128726596645314
1019,0.020736022978285196
1020,0.020743461729329535
1021,0.019511401388818125
1022,0.02131424979388633
1023,0.02082954568087075
