0,1.1142940011890614
1,0.9620491358653507
2,1.1712668120529064
3,1.0164854586298704
4,1.007639548704827
5,1.241911729216027
6,0.9881800812503334
7,1.0791719309914858
8,1.0816807648112052
9,0.9962946233791331
10,1.0972640488683032
11,1.0933403957829562
12,1.0913663563920513
13,0.9866514263549351
14,1.04114359672975
15,1.009102831942057
16,1.0037814852926719
17,1.0321563677346073
18,1.0576192403562135
19,1.0720910287141
20,1.0684951933871343
21,1.01956782034135
22,0.9964661854909584
23,1.099309459435032
24,1.1148257229856096
25,1.0607028375029508
26,1.1155165761425416
27,1.0697184791807093
28,1.0736101618538285
29,1.085514067938436
30,1.0475637786278196
31,0.9834220232980311
32,0.978097016286789
33,1.2275107805341237
34,1.167753129597218
35,0.9957727248781579
36,1.0326713111167378
37,1.0052232091740156
38,1.0001622262679162
39,1.0214977981159863
40,1.0449207151382782
41,1.1266263642168095
42,0.9889348299846581
43,1.147078631507656
44,1.0548416028271776
45,1.1107299643792756
46,0.9760754842870125
47,1.0220209523936126
48,1.027855869730708
49,1.0552798291777705
50,0.9943783490991419
51,1.0140647902231401
52,1.059636262139986
53,1.028222441897984
54,1.0098920003501217
55,1.1369393843028492
56,1.0197560329914328
57,1.0287207195824286
58,1.0972877215408254
59,1.131957317217256
60,1.3162224638352837
61,1.0231848106384824
62,1.1475358751669944
63,1.0970997589817966
64,1.004559800315317
65,1.0105051420951876
66,0.9841134136900335
67,1.0760686232094145
68,1.1238148456891504
69,1.1056045845392963
70,0.9705368210543445
71,1.0880602415746425
72,1.0429500807369099
73,1.0828243974976903
74,1.1705889093571162
75,1.0200489892051494
76,1.023496766184261
77,0.9820930228372897
78,1.0248394962422125
79,1.0221176189188195
80,1.0817275440397405
81,1.0082988695517912
82,1.0422973224749637
83,1.0975694823285223
84,1.0512020185804487
85,1.0040012150572502
86,0.9961456782406036
87,1.463968732055746
88,0.9682892332030075
89,1.0483114756777026
90,1.0128329946577657
91,1.018901863765925
92,1.059945586789501
93,1.0107009208144355
94,1.0894230383618837
95,0.9657082507097083
96,1.003333372694307
97,0.9935120894035254
98,1.136975655098659
99,1.0313309743244647
100,1.1047455729708378
101,1.1380554802878837
102,1.0054359615490516
103,0.9667216050654037
104,1.1911574378638643
105,0.9744781025724611
106,1.0529110527060621
107,1.0575300898805131
108,1.1109376311056796
109,1.1087601834197525
110,1.0097353866280439
111,1.0313265636766478
112,1.0830867183163888
113,1.0007854594240184
114,1.0658749224886777
115,1.004986809338415
116,0.9972558686484436
117,1.0234526466401657
118,1.0318119112205408
119,0.9945233911925528
120,1.1317495970451488
121,1.0481873456035007
122,1.0336400088072621
123,0.9701634749084211
124,1.053298312395146
125,1.03658130648792
126,1.044172958983233
127,1.252103988417096
128,1.124985406421076
129,1.31602929925107
130,0.9826330521047393
131,1.0491367544565111
132,1.0287218956017117
133,1.0699576537968722
134,1.0303448071707966
135,1.0032094393037994
136,1.044536474116783
137,1.1925471170530106
138,1.01658338251438
139,1.1677133154397832
140,1.0871898711708643
141,1.1527067024802355
142,1.005266624614599
143,1.1136430471576377
144,1.0402743255961537
145,1.0790945979418345
146,1.292871335672226
147,1.0119417266976174
148,1.00059060154042
149,1.5722671691607573
150,0.9859635565397682
151,1.0298020346853998
152,1.078327354695527
153,1.0740042963302316
154,1.0171481695507172
155,1.0067116162860295
156,1.0745912601174141
157,0.9826266430587556
158,0.9973519021340329
159,1.1442474591962573
160,1.0060898350145422
161,1.1555317286320328
162,1.0063737916407716
163,1.0345013403051573
164,1.112068739073875
165,1.0677779128405929
166,0.9676268209562855
167,1.032014498102785
168,1.0350133230708116
169,1.0943292529494122
170,1.0058654841821677
171,1.0052453233242478
172,0.9596792430927468
173,0.991432154518818
174,1.043812824801178
175,0.9801674440681573
176,1.010542601438462
177,1.2350884677700946
178,1.0292876522169672
179,1.0949790253323937
180,1.1146254824200506
181,1.2180791245275842
182,1.0252200496791177
183,1.0880362933263095
184,1.246282821389372
185,1.0465459702206559
186,1.1073660450717977
187,1.0389456115776579
188,1.0834207323147056
189,1.067773369680808
190,1.0709198560281368
191,1.4185944743409378
192,0.989839779161698
193,1.0446175308898649
194,1.0066285504694759
195,1.0473353377921393
196,1.2370499752396196
197,1.0838955710003617
198,0.9814122535896088
199,1.0415631539121724
200,1.022218302565497
201,1.0571742461353284
202,1.0622137435783017
203,0.9914631732589021
204,1.006155650431897
205,1.0111473839639116
206,0.9929234099306867
207,1.0101811644014442
208,1.0349716436327703
209,1.031348027965769
210,0.9970537659122392
211,1.1736150314769427
212,0.9970934828278235
213,1.0410065388410594
214,1.0275274866609636
215,0.99931717132331
216,1.0465117385484848
217,1.0801985527318771
218,1.0685858804431652
219,0.9738369851031902
220,1.0184322839458646
221,1.1033696569582494
222,1.023143918672252
223,1.0608242387035056
224,1.1602156064418432
225,1.2407912567656298
226,1.0088669572350102
227,1.0225732241354386
228,1.0338669106033116
229,0.9924070424122027
230,1.002856175926897
231,1.009007574364405
232,1.0177208235711863
233,0.9615878436530414
234,1.1957055244941937
235,0.994548657288151
236,1.0274471499603872
237,1.0408852415254999
238,1.0631008515798062
239,1.0600914348893997
240,1.0193375777010796
241,0.9829636768322916
242,1.002480484282744
243,1.1556014245668877
244,1.0479804989157055
245,1.1502207582068724
246,1.0150296355115862
247,0.9991500876188777
248,1.0231485555784294
249,1.0651866771313168
250,1.1852289880865234
251,1.0536922607155628
252,1.042873773830081
253,1.0723685336135442
254,1.1269267801101033
255,1.0336941673301285
