0,1.2208561444114474
1,0.987034583615242
2,0.9717069285052118
3,0.9440109771090079
4,0.9588852482717235
5,1.0592587079883684
6,0.971608156482921
7,1.0789386095107372
8,1.0111140786017323
9,0.8992135044891287
10,1.2383475477235655
11,1.0875519887513314
12,1.0845237537085262
13,0.9534445543180897
14,1.0351706194502115
15,0.9922234305412674
16,1.0811339194106377
17,0.9759419451386265
18,1.0440916549925063
19,1.716819703272888
20,1.0176283933016612
21,1.192843161771619
22,0.9756814061640525
23,1.2702632938418048
24,1.0724416974808268
25,1.2534705793838483
26,0.9580788829841713
27,1.0459204305826217
28,1.0409856830304776
29,0.9701895331086448
30,1.0988784856154945
31,1.4701984189458623
32,1.047728105384939
33,1.1859214264328377
34,0.9455980934917677
35,0.9542882397098125
36,0.9865972946975696
37,1.335649959071968
38,1.1281757393063097
39,1.0433448923881146
40,1.135203531897259
41,1.0905306807199153
42,1.0468431646101912
43,1.2361630309714697
44,1.0811054860236626
45,1.0189852249092084
46,1.0110180679724303
47,1.0653253739382365
48,1.0092058965667345
49,0.9918066312682583
50,1.0535059366775994
51,1.3244354915528578
52,1.1401308297465227
53,0.9253881870532936
54,1.1989167862114007
55,1.0924957423807005
56,1.268049677689977
57,0.9573350364463937
58,1.0010882391675273
59,1.058661573472783
60,1.053438926282454
61,1.0258440348740905
62,1.1410704219547774
63,1.188451351436456
64,0.9821927224914099
65,1.0291242026905059
66,1.034124764454223
67,1.1377526150994528
68,1.0730455843295446
69,0.9534559725751097
70,1.00992080010631
71,0.9045806534292695
72,1.024796694680386
73,1.028808018235694
74,1.0267251642847686
75,1.0245598129977442
76,1.035053160551707
77,1.0934261584342717
78,1.0803691407773481
79,1.099840965922894
80,1.156903819645599
81,1.0634866733344936
82,1.0179854058786173
83,1.2139908386646652
84,1.055151866026923
85,1.0839966712282554
86,1.3361944541866346
87,1.0530838381620051
88,1.0529728515542764
89,1.23084821913456
90,1.0069456829761259
91,0.9546198409619414
92,1.1649413890135647
93,1.0125514353908809
94,1.0272769733321578
95,1.491493203032621
96,0.9791977510000694
97,0.9868269683746356
98,1.1261573686615962
99,0.9902522692237695
100,1.028254986606844
101,0.9574315228014081
102,1.353369775133042
103,0.902919656993046
104,0.9491073054663344
105,0.9910004107058877
106,0.973705701106943
107,0.967183608127195
108,1.0674295191026988
109,1.209573173465086
110,1.2072553655128104
111,1.1773203468504403
112,1.054289380423814
113,0.9872196949377519
114,1.0910535941020982
115,1.1049909699988607
116,1.216235434319266
117,1.1168477058479434
118,0.9653442256940679
119,0.9963179789443765
120,0.9878864981986942
121,1.0559999778618863
122,0.9935620354904076
123,0.9305480588130903
124,1.106413712940661
125,1.0099939634800947
126,1.0337794384594003
127,1.0006387571787678
128,0.9958361006186127
129,1.0273287509671887
130,1.0117525098090152
131,1.412022816581297
132,1.0202680568527789
133,1.0561180029502437
134,1.0312150967791678
135,0.9351876845077458
136,1.1327867320345795
137,3.3458137538131156
138,1.0525636277456467
139,1.0185082917593151
140,0.9411443851634482
141,1.0109086527339037
142,0.9717544253427857
143,1.0510767734161008
144,0.9748893064910215
145,0.9917511138581628
146,0.957080481678153
147,0.9519816934110668
148,1.0483039447725258
149,1.3062265983537849
150,1.1736119107905683
151,1.0085502448674137
152,1.242107809651808
153,0.9838555278757658
154,1.1577808957811706
155,1.178880224801229
156,1.1710156166216366
157,0.9192677609704221
158,1.0845237537085262
159,0.970985870565008
160,1.0127108657483648
161,1.357049693693935
162,0.9443735245722351
163,0.9889122220040071
164,0.9792725431737173
165,1.0117485343764998
166,1.4712814381293617
167,1.145790519459525
168,0.9370945166039181
169,1.2681791295518947
170,1.0286351632631436
171,1.0079486167120046
172,0.998721826716261
173,1.0217902419963492
174,0.9501211035754298
175,1.0194760753287362
176,1.0619646631871327
177,1.0449557269240506
178,0.9828559743694445
179,1.0079364034818843
180,0.990237128141027
181,1.1157834836727034
182,0.9225245709788168
183,1.5617398020003541
184,1.099511881987743
185,1.2250331678773718
186,1.0765320708591428
187,1.691982199929976
188,1.0583687460202316
189,1.0241852637706845
190,1.0333162047793212
191,1.0972786160371788
192,1.1048597113920209
193,1.0422705407734585
194,1.0164611797267622
195,1.0099731579411757
196,1.12147480207557
197,0.9850167840559441
198,1.0448175218739633
199,0.9710545298979804
200,1.0221673753370026
201,0.9866669997554145
202,1.351884388601417
203,1.3841239552038065
204,1.1984041117532207
205,1.6519706151994409
206,1.7522179101572148
207,1.0334876286242716
208,1.407673986946629
209,0.9748357041531502
210,0.929990500852383
211,1.0083566857842094
212,1.1846444398049023
213,1.0707859580821053
214,1.0000558896286336
215,1.6812821944246437
216,1.030248997969666
217,1.068066929907406
218,1.01561568797566
219,0.9542538845119647
220,1.2353017700194755
221,0.978162261416667
222,0.9874340417588401
223,1.0270175918420663
224,0.9571359656591696
225,1.2085516207404698
226,1.0533114444547602
227,1.1693313695317762
228,1.12241926994774
229,0.8763241432163912
230,1.124166846344636
231,1.032796593579826
232,0.9942599198203923
233,1.1895065860652636
234,1.063982207636073
235,0.9830817190206811
236,0.9969625551345375
237,1.0894051684183577
238,2.1293223590365935
239,1.0512881592008632
240,1.2097633148337457
241,0.8770713176395674
242,0.9836007953357728
243,0.9192237582770284
244,1.2796970207846847
245,1.3844126591841803
246,1.3259701450349337
247,0.9587118888760083
248,0.9248396984187062
249,1.0938360540168892
250,0.9646780337933167
251,1.0090759682370014
252,1.152502438392239
253,1.0193591778093827
254,0.9734826157641349
255,1.0772376234115084
256,1.004489354764755
257,1.7491391308798745
258,0.93851941090085
259,1.1444561993226472
260,1.0626109357334679
261,1.0207837917256781
262,0.9887669028598484
263,0.9916305611801095
264,1.0240539028794207
265,1.0415816886678828
266,1.1311415779945557
267,1.3235743554209618
268,1.7976281788183308
269,1.0910403938390625
270,1.3522062529306151
271,2.3556179737751797
272,0.992663652072266
273,0.9709853599725178
274,0.9381792913644684
275,0.974909334146415
276,1.0504269017313363
277,0.9942599198203923
278,1.1530083405225766
279,0.9609216184227513
280,1.2495398241768116
281,0.9836007953357765
282,1.0315040868275072
283,1.568422540493143
284,1.1621376443936708
285,1.055402993046226
286,1.117997073187617
287,1.0431913846310679
288,0.9531552995075421
289,1.0766800280254716
290,1.0093754152061516
291,1.1357557472004218
292,0.9632962378715383
293,0.9416915407514888
294,1.0181856898826722
295,1.0021206612437958
296,1.3046455566221218
297,1.0713189229539295
298,1.0290858290422689
299,1.1888184673004836
300,1.4636548915909326
301,1.3419875585115209
302,1.0541479666591058
303,1.0282669220391232
304,1.8863374725396462
305,1.0063228826409865
306,0.9320815220463088
307,1.1366370937772368
308,0.9823729410017408
309,1.1322167628255198
310,1.0438549611987145
311,1.173480209347305
312,1.1733499407790082
313,0.9496004052573238
314,0.9561430592192863
315,1.0116477117200837
316,2.2287275493393404
317,0.9620370076602393
318,1.0070267342807617
319,0.9669035334431628
320,0.984791044616175
321,1.644616880530844
322,0.9147008648883393
323,1.1024221063151889
324,1.3196984502093643
325,1.0745337951611402
326,1.0774564358939531
327,0.971606330447403
328,0.96351819875313
329,0.9904566722429579
330,1.0302489979696663
331,1.0909829843074852
332,1.1291750328516885
333,1.0604325769964495
334,1.1269121502461008
335,1.0277664412726795
336,0.9648984428942877
337,1.1597226840391592
338,1.3329948007886534
339,1.0090473926598587
340,1.1432231050001784
341,0.9187926347855182
342,1.1223447950670966
343,0.9470686860508861
344,1.080448481734188
345,1.0951239236517105
346,0.948799675491607
347,0.9879117713183933
348,1.6132963547446877
349,1.060811550083707
350,1.0869132064632505
351,0.976786634048681
352,1.0428222415283326
353,1.3801576687875907
354,1.033850057272387
355,1.0474437148589613
356,0.9961506753250859
357,0.9384917464852307
358,0.9861628245746614
359,1.0121099507375704
360,1.0780712750261583
361,1.0566594590459928
362,0.9559335054723183
363,0.9712723083083961
364,0.9878503858760697
365,1.0072177530842716
366,0.9453242784218862
367,0.9643477887798813
368,1.0951239236517105
369,0.96351819875313
370,1.2161179378872227
371,0.9894637417690827
372,1.004165874366297
373,1.0490059415313757
374,1.0440622015256964
375,0.9731383785188801
376,1.0125020217926028
377,1.036889102726494
378,1.012623933503285
379,1.000704499116873
380,1.1643042410294406
381,0.9974506080903927
382,1.0236039623862072
383,1.0471861620603045
384,1.1090257028357566
385,1.0442561800491252
386,1.1432231050001784
387,2.051488530028275
388,1.0064387068876803
389,1.0102735700874828
390,1.0463325154958372
391,0.9784500290203532
392,0.9879045276591778
393,1.5858748731803973
394,1.0520342752336478
395,1.074189664685605
396,0.9354043492900667
397,1.2452076384872761
398,1.0491344324032044
399,1.0730455843295446
400,1.024796694680386
401,1.034532457541633
402,0.9555515160526418
403,1.2124448664726246
404,0.9977909268036287
405,1.0412641596601397
406,1.0160686388373046
407,0.9559229865084302
408,1.0081337132960984
409,1.598306838908179
410,0.9510256581765366
411,1.1186884266680897
412,1.3484002337539556
413,1.065841043489308
414,1.0708869704650414
415,1.3981138488737566
416,1.021922292027691
417,1.1423060680840378
418,1.4042118940677928
419,1.0618848503466465
420,1.0256982017932532
421,1.792433402348832
422,1.2476499694838694
423,1.0925813463208591
424,1.0525636277456467
425,1.011583704677836
426,1.081305768827013
427,0.9892193420870055
428,1.3344705620102753
429,0.987221848774984
430,0.9274110499969909
431,1.045817169579918
432,1.0564036301980388
433,1.0060663476158331
434,0.9499473855548004
435,1.3214100141055272
436,1.4797405382069164
437,1.0264031565202796
438,1.0256326810240866
439,1.0131304662270317
440,0.9797708728435385
441,0.997304368069297
442,0.9440109771090079
443,1.0465004902958495
444,1.0951255303160314
445,0.9875840989707911
446,1.0146300908039343
447,1.0558836119887385
448,0.9798626628408159
449,1.0622312514357177
450,1.1373823450546894
451,1.488239784865168
452,0.9394042548329359
453,1.0553203964871676
454,1.8035418892255457
455,1.140893245674123
456,1.0764674106108538
457,1.0127432665447547
458,1.1737137073666855
459,1.011441731562847
460,0.9988003358330401
461,1.009550216490374
462,1.0491082428375889
463,1.006765358878014
464,0.9418877751441959
465,1.092176490509021
466,0.9772615972656448
467,0.9955648258276873
468,1.1399341574581245
469,1.02878507218743
470,1.1053664119666147
471,1.0249823904950914
472,1.1044957503616444
473,1.0473187138733824
474,1.034064255683679
475,1.0817207688092538
476,0.9904653426874217
477,0.9310918140898766
478,0.9566912503292725
479,0.9591520913129774
480,1.3742415757297652
481,1.4662059898388282
482,0.9663537038649666
483,1.1628729653460976
484,1.0537492650255746
485,1.0028413191866463
486,1.294636276573057
487,1.0239731485040737
488,1.240971902093186
489,1.2259198125136364
490,1.1839427386964825
491,1.0303364089654659
492,0.9576211356432225
493,1.010369392535728
494,1.025925171297798
495,0.9400133128658682
496,0.9855658613424636
497,1.0906981071478787
498,1.153113799215773
499,1.0803155500637014
500,0.9674026938417353
501,0.9963060739961965
502,1.176529436344691
503,0.9954074400791817
504,1.0809997477525528
505,1.2355727081884955
506,1.1871499897933524
507,1.0308337987373248
508,1.098236307268336
509,1.7333015552742657
510,0.9821927224914099
511,0.9798820245089357
512,3.1380680105892544
513,1.0273712464944436
514,1.146212483868507
515,1.1330317144864233
516,0.9697103440715651
517,1.6017942256743194
518,0.9999008358758747
519,1.4352748664773147
520,0.9680759387818838
521,1.0636767526992905
522,1.0786181152775458
523,1.2629836431523664
524,1.1776459834899566
525,0.9897632775948515
526,1.0405342902309478
527,1.3099666505021534
528,1.3926054967751877
529,1.0519672623104568
530,1.226576582901872
531,0.9712133371467142
532,1.0083131029422636
533,1.088453795345782
534,0.991270478173452
535,1.1073002429064562
536,0.9850929770870844
537,1.05426975203978
538,0.9372104320656414
539,1.0345614186448482
540,1.77628538481684
541,1.0288584765134299
542,1.8573315822113683
543,1.5247726711884109
544,0.9846858715261835
545,1.22166486296439
546,1.0580734791404527
547,0.9586470901057781
548,0.9654061101744479
549,1.1193522596084724
550,0.964451272876441
551,0.9296693235580747
552,1.0441641770765733
553,0.9498566083448853
554,1.0840940517281996
555,1.0439916537560665
556,1.163714649863156
557,0.9641800798745122
558,1.1540599506073486
559,0.974856573614135
560,1.1648341111098501
561,1.1953460037451498
562,1.392629446208393
563,1.3270063129656866
564,0.9840202906034741
565,1.0099894866034513
566,1.0642467663634956
567,0.9889122220040071
568,1.0595236077818533
569,1.0017671956231573
570,1.1135693845751558
571,1.0486216823170267
572,1.1064458822461938
573,1.0875148502165648
574,1.852093981946447
575,0.9879783186916025
576,0.9256611292360117
577,1.2170945725703421
578,1.0831796329429877
579,1.2564140256010978
580,1.3668109585635595
581,1.056529103700588
582,1.0152459591200846
583,1.2261534803060221
584,0.9715020675924807
585,1.2911625478910969
586,1.450388978921826
587,0.9234322340337658
588,1.2453101533038782
589,1.0536171956022906
590,0.9290462008454194
591,1.0419393228730054
592,0.9567433441144829
593,1.144568923307196
594,1.3651310662549219
595,1.063333392685973
596,0.9705003763372557
597,1.0544557717021066
598,1.027163765138804
599,1.0432249722296076
600,1.1433711017181452
601,2.251724664909761
602,0.9423062008079568
603,1.052294129794386
604,0.9552267298822164
605,1.0746847831460888
606,1.001911156278933
607,1.0107429131933818
608,0.9466021893114511
609,1.06231038933785
610,1.022101774932442
611,1.006520380843389
612,0.9556869825091365
613,1.0029197050303038
614,0.947388469297564
615,0.9696700520671857
616,1.0902630144641157
617,1.0439086180631916
618,1.1176341209505898
619,0.9812179940230132
620,1.0448058935904498
621,1.0668016921803956
622,1.3194520003680144
623,1.0005234074747338
624,0.9587954824224422
625,1.0352288157768452
626,1.0162036265484802
627,1.0421839049973667
628,1.1098928525951512
629,0.9938304248214062
630,1.1063877550303824
631,1.1597226840391592
632,0.9865778556811631
633,1.0336813672074967
634,1.073006128286638
635,2.0216598237380885
636,1.2254761023913898
637,1.1217151864269295
638,1.2171423031293158
639,1.0832118812107643
640,0.976786634048681
641,0.9799860064145558
642,1.013774764910443
643,1.139636021396545
644,1.150519864330773
645,0.9599025351185463
646,1.062037597083116
647,0.9968289228734002
648,1.0610450451882165
649,1.0367425119012321
650,0.9776053342694014
651,1.053304965867217
652,1.0455543042409556
653,1.0401095728280936
654,1.1699490281268285
655,0.9835420985976221
656,1.339210134200081
657,1.082345338630251
658,1.1214813518022781
659,0.939067564806494
660,1.3192186151286187
661,1.2520831794680074
662,1.0655564291792698
663,1.5409660229360695
664,1.0835245381814493
665,1.0126166502055767
666,2.3792784991612104
667,1.0790380681718323
668,1.1374862306270883
669,0.9929748967741092
670,0.9664903513847511
671,1.1405888640713364
672,0.9901130479497284
673,0.8869922205984875
674,1.1268384950964823
675,0.9527988724652149
676,1.0611503063910073
677,1.110982079698541
678,1.0275633857743085
679,0.9932891855138838
680,1.2121025220725645
681,1.2572633821182757
682,1.018067298030095
683,1.6093047557379145
684,0.9230847320940855
685,1.2289700495381097
686,1.0029474282540767
687,0.9510596988514428
688,1.689815564953508
689,1.0618446241913873
690,1.109510216043858
691,1.2873623160814862
692,0.9985841584429421
693,1.163598879157107
694,0.9720236108368852
695,0.9528787260376096
696,1.049940821888864
697,1.054650527947629
698,0.9834552140590467
699,2.4076068099002175
700,1.1887734217200339
701,1.0268501979220672
702,1.1068900723405286
703,1.1538295096938658
704,1.3940923139820198
705,1.0188590741489587
706,0.9718004921676201
707,0.9846858715261835
708,1.0628120051200938
709,0.971159608671016
710,1.0772517944994924
711,1.1671818568992813
712,1.004811199507849
713,0.939760848550265
714,0.9914373226652855
715,0.9465785607840731
716,1.0719056696509464
717,1.3625016192243313
718,0.9888224661262872
719,1.072940424574073
720,0.9991558711588966
721,1.0083660822627365
722,1.0532064124742353
723,1.0564684552989567
724,1.0199394845353948
725,0.9716822588813152
726,0.97858404986764
727,0.9323129137056032
728,1.0049285890888506
729,1.1465029341947097
730,0.9563224221529252
731,1.2577364917111098
732,1.1377657484498398
733,1.0803298633529286
734,0.9349003872269496
735,0.9407246718503867
736,1.085009088500864
737,1.0172716220208156
738,1.008086849375118
739,1.1265913848612705
740,0.877460126566032
741,1.0842062262742918
742,0.8806095323868196
743,1.069872596113529
744,0.9879357815996923
745,0.9365971512249792
746,0.9972444756569615
747,1.0398633976404679
748,1.310483345943401
749,1.7510576613601285
750,0.9105750961690137
751,0.9610538606853042
752,1.0054048153987605
753,0.9567130610606795
754,0.9849974109384643
755,1.2045291302604992
756,1.0871018892187652
757,0.9609206338265741
758,0.9658686769510005
759,0.988023310407047
760,0.9977782189176816
761,1.0391871527188927
762,1.1243283220485467
763,1.171702020026431
764,1.0177999000548517
765,1.1378323478171906
766,1.0194522083207944
767,1.065486336661335
768,1.0876826337412682
769,1.009550216490374
770,1.478768286035619
771,0.9949493234330757
772,1.0241903645641148
773,1.0280731002973624
774,1.0196222244677169
775,1.0002102906058823
776,0.9885222593714251
777,1.176889914820768
778,1.128322569373029
779,1.1820246466207929
780,0.9485927125497702
781,0.9954415779970551
782,1.2208636045977392
783,1.3982621456570987
784,1.0628696021302706
785,0.9762098875519186
786,1.0593936499088692
787,0.9974937068343175
788,1.0519066641254529
789,1.9965580115572379
790,0.997125771480338
791,0.9934219094180359
792,1.229241607325427
793,0.9868521268300943
794,1.2735689752092496
795,0.9303990192000717
796,0.9487726208501539
797,1.9123561139942682
798,0.9759454840239548
799,1.0185235013153728
800,1.017308042229558
801,0.9570992353454015
802,1.0743361435666392
803,1.0141561782726265
804,1.0787393133505216
805,1.0067192002305951
806,0.9503914770348831
807,0.9342341334549455
808,1.214810682153213
809,1.5235762859306887
810,1.0827160755448628
811,1.3851605930642699
812,1.6205494198917663
813,1.0139224454197966
814,1.0434948918931395
815,1.034915394582737
816,1.0314764959070661
817,1.0670727121948054
818,0.9786764982772889
819,0.986508842732903
820,2.8363710028602767
821,0.9872196949377516
822,1.0428109371205172
823,1.0617198393704252
824,1.0710649150972136
825,1.0943476813236388
826,2.301665601128315
827,1.002888041759679
828,1.1575477354885435
829,1.2229681830767625
830,1.0086163212555574
831,1.0945003228945187
832,1.0049083570345383
833,1.0732385234986639
834,1.2653656942872002
835,1.0683264673419193
836,0.9358231984277057
837,1.0511443118151858
838,1.1447176761022397
839,1.278172215267149
840,1.2968004774718187
841,1.0338284696428142
842,0.9946577671192073
843,0.9767488156518092
844,1.4321302255607526
845,0.9764155460593431
846,1.0530757509057327
847,1.0730455843295446
848,0.9907383392848934
849,0.9113773092433475
850,1.0138751034787667
851,0.9415303971627653
852,1.1605299904259943
853,1.0367888933140397
854,1.0060920966070428
855,0.97858404986764
856,1.0112257796659996
857,1.05098197749864
858,1.0635448069540705
859,1.09373698359787
860,0.9298996480691596
861,0.9266779181058122
862,0.9201481675113419
863,1.001820795497016
864,1.0585877459515258
865,0.9919778907804773
866,1.0165833805447368
867,1.3458926287450819
868,1.0441215930544816
869,1.0661377405063925
870,0.9248396984187062
871,1.0403700032149152
872,1.2183408113523402
873,1.140127719412856
874,1.0088145382901124
875,0.965751381402667
876,1.039262649140713
877,1.325649838800612
878,1.0288584765134299
879,1.027848121207791
880,1.1916801209440875
881,1.1715700924447996
882,1.1200502810114055
883,1.0064062511084164
884,0.9896766063901526
885,0.9835420985976226
886,1.0268501979220672
887,1.070570592718069
888,1.0603620410162458
889,1.0737925159236097
890,1.0349280646055736
891,1.0374113183333975
892,1.0242019761345182
893,1.0174845744906156
894,1.051837142263828
895,1.039468747497466
896,1.0382043797920066
897,1.0295640351093134
898,0.9904302238785967
899,2.0375015965939456
900,0.9397024209307214
901,1.1248311470366292
902,0.9456414053950595
903,0.958142518246458
904,1.0288767738459539
905,1.0377816980530916
906,1.0354178383540322
907,1.1297516676767065
908,1.1540521749683466
909,1.0622633981962228
910,0.9947889387691379
911,1.002452952673722
912,0.9680085697540792
913,1.0117801133518827
914,0.9678835506348992
915,1.0157202372746579
916,1.4663495298695262
917,1.0388008761817518
918,1.0145497278742168
919,1.1990407527459603
920,0.9710293687081865
921,0.996408293127695
922,1.0279860729769643
923,1.0418283527330852
924,1.0832650611395858
925,1.0115470888989129
926,0.980252227824324
927,1.0338083730446155
928,0.9874340417588399
929,0.8525519608889106
930,1.0367572719800722
931,1.1308375236803894
932,0.949215719232632
933,1.0020393264291865
934,1.111121316918656
935,0.9512534222524912
936,1.6919509942984212
937,0.929781920941982
938,0.9556186588449666
939,1.0644912699282352
940,0.9618773128867972
941,1.1818142514017662
942,1.675176128856898
943,0.9437490532335056
944,1.1532118156493048
945,1.0939828159860376
946,1.0723483408980297
947,1.4316860652717582
948,1.5777731365772403
949,0.9958220469849046
950,1.124100850862659
951,1.0082330506247579
952,0.9875022878214841
953,2.6892184511990136
954,1.0101540394593032
955,2.714386021927889
956,1.0855320781716573
957,1.1915586193589642
958,1.1219048694212983
959,1.101706205853649
960,1.0804217805868566
961,1.1974622828503165
962,0.9147008648883393
963,1.0184645892007569
964,1.0381017620691007
965,1.3752862867474533
966,2.014400217105985
967,0.935356463675005
968,1.0951239236517105
969,1.0752256730395695
970,1.073956798973368
971,1.0205656820310707
972,1.0221846682702762
973,1.0184533318261215
974,1.1502017378244958
975,1.0278746041058378
976,1.3238754741996694
977,1.0227644679852568
978,1.0596525025386798
979,0.9781159202052476
980,1.2154726264485096
981,1.2696304128228093
982,1.029673755944318
983,1.2727368702243442
984,0.9934331235100563
985,1.0218162959194557
986,0.9335822283153334
987,0.9964925222372494
988,1.0528661192527227
989,1.0295129895782307
990,1.409698692944748
991,1.1408388515556895
992,1.080377557034788
993,1.2370543790657527
994,1.0215226068950698
995,0.9546327149245786
996,1.284165229499219
997,1.0833622420580282
998,1.3312110243768378
999,1.0349280646055736
1000,0.9808518491195153
1001,0.9885957484432003
1002,1.060845781722227
1003,1.3836031299635188
1004,0.978074765445779
1005,1.1369318929202583
1006,1.021839529734943
1007,0.947388469297564
1008,1.1432231050001784
1009,1.0098496783759296
1010,1.0035931060567356
1011,1.1249107962955114
1012,0.9891187351253441
1013,0.9865088427329028
1014,1.0088145382901124
1015,0.9774055685675761
1016,1.332387201149975
1017,0.976791966918545
1018,0.9523119456574527
1019,1.3791429369523416
1020,1.0015412177344762
1021,1.393460609079185
1022,1.257406640587362
1023,1.151384622303548
