0,1.0072328283893661
1,1.7172237367105638
2,7.075734903414899
3,1.0664007938638045
4,0.37986357096130985
5,1.3632050657451142
6,0.7636146963778875
7,1.1525625023545207
8,0.409492690230599
9,1.0257164211899563
10,0.7744601441361078
11,0.8318879390202882
12,0.9342261430478196
13,0.9427772958061194
14,1.0358051301826572
15,1.8051879782396163
16,10.380390736491
17,0.5259784859709499
18,1.3271651407215146
19,0.35532326926924707
20,10.434590489882046
21,2.693140752369086
22,13.219178232892327
23,6.9141912695736645
24,12.951613969802779
25,1.6815992177628767
26,1.2281950323152433
27,0.4779673815885984
28,0.5099050355308422
29,1.979521258399088
30,1.594717595933123
31,0.9745110562479261
32,0.783844894973579
33,0.896306424441428
34,1.2976659409238682
35,0.9086567837653317
36,15.862640300248072
37,1.334558737677322
38,0.720308008850867
39,6.256710135674468
40,0.9567131649753469
41,1.1567389478571575
42,1.087559230485308
43,9.727059307664675
44,0.7866404498846671
45,1.0380090490674987
46,1.0338747622719917
47,0.6124567752478898
48,10.761880680586081
49,1.1598586703454024
50,0.46580223829659256
51,1.1671904706238203
52,0.47792726731971535
53,0.8128053612734866
54,6.610951305846214
55,13.705360831996224
56,0.7154302069429285
57,0.9961800206429877
58,1.0606715918690557
59,0.8535598071093377
60,0.5342188829454996
61,1.257685171178019
62,1.0185309125344066
63,0.855104238253357
64,24.927019625626137
65,1.6788568258686036
66,1.485981166145078
67,18.727754811520647
68,1.2474249075348762
69,11.972115408700912
70,15.561937378648768
71,1.3182056388713026
72,1.2583399312109194
73,0.46759915694074267
74,1.1676814623967717
75,1.1731311728788034
76,1.0924127943682826
77,0.7870632251102965
78,0.7154302069429285
79,0.6230968873718516
80,21.162638461329138
81,12.087410499346799
82,13.088757968528588
83,0.8610621948480116
84,0.7416372593720646
85,0.9880543247611122
86,7.6395482914528525
87,1.159780130192741
88,10.457501656984771
89,0.9881467150539236
90,0.7747380469862031
91,1.2550223278247823
92,15.295786157916956
93,0.8862333555381717
94,0.633712660092445
95,0.5155599010629532
96,1.73405410735235
97,0.5557695077726718
98,6.865718291807464
99,1.1395963211546303
100,3.716303984043442
101,1.182657359906979
102,0.7542053253957921
103,24.537635715721603
104,1.2725903618026302
105,1.5023714727151898
106,1.7291940864102455
107,0.8186067755874514
108,1.7479543608488477
109,0.8756256118975988
110,4.804404072353879
111,1.3277913958567453
112,9.164637574973954
113,1.4187791953470361
114,0.5804756505082609
115,0.8739134489749698
116,0.28297423366288643
117,0.7026649520008718
118,11.836081402587194
119,14.703053570780442
120,1.0256409366767376
121,9.302928651751236
122,1.5890369372532822
123,1.6119004326473287
124,6.960091947785428
125,1.0532462804846707
126,0.8881698604190477
127,1.4182353389405165
128,1.1395332279246926
129,1.6788350930775688
130,1.3322899994193507
131,10.896885127121994
132,1.1033232878251344
133,0.8405237745217257
134,0.4960060891076409
135,1.245404913492361
136,0.866985117686747
137,0.1838666034028308
138,0.5895011019665094
139,12.92245914458201
140,2.220150127705478
141,1.3673888251599011
142,1.1035485658117745
143,11.194179925042587
144,13.284672286837864
145,18.210417289813996
146,0.7099698873820249
147,1.964463623211161
148,9.151568680483482
149,6.784652893281546
150,3.866822623503388
151,1.1634913213434277
152,0.9928870989792189
153,15.890684241668863
154,12.37412152142032
155,11.731182449364509
156,14.366155694185831
157,1.0180060207522845
158,0.9342261430478196
159,1.352309462123703
160,21.54291986995278
161,0.49593384180903355
162,17.622027732451517
163,1.2774815417953787
164,0.7991344990165011
165,0.7671491003259701
166,0.4655921364135461
167,0.9061949585757463
168,1.4160795345680979
169,10.715637577893043
170,10.974173873899678
171,12.310249255795812
172,1.2771234588182545
173,19.572668201783
174,2.1909381938454526
175,1.6604159686837363
176,6.8657182918074655
177,1.277731095976274
178,1.8025791829269526
179,11.856078599778769
180,0.9140179271403984
181,0.8704237011720843
182,0.6373493003987617
183,0.9917477461174291
184,15.571855696203198
185,0.6612359195547743
186,1.2725903618026302
187,0.99332415215974
188,1.238202725332806
189,0.6313778773945801
190,1.034028594433888
191,12.473072270627325
192,14.323147729678599
193,0.6011499934647916
194,0.6619031502206202
195,0.6532772536309059
196,10.527806349391232
197,0.4367335118269108
198,11.433125729539151
199,0.6875352837037898
200,21.382783057559287
201,1.147005102015509
202,9.749706828010808
203,0.7525524878012847
204,0.5726953486243929
205,0.6057177203540483
206,0.22768765683820813
207,0.8001048760639999
208,14.104078759419755
209,1.4924602886583946
210,22.047960986269125
211,0.41038999718309177
212,0.34942401796211303
213,1.070808561203717
214,1.5909406163908881
215,2.58410016458503
216,7.143041738331474
217,1.423504825217468
218,0.2948997390475859
219,22.271657923500705
220,0.13250374220681246
221,1.268613375646217
222,1.2810269834840768
223,0.6881524261964614
224,12.217038608070604
225,1.2744346840802643
226,0.8748593511678532
227,0.676196550740723
228,0.9832746442455463
229,0.8602452669635039
230,11.6788181367363
231,1.8407043831340317
232,1.2933151800199294
233,1.0364617806446834
234,0.8256497269856752
235,0.8539146559316918
236,0.8080359625371726
237,20.065346677847472
238,0.23511203654211682
239,1.877094458095014
240,0.8614692764342117
241,1.8717700164216768
242,1.7439689344285467
243,1.3124218956276692
244,0.8298211122941908
245,0.19983674572935073
246,1.2435719471213595
247,0.9560936783168897
248,21.187850957338323
249,0.9050520113204639
250,2.042774734501504
251,0.9461485956441092
252,1.6362153308276923
253,12.225031513069652
254,0.9011484067961001
255,1.131226633336916
256,1.2533724877230272
257,0.39495998247915576
258,0.739096775836469
259,1.1906601177468548
260,10.942324861745266
261,0.9464419119612131
262,0.6394831811301657
263,0.9383243690661472
264,1.0411868003398883
265,0.8584494978195303
266,2.1950120214946294
267,0.4174572563879697
268,8.951027802433849
269,0.8582505852222035
270,7.905818991779028
271,0.15466229013308977
272,2.065628486173873
273,12.770337851085586
274,17.71389513845822
275,1.0119405119945402
276,0.6181759059841164
277,1.2933151800199294
278,0.34414776503573724
279,1.1381938381485994
280,0.29278865120515196
281,1.7439689344285416
282,10.706159343132555
283,0.6176540784351954
284,1.1374607887755903
285,13.012784717637647
286,17.27409785481702
287,1.8134676459588026
288,16.98501585461756
289,0.6059430768248906
290,16.376509244549283
291,0.9205680353487992
292,1.0088646350084842
293,1.5963499508872971
294,0.87123219155477
295,1.523962725017221
296,4.760597602661384
297,0.5999002918839511
298,1.1124475932375002
299,1.31896154125988
300,1.2161352133692387
301,0.5569971404229318
302,1.8225313247462174
303,0.8091149205922552
304,0.3144499740240688
305,13.680624971904031
306,1.384683394848913
307,0.8365484749701587
308,0.7374778222688742
309,7.210719544206543
310,1.2429963570907094
311,9.396778419140805
312,7.97526918882667
313,13.664755782828365
314,12.766514284579873
315,19.230163468657032
316,2.427193460531835
317,1.3481230456120494
318,1.0854239651773183
319,0.29996231802066226
320,1.01194051199454
321,2.846626507046098
322,0.8202636821309752
323,0.7453292980706574
324,0.8607544270493963
325,1.9634479061497483
326,15.729413075231685
327,1.5849037415681775
328,16.995355447221666
329,1.0796273094942197
330,7.1430417383314735
331,1.0604471916980767
332,0.8502568182668307
333,12.922870494301348
334,0.4868042523500246
335,0.6432992593450474
336,1.3449478281236171
337,0.7627469969125215
338,0.5078403241080622
339,0.8485368653964518
340,4.431914869078158
341,0.9138252989275444
342,0.969939237019188
343,1.1263057496801872
344,1.171431467234777
345,0.3742588626613981
346,1.8151846465445702
347,12.286555586828209
348,1.5944080364540703
349,0.3983622816336549
350,1.3753332089707206
351,1.2238530374388739
352,1.6640814146333573
353,0.271909609346795
354,0.7677704772945921
355,1.3985708116910571
356,0.9553797125600609
357,0.8986787514728957
358,0.4793563676432066
359,1.2122238454037908
360,0.9905956421996557
361,11.587734207691978
362,13.165446132784227
363,20.90764923547946
364,1.1669873496708194
365,0.769913764429368
366,1.2810269834840768
367,0.6599867294730672
368,0.3742588626613981
369,16.995355447221666
370,0.8761168984432977
371,5.923713277026369
372,0.6390330353747203
373,1.5523830950113109
374,0.9853477292620565
375,1.2067633487912808
376,1.2487340214466787
377,15.879854600063373
378,11.962507860799434
379,1.156171703471976
380,0.6610453833327193
381,1.3906478749558904
382,0.7911333650361294
383,1.188203706654413
384,0.9794450985563892
385,0.6060321747473193
386,4.431914869078158
387,6.970925303661491
388,12.35074649089995
389,0.8494247061441984
390,0.8841570220955044
391,0.697619580278328
392,0.89944922429562
393,5.984483009757916
394,1.1440297697120791
395,1.1813283713274154
396,17.239359590625376
397,1.0218902680312283
398,7.261203376673539
399,1.2474249075348762
400,1.2583399312109194
401,2.046963584007485
402,1.1344102925697914
403,0.6045878560197426
404,0.7277198604364183
405,21.00532001923989
406,0.5242116741046922
407,15.572344510435283
408,2.4249852444264004
409,4.501794981952949
410,0.9855424480299368
411,0.6952846607852872
412,0.4109734341027507
413,0.25737667755168137
414,0.3443109595836335
415,0.3985768541326178
416,0.286987032924177
417,10.547438452391434
418,0.9868739545590944
419,11.206371517857056
420,0.8367327974964691
421,0.36588784262715146
422,1.2168945797830637
423,16.291539298335433
424,0.5895011019665094
425,1.3750689160148397
426,1.4618059934818712
427,0.27329043734021846
428,10.20161006180334
429,1.182657359906979
430,1.1679382951224437
431,0.28170440467851177
432,0.9612857118990137
433,1.4453689310287607
434,10.380390736491
435,4.03263406182262
436,0.46157451268968663
437,0.8834774136342209
438,1.6355836766846534
439,0.8950972990324451
440,1.6963859231582386
441,1.8811278400512792
442,1.0664007938638045
443,0.697619580278328
444,1.5824473058078132
445,1.2852764656829667
446,10.818902828681853
447,0.6403184444242606
448,15.269223764859419
449,0.7577008758466413
450,1.4213861531795664
451,0.4332822143064428
452,0.38617686346529007
453,0.9423171892853165
454,5.509017673868206
455,0.3619433420719015
456,6.031683228470855
457,1.0758108451046078
458,0.8161342501909638
459,21.564594161661013
460,1.188145486633245
461,1.0786080297796639
462,1.2474249075348762
463,0.43985323640169405
464,1.5857016550072867
465,0.9600318799921799
466,1.9320116850178213
467,1.2795886267915906
468,15.575363245585027
469,0.8663900388471047
470,9.93985799570778
471,1.021387722464482
472,11.086372359018496
473,1.0617065693843126
474,0.9586303552860765
475,13.694660895656822
476,15.092414122753611
477,0.9521570096402773
478,0.45810584136512905
479,1.2035974691268116
480,0.5443626241192022
481,9.822787078314125
482,1.1243358273894448
483,11.092756097242875
484,9.379514410942647
485,15.208853182993852
486,0.30567150087824985
487,1.463227130252539
488,10.951575141652736
489,0.8702984332910493
490,8.431377816098987
491,1.2028414846518902
492,1.2218819325125716
493,1.181848734882348
494,16.364682733167452
495,1.458004751856646
496,1.1158035685367067
497,1.6044478949573018
498,0.949201835852285
499,7.044571200992462
500,1.424971824055172
501,10.009748099716838
502,0.4779673815885983
503,0.9540013136663053
504,0.9647387068592123
505,6.709047205228578
506,0.9584050453235082
507,12.12938960437724
508,17.527280032403823
509,8.473364259700155
510,24.927019625626137
511,1.1759625951946544
512,4.310552275987757
513,0.9585645003976663
514,0.6633615084570711
515,0.3288397912633706
516,0.6621130444853585
517,0.21244740092682265
518,0.6485440808302166
519,4.063501726309038
520,0.9352263845024956
521,0.6695490371369435
522,14.380894483652893
523,0.6373345195397796
524,0.2538571792568955
525,0.6192706941523721
526,1.143742228989852
527,0.5188471021962093
528,0.45960217555068505
529,0.8222230603810643
530,11.745759203411078
531,1.3114837581999175
532,1.1491807149610276
533,14.869905822166105
534,0.9086567837653315
535,0.8636902688607843
536,14.420506537275532
537,0.5783802591771552
538,16.51502384391732
539,1.5518847324045597
540,0.1368740634489313
541,0.4329608642811126
542,0.16246926330808265
543,0.5501240871543059
544,1.0080760992577393
545,0.5424991934262934
546,1.0324875037205052
547,1.366114856355549
548,0.6984871609378189
549,3.6451375659796703
550,0.5804756505082609
551,15.533742926683692
552,1.4872565153695099
553,0.8066076747692654
554,18.185893044651117
555,0.31670517374683493
556,8.949953835721269
557,0.44422835311354736
558,0.9380777551159197
559,1.171114717196758
560,11.468037609571796
561,11.999557852044287
562,2.6506468578688396
563,0.19150113988952333
564,1.216678979918277
565,2.4214136091586633
566,0.8903057628696767
567,1.2774815417953787
568,2.4491776755950996
569,0.9982168299858017
570,0.346161393013359
571,0.7390087646699769
572,0.8566073547469514
573,0.7034527502555951
574,1.6493644802276783
575,16.65955923305584
576,0.8212712143256135
577,1.0662590191244397
578,15.469913145878074
579,4.508628097594068
580,0.35997480086821954
581,9.68409199834333
582,1.2460258935377566
583,14.419179120765945
584,1.2562523649880488
585,8.03304059296136
586,0.466528636758613
587,1.2202070700253689
588,0.9906517642564944
589,0.6303658798941565
590,2.242931071691741
591,0.9671778385972941
592,1.1813975045974878
593,0.46003164230667903
594,0.3919180974710821
595,0.937532562790871
596,0.9854343880987281
597,9.908684815223674
598,9.911292249101558
599,0.7791301669258625
600,1.4623678595627483
601,0.46306958338104115
602,11.909004706318484
603,1.0586308927505648
604,13.173166685049411
605,1.0770854349346246
606,13.734872778410617
607,13.106544130405817
608,1.5027167826241272
609,0.356676429170435
610,1.0941141277161568
611,1.6011753738987449
612,21.177912189097373
613,1.8165816750032977
614,0.5422584453451471
615,0.9891527220613491
616,1.1490593490932475
617,0.9074508045650839
618,7.964143178958147
619,1.2919220840114574
620,1.0492391053689065
621,11.863330509149273
622,0.6190125354531889
623,1.6855808813641735
624,22.92761797392173
625,1.1484636413200886
626,2.277212057004338
627,17.663085364531927
628,0.7977753901187219
629,1.6212458094857292
630,0.7371203283394973
631,0.7627469969125215
632,0.9797735711638372
633,0.9272718689754315
634,1.0832930384049329
635,0.29649118070188507
636,0.5390599857596967
637,13.040620093163364
638,1.2528726534858707
639,0.3523770138399247
640,1.2238530374388739
641,11.528163823806114
642,2.2713732536845606
643,1.594336699973015
644,1.1957639363639485
645,1.256393908455365
646,1.0993162476734508
647,1.4044247001640624
648,1.0519037717536486
649,0.7395637119741919
650,1.2395918936947066
651,11.432890329218173
652,1.5285775015702754
653,1.0786080297796639
654,0.9881655073746763
655,1.4720204017669247
656,0.2800989543910537
657,0.584269659548747
658,1.0730017609106501
659,2.4140799771678343
660,7.128741079488853
661,8.44527669730364
662,11.173221064047587
663,1.4072346957785993
664,0.8039253676473443
665,9.803790727682195
666,0.21533979522133315
667,0.5236151001001809
668,1.467374078760799
669,24.710790423693503
670,1.6361638933306046
671,1.0958226340473902
672,1.6544675690871238
673,1.9100486859634405
674,0.9502236819655404
675,19.827007403898993
676,1.4671931469702992
677,9.372344992709227
678,0.8672185354608221
679,0.8469039738313123
680,0.7700209322768029
681,0.5348077958476007
682,1.5149689959159984
683,0.43504208012718937
684,1.3928874679364474
685,1.0892396684790584
686,0.8950972990324451
687,11.39153206099472
688,0.9088575140733319
689,15.298957107706633
690,0.856702897450438
691,9.91891372172708
692,0.93751177593008
693,0.6613752337706053
694,12.690299820977243
695,24.752118597275707
696,0.2948997390475859
697,23.542620432166817
698,0.6570998630959436
699,0.43476236774569355
700,0.6866021390067621
701,9.985371852497815
702,0.6436462502321678
703,13.786373626201536
704,0.7772207490320644
705,1.096910249690179
706,1.5818587007411524
707,1.0080760992577393
708,1.129410248729914
709,0.7638951819907154
710,1.335376164043439
711,10.568287389980346
712,1.0147667657083523
713,0.7632140864391562
714,1.9020286158324462
715,13.699264813905774
716,0.9778264134271756
717,10.856871326610007
718,0.6343191660674763
719,0.5289782691620101
720,0.8197886452895057
721,0.664497696508301
722,0.6778001140322149
723,1.3180172249295319
724,3.7406381620525258
725,2.2172694222563565
726,1.6119004326473287
727,1.1818487348823477
728,1.2201830988517353
729,10.39978624788477
730,0.6252197879652399
731,7.793488148751772
732,1.141597877209383
733,1.1715359174979993
734,2.073228137799819
735,1.196290725508153
736,1.3014482285693734
737,16.39810408869966
738,0.7536679294252856
739,0.5540273937242022
740,0.6956883609394693
741,0.42366682569566166
742,1.0544652598944328
743,0.7982871925294142
744,9.887168285250741
745,1.0971617114265653
746,19.957858234447826
747,1.4519857666891745
748,5.185626695833395
749,2.591414183352971
750,1.3971706349038246
751,0.8316925813698607
752,9.521502003060888
753,19.901851513865015
754,10.107550020010901
755,0.5223487245419933
756,0.9199193098539825
757,1.740707267227618
758,1.3107816281582352
759,0.31574356082227867
760,1.494210739060321
761,1.0731180825654696
762,1.4337297886350715
763,13.63435741998853
764,2.1656295610573815
765,0.887629883560612
766,7.442957553121643
767,1.1323310098630577
768,10.988408187926057
769,1.0786080297796639
770,0.7716829957306652
771,1.9911179620091106
772,0.6825842446260258
773,21.028240904344216
774,1.8118291277176066
775,1.8355279975407088
776,1.0652615422399432
777,0.6357267240906865
778,1.0829737137518367
779,0.44857239331620763
780,1.681599217762877
781,0.6499113268298663
782,0.5480770287954945
783,0.47099075536549995
784,0.2831558567646898
785,13.153116953599673
786,0.7069568617938585
787,0.793962388794269
788,1.1721058365797994
789,6.394217633761091
790,12.442975925117862
791,15.77557700525659
792,6.988434780219248
793,1.1054542538875112
794,1.1916669419669215
795,1.3866570780823582
796,1.0045803169895275
797,1.630073347493363
798,0.719072069220976
799,0.7688820208090896
800,0.5862059734232273
801,1.7934306287548325
802,6.8015811771097106
803,1.4030703738704207
804,1.358364142044003
805,1.595219939025472
806,1.7251323214798662
807,0.9953835392066948
808,13.22277061676271
809,0.263696842553194
810,0.44129820613339915
811,0.5419917778161305
812,4.798491226019557
813,0.9586303552860765
814,1.2058833057292466
815,0.5511008070405878
816,0.7488961430724133
817,0.9576799274555057
818,1.5643527362001428
819,1.301700648182202
820,2.9393304193715815
821,1.4187791953470363
822,7.533158205312881
823,1.088055695716005
824,1.1169552912198746
825,0.5845279792837349
826,0.12758072949807822
827,16.362218305328383
828,0.4676787038749935
829,0.3819925784713022
830,1.1290336646098162
831,16.235592954434775
832,1.1307848892174035
833,0.4705124809337959
834,0.5920311300610647
835,7.168566834781895
836,1.2100145053466211
837,0.8222230603810643
838,0.9603351598262067
839,8.603514263696656
840,0.795037282296614
841,0.648681786002615
842,0.8478081195124721
843,1.5571418465887636
844,0.4541574305550599
845,1.1269518060410666
846,0.625751175768115
847,1.2474249075348762
848,1.5446095316721222
849,13.945072734558696
850,16.090423798894314
851,2.635900917661656
852,6.5139059699055775
853,1.411108803478725
854,0.8656894198669686
855,1.6119004326473287
856,0.6403184444242606
857,1.0254960644989777
858,1.6649728202430916
859,1.1598469314025894
860,13.835503838836091
861,1.7928445396710768
862,1.7697195901832334
863,1.7913480996378097
864,1.513663182989201
865,0.9180632063818798
866,1.5387971220716383
867,0.954908211729938
868,1.0995226103165416
869,10.991894872143735
870,21.187850957338323
871,0.9766529974784088
872,0.33238944596928693
873,0.8749203082122208
874,0.7002962939613361
875,2.1058922262274535
876,1.201249248157704
877,1.4207844248439518
878,0.4329608642811126
879,9.569631020003493
880,0.9633316043445315
881,0.7860045722336293
882,0.866985117686747
883,0.7838358485173356
884,0.7970769623534689
885,1.472020401766924
886,9.985371852497815
887,0.7267258641944023
888,0.756499516127687
889,1.287286790955808
890,0.8372951996172896
891,2.5433168220615285
892,18.246693168004548
893,0.7879436621944819
894,0.7974700381903708
895,1.1464908637899027
896,6.710483593576877
897,0.892158258669261
898,1.7993314084821599
899,0.5064357550782852
900,1.5327137263130541
901,1.039445672708771
902,23.66087559793282
903,14.906544229433631
904,0.43224829929284264
905,1.3630738547574242
906,1.6832143376429034
907,14.627729805288674
908,0.7934278828442892
909,11.385329809692715
910,2.5265109682923876
911,2.353721949882179
912,0.9871641012747538
913,13.321577874200683
914,1.1734023763361559
915,1.0902485964577968
916,0.443573368892722
917,1.0943457443496427
918,0.8896162839557173
919,1.160091769244758
920,1.9022726301688164
921,0.4754160612304012
922,2.065628486173873
923,0.7623429674975796
924,0.8433782708652001
925,1.2453982002684592
926,1.1829544901271318
927,1.6039167361649984
928,1.281026983484077
929,14.598638603641469
930,1.0313397750816053
931,0.8153300619481589
932,19.901851513865015
933,1.3055610980699832
934,1.4552421361247596
935,0.6391233117664415
936,5.37648421495689
937,1.2847509401058772
938,4.431914869078159
939,11.127877059168576
940,1.3341319171134542
941,8.73831784358862
942,0.14188016094675593
943,0.9327038399646662
944,9.956724578530183
945,14.79949162832612
946,1.344812031282469
947,12.91435572446973
948,1.5728262388883192
949,14.12629195013649
950,11.673542927120753
951,0.9856419623070162
952,0.8446680763743359
953,3.1848063485126734
954,0.7178492725752705
955,0.20333449918697508
956,1.2440491859006924
957,6.264970610610634
958,0.5520990272922177
959,0.7276575951060235
960,15.366055689200719
961,1.122647351543597
962,0.8202636821309752
963,0.9688658223998822
964,0.9411239339422056
965,0.5049828807738399
966,2.885033233000857
967,0.5477626602064259
968,0.3742588626613981
969,0.889203052333645
970,0.46889039933764887
971,0.9288345317514496
972,0.44129820613339915
973,13.743960510806929
974,0.8175386339241463
975,1.3733920624344118
976,0.8201834038099028
977,0.8078585266733694
978,2.5542135296732553
979,14.44160220508249
980,1.2217005328595494
981,0.9749045438867274
982,1.6302326961939926
983,9.209628777971979
984,15.283734906026526
985,15.250735726016995
986,1.2204946192531483
987,6.639916080339267
988,1.3917986096344324
989,7.384433748783382
990,6.266015922336447
991,0.808838513915809
992,1.8360508106171625
993,0.44145480421607713
994,11.074331547606935
995,11.583612698759099
996,2.475316785872629
997,6.671494673983157
998,5.723712268245294
999,0.8372951996172896
1000,0.923670722375646
1001,0.9961051982862568
1002,6.66302014351345
1003,0.45107348117980184
1004,1.5925242960786015
1005,16.763600729980737
1006,1.138422423485469
1007,0.5422584453451471
1008,4.431914869078158
1009,0.6913762492190536
1010,13.898475491774256
1011,10.690877433687536
1012,1.736202838006733
1013,1.301700648182202
1014,0.7002962939613361
1015,10.68279011844627
1016,0.531527115299167
1017,1.0816778964893428
1018,1.0828212810444808
1019,0.48465971781628153
1020,14.253349016789848
1021,0.1648416905936073
1022,1.1453085904155806
1023,0.8911260844264492
