0,1.02972120859878
1,0.9620409233816284
2,1.0068632254155183
3,1.086413153696885
4,1.7025698644851686
5,1.0474277606477216
6,1.1370107402447454
7,1.1362318562908285
8,1.1351814577126893
9,1.3602685129803642
10,0.954558749176249
11,1.2933361591158488
12,1.046321548533878
13,1.012649929146492
14,1.0204595564500747
15,1.470897483306841
16,1.0221714200335237
17,1.073499980626637
18,1.443700394719592
19,0.9670784530963903
20,0.9611994345648506
21,1.2295096027896293
22,1.084483736657564
23,1.0226713988840184
24,0.9545587491762488
25,0.9631495311308017
26,1.0204619945526103
27,0.9372514625320278
28,1.2523539817672205
29,2.985199081128466
30,1.0351989522953864
31,0.9760554074177537
32,1.0675497780199987
33,1.254300344210335
34,1.10250126245773
35,1.639277848120863
36,1.0544214382930042
37,0.9942028854635125
38,1.0011432638527822
39,1.0577705487063314
40,1.5005123513381349
41,1.0776551731218804
42,1.022370897451932
43,1.7592870276937413
44,1.1042318493884045
45,1.0152614371505384
46,0.9637388173064498
47,1.0471194384234936
48,1.0161038344625442
49,1.0366556418288677
50,2.7361384333024565
51,1.2377970530487898
52,0.9821996997281958
53,1.0522548757562495
54,1.548466474583468
55,1.009727916108197
56,1.0068632254155183
57,1.0216892240937892
58,0.9678859498985558
59,1.0137133438251174
60,1.0966561024573571
61,1.0225619716920265
62,0.9771664031566871
63,0.9599034348896816
64,0.9520869917082165
65,1.0722543150605999
66,1.213832101810884
67,1.15667149275699
68,1.368885267101643
69,1.0028067805813368
70,1.254616899969548
71,1.3120697787043094
72,0.9664904088164518
73,1.4383550361780004
74,1.0008769149474939
75,1.3440674986499346
76,1.514459688090814
77,0.9372514625320278
78,1.2947228279554857
79,1.185740346118611
80,0.9129627523792448
81,0.9723532801593635
82,0.9842522854903553
83,1.1236396696309863
84,1.1511710421626955
85,0.9785320067143926
86,0.9498177904177643
87,1.1003353594424783
88,1.0381702163528472
89,1.2554281739489568
90,0.9120832753872579
91,1.1092747092381483
92,1.0886684852192088
93,1.0742398811947913
94,0.9766644419750805
95,1.0251175714302707
96,1.0218095725220133
97,1.29698439911159
98,0.922581386090084
99,1.1812403815814914
100,1.034029883991443
101,1.0414281217393317
102,1.4207449535960328
103,1.1150540643123528
104,1.0180207841039182
105,0.9879187293378704
106,0.9940047404082737
107,0.9882816805099746
108,1.773969444422308
109,1.0403519939480919
110,1.0218907765153553
111,1.032533001914659
112,0.9848560959073135
113,1.0328519788514148
114,1.0519728279632405
115,1.0585882924582721
116,1.0061947281279058
117,1.0399229189374541
118,0.9992721337937077
119,1.1618979552247581
120,1.025460332443363
121,1.160110683290951
122,1.1043203625573697
123,1.0215579029723176
124,1.3889033151277617
125,1.0263767639967365
126,1.1051409219717852
127,1.057428273197599
