0,1.0079177126501144
1,0.9827524200436192
2,1.0150891601424672
3,0.9967279905806538
4,0.9744588661199336
5,1.0406088484236897
6,0.9875494790094158
7,0.9787411684526847
8,1.0094496872209247
9,1.019091716586741
10,1.0246346121499017
11,1.0107351509540572
12,0.9905286743993617
13,0.9937327413177566
14,1.007616858359996
15,1.0159876776426364
16,1.0041189841241447
17,1.0315399000036094
18,0.965524720397017
19,1.041763355603809
20,0.9767184458932797
21,0.98527088160698
22,0.9833268084349994
23,0.9768738071592226
24,1.0323500131622652
25,0.9763444038141744
26,1.0048236908152928
27,1.063276554669131
28,0.9841716908059618
29,0.9937608935198601
30,1.0367414897764355
31,1.0132920771964111
