0,287,265,276,1021,823,133,160,373,862,7,344,320,960,24,370,110
1,910,47,788,679,512,327,156,26,179,583,770,177,895,35,887,686
2,884,355,601,860,259,413,635,141,988,923,519,113,51,326,481,653
3,545,31,895,964,679,633,461,744,694,844,652,853,93,1011,910,178
4,693,179,853,208,334,390,1,337,910,333,442,285,31,220,686,409
5,382,44,792,171,805,371,210,307,128,90,648,339,539,88,385,619
6,835,610,22,302,463,129,251,110,498,795,155,74,927,7,182,622
7,835,847,110,760,670,410,24,751,952,133,935,164,346,479,251,160
8,131,155,84,773,305,368,670,164,262,199,513,27,418,346,182,110
9,116,517,409,215,874,749,394,879,369,213,353,26,362,739,521,506
10,986,418,468,968,773,84,252,816,636,614,169,466,899,731,249,317
11,701,884,580,241,553,96,338,123,120,531,106,991,494,408,857,936
12,270,346,847,479,24,509,972,226,743,169,303,625,463,283,544,480
13,947,147,721,39,792,748,796,876,310,824,144,230,821,371,813,539
14,116,620,409,910,362,750,342,994,353,794,369,666,208,568,214,851
15,1,881,492,735,851,505,237,390,154,47,568,353,664,419,452,874
16,732,888,763,798,376,151,56,120,638,519,381,553,444,355,934,465
17,169,77,132,83,535,463,302,622,205,899,722,289,1010,830,292,346
18,153,31,3,568,432,910,1012,506,680,633,875,461,492,548,394,178
19,151,560,381,852,763,1005,64,465,860,559,222,170,94,888,193,608
20,857,254,408,613,168,871,191,328,644,38,534,803,121,407,698,400
21,848,476,648,294,796,572,497,854,916,805,587,171,668,759,631,147
22,136,205,899,622,319,893,110,131,734,276,418,160,379,839,952,345
23,31,895,633,896,694,770,878,153,47,853,956,4,533,425,555,93
24,276,160,370,751,662,7,165,12,320,717,847,367,287,206,125,242
25,666,874,365,461,362,220,715,741,788,237,506,1011,334,533,633,770
26,173,59,867,93,1,661,666,48,442,895,197,910,223,570,693,881
27,839,317,370,136,629,8,110,819,978,336,350,91,204,160,129,203
28,689,456,899,82,205,320,511,743,965,270,776,292,795,129,622,843
29,56,338,478,383,388,96,408,306,977,43,534,119,888,163,580,798
30,315,210,668,781,288,489,39,412,802,805,566,869,138,323,264,41
31,492,770,624,23,661,3,872,327,693,517,220,506,666,153,633,76
32,701,888,233,94,714,151,519,64,191,578,402,124,338,56,638,553
33,930,182,341,129,84,418,8,717,751,226,819,155,24,773,131,188
34,548,661,442,686,1004,208,116,932,223,875,198,599,624,179,652,313
35,1,334,583,237,867,93,255,46,1009,220,942,911,197,179,518,686
36,587,721,476,134,876,230,759,349,925,586,264,323,813,848,805,556
37,429,830,939,832,131,77,320,249,318,930,346,292,182,336,169,636
38,20,884,408,106,168,701,407,698,603,241,254,358,413,523,81,338
39,748,44,41,210,982,974,738,1000,781,331,323,134,586,802,821,231
40,158,721,876,507,838,649,645,310,71,236,458,476,922,44,726,138
41,39,264,483,674,591,951,128,137,175,668,637,181,158,721,371,36
42,466,751,734,870,252,819,960,968,939,367,524,883,276,889,182,930
43,613,102,325,96,580,703,923,113,1022,216,884,519,860,51,81,163
44,273,39,138,738,649,1000,105,805,759,458,931,331,586,189,668,90
45,665,884,560,2,96,355,304,988,474,123,526,860,119,859,325,193
46,220,93,1012,224,555,179,432,521,981,895,1,369,35,693,589,642
47,1,904,679,739,597,506,179,664,291,583,514,31,661,770,633,895
48,127,26,679,533,409,521,314,568,506,425,994,334,850,735,879,100
49,333,533,633,25,874,686,362,679,59,313,197,258,353,956,409,419
50,930,987,614,317,356,135,83,658,164,129,27,346,60,466,204,370
51,330,1003,113,638,884,999,80,222,519,621,163,2,860,609,577,701
52,480,136,368,614,37,883,658,513,133,993,760,503,199,889,317,131
53,1012,209,851,213,9,867,223,369,853,179,493,25,855,548,62,390
54,654,422,222,396,860,651,168,975,553,936,846,330,51,534,338,1003
55,317,169,719,751,535,429,930,199,251,346,717,468,1010,709,463,809
56,170,798,621,328,163,102,233,80,884,609,29,248,1005,64,191,494
57,210,384,450,591,1002,813,821,677,138,675,572,745,607,539,431,721
58,224,620,571,749,445,981,887,369,179,173,25,875,881,517,461,545
59,26,879,599,679,910,749,223,881,1,867,215,788,874,861,197,570
60,319,828,773,250,305,905,84,468,50,939,370,155,636,755,265,125
61,339,591,848,507,918,181,389,762,300,377,813,439,902,721,112,922
62,1012,718,461,432,855,506,548,237,545,213,568,666,872,633,652,100
63,888,923,943,811,560,703,884,141,328,644,1005,96,665,106,216,94
64,1005,852,884,901,1003,638,56,701,330,536,51,378,519,193,260,119
65,874,237,970,679,633,664,583,224,374,223,652,744,212,353,390,475
66,506,867,522,956,570,911,633,521,100,62,666,533,442,35,652,237
67,466,160,636,751,262,847,905,199,12,731,429,966,509,155,276,140
68,781,838,508,114,876,210,792,412,41,587,931,495,273,44,805,813
69,131,685,427,287,622,605,630,169,899,251,946,441,77,203,299,205
70,489,637,787,804,508,288,202,1002,412,487,484,181,876,805,914,382
71,648,44,631,210,824,736,585,649,591,721,105,458,615,566,805,753
72,151,635,716,304,481,638,912,1014,355,92,338,560,580,906,478,143
73,653,94,102,120,151,701,857,234,791,243,233,260,163,402,763,325
74,443,662,898,131,226,22,6,835,368,819,136,129,751,972,270,282
75,222,860,560,991,393,325,716,233,928,268,857,763,193,478,94,29
76,903,533,492,794,237,31,664,770,597,272,571,679,362,461,342,693
77,17,847,249,317,646,594,346,709,131,1021,828,37,552,287,125,292
78,513,917,935,270,169,622,819,751,348,287,729,927,892,899,277,317
79,335,341,226,346,83,350,8,303,136,305,33,727,528,670,584,751
80,519,411,51,577,56,328,884,798,415,888,357,416,732,243,763,603
81,991,884,414,422,478,357,408,536,603,330,352,523,698,880,43,786
82,379,164,251,320,28,685,292,466,17,160,289,370,544,249,107,830
83,335,594,17,751,251,842,160,176,828,370,226,133,552,777,993,164
84,8,886,251,847,289,830,164,626,276,160,930,199,110,131,773,468
85,984,749,624,666,754,313,291,910,661,31,179,425,562,25,286,561
86,489,273,576,431,247,389,649,401,796,437,792,914,787,824,663,959
87,348,346,305,751,203,404,847,125,893,839,480,513,986,795,169,734
88,541,128,39,676,931,210,138,105,71,736,339,90,377,668,592,323
89,346,164,373,622,320,302,584,169,634,480,133,292,270,987,203,513
90,805,105,245,668,171,44,349,591,202,398,181,1002,948,161,331,582
91,987,267,27,129,368,614,164,459,8,612,727,203,755,717,418,757
92,193,519,1003,51,304,381,701,846,2,919,72,988,96,268,170,222
93,878,632,693,220,26,237,895,362,353,661,555,633,46,390,187,844
94,536,1001,151,233,102,96,701,763,260,860,714,222,859,560,304,580
95,923,756,998,560,983,233,814,304,113,884,248,841,703,859,332,256
96,216,478,306,407,703,860,698,94,701,106,846,193,151,665,422,1005
97,716,857,888,355,162,763,958,338,580,906,560,603,268,94,408,113
98,977,151,233,170,162,601,278,923,396,665,560,72,859,19,635,765
99,602,96,1005,638,852,635,64,706,737,846,822,1022,233,355,216,877
100,461,220,687,599,190,127,794,956,3,197,964,62,48,353,967,506
101,732,123,408,304,170,859,716,120,259,193,888,163,923,683,578,494
102,536,654,1022,94,43,56,222,120,163,332,983,695,234,106,420,638
103,134,421,667,848,762,144,805,677,1002,591,566,918,549,236,721,230
104,584,83,777,370,317,830,226,819,262,77,283,299,842,646,569,204
105,44,90,339,668,805,147,508,931,876,591,210,1000,431,331,307,637
106,701,96,884,536,523,378,102,603,621,381,988,860,921,983,145,894
107,249,320,552,182,685,346,350,204,370,373,164,466,766,77,50,83
108,113,478,923,884,43,383,194,526,407,818,742,81,523,860,519,494
109,369,208,844,712,850,4,687,493,390,771,514,213,632,409,749,179
110,839,622,129,270,176,7,835,886,479,182,764,283,22,27,899,8
111,511,344,835,27,276,862,370,410,819,262,206,379,204,6,136,843
112,802,134,406,61,992,412,918,181,324,1013,339,483,931,147,813,507
113,928,923,51,239,526,860,603,2,416,422,884,43,553,108,653,859
114,876,869,805,838,951,210,39,796,515,489,138,295,882,412,907,484
115,591,307,876,236,931,476,331,247,781,483,677,738,464,945,675,974
116,14,9,661,693,409,548,208,213,924,517,285,851,664,624,258,739
117,346,368,203,270,373,535,24,996,864,731,164,634,751,169,662,717
118,241,216,408,857,193,884,928,849,580,325,665,163,75,560,254,233
119,519,193,355,655,1014,884,2,1003,747,478,64,977,383,191,577,29
120,701,846,857,280,102,56,578,186,254,798,195,123,936,234,101,732
121,388,912,20,534,233,977,478,698,444,151,29,326,141,191,732,1016
122,602,494,580,608,977,388,151,707,983,326,703,716,474,170,923,665
123,859,381,101,474,304,988,120,884,701,846,888,494,96,45,106,92
124,701,519,923,51,857,1003,1001,934,580,884,888,635,613,94,860,901
125,828,755,346,287,429,77,24,133,468,751,203,847,622,996,486,809
126,319,1010,480,427,17,131,961,646,622,498,893,346,658,155,685,83
127,48,620,687,874,3,224,964,100,333,434,879,329,409,851,865,173
128,210,331,44,371,39,726,41,105,674,781,138,457,748,637,88,876
129,835,204,110,960,164,305,270,734,978,885,136,155,793,662,622,160
130,794,1011,93,455,664,220,224,570,686,390,844,632,661,599,874,208
131,8,249,513,662,317,205,709,226,418,262,319,77,773,459,37,622
132,169,17,636,1010,203,463,828,252,320,535,622,717,685,305,346,908
133,823,251,927,206,165,305,614,513,828,755,160,176,7,83,125,276
134,667,103,36,39,848,549,309,371,918,457,437,748,315,591,147,805
135,350,50,303,199,823,634,614,463,320,830,777,83,335,283,972,287
136,22,160,819,27,961,491,129,262,839,182,203,52,629,835,188,751
137,748,41,39,674,931,483,607,591,663,13,813,331,902,876,236,781
138,44,805,759,437,245,210,992,876,371,674,539,989,298,264,873,572
139,910,1,365,154,59,506,887,881,197,568,272,874,445,788,666,342
140,283,646,267,203,731,27,498,160,344,986,270,110,346,466,429,164
141,2,860,1005,1022,1016,884,413,983,355,102,478,635,388,701,96,923
142,3,752,633,237,872,213,712,1,879,461,853,694,567,910,23,390
143,151,170,763,233,243,580,888,716,325,635,72,16,304,560,519,531
144,922,13,103,147,748,36,721,431,236,134,821,697,387,39,762,1002
145,846,422,884,923,519,1003,106,523,906,988,259,81,413,151,857,601
146,794,744,47,179,156,455,599,872,679,754,220,855,664,950,718,770
147,497,515,13,294,105,457,1002,210,331,982,637,377,431,489,821,796
148,805,210,398,736,508,799,792,138,539,412,315,980,1000,931,677,44
149,794,770,597,583,208,555,369,409,1,4,197,624,844,362,950,533
150,458,746,645,762,398,245,138,813,721,805,497,147,44,588,971,13
151,72,635,94,326,143,233,852,478,859,304,243,701,638,170,580,474
152,492,863,31,493,661,769,3,618,623,425,633,887,26,409,434,693
153,666,197,694,911,31,680,850,623,209,895,177,506,874,432,327,633
154,139,874,1,679,93,583,197,661,153,362,237,220,15,425,455,442
155,847,8,262,203,966,211,1010,908,463,828,276,346,614,773,939,199
156,1,633,754,769,363,296,177,237,632,788,512,146,910,224,964,409
157,884,811,355,216,56,280,191,560,96,732,977,703,407,413,444,635
158,748,401,649,301,668,40,310,202,41,294,726,804,44,753,497,138
159,772,677,44,588,90,945,980,805,202,307,171,675,591,273,39,467
160,320,823,379,24,373,164,203,978,734,136,276,83,370,544,622,751
161,90,44,309,838,667,210,804,745,437,566,273,762,105,147,398,759
162,888,383,923,97,857,638,56,822,578,494,672,170,716,560,151,791
163,580,534,56,51,478,102,621,884,96,222,665,170,983,841,43,859
164,160,203,129,346,270,670,249,626,84,82,8,317,155,289,370,7
165,370,133,823,24,847,17,287,513,160,320,225,605,1010,734,176,206
166,805,873,245,295,907,298,1017,371,637,398,668,210,138,937,676,339
167,437,147,138,1000,210,982,738,39,105,497,645,876,36,586,974,916
168,422,603,408,54,20,849,332,113,413,38,393,644,81,330,534,936
169,318,622,17,132,795,513,996,346,463,1010,605,203,55,252,847,899
170,859,233,56,151,936,474,304,494,647,720,143,478,330,51,991,798
171,805,980,539,848,245,945,90,339,915,349,307,371,796,497,1020,761
172,508,507,787,576,307,489,1002,331,649,105,1008,805,668,781,470,138
173,26,825,409,844,583,442,620,313,426,197,632,446,3,881,58,749
174,805,391,813,582,371,114,848,667,339,992,721,377,295,821,876,307
175,1002,41,736,497,876,813,307,323,90,804,725,675,591,576,158,748
176,110,83,755,751,441,131,839,133,418,429,77,317,987,670,251,605
177,215,910,851,197,409,1,620,633,342,868,788,153,568,213,327,850
178,874,333,313,3,548,739,844,353,967,198,220,599,770,127,213,514
179,661,455,1,369,390,583,904,4,652,624,47,514,213,220,46,432
180,661,567,506,334,589,342,31,879,208,492,693,472,442,735,419,881
181,591,918,90,507,762,41,585,464,307,721,1002,202,421,805,515,450
182,320,662,249,110,968,630,33,270,719,131,544,356,317,160,8,760
183,478,884,102,609,975,635,580,170,701,355,857,361,991,56,94,64
184,259,1016,695,415,578,413,817,818,906,534,716,481,465,756,99,603
185,570,272,568,469,374,334,394,353,867,9,442,844,522,711,18,26
186,763,222,151,923,977,120,326,96,216,113,534,560,635,381,846,580
187,771,93,208,844,237,827,1,26,875,910,583,369,246,492,426,493
188,397,182,136,33,379,129,155,819,50,885,961,978,972,8,579,131
189,44,138,649,916,805,295,497,450,804,309,945,736,792,30,349,947
190,604,599,100,296,633,620,583,964,749,517,374,712,851,153,567,962
191,884,857,355,56,644,703,603,415,577,811,841,763,96,859,701,20
192,220,353,833,26,442,520,825,1011,874,197,693,632,985,208,93,844
193,119,884,92,478,683,519,580,233,96,381,325,1003,259,852,393,613
194,888,108,577,763,478,151,765,29,408,977,859,665,705,352,747,756
195,254,857,120,358,695,102,43,983,701,613,929,193,474,523,328,891
196,91,77,107,69,204,605,629,22,612,292,27,418,282,965,630,819
197,749,272,874,177,865,153,533,881,770,1,825,694,26,850,198,712
198,624,197,967,874,618,1009,313,286,3,744,875,178,442,26,353,806
199,491,303,634,368,225,251,614,249,8,403,155,77,305,84,463,1010
200,534,577,705,936,609,478,603,912,900,170,72,113,536,254,151,857
201,138,873,821,691,876,44,1000,989,740,787,298,377,105,593,210,922
202,591,389,804,916,876,90,315,746,489,588,437,736,158,805,181,138
203,939,160,968,267,164,155,249,169,276,636,427,978,317,839,908,760
204,129,289,528,205,656,225,993,27,699,773,776,835,622,513,320,251
205,662,131,22,544,734,622,685,776,366,204,17,251,418,28,908,77
206,133,336,370,276,24,511,160,819,410,319,466,751,622,169,479,165
207,1000,44,532,181,385,649,507,925,105,591,992,247,161,401,762,838
208,693,442,213,337,492,661,967,1011,514,969,632,624,522,618,4,520
209,153,53,220,874,664,192,770,568,237,633,47,31,62,825,369,506
210,315,39,128,668,1002,805,982,677,138,587,591,748,1000,949,30,294
211,155,889,8,927,480,636,717,367,751,939,986,466,346,131,262,535
212,868,568,237,327,788,620,334,506,664,1,642,867,512,313,213,65
213,633,506,514,597,208,632,620,461,455,693,851,679,334,568,369,224
214,313,853,632,568,517,514,599,735,1011,851,693,390,950,333,261,409
215,177,679,9,59,342,460,286,31,994,910,223,337,962,506,1,881
216,96,254,846,811,849,884,857,665,822,701,478,603,43,102,928,186
217,222,474,328,991,523,326,2,880,444,716,534,884,559,51,1005,934
218,262,658,226,251,986,839,131,622,626,535,83,370,267,579,610,511
219,893,346,1010,612,889,614,777,319,199,584,535,140,251,169,717,544
220,693,93,192,690,46,661,878,770,981,518,31,432,924,844,25,555
221,26,446,1,47,59,879,686,329,173,783,177,197,583,375,749,1004
222,186,54,51,94,534,102,651,465,638,151,393,991,422,415,217,601
223,369,666,59,874,26,633,661,213,47,65,512,215,686,313,754,237
224,452,455,964,213,390,652,661,962,679,58,583,506,46,353,512,261
225,320,199,960,569,204,305,303,169,930,717,819,776,165,870,283,370
226,131,1006,441,986,625,77,83,262,12,961,670,751,847,317,513,218
227,874,875,59,26,153,390,850,192,197,314,462,224,881,867,353,694
228,649,105,457,507,663,813,914,931,274,61,1000,181,349,805,247,134
229,287,205,927,662,459,0,350,129,513,898,133,345,862,117,203,427
230,759,721,848,821,36,971,324,307,805,13,489,147,437,593,556,663
231,556,39,982,166,907,401,937,677,245,582,138,593,501,748,649,873
232,804,591,41,406,675,39,1002,931,147,922,421,331,848,40,202,134
233,170,151,683,763,859,94,304,560,193,56,1005,2,326,478,243,143
234,102,222,120,43,698,654,934,701,609,465,422,502,665,580,73,280
235,665,519,413,330,43,56,701,96,408,120,51,742,478,233,92,732
236,307,210,351,556,805,649,549,974,915,439,615,324,476,663,39,490
237,568,1012,769,434,633,409,334,272,583,632,964,867,548,794,620,895
238,506,442,237,679,25,583,545,362,365,1012,680,1,173,261,93,827
239,113,747,448,256,51,233,170,96,977,151,2,647,405,523,860,1022
240,459,418,766,205,513,436,986,717,125,905,77,199,367,734,614,155
241,929,388,860,338,416,553,51,448,701,222,884,400,306,118,705,897
242,24,302,847,952,862,346,835,828,370,345,699,262,276,12,760,728
243,151,716,857,635,328,474,56,888,325,763,233,852,1005,884,143,534
244,927,535,793,614,986,622,182,835,299,129,795,7,251,87,717,685
245,398,90,138,171,805,166,1002,489,210,759,476,945,838,497,907,909
246,771,1,875,910,881,237,461,620,452,187,127,548,3,213,863,597
247,649,576,876,838,489,458,86,44,115,457,738,915,138,331,41,389
248,56,703,170,698,43,742,884,388,621,95,665,560,494,163,580,422
249,930,131,317,319,709,830,622,77,569,305,107,466,203,491,594,182
250,60,819,773,131,760,828,133,199,317,498,480,939,513,50,319,766
251,777,133,84,83,622,751,685,319,199,82,205,614,513,160,164,734
252,734,889,367,636,169,760,986,205,292,605,42,630,847,968,132,22
253,771,867,693,633,1,583,910,652,419,554,1004,237,492,375,666,337
254,216,857,20,701,195,328,280,519,613,120,408,43,884,422,698,51
255,904,35,693,334,514,872,390,48,895,632,93,47,861,851,4,679
256,306,923,239,560,601,304,408,641,95,233,523,413,988,884,96,2
257,309,677,138,210,1002,298,315,431,437,667,805,340,1020,922,748,702
258,333,521,735,409,116,214,49,749,599,994,425,571,9,14,177,903
259,2,193,763,422,884,378,413,860,716,852,358,560,101,184,929,1005
260,701,94,151,64,763,635,380,852,481,934,243,80,193,268,51,92
261,632,878,237,506,794,872,93,514,568,633,224,642,520,874,784,390
262,370,131,218,155,466,8,899,226,828,267,136,491,966,418,67,847
263,936,613,857,798,478,991,701,681,170,422,665,81,923,647,888,703
264,41,587,138,36,637,412,489,1002,507,668,721,805,759,210,437,30
265,270,427,0,155,203,129,346,370,60,8,463,862,287,1010,847,403
266,701,20,478,399,613,254,263,857,402,120,580,141,422,355,602,1016
267,579,203,320,727,346,622,140,262,91,160,779,8,418,491,899,379
268,923,991,906,860,222,763,94,170,260,92,97,936,1003,2,304,233
269,721,838,1002,848,909,649,508,412,489,389,876,762,147,547,591,464
270,743,12,509,110,344,456,899,968,164,283,317,129,265,662,760,182
271,151,732,852,326,747,635,474,16,774,673,260,222,143,481,534,502
272,237,197,749,334,568,533,522,506,76,409,879,867,153,521,432,514
273,44,916,398,805,937,792,450,959,86,431,796,931,876,1020,838,649
274,663,351,471,649,556,838,295,619,909,311,315,245,134,762,914,725
275,466,996,899,206,160,370,320,136,203,731,133,67,276,27,368,318
276,24,847,594,160,410,370,203,155,84,345,206,939,828,636,346,1010
277,17,823,410,182,847,830,37,169,276,78,318,50,317,249,819,320
278,560,151,233,170,523,638,478,332,94,647,241,884,95,635,786,448
279,534,991,1005,897,720,388,54,673,233,191,857,716,578,20,121,698
280,120,422,254,96,732,306,698,560,559,695,408,355,474,16,919,157
281,951,802,805,483,590,71,668,667,637,484,298,39,437,591,708,588
282,491,205,84,832,317,987,368,199,468,870,513,250,204,33,74,734
283,140,320,456,336,270,370,622,160,110,513,346,344,164,12,809,986
284,494,921,638,811,730,332,560,846,991,621,413,92,170,145,328,308
285,4,555,967,116,362,910,687,369,1018,461,208,139,220,642,874,93
286,910,661,881,353,1,198,620,215,59,583,313,666,652,47,3,850
287,320,646,125,828,823,528,77,0,24,463,862,699,552,847,346,1021
288,805,30,398,339,676,70,1002,41,210,147,539,796,858,515,813,13
289,629,84,584,614,292,204,685,466,164,17,626,776,966,463,830,276
290,425,153,910,850,865,623,26,659,867,570,666,506,542,337,152,197
291,749,47,844,369,26,666,192,754,220,85,981,517,687,739,568,286
292,634,289,584,77,270,379,131,630,17,37,685,287,320,699,82,252
293,346,729,569,320,1010,370,305,303,779,552,847,594,262,8,132,199
294,331,937,351,147,497,210,748,431,668,676,663,721,593,805,549,753
295,914,805,166,437,873,649,389,637,907,138,959,311,210,114,489,619
296,910,327,744,642,632,739,754,1,156,153,190,712,911,213,666,425
297,649,922,805,331,916,812,371,398,547,876,295,576,736,721,663,300
298,876,726,708,138,805,166,637,781,457,787,44,371,210,909,675,821
299,544,614,612,986,69,164,104,392,251,626,87,204,889,82,199,459
300,805,721,813,431,1023,391,324,349,591,576,236,700,297,838,351,918
301,158,401,294,310,138,869,951,371,166,959,937,114,796,331,876,349
302,622,513,17,155,270,479,535,131,899,544,8,480,242,793,729,89
303,199,335,993,346,225,12,135,870,699,1010,131,614,513,107,479,84
304,151,859,233,170,923,123,988,94,92,983,72,101,2,818,673,560
305,1010,8,129,249,133,636,503,773,131,513,346,199,828,968,418,270
306,96,474,151,256,880,393,698,929,763,222,241,29,871,859,413,312
307,805,236,736,677,591,171,876,450,762,489,915,979,230,105,916,848
308,553,641,163,494,660,304,248,408,534,284,560,991,388,95,523,578
309,677,667,1000,382,134,838,721,39,805,813,549,44,675,349,210,105
310,748,489,645,158,138,13,668,876,937,105,294,797,588,982,39,869
311,245,295,489,39,576,458,663,294,431,274,676,805,882,331,668,497
312,580,306,332,553,695,408,56,16,716,651,241,106,641,102,193,560
313,426,214,874,686,353,178,520,735,394,632,1011,237,514,599,342,369
314,879,48,390,850,213,445,570,461,533,679,506,3,374,365,633,970
315,210,30,489,668,631,245,1020,202,804,39,1002,147,134,667,805,576
316,798,638,64,102,553,332,698,884,408,51,494,11,352,186,361,444
317,249,131,1010,839,819,77,370,55,709,27,930,270,319,987,513,50
318,169,433,37,626,77,605,658,630,996,203,709,513,614,252,249,17
319,249,131,650,22,622,317,60,251,839,777,709,930,809,205,778,463
320,379,160,182,283,225,287,776,267,719,828,370,610,842,830,709,373
321,3,895,911,153,867,620,851,224,680,475,964,595,555,666,237,872
322,876,351,721,916,931,937,667,464,489,1002,298,676,114,515,838,637
323,39,210,36,315,738,759,931,134,1002,138,677,30,144,882,805,175
324,805,848,431,1013,230,236,649,294,300,585,1002,210,245,918,489,761
325,613,665,193,43,923,243,1003,560,698,519,96,328,332,860,763,407
326,635,151,852,977,716,934,912,2,673,233,975,923,186,193,422,531
327,633,1,754,506,31,895,374,212,679,666,788,512,851,177,153,296
328,698,888,474,56,957,857,80,523,407,243,638,798,413,613,254,170
329,693,409,794,620,680,851,1,127,93,632,390,426,568,910,14,3
330,51,422,901,519,396,936,999,170,64,478,701,884,413,665,378,81
331,294,406,128,44,576,39,781,876,668,483,470,147,591,210,401,105
332,102,638,488,494,325,81,361,603,106,553,613,983,312,413,891,168
333,49,538,548,258,425,178,844,964,419,874,455,362,735,4,214,460
334,237,679,272,879,409,1,213,867,548,4,35,522,512,686,693,25
335,350,83,819,303,828,346,751,513,84,847,870,305,225,283,699,135
336,346,283,370,719,513,206,511,205,27,650,479,37,729,344,776,839
337,208,910,693,661,711,632,4,932,853,1,1004,583,735,215,850,861
338,444,29,701,888,241,534,603,577,408,358,415,635,222,481,151,673
339,805,591,105,210,171,992,869,682,753,590,61,1013,288,668,761,138
340,377,576,663,39,257,805,869,501,181,748,210,147,637,315,331,406
341,751,930,33,773,164,972,346,262,480,528,110,429,84,847,830,634
342,910,911,472,177,461,369,1,788,875,620,313,215,881,583,666,14
343,884,80,654,991,846,81,222,408,822,357,330,191,96,763,621,422
344,370,892,270,986,320,317,622,283,883,544,24,336,466,160,826,889
345,276,699,893,22,584,346,110,7,847,133,773,728,242,89,131,952
346,893,535,1010,511,657,847,350,773,622,634,528,862,835,336,728,12
347,481,938,940,651,478,338,957,162,578,233,222,54,163,194,413,408
348,87,370,699,965,960,751,819,24,129,78,204,392,636,626,164,972
349,1000,813,838,90,398,171,649,805,669,44,36,382,796,351,648,457
350,346,335,513,249,727,135,657,731,839,584,305,27,719,129,629,594
351,294,236,990,909,721,322,349,274,937,331,324,676,838,300,39,484
352,608,647,81,415,233,408,673,756,1022,519,857,151,859,747,1003,43
353,874,442,520,661,632,93,313,192,599,432,208,686,286,652,878,237
354,1012,213,970,984,680,334,25,237,390,455,342,679,633,461,246,911
355,2,635,151,884,119,191,422,407,560,1016,478,716,1014,97,975,763
356,346,182,50,847,819,670,292,317,12,427,773,320,1010,513,528,662
357,519,884,81,653,80,859,857,51,701,106,151,747,193,988,929,422
358,603,884,857,716,852,338,701,444,408,534,259,195,51,635,243,860
359,747,714,811,613,222,216,43,94,860,51,638,580,999,45,113,519
360,292,320,842,204,84,830,612,584,777,335,303,33,717,930,819,776
361,849,884,1005,494,332,56,170,183,991,94,703,665,1022,488,621,944
362,874,93,620,25,220,425,14,333,365,956,568,661,419,31,76,285
363,932,533,156,512,874,633,754,851,686,599,896,15,517,555,237,26
364,39,667,134,489,582,324,431,44,931,311,295,937,30,675,147,805
365,620,25,139,362,881,910,419,850,334,314,875,863,177,286,261,874
366,205,249,131,778,403,727,773,350,199,418,164,397,1010,646,276,441
367,24,252,889,717,734,42,203,622,939,544,986,169,751,133,211,614
368,729,199,8,513,899,169,815,37,634,832,117,52,91,491,133,622
369,455,179,595,213,223,770,868,31,342,514,517,1011,409,874,313,825
370,344,828,552,165,262,24,317,650,276,320,160,336,27,283,513,206
371,457,592,138,489,171,876,848,805,128,648,134,166,721,914,586,649
372,177,390,197,213,26,334,369,570,851,409,156,874,354,1,460,533
373,160,731,320,843,978,463,129,203,164,379,24,0,125,760,685,84
374,633,570,517,445,327,419,684,879,506,652,432,224,65,314,964,874
375,460,686,446,903,390,313,633,881,26,47,179,475,76,333,561,253
376,478,519,16,326,577,765,977,56,635,393,929,119,151,859,405,241
377,762,721,501,821,147,726,210,439,876,748,607,294,39,138,663,645
378,774,422,601,106,737,330,259,64,222,852,1015,51,415,81,653,96
379,320,160,463,952,82,131,346,292,778,972,709,898,777,373,164,17
380,884,260,560,635,186,977,846,763,923,481,151,113,860,601,580,655
381,763,123,621,884,193,151,444,559,859,106,732,92,19,233,474,1005
382,813,796,309,838,5,210,619,349,692,676,470,805,550,914,236,371
383,162,29,888,96,328,934,119,64,108,519,478,56,701,123,884,338
384,489,57,586,315,982,245,147,663,264,471,805,572,210,667,274,804
385,591,925,236,838,439,44,805,813,989,476,916,273,457,549,5,575
386,222,422,884,698,95,991,408,860,814,81,928,660,737,841,481,191
387,781,210,507,36,587,931,105,39,144,606,236,721,637,668,581,573
388,121,241,534,698,923,56,29,732,665,96,402,852,102,494,141,248
389,202,582,805,591,295,576,959,916,489,457,759,992,406,848,307,470
390,570,179,874,224,851,850,970,93,475,872,31,26,694,633,4,620
391,1023,721,876,300,781,586,813,1000,607,838,915,805,144,501,821,489
392,776,348,626,299,160,893,24,28,734,819,133,905,204,843,960,889
393,929,222,193,306,977,553,859,75,332,422,477,747,168,54,396,376
394,583,794,735,313,911,867,620,9,506,825,261,834,770,369,237,409
395,614,12,699,800,160,889,24,612,204,251,129,513,320,927,734,622
396,54,654,330,422,478,977,884,641,609,601,51,553,860,936,846,857
397,188,155,403,366,819,773,50,528,205,276,341,513,966,289,930,8
398,1020,245,668,44,349,805,406,495,759,458,649,90,288,273,331,508
399,355,415,56,191,478,422,857,975,72,609,701,732,519,602,831,119
400,241,106,51,20,216,338,191,701,408,857,422,536,714,519,96,577
401,158,331,781,812,301,947,591,876,1008,39,708,748,315,738,147,588
402,388,355,701,577,80,763,151,96,32,860,358,94,2,732,478,407
403,199,366,251,129,605,84,169,252,397,305,685,751,886,110,930,463
404,795,513,819,276,87,292,622,346,77,249,12,320,182,28,17,927
405,519,747,408,56,415,481,707,170,239,119,988,653,647,613,51,16
406,331,591,804,398,576,389,667,668,748,483,663,1020,210,39,464,1002
407,96,763,328,355,560,884,43,325,20,672,56,613,698,408,519,422
408,756,580,884,716,96,168,20,857,51,422,519,101,578,481,81,193
409,568,425,237,632,177,633,794,334,879,679,851,173,533,620,213,666
410,7,276,893,206,751,83,77,777,277,160,344,717,379,466,320,795
411,80,465,416,897,243,151,638,553,355,888,818,852,884,64,534,701
412,805,797,30,483,264,489,759,508,464,918,980,114,1013,876,269,667
413,559,2,1005,601,422,474,141,328,578,96,330,635,560,51,921,259
414,737,81,422,580,701,884,846,216,977,478,859,609,43,519,326,357
415,578,519,222,481,80,56,698,191,926,338,747,352,408,405,2,673
416,411,113,241,928,80,603,638,884,328,523,553,415,465,96,51,665
417,517,620,735,964,712,419,334,177,333,874,679,739,910,589,545,212
418,131,773,459,734,968,205,8,305,176,893,319,10,22,262,614,33
419,633,237,374,661,693,620,512,333,555,867,25,93,518,924,567,570
420,536,102,163,603,338,921,465,222,621,841,216,822,151,80,884,672
421,103,667,805,515,134,181,762,39,591,566,371,437,90,525,611,307
422,330,701,818,54,478,991,81,168,884,378,96,578,860,145,519,414
423,666,342,198,327,31,313,506,710,215,770,583,679,693,369,872,286
424,471,586,753,39,274,105,147,937,134,748,210,916,44,311,582,138
425,409,895,237,661,333,749,493,712,583,624,633,962,620,362,711,694
426,1011,313,693,632,568,237,520,794,173,208,833,432,825,844,353,409
427,203,441,265,131,270,182,319,287,83,823,847,155,862,463,685,317
428,591,805,470,759,230,813,36,307,339,138,869,1017,44,210,607,483
429,634,717,37,996,480,491,125,830,727,809,751,579,978,203,55,176
430,698,444,241,888,857,695,603,921,106,849,191,328,465,580,609,338
431,813,931,147,324,105,294,848,585,805,300,796,667,44,982,457,236
432,442,533,220,353,1011,208,693,596,153,62,179,46,548,878,633,881
433,318,320,767,463,379,719,37,605,766,131,717,17,935,830,77,930
434,237,633,409,1004,879,853,970,568,769,867,599,964,878,555,661,514
435,661,31,861,25,624,461,327,152,390,224,93,492,874,116,844,770
436,350,160,292,252,773,634,734,22,262,305,249,240,418,905,816,287
437,138,759,295,458,167,134,202,1002,725,916,848,539,736,105,230,389
438,541,457,907,949,824,721,88,736,591,231,90,649,702,470,349,507
439,736,377,591,1020,236,210,331,385,437,458,902,821,470,916,297,581
440,896,213,632,93,687,1012,690,220,599,432,261,981,749,597,633,583
441,961,226,176,459,427,755,605,83,131,839,251,17,205,513,366,77
442,208,661,967,881,353,506,432,659,652,26,686,238,666,973,589,693
443,74,131,317,319,250,898,176,136,839,961,513,795,441,835,110,622
444,534,338,857,852,888,716,381,884,1005,603,906,822,358,96,502,695
445,633,374,533,866,506,3,213,314,369,327,58,783,179,342,409,177
446,693,661,26,555,442,686,375,853,173,492,964,224,221,887,878,1012
447,904,924,153,390,910,31,872,53,874,152,863,227,492,47,666,285
448,239,701,241,1022,553,1003,64,478,523,673,151,818,106,113,884,332
449,631,210,648,315,902,949,236,44,138,721,796,307,805,557,489,1020
450,591,1002,307,675,805,273,483,916,838,294,762,181,236,736,959,607
451,93,353,237,633,984,661,652,362,512,632,711,712,425,261,694,744
452,224,744,785,964,3,1011,620,213,851,632,595,390,59,962,570,874
453,27,479,346,819,7,839,317,110,605,650,463,319,50,270,960,182
454,796,44,649,648,582,311,371,458,576,86,431,989,848,489,805,389
455,369,179,664,224,213,620,1011,744,548,950,333,693,969,718,130,208
456,283,270,28,320,899,344,670,513,204,370,986,346,302,12,110,793
457,371,848,592,586,147,591,649,838,134,389,582,349,931,431,738,298
458,44,150,649,39,398,759,805,437,138,576,915,838,663,914,210,71
459,418,131,755,441,8,77,552,503,987,205,204,176,594,832,240,91
460,375,617,215,686,679,179,333,633,863,794,749,334,533,390,538,693
461,994,213,910,1011,25,506,3,100,875,911,342,568,62,687,850,545
462,220,442,570,1,744,179,994,874,684,26,964,353,661,861,432,3
463,379,169,17,636,346,155,847,287,160,199,1010,862,972,320,835,319
464,876,882,738,586,484,805,721,1002,181,677,412,591,907,489,147,918
465,609,411,222,534,151,51,897,638,603,96,1005,577,80,420,621,884
466,819,828,249,262,480,42,830,67,275,289,939,370,320,636,751,883
467,138,759,915,588,590,230,591,264,805,668,736,721,464,677,159,971
468,491,751,125,110,777,734,84,466,8,579,480,819,636,986,317,823
469,1,506,855,770,492,874,633,334,933,686,754,26,834,153,879,127
470,649,576,591,331,668,105,483,428,504,805,615,838,389,44,210,382
471,821,1000,586,210,274,424,882,649,384,324,916,982,147,721,501,39
472,342,31,661,177,784,179,334,390,865,788,620,652,455,116,14,570
473,591,1002,147,36,762,515,464,269,645,134,150,876,322,721,848,909
474,306,957,328,151,170,988,123,413,732,888,243,716,601,217,381,977
475,390,712,788,633,950,517,679,583,65,863,512,875,261,984,327,895
476,876,838,36,805,649,245,587,848,916,721,1000,1020,171,489,236,945
477,654,51,536,737,94,929,553,222,393,901,519,852,558,96,923,999
478,96,151,665,765,422,193,977,884,183,580,635,701,170,163,81,519
479,110,12,777,302,7,511,336,729,317,346,8,276,862,847,463,699
480,429,466,751,317,927,346,110,52,795,131,468,845,12,292,341,250
481,926,818,415,2,763,635,860,408,222,852,72,621,578,405,347,151
482,560,928,216,241,681,233,665,263,923,248,860,45,884,414,849,43
483,41,331,721,576,470,668,412,591,450,649,848,951,406,607,667,854
484,721,951,464,210,586,39,909,489,114,294,637,591,876,483,134,931
485,824,813,371,708,556,484,948,838,876,949,298,88,805,134,909,489
486,809,466,125,513,646,319,828,169,429,480,17,77,727,463,346,131
487,805,508,307,489,412,269,70,762,504,36,667,507,476,787,918,733
488,888,170,332,233,859,494,519,361,560,603,553,113,94,673,193,936
489,315,876,637,838,805,556,371,245,649,210,667,307,721,147,70,310
490,236,848,805,134,431,922,339,591,105,781,476,667,504,585,869,230
491,199,908,819,249,429,468,828,709,320,930,136,77,614,830,594,83
492,31,661,693,208,863,152,76,903,3,505,770,690,1,618,237,664
493,771,425,895,409,31,555,152,567,46,956,521,548,661,419,679,712
494,284,170,56,122,332,936,580,361,884,888,388,923,162,621,488,859
495,398,245,36,587,68,210,759,876,838,792,138,501,746,805,166,916
496,539,1002,804,759,507,210,550,90,557,805,813,269,171,675,103,487
497,147,294,588,245,945,171,677,805,738,138,876,44,158,175,1000,914
498,270,155,110,509,140,131,250,276,809,513,22,346,427,12,6,479
499,466,622,734,283,717,429,60,809,468,579,513,37,463,830,199,480
500,668,813,576,470,838,702,236,663,274,210,439,649,547,591,39,697
501,1000,838,721,377,39,1013,44,762,349,36,821,876,138,918,805,412
502,673,56,444,859,534,747,621,415,120,553,494,841,422,99,96,45
503,305,133,203,8,594,459,468,276,847,418,734,0,155,1010,524,140
504,805,470,582,663,916,667,483,838,637,236,762,591,134,36,487,105
505,693,492,208,214,794,15,31,4,116,985,617,14,924,409,872,618
506,213,633,652,568,66,442,327,679,533,512,237,666,238,867,31,461
507,556,721,805,591,210,792,387,172,649,181,489,90,573,759,787,532
508,838,105,44,172,931,668,787,398,649,805,876,539,591,412,68,70
509,270,12,498,110,986,1006,155,67,262,276,164,7,346,0,972,886
510,1002,759,210,804,36,44,310,909,398,315,467,138,668,464,876,71
511,346,839,336,819,206,479,835,28,370,658,579,305,319,302,111,12
512,1,679,533,984,506,237,517,555,548,754,867,633,895,419,334,327
513,622,828,131,883,169,302,350,346,133,336,370,368,939,317,305,8
514,213,872,904,632,208,633,179,620,214,47,369,313,261,693,962,744
515,147,805,1002,848,1019,869,421,114,307,105,931,572,746,181,876,677
516,526,999,328,921,638,983,786,519,926,859,523,811,304,536,361,698
517,739,693,31,374,214,9,512,684,506,409,369,26,116,825,600,417
518,220,419,712,197,693,661,35,1011,26,863,711,690,933,904,425,31
519,857,119,1003,701,330,357,80,193,124,2,51,580,151,422,92,613
520,794,874,353,313,844,208,686,426,192,237,261,770,197,599,632,833
521,749,258,48,506,334,46,571,522,409,272,850,567,493,197,9,735
522,533,208,334,506,956,272,442,66,521,686,749,1011,693,632,213,571
523,923,698,818,106,328,519,2,912,860,81,811,988,884,603,113,145
524,305,819,466,751,889,823,169,317,636,847,42,503,544,199,55,252
525,805,982,925,39,591,759,876,611,556,307,586,41,236,210,738,166
526,884,113,701,516,857,603,151,422,328,478,519,45,108,672,894,170
527,635,884,422,243,358,577,852,857,124,64,355,145,747,51,716,603
528,346,287,204,773,835,847,8,978,341,755,513,350,129,479,133,0
529,751,927,83,129,199,731,164,793,84,535,8,935,24,289,634,427
530,586,566,592,792,677,525,323,147,210,945,489,876,931,437,1000,738
531,975,701,326,478,884,422,940,580,388,11,143,716,609,414,141,193
532,507,591,918,339,105,431,805,989,586,508,813,309,236,762,385,721
533,679,555,432,512,506,76,522,783,409,49,197,770,633,687,272,874
534,852,654,897,444,163,222,673,716,644,151,388,465,51,338,478,638
535,346,17,717,55,302,169,719,793,544,131,132,463,605,270,1010,835
536,102,94,603,106,519,420,859,64,81,151,477,51,621,222,170,811
537,952,270,110,670,24,8,7,689,892,203,305,33,886,773,117,276
538,333,620,715,548,583,693,1,492,460,419,679,116,76,334,624,237
539,171,588,138,805,836,44,787,1002,508,13,437,307,1008,759,907,507
540,771,409,661,1,47,493,419,517,910,739,770,31,571,924,365,583
541,787,591,88,804,138,550,438,41,483,1017,470,161,909,590,949,668
542,694,623,153,290,879,334,369,26,749,521,661,179,48,25,221,31
543,559,977,222,330,241,560,936,654,233,56,884,29,422,860,635,355
544,205,889,160,622,182,584,320,630,299,17,843,344,719,302,305,270
545,3,964,652,620,969,589,237,633,461,895,224,624,327,313,409,517
546,47,220,904,872,197,31,555,493,571,23,514,447,794,620,255,1
547,576,909,637,245,297,470,269,331,315,294,724,937,812,949,324,398
548,1012,679,237,333,334,597,116,533,455,512,969,555,178,874,409,1
549,667,593,134,556,748,787,922,236,676,591,309,294,805,210,838,909
550,813,210,382,437,309,39,541,748,1002,676,161,507,508,792,13,682
551,93,950,694,455,783,255,220,179,878,895,333,374,419,197,744,425
552,370,77,131,751,287,83,966,459,662,107,978,685,249,594,930,292
553,603,701,798,852,51,1003,422,859,673,747,113,241,814,393,222,888
554,583,208,253,624,863,652,492,693,664,375,962,872,197,739,1004,337
555,533,878,93,583,512,220,855,548,679,419,26,46,446,895,794,224
556,507,805,748,489,231,549,236,909,245,36,922,525,637,982,274,824
557,1002,450,916,489,591,210,507,70,882,804,323,931,412,307,44,649
558,222,1005,665,481,602,698,929,477,259,852,51,248,96,378,888,928
559,413,560,222,422,381,977,621,1005,747,635,860,884,940,355,601,106
560,811,233,635,884,278,151,763,928,19,407,580,96,559,193,681,355
561,758,1018,492,208,153,432,369,827,666,693,31,26,887,910,375,258
562,881,874,910,208,749,863,956,661,624,548,333,875,1011,85,522,739
563,876,489,556,838,721,581,824,36,476,236,134,264,649,738,979,668
564,701,578,81,422,80,673,56,124,884,519,647,328,560,798,553,478
565,51,695,113,444,123,1001,553,422,474,413,578,716,638,884,644,96
566,39,805,210,802,530,30,71,166,421,103,371,309,781,298,667,323
567,664,419,237,633,153,686,879,493,521,583,142,434,76,555,432,771
568,237,409,506,844,633,272,632,213,666,214,426,212,911,461,680,177
569,719,249,930,225,370,276,336,782,993,320,37,293,305,136,160,751
570,867,390,374,633,26,652,506,1011,334,59,661,208,353,419,314,455
571,26,58,197,521,76,640,442,522,258,770,827,867,686,492,710,981
572,138,1000,245,515,1019,171,384,1013,147,848,619,745,805,21,349,298
573,805,44,507,36,1023,761,556,105,649,619,387,682,909,792,71,838
574,878,390,26,640,956,896,187,875,973,53,93,492,583,223,895,874
575,792,476,649,781,507,848,1023,989,385,13,398,588,539,147,922,838
576,470,668,547,615,331,909,389,585,406,483,805,915,591,458,721,649
577,80,603,51,1003,191,609,338,519,119,402,56,638,465,580,376,884
578,422,415,673,151,408,120,413,222,481,478,162,534,113,701,621,101
579,267,429,709,317,885,987,346,468,8,717,37,50,320,368,155,511
580,163,408,884,609,716,151,653,193,665,519,478,96,43,560,51,701
581,377,387,762,439,916,876,105,931,144,721,147,563,738,473,667,1020
582,805,389,586,937,668,848,989,90,147,457,882,619,245,134,294,504
583,652,794,620,666,237,910,1,1004,179,867,425,633,394,679,555,895
584,777,289,104,292,544,847,350,84,226,345,418,77,204,89,205,133
585,576,431,90,848,71,181,324,457,649,105,591,619,692,245,914,1002
586,805,677,44,792,721,876,457,39,1000,210,464,582,649,489,371,945
587,36,210,264,748,1000,476,876,637,593,41,805,387,787,721,1002,781
588,539,497,876,677,772,586,202,138,159,310,869,591,339,1008,171,401
589,956,545,595,442,208,533,46,693,686,969,224,432,785,555,964,661
590,591,339,805,848,138,467,210,281,582,294,668,708,1017,134,71,576
591,824,848,805,450,339,181,202,708,385,925,787,406,210,1002,918,470
592,371,457,753,530,128,391,582,937,13,947,147,88,586,876,210,161
593,637,549,147,848,294,854,748,489,39,587,36,708,663,230,937,310
594,276,83,719,77,249,491,205,828,503,930,722,160,350,24,133,552
595,369,874,589,461,455,666,868,452,224,517,555,1011,26,570,710,911
596,661,432,506,1011,461,520,220,179,442,445,47,652,924,31,93,208
597,213,679,47,770,548,76,769,237,984,533,149,409,632,872,514,26
598,884,233,239,553,106,1022,415,241,444,849,413,330,701,352,608,578
599,633,686,59,735,213,353,853,874,220,214,313,851,100,687,190,712
600,334,153,517,237,693,374,261,214,353,31,712,212,694,744,3,545
601,2,977,413,884,378,222,193,51,478,999,474,841,396,988,330,415
602,99,822,122,857,102,635,716,534,852,877,558,20,1022,162,846,654
603,553,857,358,113,168,695,1003,536,577,444,191,408,106,338,81,102
604,874,190,661,744,353,197,739,296,65,153,286,198,623,177,390,694
605,862,169,441,270,17,252,318,463,960,622,205,283,176,165,839,403
606,507,387,792,781,721,916,649,297,457,172,813,295,931,181,309,805
607,663,591,990,489,377,721,483,391,762,914,450,210,667,645,1019,813
608,647,352,884,122,151,814,926,408,988,241,580,849,170,716,526,991
609,580,465,56,51,638,701,975,577,183,706,222,396,877,644,422,478
610,717,320,6,622,165,513,835,218,8,287,24,129,204,199,251,987
611,876,979,525,805,307,721,914,421,508,759,677,230,982,105,663,382
612,889,219,199,734,993,299,699,544,160,777,717,204,91,503,251,776
613,43,999,325,519,193,698,263,1022,665,20,849,328,254,857,703,1003
614,972,699,133,289,155,199,50,251,491,847,418,379,77,993,164,249
615,576,236,470,668,210,631,71,591,909,549,406,1000,36,787,949,351
616,872,208,1004,620,461,514,962,712,583,853,881,237,666,365,633,475
617,903,770,460,31,794,583,153,666,735,76,693,333,455,362,505,220
618,208,875,198,492,827,461,327,1012,545,661,197,152,652,687,179,521
619,692,382,90,245,582,907,1002,295,556,507,166,437,171,805,274,725
620,583,872,365,881,633,213,868,237,895,769,177,865,362,409,14,735
621,56,381,51,798,96,703,901,884,163,170,222,742,991,106,1005,1001
622,513,835,899,110,169,302,249,893,346,729,22,205,251,267,319,131
623,153,661,31,179,694,4,633,492,116,390,152,910,290,220,604,679
624,661,31,198,179,425,208,749,3,442,545,652,712,116,744,806,1011
625,226,847,12,276,169,795,513,346,77,155,1006,17,899,626,535,777
626,164,84,905,289,318,978,320,828,819,37,793,160,731,839,336,830
627,210,909,805,982,573,615,44,323,181,90,377,748,876,821,539,1002
628,873,382,166,836,295,792,781,914,813,619,288,992,39,700,5,550
629,289,27,978,819,203,350,136,839,373,37,292,987,429,160,626,249
630,182,544,292,719,320,131,252,965,709,160,318,205,776,17,808,319
631,668,949,71,210,44,315,36,236,805,508,615,591,449,909,398,294
632,693,93,213,237,642,409,214,568,794,353,426,514,895,910,208,1011
633,213,327,599,237,506,419,867,784,679,754,620,568,434,374,409,445
634,429,346,199,292,24,727,927,755,164,809,125,368,155,480,751,135
635,884,151,716,326,355,527,977,737,2,243,560,72,478,852,654,481
636,463,305,203,132,252,346,276,169,67,466,939,37,468,199,908,823
637,489,593,676,147,70,210,295,105,876,166,805,331,547,245,587,264
638,852,51,151,714,705,64,222,609,1003,888,328,332,284,102,774,94
639,169,24,729,776,828,927,622,249,773,511,305,862,205,276,129,952
640,492,571,26,570,220,390,874,517,327,14,865,851,956,512,574,867
641,928,977,923,396,936,308,163,328,170,256,651,553,763,312,841,681
642,632,93,895,261,296,25,353,506,212,46,620,712,788,327,213,680
643,379,1021,319,249,164,650,270,131,346,292,727,634,773,182,930,341
644,534,191,638,929,20,609,328,580,653,888,822,120,81,1005,703,168
645,876,762,721,310,708,150,13,591,377,954,848,588,339,431,663,593
646,287,77,777,140,249,169,809,320,199,17,319,847,37,292,24,283
647,936,894,608,884,170,352,519,707,113,613,857,1022,193,494,263,655
648,805,71,44,371,838,349,649,586,457,677,210,171,476,114,515,796
649,470,838,44,721,848,805,476,295,297,489,916,158,349,914,668,458
650,319,370,346,317,952,336,729,728,773,463,893,379,832,622,27,37
651,222,54,102,714,56,654,413,355,641,940,977,43,312,580,553,241
652,583,661,506,806,442,962,179,633,224,545,237,570,3,770,353,881
653,580,51,2,357,859,113,884,102,73,163,644,151,536,378,638,381
654,54,102,534,884,396,635,222,477,714,846,701,737,43,580,975,216
655,119,884,852,923,647,80,857,635,145,381,716,928,560,193,260,621
656,204,37,17,795,605,626,766,84,107,292,50,513,830,978,433,899
657,346,350,1010,164,8,634,513,140,729,717,893,996,528,283,366,219
658,218,729,77,50,318,513,370,511,317,131,344,346,893,336,283,17
659,442,661,887,31,624,506,827,208,910,4,875,517,618,290,666,362
660,478,216,665,191,308,186,654,304,502,388,96,923,534,408,119,906
661,492,652,624,442,179,31,208,887,220,904,910,693,1018,353,425,1011
662,205,131,182,24,927,270,129,819,74,751,835,552,622,930,685,226
663,721,914,607,677,274,294,748,762,236,489,210,458,576,377,147,406
664,455,47,895,76,973,93,567,950,620,237,212,492,65,583,213,31
665,884,478,325,923,857,96,580,703,216,235,791,849,613,163,888,742
666,911,583,25,910,153,788,770,506,568,26,31,223,409,844,237,327
667,134,309,805,549,591,103,489,421,838,848,431,315,406,171,721,813
668,631,315,210,576,398,90,44,799,105,331,30,138,508,805,649,470
669,748,349,797,210,489,649,667,236,315,796,39,324,382,138,726,412
670,7,678,164,8,226,751,24,356,270,456,513,176,83,537,110,262
671,839,870,961,136,605,169,205,317,883,131,226,513,678,17,336,24
672,163,162,94,96,407,536,560,526,478,580,603,102,151,613,577,871
673,502,578,534,326,151,553,860,422,304,2,233,413,352,701,338,988
674,41,138,44,171,398,916,128,980,813,483,137,805,349,748,181,90
675,1002,748,450,331,736,309,298,44,39,138,591,90,931,158,539,772
676,637,990,549,210,294,805,166,382,288,245,39,351,663,264,90,88
677,586,805,876,309,210,738,591,307,663,588,497,159,753,1002,39,812
678,670,270,826,513,164,344,622,160,8,292,17,610,456,129,83,24
679,533,548,597,1,895,334,633,744,512,970,47,506,984,879,215,409
680,153,825,568,633,93,868,895,874,3,984,237,911,327,506,197,213
681,560,936,263,325,233,763,923,94,635,884,96,536,328,928,494,641
682,339,44,507,805,573,382,909,508,273,295,389,158,189,401,550,876
683,233,193,859,1003,96,81,846,191,884,536,786,101,80,1001,326,603
684,853,517,374,31,462,570,220,432,754,1011,153,46,390,3,192,426
685,251,205,289,131,292,82,927,905,930,84,182,287,552,731,305,373
686,599,313,1,874,442,520,353,583,533,334,460,375,446,59,522,4
687,213,533,461,100,409,506,440,599,967,127,208,844,679,851,25,514
688,583,652,867,35,173,342,26,910,964,878,224,62,3,58,374,881
689,28,537,276,793,379,889,205,986,22,795,292,636,17,10,612,899
690,220,31,492,425,666,440,794,624,633,1012,632,237,878,432,967,693
691,721,507,787,556,876,464,1020,36,925,264,450,144,483,549,916,781
692,619,382,431,667,497,585,914,437,556,838,295,311,637,489,796,676
693,632,208,220,93,505,492,4,517,426,661,213,1011,924,31,237,853
694,153,783,712,3,197,390,31,633,93,661,970,425,850,220,861,23
695,603,102,51,444,621,195,422,312,857,358,106,430,565,280,184,120
696,298,708,902,721,876,916,909,210,158,274,351,637,649,401,586,71
697,813,144,702,500,667,556,501,13,805,838,387,591,90,948,257,549
698,328,96,523,613,388,306,415,857,325,923,81,56,248,798,943,888
699,972,960,614,823,287,24,348,847,292,622,463,204,345,893,828,842
700,300,245,90,105,431,288,387,909,171,539,172,668,181,44,138,805
701,857,11,260,422,124,553,151,519,884,106,96,94,32,254,818,526
702,736,500,708,697,147,281,274,824,1020,836,71,439,668,13,257,556
703,884,96,665,621,822,1022,43,191,742,849,613,859,580,248,81,846
704,210,236,725,914,1002,591,593,736,637,71,457,439,377,351,294,307
705,638,747,241,553,51,448,534,200,603,328,577,194,405,536,928,416
706,849,609,534,99,163,233,478,388,665,56,72,502,444,638,51,95
707,170,647,193,405,304,106,56,494,122,326,151,698,381,183,531,912
708,591,805,298,210,645,740,667,593,401,949,876,339,134,310,588,696
709,249,131,317,77,320,491,319,579,513,987,767,379,630,251,466,37
710,442,973,220,520,313,981,661,455,47,555,741,571,76,1004,878,149
711,337,425,712,419,749,570,620,390,661,31,409,208,179,962,850,26
712,924,425,694,475,197,31,749,850,844,599,895,220,711,624,518,237
713,208,224,661,213,353,452,130,66,522,46,59,1011,652,956,223,432
714,638,94,654,651,359,102,32,222,241,803,897,259,51,191,580,603
715,25,633,538,874,599,333,149,214,754,190,686,419,844,788,785,735
716,635,857,97,243,888,580,151,326,408,72,1016,991,444,534,871,358
717,429,610,987,751,24,727,535,513,169,203,734,320,346,622,17,199
718,1011,62,784,865,455,179,369,506,25,31,432,868,212,521,220,192
719,569,594,320,336,55,182,630,350,830,205,305,544,513,535,731,83
720,170,94,638,580,113,786,304,151,241,653,233,51,279,859,163,991
721,876,36,484,922,269,649,230,586,971,13,300,377,916,663,838,501
722,17,320,77,594,317,160,205,136,719,793,961,182,778,83,960,889
723,536,560,413,183,811,170,94,991,328,621,519,707,681,921,56,102
724,547,838,147,916,90,804,210,820,637,1002,836,412,457,738,805,331
725,331,876,437,637,138,307,298,371,457,914,726,134,848,324,619,389
726,298,876,1013,748,949,138,210,377,753,128,668,902,158,805,331,13
727,267,346,429,717,350,987,809,634,131,366,751,319,379,513,155,930
728,346,893,650,939,751,287,345,370,847,930,513,242,169,828,809,634
729,622,368,346,835,658,892,305,293,336,199,8,479,650,276,513,370
730,94,102,284,191,170,953,92,786,99,233,857,603,536,519,1003,304
731,373,350,370,140,719,751,125,986,685,766,529,908,320,828,346,160
732,101,16,151,859,474,763,381,388,80,271,51,852,621,170,233,888
733,382,489,13,787,922,171,181,792,507,487,838,813,915,539,147,721
734,205,160,252,418,986,129,42,622,251,960,717,22,468,807,1010,835
735,994,599,794,620,313,910,394,632,258,850,409,214,879,333,568,844
736,902,805,307,591,439,138,916,759,971,202,675,175,71,90,389,437
737,414,635,378,2,222,884,477,654,355,326,99,716,51,601,81,415
738,44,39,464,677,876,820,945,147,1000,331,497,307,457,323,586,90
739,517,47,874,661,178,1,369,224,652,313,296,924,545,116,754,9
740,591,805,708,331,821,105,848,1002,667,298,172,876,90,1019,138,339
741,25,666,710,583,754,179,874,844,571,962,514,715,220,853,1,749
742,859,665,621,703,43,304,113,560,991,248,170,958,396,860,928,884
743,270,305,12,169,28,292,605,252,835,793,899,622,203,503,968,889
744,679,452,3,213,455,1,1011,962,514,425,296,874,198,633,197,353
745,161,572,667,566,138,210,264,549,147,592,384,539,13,1019,489,787
746,202,150,147,796,876,805,245,515,804,1019,497,869,916,591,269,954
747,239,763,553,405,359,415,635,119,151,580,884,705,222,559,338,502
748,39,310,137,158,210,587,556,726,675,549,294,669,13,902,753,663
749,197,272,425,521,844,632,59,850,962,291,583,208,666,895,981,712
750,633,14,570,867,520,460,419,595,177,224,568,711,261,686,872,794
751,24,819,83,529,341,251,847,7,927,468,717,160,176,480,930,335
752,851,213,142,177,633,3,461,533,863,409,334,452,26,568,190,984
753,726,677,748,339,294,586,902,158,876,592,138,71,44,591,736,298
754,633,327,512,156,632,313,1,296,770,686,179,739,31,874,652,599
755,847,125,176,133,459,441,839,346,634,84,276,251,528,1010,22,429
756,408,95,519,304,716,603,151,352,857,222,1003,478,113,580,216,233
757,466,133,91,267,164,987,751,552,594,634,67,218,203,807,69,251
758,561,208,694,153,712,187,624,493,850,152,661,26,693,31,116,878
759,805,44,138,230,437,36,245,992,1020,398,458,736,916,668,389,525
760,7,270,203,182,252,847,110,320,968,952,250,131,199,373,292,84
761,805,171,339,324,918,759,573,582,138,166,105,295,637,230,476,245
762,377,918,591,307,645,721,838,916,805,103,150,181,105,813,663,971
763,381,860,233,186,923,94,407,259,560,151,747,481,193,2,732,906
764,835,110,133,819,27,267,828,699,370,807,276,528,287,622,823,885
765,478,376,732,170,747,194,422,263,977,519,29,698,936,415,635,388
766,77,795,719,986,731,12,819,226,250,429,830,685,433,107,636,828
767,433,709,320,719,318,630,513,131,828,283,625,249,226,77,779,303
768,971,591,437,294,489,762,918,667,937,668,532,86,202,315,439,458
769,237,620,895,1012,865,597,872,3,434,156,867,548,1,197,840,461
770,31,834,1,666,220,149,533,197,597,369,633,771,652,984,76,506
771,246,493,253,187,770,540,633,1,1004,419,620,881,177,425,455,237
772,159,588,675,339,677,273,39,951,13,44,147,989,1000,476,231,274
773,346,893,8,418,131,305,155,60,528,341,84,930,828,249,250,292
774,852,378,638,51,355,151,2,999,601,1016,818,422,880,553,841,271
775,961,427,77,226,646,136,845,670,441,927,480,83,795,287,751,17
776,320,205,828,370,819,251,289,169,336,889,466,249,392,204,133,225
777,251,584,830,646,319,479,83,317,468,795,7,84,379,751,199,283
778,319,379,366,131,809,317,249,646,350,594,727,77,83,777,356,905
779,267,160,320,622,293,283,136,77,8,722,346,318,368,203,767,630
780,8,809,270,319,650,630,131,634,346,262,22,728,899,427,27,287
781,39,68,331,387,401,30,916,391,210,748,128,298,876,649,13,44
782,205,569,594,204,83,776,370,50,960,699,610,344,289,441,544,129
783,533,694,633,445,874,867,374,93,23,506,314,197,26,879,964,679
784,633,506,718,770,261,213,179,620,1004,520,237,313,409,652,868,570
785,533,452,679,589,754,149,712,632,895,863,25,910,851,517,620,48
786,814,81,328,716,638,934,698,888,683,857,991,523,444,923,822,841
787,591,541,549,508,138,70,539,805,507,298,576,587,172,171,804,1002
788,1,910,666,868,620,177,212,25,867,342,875,327,59,879,475,512
789,511,205,319,612,50,584,370,346,27,913,972,204,719,839,961,282
790,116,223,9,212,517,296,754,153,868,353,447,313,872,156,1018,512
791,665,478,162,56,170,923,222,831,991,73,977,102,143,553,186,837
792,813,586,44,876,13,649,838,507,1020,1000,748,210,489,273,5,147
793,889,899,129,199,8,535,302,84,626,12,480,529,205,182,795,252
794,583,520,149,872,237,130,409,632,735,76,844,394,825,693,261,850
795,404,169,819,815,131,513,883,251,777,927,751,480,7,766,622,899
796,382,838,171,947,916,147,114,869,13,431,489,805,349,454,746,922
797,848,412,310,669,464,507,134,489,787,566,748,457,539,1002,667,508
798,56,553,621,80,936,170,263,328,888,16,120,96,884,163,316,859
799,668,576,508,539,148,591,677,39,586,264,44,210,41,736,726,105
800,84,847,37,466,289,276,699,764,614,828,252,819,626,24,320,429
801,701,378,422,330,884,413,934,818,2,222,51,64,880,635,414,519
802,39,30,805,566,281,483,112,315,41,138,748,406,181,951,931,158
803,857,929,884,880,191,519,193,20,151,638,714,852,408,405,81,1022
804,406,202,1002,210,138,315,70,158,787,746,876,591,1007,412,189,175
805,171,166,761,90,759,307,582,915,848,339,412,515,288,300,591,138
806,652,1004,533,661,31,3,555,1012,548,624,872,744,583,932,198,492
807,734,83,346,751,835,893,129,930,842,344,764,160,320,251,819,133
808,182,630,776,612,169,160,835,17,292,320,584,830,734,251,28,622
809,429,319,727,486,513,125,646,317,131,27,893,346,634,622,283,498
810,3,661,752,461,375,434,568,59,26,867,177,994,840,9,362,652
811,560,216,191,284,859,523,536,328,157,359,63,928,923,884,921,170
812,1023,401,949,297,677,922,1020,398,708,796,792,547,171,916,210,805
813,382,792,805,349,431,591,300,550,838,309,36,697,762,721,667,13
814,786,553,95,608,934,716,151,306,919,638,328,988,923,884,852,655
815,795,368,719,305,776,819,199,205,870,169,77,636,766,225,662,729
816,182,270,685,427,773,670,129,793,8,760,935,927,305,10,7,131
817,897,388,222,1001,54,184,578,99,929,603,94,523,95,923,926,216
818,422,906,701,884,481,523,860,151,478,2,304,519,106,259,96,673
819,870,317,751,466,491,335,136,795,828,830,320,370,776,513,27,346
820,738,331,147,805,781,39,44,909,667,824,114,323,724,86,457,13
821,471,230,210,377,805,39,147,721,989,13,982,848,677,740,501,138
822,884,216,703,877,602,580,444,162,102,621,536,846,51,852,857,64
823,160,133,165,287,828,699,320,847,83,463,427,0,276,7,251,468
824,591,721,489,13,71,556,576,805,549,134,230,457,708,922,667,925
825,173,680,794,197,568,369,192,844,517,426,394,220,739,153,1,874
826,978,678,344,129,110,892,622,8,131,368,670,0,176,270,899,317
827,618,985,220,187,442,659,561,521,374,571,865,493,173,548,693,238
828,370,513,125,320,466,77,287,776,133,491,819,823,155,83,335,927
829,304,96,698,884,988,407,45,474,328,357,991,191,151,11,860,880
830,249,37,777,84,320,429,819,466,930,491,17,160,719,83,292,289
831,857,233,609,977,665,162,51,638,791,577,56,399,170,888,191,1022
832,37,346,839,8,249,368,819,650,302,755,459,77,350,305,709,622
833,192,93,1,197,426,661,520,881,342,1011,220,337,26,198,911,878
834,770,984,1,31,394,875,686,583,512,754,237,533,469,568,652,390
835,622,129,7,346,110,764,729,320,862,893,528,6,270,463,899,734
836,539,147,508,796,781,245,171,821,13,947,1020,458,873,298,909,738
837,936,701,857,414,527,651,747,665,222,923,263,64,791,170,330,143
838,476,649,489,1000,349,876,508,501,68,721,805,796,245,813,382,114
839,27,110,317,511,319,176,203,939,755,136,350,346,8,961,336,832
840,769,872,237,620,570,583,142,461,754,735,633,337,632,313,718,213
841,884,191,163,601,304,95,891,923,852,502,523,326,638,786,222,774
842,83,320,129,993,699,160,84,491,930,373,828,960,594,807,360,751
843,160,373,972,544,276,614,24,346,847,819,528,28,986,731,886,622
844,850,568,333,237,749,666,794,220,520,93,3,26,632,173,583,197
845,480,734,262,899,468,466,1010,203,7,751,160,491,670,717,110,636
846,884,216,145,96,120,857,193,849,923,580,408,977,877,654,191,701
847,155,276,346,755,1010,7,77,84,12,751,463,24,169,625,862,287
848,805,457,591,171,324,918,915,1013,649,230,515,134,797,138,371,431
849,216,884,96,361,706,665,56,846,613,703,51,193,580,191,478,241
850,844,910,153,749,390,632,735,197,794,666,26,712,461,177,911,314
851,177,409,874,213,752,390,679,327,214,599,633,25,334,512,620,687
852,774,64,151,534,638,326,553,444,193,888,635,1005,358,51,243,481
853,214,879,684,4,693,599,3,434,910,1011,633,661,337,446,390,208
854,593,838,483,587,412,667,36,876,114,294,637,759,676,489,1000,992
855,469,555,220,770,62,93,153,794,461,874,506,652,583,223,149,369
856,638,72,478,151,852,102,278,635,16,553,143,523,405,841,774,260
857,701,888,519,884,716,254,603,20,803,936,191,243,665,216,444,97
858,44,668,915,813,721,848,288,13,391,539,1023,576,300,631,458,838
859,170,888,123,151,304,742,233,683,94,732,553,536,894,580,357,381
860,884,763,2,96,141,113,94,422,701,906,51,818,54,241,991,481
861,904,661,59,93,874,26,694,337,435,197,179,887,867,462,434,224
862,346,605,835,287,847,622,1010,463,317,131,276,0,427,479,169,729
863,492,874,152,872,875,533,31,661,208,679,1004,512,984,334,904,342
864,262,117,226,605,793,535,513,927,625,986,883,270,12,509,466,83
865,197,620,769,985,718,177,924,409,910,14,327,1,640,127,868,461
866,879,445,874,3,517,452,390,374,686,9,533,589,314,595,409,920
867,570,26,633,237,910,583,506,620,334,788,512,59,693,911,419,394
868,212,620,177,788,369,1,680,633,313,994,910,213,461,426,568,851
869,805,515,114,210,339,902,796,848,245,138,588,30,310,166,721,301
870,819,42,225,751,24,335,303,336,479,513,815,317,131,828,199,205
871,716,888,857,20,306,534,163,56,474,580,151,1014,97,536,672,519
872,620,514,794,31,904,237,213,1004,616,863,390,261,950,769,597,224
873,166,295,138,914,245,628,201,668,989,576,210,982,992,315,781,398
874,604,353,25,197,520,313,178,362,851,686,65,390,739,595,863,223
875,881,461,863,342,1004,984,788,246,618,910,874,390,313,25,26,327
876,721,476,489,464,1020,805,677,922,298,138,726,114,838,331,586,979
877,822,846,216,609,96,665,923,602,944,99,644,465,355,991,884,222
878,93,220,555,261,632,353,895,661,844,432,224,874,434,574,26,23
879,59,334,409,679,853,874,434,866,735,314,374,788,272,533,9,970
880,96,306,929,803,81,1001,80,523,151,94,193,774,217,860,519,852
881,442,620,562,875,910,661,197,286,1,59,26,208,962,652,342,179
882,464,805,582,114,848,982,471,323,721,39,210,311,876,230,931,951
883,513,795,466,344,182,939,370,336,110,270,819,480,131,892,12,317
884,635,846,2,857,860,191,703,665,81,526,580,193,408,64,701,923
885,129,579,8,270,110,320,267,302,368,317,972,699,84,188,764,843
886,84,110,129,847,155,12,839,479,226,751,403,729,204,270,262,60
887,661,1,26,910,139,659,58,442,362,446,941,881,861,493,506,327
888,857,859,328,716,444,488,151,852,638,162,338,474,96,80,97,665
889,612,544,252,986,793,908,367,199,219,205,776,182,344,835,622,899
890,664,31,718,744,93,255,874,694,710,220,853,197,25,362,23,369
891,332,263,841,603,241,665,325,988,701,553,45,818,388,857,304,673
892,344,270,729,317,968,899,370,986,883,826,537,110,939,7,37,622
893,346,622,773,728,219,1010,22,835,169,819,418,899,513,699,410,133
894,647,151,859,94,51,106,701,536,193,170,330,113,526,901,936,381
895,950,679,23,3,425,237,620,1,93,769,327,632,493,583,153,26
896,440,874,23,853,956,59,632,533,363,574,369,374,432,850,313,684
897,534,638,465,241,411,817,222,51,396,714,186,888,338,1005,97,1016
898,379,319,74,205,835,131,443,662,206,734,862,622,544,764,486,614
899,622,22,270,28,17,169,262,456,110,793,368,205,835,893,77,164
900,519,191,665,352,151,635,478,72,200,170,577,602,233,235,716,580
901,330,64,621,51,884,923,170,936,477,553,894,1003,124,701,846,145
902,736,591,869,748,848,726,753,236,439,377,1013,916,210,696,134,593
903,76,617,492,956,375,461,426,911,545,409,286,568,198,3,31,237
904,47,514,661,872,179,861,447,255,208,620,3,693,31,583,895,1
905,626,133,77,685,978,60,203,155,125,67,129,429,350,160,939,828
906,818,860,422,763,268,444,113,2,673,603,97,635,151,145,233,304
907,166,805,138,245,295,982,1002,36,677,619,464,114,539,909,147,231
908,491,155,203,205,889,819,795,636,251,823,344,731,719,930,160,544
909,576,245,1002,351,547,556,210,876,269,44,39,484,36,982,489,298
910,1,177,850,342,139,666,583,286,661,867,461,788,881,337,296,59
911,666,342,153,506,568,461,394,583,867,237,850,794,680,224,910,296
912,326,977,523,121,72,151,233,534,988,638,635,857,698,818,415,732
913,987,819,418,930,908,709,717,729,267,579,320,282,8,459,317,182
914,295,663,210,649,307,371,873,805,990,992,458,576,138,382,294,489
915,805,848,171,307,576,649,876,236,458,721,467,759,391,858,138,796
916,805,721,202,649,1020,736,876,762,796,307,759,273,781,389,44,476
917,78,370,996,605,24,625,287,270,899,276,164,622,862,283,513,169
918,1013,591,848,805,762,138,876,181,134,105,586,721,412,649,464,61
919,560,216,92,553,241,977,884,193,233,280,814,96,742,1014,934,928
920,964,3,853,374,208,896,548,866,462,694,969,874,333,442,545,589
921,284,413,106,1016,96,536,328,888,94,151,638,420,698,92,560,430
922,876,721,549,297,144,556,916,796,838,812,1023,925,1020,781,437,591
923,523,113,884,763,2,665,268,186,857,96,928,304,325,145,43,95
924,712,693,220,116,419,506,31,739,865,447,794,910,661,620,632,981
925,591,525,36,385,44,922,39,556,824,549,507,71,607,848,721,631
926,481,415,408,608,995,756,407,405,763,519,516,191,884,553,352,151
927,662,133,751,828,480,529,685,24,634,795,935,129,83,182,199,513
928,113,923,560,641,860,884,416,665,216,222,763,553,233,328,742,241
929,803,393,241,151,306,859,880,644,852,51,701,638,326,259,191,477
930,249,50,569,317,33,830,341,751,491,84,319,37,251,773,131,819
931,44,431,105,974,876,508,39,515,457,805,323,147,387,273,236,675
932,363,337,514,806,872,863,1004,369,23,771,492,47,633,533,874,208
933,874,197,220,694,127,853,749,844,518,469,735,9,687,353,179,693
934,326,519,96,923,999,383,814,888,260,786,852,638,243,124,701,884
935,7,129,960,927,287,78,835,83,270,795,199,427,529,164,433,816
936,647,263,857,170,701,330,884,798,860,494,681,553,54,923,763,837
937,294,582,805,273,310,351,371,166,349,951,90,990,982,593,398,489
938,20,263,347,635,846,888,413,481,940,681,222,923,860,151,268,1016
939,203,37,513,155,466,276,839,751,996,370,636,317,270,249,883,250
940,888,381,701,96,860,559,651,957,531,338,328,763,560,306,716,975
941,1018,887,868,1012,213,461,506,881,618,1,224,910,62,238,445,139
942,25,35,1012,788,237,679,633,984,93,874,512,390,213,875,1,664
943,96,701,698,63,703,742,328,849,857,665,51,216,888,811,621,822
944,1005,193,233,846,877,260,991,884,822,361,326,141,222,621,268,701
945,171,245,876,497,586,738,44,476,464,159,401,677,792,389,916,1008
946,535,69,346,511,793,318,219,275,544,67,899,605,199,379,249,569
947,13,796,649,401,1023,922,309,158,586,592,371,44,539,836,189,71
948,44,90,398,501,309,549,134,39,949,1000,931,591,787,726,805,88
949,631,210,726,812,805,44,294,708,470,476,507,1000,876,668,401,1020
950,895,455,664,3,872,214,555,475,197,680,878,970,224,149,984,434
951,484,281,41,114,483,937,489,39,796,576,637,982,721,301,158,876
952,379,7,346,650,276,133,537,760,22,77,242,24,939,729,182,862
953,730,43,673,478,448,534,51,102,502,260,92,991,1015,742,706,163
954,645,876,171,746,576,805,331,150,848,588,591,147,982,915,458,489
955,249,466,7,24,276,203,685,164,968,966,552,751,743,336,67,169
956,967,589,522,895,874,533,362,59,425,208,442,686,903,390,896,66
957,474,328,888,703,940,408,928,716,638,494,95,991,108,884,822,163
958,97,742,884,444,841,857,786,943,580,608,888,383,716,43,396,923
959,389,295,273,450,202,914,805,401,339,916,307,301,171,649,591,297
960,699,129,225,847,734,24,276,160,828,935,348,251,605,320,370,972
961,441,136,226,83,839,205,131,22,77,110,594,262,459,176,317,427
962,652,633,749,661,224,425,583,533,881,514,744,390,666,213,506,620
963,216,534,884,414,852,99,183,665,737,478,422,191,818,654,660,157
964,237,3,545,224,333,970,620,633,533,895,434,969,679,452,327,666
965,320,348,819,630,164,28,828,776,513,626,160,91,370,270,629,249
966,155,164,370,552,8,289,466,262,773,930,276,346,67,511,249,83
967,442,208,956,198,794,687,285,178,693,690,369,100,632,220,313,4
968,203,270,182,418,305,7,760,249,892,734,320,252,835,131,251,930
969,208,545,548,455,964,693,589,313,213,333,442,632,620,116,666,533
970,679,620,964,390,237,65,434,694,93,533,633,334,874,879,895,197
971,721,230,736,591,762,876,1020,759,805,915,464,307,150,824,489,467
972,699,614,843,12,463,379,341,24,226,513,129,960,751,155,160,164
973,664,442,710,223,455,93,770,686,878,353,652,574,432,950,47,369
974,39,931,236,876,738,1000,331,44,167,210,470,309,982,708,748,387
975,609,531,326,54,183,355,243,478,654,716,635,422,56,191,119,399
976,418,847,292,459,755,463,69,77,287,17,441,614,135,131,346,1010
977,635,601,326,478,884,186,912,96,151,559,393,193,641,422,233,763
978,160,203,129,629,27,429,164,626,826,373,905,528,552,350,751,717
979,876,611,307,489,245,677,298,236,721,210,1020,175,586,525,805,725
980,171,805,138,848,489,371,412,674,315,245,159,398,202,876,667,501
981,220,749,31,46,632,770,661,58,599,1,93,440,179,47,369,26
982,39,210,147,525,586,489,907,821,909,431,556,315,805,138,310,384
983,102,304,163,95,884,106,141,536,233,355,332,991,580,195,1022,553
984,512,679,633,31,875,770,597,568,3,895,834,25,680,451,533,506
985,865,220,827,192,964,432,505,693,426,1,76,237,100,208,442,461
986,10,734,344,889,226,622,252,899,262,110,468,270,731,370,766,283
987,717,91,50,131,317,513,727,709,579,176,930,320,459,368,614,83
988,2,474,884,151,304,923,519,106,523,123,977,859,413,601,51,673
989,992,138,582,821,649,339,873,105,796,385,171,476,470,245,295,1020
990,676,351,331,914,607,937,324,377,663,725,294,1002,909,138,36,668
991,81,422,716,222,1005,268,170,860,621,94,263,408,478,701,96,355
992,989,138,759,339,389,649,914,1020,805,295,470,44,245,114,876,588
993,303,83,204,17,842,614,133,569,612,751,289,199,777,225,755,84
994,461,735,868,14,215,48,599,568,462,620,632,258,910,633,142,769
995,926,665,534,381,884,195,217,163,233,1022,243,988,328,43,222,655
996,429,169,203,939,125,346,513,318,622,480,917,368,275,140,117,37
997,398,294,39,44,668,676,637,210,331,68,114,759,458,288,484,805
998,95,786,647,756,672,560,934,151,603,96,306,94,352,186,857,884
999,613,51,330,1003,601,934,516,519,553,923,774,654,222,638,119,756
1000,44,838,349,39,210,805,501,309,587,471,105,876,586,138,649,171
1001,94,96,621,880,338,259,888,124,519,97,193,683,444,716,51,326
1002,210,175,591,515,147,675,245,804,450,909,677,510,90,269,315,473
1003,51,519,193,603,64,92,577,638,553,325,145,999,119,613,96,330
1004,583,872,806,434,875,237,409,771,633,337,863,962,661,313,784,555
1005,64,413,141,96,233,56,991,852,444,361,222,884,621,243,635,99
1006,226,1010,625,509,972,12,463,511,755,605,839,346,276,129,110,479
1007,804,175,483,450,44,668,331,726,591,412,315,748,464,406,273,189
1008,138,44,307,401,539,331,464,588,371,172,876,489,738,586,945,458
1009,679,198,35,1,334,910,984,694,867,771,964,3,26,369,59,633
1010,346,847,305,317,169,155,893,219,132,203,17,862,77,276,463,199
1011,426,718,461,693,208,661,632,455,130,313,432,3,744,25,213,570
1012,237,548,769,62,213,334,53,46,354,208,440,867,568,545,492,806
1013,918,848,726,324,339,501,805,412,158,464,138,902,937,838,489,171
1014,119,355,72,191,852,859,871,233,560,56,683,716,884,170,338,919
1015,2,56,378,415,603,102,51,358,523,653,857,64,695,701,888,609
1016,716,141,2,355,413,921,151,857,259,701,774,184,444,635,1005,233
1017,166,805,138,759,36,668,41,813,264,802,591,339,30,590,210,838
1018,661,561,910,461,213,941,506,25,62,285,208,286,1,9,31,139
1019,515,489,876,667,1002,245,572,746,607,805,914,437,36,147,740,1023
1020,876,398,805,916,759,171,315,792,476,439,210,992,339,586,971,922
1021,77,287,0,249,346,203,634,952,709,320,379,643,650,773,622,899
1022,102,884,141,703,613,43,56,448,647,352,665,64,81,193,977,51
1023,391,812,838,300,721,922,813,876,1020,573,947,759,805,858,909,507
