0,1.0083266422202855
1,1.1179622333973551
2,1.3157799261115652
3,1.059318130579395
4,1.1728727576893363
5,1.1283050727462234
6,1.1249305031727852
7,1.0816520026163816
8,0.989482249965677
9,0.9924614618168459
10,0.9403750228602447
11,1.035338365486774
12,1.0409212895679505
13,1.1873834873726405
14,1.1728463609690358
15,1.492517721235382
16,0.9749415510224991
17,1.0775681528398233
18,1.1859138557933555
19,1.053200244952678
20,1.277535609690093
21,0.9749415510224991
22,1.2321909526920543
23,1.1459161025176536
24,1.1809051922186329
25,0.9590016527146301
26,1.0567857076908067
27,0.9995265178446222
28,1.0198896720177573
29,1.030794191547896
30,0.9377329316337896
31,1.0226239657872291
32,1.03610625520617
33,1.099830503137511
34,1.4691247541360264
35,1.04623709672452
36,1.0039349749584914
37,1.1549975062788962
38,1.0324068631563865
39,0.8998200612052444
40,1.1079641377836404
41,1.284137312604571
42,1.1208432432629127
43,0.999587373297365
44,0.9950502349730732
45,1.0351390643194405
46,1.7461903527974787
47,0.9158650926036633
48,0.9226115964302808
49,1.0906832926336976
50,1.0897286551873555
51,0.9703703592124455
52,1.0748428249010378
53,1.012459089832997
54,1.0634466816726755
55,1.1622776312687453
56,1.1390261355562563
57,0.9809945768598264
58,0.982459107339811
59,1.0356076970715473
60,1.041833730808425
61,1.0494778446137711
62,1.1040803049786643
63,1.0494778446137711
64,1.2530124227272803
65,1.0899446743047818
66,1.0663669213915234
67,1.0590649244558537
68,1.555745230430328
69,0.9760906411604418
70,1.0567809924798155
71,1.1889448018548023
72,1.1171062566741232
73,1.0635961136988128
74,0.9940735092879249
75,1.1184290651594884
76,0.9404829653124576
77,1.060285307011858
78,1.197044087316208
79,1.504985530851401
80,1.0181179202146797
81,1.171501334123481
82,0.9794530050894267
83,1.0017223625487217
84,1.0422179362197213
85,1.0763661184611948
86,1.2101825291221053
87,0.9653418343802418
88,0.9793840879474635
89,1.0991537487659595
90,0.9901201189365314
91,1.0749122473302424
92,1.1378748365905902
93,1.054115599992074
94,1.0526854139068567
95,1.0350075574756878
96,1.0199306958989587
97,1.3113837332613691
98,1.1083365289892302
99,0.9730158279955796
100,1.2020323070837842
101,1.085194899954685
102,1.3476046711777565
103,1.2053788402711012
104,0.989878775537351
105,1.1404920505926024
106,0.9868140034725421
107,1.284137312604571
108,0.9874023883708506
109,1.165983943052876
110,1.0143386943598771
111,1.0094915986322923
112,1.0087631331384486
113,1.0659903632822583
114,0.9403750228602447
115,1.255849730148337
116,1.4981935450990926
117,1.4378788494516475
118,1.2708186155940175
119,1.1898340118882893
120,1.095153541146185
121,1.008905913507228
122,0.9808333148473773
123,1.0626545455027632
124,1.1265487557367355
125,1.053029278447419
126,1.2865778491680748
127,1.0280776985289748
128,0.9932336448582447
129,1.3307524560411133
130,1.267894778905403
131,0.9897114260338082
132,1.0210094627554829
133,0.9882449192565741
134,1.26125936124061
135,0.9073745434860054
136,1.34303818680054
137,1.159104123773941
138,0.9848665092543514
139,0.9571267727210561
140,0.9669063767982385
141,0.9986054524902952
142,1.258349684775151
143,1.1991954558970717
144,1.1826717158614368
145,1.0468942422949112
146,1.0955932119029952
147,1.019947789483373
148,1.3534846573181705
149,1.3806637235292976
150,0.9618558213812461
151,1.07447502585593
152,0.97797817707279
153,1.0291669064872122
154,1.4588099748543808
155,1.1200629868083607
156,1.1137386675648757
157,1.0468942422949112
158,1.0385961089999625
159,1.0929792884508038
160,1.291771737064232
161,1.164935590236979
162,1.225765399854761
163,1.0156058321793782
164,1.2492433059798458
165,1.2137070745835448
166,1.0264570684259988
167,1.1424496383816423
168,1.8518824622415995
169,0.905264035199434
170,1.2213065132652097
171,1.348698372358427
172,0.9862532557550729
173,0.9798829316390938
174,1.2017549281462827
175,1.0574758239571604
176,1.1446717314164845
177,0.908620800940843
178,1.0389691105153593
179,0.9841077522856889
180,0.9831371973666527
181,1.103788506477912
182,1.1141414339089803
183,1.013130252589662
184,1.0107437501922292
185,1.154009313571921
186,1.1234896007639685
187,1.120131294712683
188,1.0094489592627687
189,1.0199306958989587
190,1.0649662438101188
191,1.3665131133644834
192,1.0526535559728676
193,1.0009907385196728
194,1.1488274239602707
195,0.9794917596836719
196,0.9950502349730732
197,1.069578450428365
198,1.0363787210463542
199,1.1183830044265926
200,1.108145593734181
201,1.0832566725341188
202,1.2323995643712253
203,1.0566884646619714
204,1.1526172708534428
205,1.0609600027450858
206,1.0027010834591101
207,1.2214860741986686
208,1.0129232149141258
209,1.1461254830663827
210,1.047006537017503
211,1.4898305377778525
212,1.0344645509761756
213,1.094930676373486
214,1.1136365147341136
215,1.1338070653274062
216,1.0314592915494565
217,1.151924632151832
218,1.0419383356021472
219,0.9724877599230067
220,1.1650504389688914
221,1.0715410061706319
222,1.0398993601032793
223,1.0930271527942437
224,1.170359738412325
225,1.0209396071483088
226,1.0794439089290089
227,1.0817745671923307
228,1.1716406259808108
229,1.415416910957961
230,1.0589856710041987
231,1.0429427984771378
232,1.174844114576521
233,1.161443759169107
234,1.0129232149141258
235,1.0434540806718267
236,1.0969153757712709
237,1.265598020640289
238,1.3787526815400122
239,0.953081612408567
240,1.0907268719440415
241,1.0649662438101188
242,1.7304181607364204
243,1.126577986336562
244,0.9982062884691251
245,1.0496689901716643
246,1.0292090528809537
247,1.0099985106101321
248,1.001398447913816
249,1.0355886350184724
250,1.0479113621251388
251,1.1253097162551908
252,1.7006074828331257
253,1.5068610715023882
254,1.2088609500448224
255,1.0097256767094824
