0,15.407973528717234,15.840652569219275
1,20.809870801655826,23.596329922248344
2,16.53570019007273,21.97657296906564
3,24.541911539629524,26.631436916164347
4,23.070270437858504,24.8533313880947
5,18.863721394110332,20.013749579978292
6,18.545798902162762,20.369920678070105
7,17.546077326447087,19.723891010593366
8,17.600551510591277,19.793954864238206
9,15.151035374941811,15.407973528717234
10,13.671764619102115,16.85429936876402
11,14.640025670004137,17.678290517034554
12,15.864391893881661,17.55983333387165
13,16.43406731939117,16.71275996909066
14,22.46965587752853,23.73771006149032
15,24.13820075667896,24.986280152113086
16,14.994730090818788,19.159040276069906
17,18.349153918410867,20.225088074807147
18,17.576146313747994,19.03496844975267
19,12.176162001783261,12.486194930462823
20,23.232163138309353,25.572436609643987
21,14.994730090818788,16.914823129311152
22,27.466298571030194,29.369123106832454
23,19.433698259554976,21.187465292942935
24,17.272480846591986,17.47639639267383
25,12.176162001783261,14.99458555859919
26,21.10618568250602,21.348566662265384
27,15.253847083033158,17.740135040526386
28,18.02913216404382,21.453271342094858
29,15.8012000520876,19.52830962542041
30,16.751361998683905,18.72591327489532
31,19.098578871105186,22.141209160685218
32,16.047640534019465,18.586727065736305
33,16.786870726467,17.12657012166535
34,25.644702495573178,26.12774523117141
35,20.941464198211932,21.280551005749075
36,21.10618568250602,24.99867963178804
37,23.05057502335571,25.589312942028066
38,20.865943498349424,21.17640003714521
39,21.70312406541624,23.60828121612423
40,18.831225169960224,20.45870775132397
41,22.678582762169487,24.12472037408498
42,21.104180757980036,22.526736455541364
43,19.37250613429726,20.223570888173832
44,18.103806945029806,22.455123828056475
45,15.88429911231175,18.057704381728335
46,21.79710169183869,22.011970733817183
47,12.5801461638338,16.098686057311767
48,14.46064294627887,15.51793972593868
49,20.358679606212295,20.460936714240525
50,21.068415697091694,22.459254520141094
51,14.422999287226338,15.167068679501325
52,8.46920981109358,12.316333646500356
53,15.52099445242873,16.592046786602843
54,21.701347414138407,28.130776480548466
55,21.23920929026217,22.547318214446133
56,17.620951748649826,19.49501653300578
57,21.17640003714521,21.68967427866007
58,14.960224388064155,16.72831486257344
59,21.031167585438126,21.789741475902463
60,16.318817550084443,16.963356538895876
61,14.297715260753224,18.991729299858516
62,19.5817507029385,21.134495362213336
63,14.297715260753224,15.51793972593868
64,16.786870726467,20.722218062989242
65,22.457560709247492,22.930266450067233
66,23.95467887589037,24.66387840438041
67,13.936768379319853,18.02913216404382
68,27.716873344538794,29.564764899133444
69,12.2608589419154,12.7844497093505
70,18.11115254570487,20.525715372720917
71,20.151438703110667,21.08897196268213
72,17.03805226192234,17.576146313747994
73,14.260456687380533,15.59406047852412
74,11.798495093249626,13.424149035245483
75,19.147016888837197,19.506717354218463
76,13.84487172131283,18.543114008972612
77,21.089272193094583,23.519583334888868
78,21.73058603233696,27.611347327490233
79,21.627037285858947,24.74114378094341
80,12.983887752302952,17.4208764222148
81,20.525715372720917,20.892592071041403
82,10.458025715512347,12.347133145200317
83,10.458025715512347,12.7844497093505
84,14.429431333985166,14.58951760783868
85,16.963356538895876,17.33053858634374
86,20.952244217197578,21.459306778373783
87,14.811905500560615,17.0232349088222
88,11.646598466503717,18.14239378154159
89,15.843920565797188,16.661516488043485
90,17.434503970810507,18.89749593290714
91,18.772023336697693,19.17200340869433
92,19.55003308552898,21.941187428288007
93,20.98081455402527,22.317760555745092
94,13.80920860096678,15.489630563899512
95,15.840652569219275,17.87567690347363
96,21.084342729781667,21.445141230907947
97,18.024716665349434,19.140119581392543
98,24.207169478703797,29.210692088242784
99,16.18508879984041,19.25124762809143
100,26.789353964132747,31.028357489883273
101,20.819758990211398,23.60828121612423
102,18.012251916723805,18.564541143365798
103,24.007521348594576,25.57487452304486
104,18.370635677461,22.90889714777237
105,23.645684316107523,23.762593074564883
106,12.316333646500356,14.041580583805079
107,22.678582762169487,26.57814874573338
108,16.84833179073429,18.240530889567044
109,14.644747624646012,15.272994134971219
110,21.447389881713686,24.598562431916477
111,15.56528965057735,19.55015870891127
112,13.424149035245483,14.720363232013003
113,19.23843546898086,19.349777117475977
114,13.671764619102115,15.185602002020396
115,23.283654119041113,24.94602075598758
116,20.42576492399087,26.263031332678135
117,27.556409683950655,28.066915012350336
118,17.524476041209542,17.76958029250713
119,17.47639639267383,21.11587426221615
120,20.59790178718476,21.075914877032556
121,11.798495093249626,12.2608589419154
122,18.349153918410867,21.445141230907947
123,16.18508879984041,16.751361998683905
124,18.33522881405591,18.9868668958059
125,17.91467720125342,18.501685331170204
126,22.25245641115022,22.32577150250908
127,17.7357857702406,19.55003308552898
128,19.3503191269008,19.47175260572686
129,26.93599276430568,27.213483584965317
130,18.378500937365942,18.73219599091384
131,17.600551510591277,22.52848250167337
132,20.683126535802778,22.52848250167337
133,13.80920860096678,14.998624149774638
134,25.314746984291162,25.95364371785668
135,14.58951760783868,15.741679923128602
136,24.99296338818959,25.52752391237061
137,22.157383842243583,23.519583334888868
138,19.37250613429726,19.438993904840057
139,21.031167585438126,22.02350316624994
140,15.106127471983609,20.2792869288813
141,19.15186066557339,19.629836782073458
142,16.80428382520433,17.863996271757948
143,22.425068665337015,22.659737663821456
144,17.364036904898054,19.492028161558032
145,21.38057737094494,22.02350316624994
146,24.207169478703797,25.830894898190046
147,13.669668925799877,16.668970627227772
148,23.31708594994032,24.668765088084537
149,30.240058568579684,30.62963360201747
150,15.864391893881661,17.67970664243499
151,21.23920929026217,22.111823422122068
152,16.72831486257344,17.78345526832681
153,13.669668925799877,17.0232349088222
154,25.499737081474326,28.298220939059043
155,11.646598466503717,16.232609017786324
156,12.983887752302952,16.311158779830212
157,21.38057737094494,25.898919295871842
158,14.323126835859485,15.438481611264725
159,15.59406047852412,18.490079860191504
160,25.108719698352886,26.458498767443583
161,18.952717912621644,26.537734454472663
162,17.04601945474106,17.69237877840808
163,19.42278001275642,19.438993904840057
164,27.136671360922033,29.76961680850901
165,22.671026008030008,22.69887236507762
166,16.318817550084443,19.487182452153874
167,23.303258666742277,24.45388111812276
168,35.37788785010145,35.49943899072922
169,14.3798674399777,17.12657012166535
170,16.947762647585126,18.605276805878685
171,19.81743008755055,20.43713167171035
172,14.429431333985166,16.008441283902915
173,8.46920981109358,14.57042251610477
174,17.35801767128548,18.978383346699218
175,14.3798674399777,14.422999287226338
176,19.872998889853534,24.32893660901527
177,12.486194930462823,14.260456687380533
178,18.701420644663948,20.447896177935583
179,19.47175260572686,20.223570888173832
180,22.284753579299476,26.637560722569212
181,17.70689047666025,18.486114535859304
182,19.433698259554976,22.38866412250184
183,13.885851520410249,14.720363232013003
184,19.537680991040904,19.793954864238206
185,18.14239378154159,18.515882851165703
186,21.701347414138407,23.835606148068283
187,15.599483299987249,20.477619814517
188,19.537680991040904,23.437885890848907
189,21.084342729781667,21.88612141147928
190,17.34996471094731,20.163025706424502
191,23.502973602659242,26.101701676724524
192,16.84833179073429,17.958870076524104
193,19.42278001275642,21.46150554810704
194,15.489630563899512,19.134557844733873
195,16.237834559268556,16.314634565965584
196,22.0105334816568,22.455123828056475
197,22.449752964896028,23.664976537389272
198,17.55983333387165,22.983484751843097
199,18.11496384707444,18.159793111796276
200,18.620645034092178,19.514292790741912
201,18.229735410797172,18.307206058780107
202,19.288702090707407,19.862994496424708
203,14.436890893545911,14.557312568795401
204,16.99023513024078,18.307206058780107
205,15.8012000520876,18.76639010527999
206,18.701420644663948,21.451049400022217
207,19.370791114199292,24.80769161007474
208,17.701354262474318,18.240530889567044
209,21.101563938339506,21.662911473819566
210,15.730633926836212,16.668970627227772
211,18.20539908073994,19.95475132095068
212,17.67970664243499,20.130149582239124
213,16.71275996909066,23.101050752648927
214,24.23142493306211,26.131494586272485
215,18.119132634965894,19.069824739872555
216,21.280551005749075,23.95887188230499
217,14.785836790082858,26.103946081323944
218,19.15186066557339,19.365464031730426
219,15.151035374941811,16.489698444999977
220,13.936768379319853,19.04679361191076
221,14.35137681126571,15.755140248316277
222,21.104180757980036,23.650289364828797
223,14.737348588643101,15.371026246228173
224,24.225144548015393,25.784110435921455
225,17.78345526832681,19.57109348350207
226,16.402420744024834,17.08672634739091
227,15.56528965057735,15.741679923128602
228,14.785836790082858,22.353398317017497
229,20.873322581343984,22.508619530830757
230,15.253847083033158,15.920165179330109
231,15.23008662594106,15.371026246228173
232,22.284753579299476,22.355323447418538
233,22.40009135089838,23.500688658832036
234,17.701354262474318,18.894495353424087
235,17.94954559975496,18.543114008972612
236,12.5801461638338,15.106127471983609
237,20.819758990211398,29.423725344984362
238,29.794620536078956,31.161865558704687
239,21.348566662265384,22.778529260069536
240,25.04927000707125,27.898213879802856
241,17.34996471094731,21.949522330201088
242,24.462425039074986,24.870529182122173
243,14.176192026532418,14.640025670004137
244,14.960224388064155,19.098578871105182
245,19.872998889853534,21.70312406541624
246,14.46064294627887,15.88429911231175
247,18.103806945029806,22.0105334816568
248,17.94954559975496,20.561252598975212
249,13.84487172131283,17.434503970810507
250,13.885851520410249,14.16323814541461
251,19.370996227056352,23.059005806557373
252,26.893604929556727,28.295517605298972
253,23.474235510887894,23.717246071915298
254,24.541911539629524,24.87723502147458
255,19.3503191269008,20.809870801655826
