0,1.6256852001749138
1,1.0089509008239301
2,1.139395109269357
3,0.960700194567156
4,1.0278901621482588
5,1.0234311404785126
6,1.0945195697619383
7,3.1802763484972223
8,1.0265999132426578
9,1.130820913518197
10,1.0520371847335361
11,0.9850923006808466
12,1.100562189153228
13,1.0108781353551142
14,1.0293162272115763
15,0.9813053666131921
16,1.2536768167770345
17,1.0069921747101853
18,1.4356268360348097
19,1.0415411180673777
20,1.6779345649058057
21,1.0337111169241393
22,1.0279996603511046
23,0.9925337944310678
24,0.9694055906352325
25,1.0050283940894253
26,1.5614256833051372
27,1.2775492928020604
28,1.0778240337305898
29,1.062279611364947
30,0.9872494625805217
31,1.4581385934534044
32,1.0257914057264597
33,0.9755282406585027
34,1.100327030570911
35,1.0619069133375632
36,1.1120698010968497
37,1.0051167284821603
38,1.8360964364017232
39,0.9768010073292508
40,1.0696564278125045
41,1.1202510754366521
42,0.9876087891061744
43,1.0025416838816745
44,1.1074870974541478
45,1.071353643037544
46,0.980033136750257
47,1.0207855318776142
48,0.9973168528489805
49,1.01537235933095
50,0.992077104370221
51,0.9897668313085823
52,1.0462935690058122
53,1.0380079329021015
54,1.1213990361026926
55,1.187596808410421
56,1.0234835144129142
57,1.1810817336603736
58,0.972671308866345
59,1.1905457671954778
60,1.2175489386011142
61,0.989149161698485
62,1.1222784404548083
63,1.1382191136210273
64,1.0085489294086276
65,0.9989109271193788
66,1.0411072321049368
67,1.0608939309941547
68,1.0228891296560518
69,1.0706168444831698
70,1.168770306478771
71,0.9657322179124965
72,1.0548099029438438
73,1.2914727693181165
74,0.9697952333049208
75,1.1534152879414012
76,1.0369095382481581
77,1.0074043108206447
78,1.0084025255705733
79,1.0595527552371553
80,1.0061726954683734
81,1.0166058701805532
82,0.9707842182557946
83,0.9974696301879513
84,1.0013728500563734
85,0.9904065793851402
86,1.2681240340534496
87,0.9868904727247815
88,0.9634684195311329
89,0.9844510976378977
90,0.9594130224805195
91,0.9763162635360232
92,1.4188137460074173
93,1.11817391398213
94,1.0402994584808867
95,1.0236811894480953
96,0.9884385162474826
97,1.037746250720046
98,1.0931760037898555
99,1.226903890260745
100,1.0004922089038777
101,1.0556520807629988
102,0.9641649643037391
103,0.982141763819891
104,0.9924626777571959
105,0.9957743469297249
106,1.100771265204413
107,1.318730329844716
108,1.0738677198695923
109,1.0104765815238193
110,0.976916652568152
111,1.265310783272353
112,1.1880356544002528
113,1.2945265148478207
114,1.142071879152583
115,0.9794645487575373
116,1.4659745261590946
117,1.42806153015733
118,0.9724603250486901
119,1.5943532550554085
120,1.051657866572755
121,0.9805468292272841
122,0.98269760783344
123,1.0602630634805421
124,1.0081629045343605
125,1.0384612412026388
126,0.9799273075587431
127,1.0247420896895463
128,1.0090250048948017
129,0.9862862376860075
130,1.040060370741569
131,0.9559464091451346
132,1.1563426138983188
133,1.0374681689468344
134,0.990214505082907
135,0.9517433095696147
136,1.2357833535075144
137,1.1901134623203409
138,1.2421528497906853
139,1.3743642955501667
140,1.2695852794498952
141,0.9555349579937709
142,1.1418687473707099
143,3.8328053262068265
144,0.972176665132643
145,1.0206583451793652
146,0.9955753727893217
147,1.0857507375004993
148,1.011675981850202
149,0.973726131811351
150,1.0684235589687407
151,1.0060972322318698
152,1.1143727210246372
153,1.0874099868086606
154,0.9715908617949359
155,0.9721129296479993
156,1.0178072964166045
157,1.195745033505561
158,1.0697110014261366
159,1.0181187915957524
160,0.9914996061835657
161,0.9897809175667948
162,0.977043538053937
163,1.010100236417312
164,1.0953911342910216
165,1.2925547556503214
166,1.1498483778179625
167,0.98802755152103
168,1.0243303218599202
169,0.994353744138299
170,1.023852682566621
171,0.9960624745887603
172,1.0014798530595561
173,1.1402308179313552
174,1.0018083652042853
175,0.9947286417531749
176,1.0074568084711217
177,1.1225861146552762
178,1.0082864981397224
179,0.9704580451174314
180,1.0509442330711098
181,0.9767992021356946
182,0.9710136946284994
183,1.0309405619166874
184,1.0371228464509001
185,1.0838851970164087
186,0.9626004860336281
187,0.9914488722064172
188,1.067392663384093
189,1.0173917371053234
190,1.0853452232476855
191,1.0025416838816745
192,1.0232276355240835
193,1.0469068995828759
194,0.9711670044147449
195,0.9760623587850326
196,1.0345788912964893
197,1.1261869083040053
198,1.0209835319790808
199,0.9710046857139776
200,0.9794352437602135
201,1.0589095203876637
202,1.002369231200383
203,0.9821090991578522
204,0.9691743013872471
205,0.997780728489787
206,1.0322081655217552
207,1.1128932246492313
208,1.263672194189296
209,0.9844336513463903
210,1.2329192333719559
211,0.9866791797323591
212,1.0209708013770757
213,1.043761369319537
214,1.2585894833813613
215,1.0846519530789642
216,1.0318101687897898
217,1.1101155539244725
218,1.045677919156482
219,1.015365988277468
220,1.056004962237802
221,0.9964688293109146
222,1.3181715157012972
223,1.0351125386806612
224,1.00572757306958
225,0.9961850932973911
226,0.9915454392485573
227,0.9987580657994317
228,1.1910678803315395
229,1.0618414026727683
230,2.007944906433308
231,1.246682490031629
232,1.1614196286947016
233,1.0199688990073934
234,1.0230549027095925
235,1.1564668638751083
236,1.2266365421636904
237,1.205021099783961
238,1.458662857049058
239,0.9994162752828378
240,0.9797783626186107
241,1.0119943299130596
242,0.9835970945535377
243,0.9831714694226734
244,0.9966448678556533
245,1.4254121951479641
246,0.9805690713889784
247,0.9767283921813097
248,1.0118098648462732
249,1.11992554780875
250,1.1322790955228008
251,0.972438901333898
252,1.0331993395616628
253,0.9925412296926923
254,1.0364510667237918
255,1.0252873918261343
256,0.9960194293237538
257,1.0195124245701015
258,1.1862425925161126
259,1.0783251336876212
260,1.0295469852012729
261,1.001725374627028
262,1.0296137462629285
263,1.0041932006795231
264,0.9768527394083983
265,0.9930615685664866
266,1.0587514156393756
267,1.1027982228370035
268,1.0720104772264902
269,1.9303024633572776
270,0.9840128751093058
271,1.1625701189570221
272,1.0281315301819767
273,1.1064032470696854
274,0.9870694026899414
275,1.141643658156973
276,0.9909771698553618
277,0.9997423007491747
278,1.0304309110679222
279,1.0376704937400616
280,1.0344002458997972
281,1.1463716816249034
282,1.0281510220723655
283,1.2662608021190667
284,1.0271650620766801
285,0.9707842182557946
286,1.3551959875345414
287,1.0274766412843697
288,1.0906589166401357
289,1.1069823697420984
290,1.0045860743504007
291,1.0783074965269455
292,1.5643746085741967
293,0.9667178749145477
294,1.0779340820292853
295,1.0243093523674824
296,1.0341693159685779
297,1.0247609730509382
298,0.9782513302594004
299,0.9948197030300171
300,1.0058343815250883
301,1.1823445921643692
302,1.0581721186156339
303,1.050578300710515
304,1.097727661125492
305,1.0454086035212042
306,1.0557070192065314
307,1.0084953245085815
308,0.9897571603797908
309,1.0193934755341532
310,1.3611891644905123
311,1.7958982524386589
312,1.171562459446056
313,1.002762734085533
314,1.2821827192884723
315,1.101459683340403
316,1.2358945067725795
317,1.142815479588497
318,1.0584130672872105
319,1.1881120858983625
320,1.0774664012511528
321,1.0010832804022063
322,0.9928201500969787
323,0.9689891892477269
324,0.9923614246850212
325,1.0854710520826272
326,0.9787085079056067
327,1.0120239785809462
328,1.0410951598754885
329,1.0413903177203658
330,1.298375767238192
331,0.9974554189671778
332,1.2354781799149896
333,1.133060514320972
334,1.0128102120023676
335,1.210948601225723
336,1.0400305674837687
337,1.0691979884433098
338,1.0197220894875667
339,1.1648548697899095
340,1.0181824880060266
341,1.1498011766706588
342,0.9862480863109988
343,0.9914807269996894
344,2.14628112329781
345,0.9934687871584347
346,1.7484307788915407
347,1.2773834439321687
348,0.9962022685340528
349,1.0600515486114486
350,1.0062492608330706
351,0.9870901731886215
352,1.0359012916199073
353,0.9864967068819611
354,1.0088442669796684
355,1.0208338025943378
356,1.0959781936890096
357,0.9838779198104717
358,1.0949306770581413
359,1.0161731966285457
360,1.0449598748735944
361,1.0657329604534334
362,1.0406310739452018
363,1.0002578473387786
364,1.794852351387103
365,1.1387035813048194
366,1.5695383884735024
367,0.9782099040183037
368,0.9802127080880496
369,1.0334079973563886
370,1.043514680042049
371,1.018633082447133
372,1.318192599676805
373,0.9831139293658617
374,1.0005408249220324
375,1.0454010881234688
376,1.0227142848471247
377,1.060457216835507
378,0.9769710020173706
379,1.230623621211531
380,1.027954028816666
381,1.8603206454494714
382,1.167463407353113
383,1.0698403818877662
384,1.3034711238765841
385,0.9797061670104632
386,1.3897742711347019
387,1.124195072806685
388,1.0588779850952976
389,1.0004095796967187
390,1.0095153429085677
391,1.1882752962510317
392,1.0139101772412742
393,1.4350345591859104
394,1.0241704319866543
395,1.2724103929076986
396,1.0676357457374546
397,1.047425884299083
398,0.9950725613917392
399,1.0391629438807601
400,1.0891269254510625
401,1.0059517885738596
402,0.9778807994384062
403,1.04282868265146
404,1.2652721045449562
405,1.0797235038634463
406,1.0982326737054464
407,1.098227157025401
408,1.0221923235903252
409,1.5296882597913548
410,0.9994394050325326
411,1.0788269582705574
412,1.1225822406682515
413,0.9769166525681521
414,1.014349871734431
415,1.0394953138936631
416,1.01797036253094
417,1.012832193359059
418,0.9748351501635981
419,0.9710753347657505
420,0.991245005142653
421,0.9680901656737378
422,1.0303653348226924
423,1.0162539448489882
424,0.9936722080581546
425,1.1246399260080144
426,1.0564760330735756
427,1.0756731039708711
428,1.0972454771024998
429,1.0158095278184212
430,1.0580594144368312
431,1.198237962035181
432,1.1334165400816865
433,1.0224255779411833
434,1.0544363489270694
435,1.0613804014994694
436,1.062302771525061
437,1.0504371377993202
438,1.118317861008043
439,1.0554616022267125
440,0.9982579267631528
441,1.0493188177553956
442,1.00929133141901
443,1.0862380049276597
444,3.5968720242137415
445,1.1001083758130212
446,1.9606150881632698
447,1.199398656921606
448,0.9885870209202061
449,1.0206044183146774
450,0.9978075535835029
451,1.0474867992008248
452,0.9707842182557944
453,1.171070494464477
454,0.9905756044030525
455,1.079677100786901
456,1.0820595574943312
457,1.0355565791711787
458,0.9680636543221275
459,1.0045992469291396
460,0.9919866643018145
461,1.1821831161919851
462,1.1040747969651221
463,1.0182215287177598
464,2.32268587131668
465,1.0351125386806614
466,1.2031533371145635
467,0.9678467047753609
468,1.0702243496028006
469,1.0244682170779749
470,0.9801144098320691
471,1.0733136590362244
472,1.039385583296772
473,1.1154588061338222
474,1.0126240922950416
475,1.0114436174960084
476,1.06920665237084
477,1.0461789939182546
478,1.0204922321665373
479,0.9850945173351557
480,1.0404383430419104
481,1.016568853469759
482,0.9883673022547705
483,1.322831170931557
484,0.9878756069902713
485,1.0030171720575278
486,1.0099517959443474
487,1.0684065228884703
488,1.0986705819205487
489,0.981745747797131
490,1.082833087016481
491,1.178893606556528
492,1.0322984446962216
493,1.143701104967332
494,1.0144430025151794
495,1.0064915290206327
496,1.0109553830247435
497,1.0403740539590443
498,1.2583902025857263
499,0.9958466895423093
500,1.119264872747942
501,1.2136020468629993
502,1.0043288673761879
503,1.0276767021210418
504,1.1207353847805446
505,1.05945138055453
506,1.0934048185348217
507,1.0209250479920817
508,1.0880175499174942
509,0.9769290834138753
510,0.954144104305406
511,1.0844535840839762
