0,386,140,111,341,436,441,404,145,449,52,334,366,474,176,410,189
1,149,458,440,331,163,216,200,205,124,373,218,253,337,266,74,83
2,197,258,6,281,382,432,41,138,469,127,389,263,95,437,439,56
3,467,154,251,418,91,186,509,155,62,510,129,88,22,68,247,94
4,399,39,161,120,329,10,239,387,172,19,130,103,93,215,455,83
5,23,178,261,185,194,248,343,417,67,450,80,493,342,204,63,447
6,432,41,197,2,263,258,281,437,389,382,484,469,470,250,243,224
7,143,26,139,37,301,443,121,447,482,452,265,82,481,179,90,78
8,433,148,257,475,352,109,370,277,505,221,69,413,110,506,162,502
9,249,453,44,304,153,500,427,107,384,406,106,286,365,142,317,18
10,120,329,430,455,4,399,98,361,360,39,288,307,219,376,416,161
11,175,264,58,24,71,118,203,363,180,459,115,402,195,135,390,192
12,132,271,70,57,180,363,266,112,115,218,402,337,333,216,24,173
13,342,343,484,194,242,437,368,46,204,263,33,250,243,470,450,23
14,125,375,392,374,303,177,442,164,66,454,488,147,294,492,144,282
15,179,285,82,452,265,481,105,174,61,78,345,486,37,199,482,84
16,302,483,472,53,335,259,362,233,279,491,327,81,503,119,463,295
17,496,456,358,51,72,426,422,64,48,275,300,223,252,208,465,188
18,245,286,107,384,453,311,9,249,269,304,500,44,153,344,427,106
19,130,173,333,387,83,337,253,164,161,103,298,294,4,399,218,266
20,346,332,381,114,237,500,150,31,490,405,142,427,304,328,153,54
21,388,128,297,338,390,152,407,380,459,241,315,62,340,201,391,468
22,509,191,251,155,247,43,36,207,313,3,467,186,225,244,510,154
23,5,261,194,178,343,248,185,450,417,80,342,204,67,354,13,493
24,115,402,363,118,11,203,135,175,373,205,71,264,180,195,58,131
25,485,56,439,95,494,127,469,442,499,224,374,454,389,392,300,187
26,139,301,121,37,482,90,447,383,265,199,420,226,293,452,82,174
27,157,393,504,312,325,113,255,235,166,497,256,361,455,104,134,209
28,45,417,29,248,354,67,178,63,185,261,80,40,450,493,396,425
29,45,354,28,75,417,80,248,305,450,261,339,178,425,400,185,204
30,448,211,479,160,486,87,78,489,443,122,481,84,324,171,276,357
31,404,405,328,52,140,156,189,20,150,449,410,254,490,332,321,114
32,182,123,88,510,461,412,232,291,186,91,487,267,418,401,129,425
33,46,368,242,243,484,470,367,342,353,13,204,263,378,181,343,144
34,289,400,471,339,305,75,429,507,367,137,492,29,488,33,462,353
35,184,48,282,300,64,422,499,66,93,215,51,159,392,294,25,374
36,207,411,191,79,22,313,43,229,509,251,193,77,244,225,247,155
37,265,452,82,179,482,15,174,285,121,481,199,61,105,90,78,486
38,227,222,381,100,419,277,148,326,109,8,475,433,413,110,240,169
39,161,239,4,172,329,399,120,103,10,298,83,209,274,455,255,130
40,396,397,320,63,493,383,212,67,226,420,293,90,102,185,403,301
41,432,6,437,263,281,197,250,2,258,484,13,382,283,470,243,368
42,322,274,134,209,104,460,256,146,497,172,239,103,298,190,255,83
43,313,191,244,225,198,247,369,22,47,509,155,278,36,207,251,510
44,304,153,427,249,9,500,106,406,453,142,365,317,508,506,505,384
45,28,29,354,417,248,80,178,261,450,67,185,63,75,425,305,40
46,33,368,242,243,484,470,342,13,367,204,263,343,353,194,378,181
47,198,369,225,244,43,278,336,158,435,313,247,55,267,349,191,268
48,51,422,64,35,300,159,496,184,456,17,282,499,202,72,223,465
49,414,167,96,421,423,284,76,348,434,50,326,318,169,308,100,419
50,348,169,419,326,421,96,167,385,227,323,240,49,100,423,414,308
51,496,422,17,48,456,64,300,72,358,426,35,223,159,465,252,202
52,449,189,410,334,436,474,321,156,145,404,405,328,176,441,140,296
53,472,233,362,327,279,302,81,259,463,503,295,309,16,97,335,491
54,217,237,222,114,196,229,490,273,287,108,231,330,268,150,278,332
55,336,395,158,267,498,435,59,99,232,236,47,316,461,210,372,84
56,95,494,469,127,25,485,224,439,389,442,454,187,374,126,499,181
57,70,112,132,137,501,12,289,391,319,339,471,271,34,462,180,94
58,264,175,11,71,192,459,394,133,306,203,195,118,340,390,24,128
59,267,232,461,55,395,372,336,316,498,158,99,412,403,32,345,123
60,445,220,408,457,355,234,151,434,480,76,318,276,262,357,414,49
61,174,105,345,199,102,285,265,82,482,15,179,452,293,90,403,226
62,315,407,467,3,152,251,468,154,509,201,22,241,193,418,91,186
63,67,40,493,396,320,185,397,383,178,212,28,447,417,226,420,293
64,300,422,48,35,499,51,282,456,485,25,72,17,496,66,184,426
65,478,74,270,141,200,458,97,495,331,163,170,85,131,149,89,440
66,282,392,499,374,93,215,294,375,14,125,35,184,300,442,25,64
67,185,63,493,178,40,396,320,417,28,248,397,383,5,447,261,23
68,94,129,401,154,91,88,418,467,186,319,3,391,501,510,182,291
69,370,505,352,506,508,257,317,433,8,365,148,475,109,406,106,502
70,57,112,132,137,12,289,501,471,462,271,34,339,147,391,488,319
71,203,195,264,118,175,11,58,351,246,24,135,192,394,89,133,131
72,426,456,275,17,358,496,422,51,64,300,439,208,485,127,25,48
73,314,283,310,250,281,437,41,382,432,258,6,13,5,197,23,343
74,141,65,200,131,478,135,458,85,373,89,440,270,149,205,331,163
75,339,29,400,305,34,289,137,45,354,487,425,80,28,291,450,417
76,434,318,284,414,49,423,262,480,167,96,220,421,326,348,457,100
77,350,296,79,411,321,207,36,193,254,287,229,299,468,156,290,201
78,486,481,30,479,211,15,179,452,448,82,84,285,443,160,265,87
79,411,77,207,36,229,350,296,287,193,191,313,22,43,468,254,321
80,450,354,261,248,204,417,178,194,305,343,29,342,23,45,28,5
81,295,362,327,279,233,309,259,463,53,472,272,371,503,495,190,97
82,452,179,15,265,285,174,105,481,37,61,78,345,199,482,486,102
83,298,253,103,146,172,239,130,161,460,124,19,1,274,39,163,149
84,479,211,486,122,78,30,171,160,481,489,15,448,285,179,87,99
85,89,131,424,246,141,377,74,135,428,270,473,351,195,65,203,118
86,466,491,117,214,473,335,347,428,377,503,302,424,351,85,270,379
87,160,448,489,324,30,276,211,479,357,122,171,151,486,443,78,84
88,91,418,186,510,182,129,154,401,32,68,94,155,3,247,467,123
89,85,131,246,424,141,135,377,195,351,74,203,118,428,473,270,71
90,420,482,293,226,121,199,102,174,212,397,61,383,265,105,345,37
91,418,186,154,88,510,129,3,467,182,155,68,401,247,251,94,509
92,136,228,113,230,119,235,166,312,483,259,190,279,157,295,393,362
93,215,294,184,387,66,282,35,164,392,499,375,125,14,374,399,300
94,68,129,401,88,154,91,418,501,319,391,186,467,3,510,291,182
95,56,494,469,127,485,25,224,389,439,442,454,187,374,126,499,181
96,167,421,348,49,50,414,169,326,423,308,419,284,323,385,76,100
97,270,495,463,478,503,65,371,272,327,170,141,74,85,233,200,377
98,288,430,361,360,455,307,10,219,416,120,329,376,255,399,4,183
99,498,395,84,171,236,122,55,477,158,489,479,211,336,316,210,435
100,326,227,423,419,50,348,169,284,96,414,167,49,421,385,76,318
101,280,176,290,359,299,213,441,474,145,241,334,201,338,438,380,350
102,199,293,226,420,90,61,212,482,174,345,403,105,121,265,397,285
103,298,83,253,172,239,146,161,460,274,39,130,209,124,19,322,42
104,134,256,209,42,274,497,322,255,325,172,146,460,239,103,504,39
105,61,345,174,285,15,265,82,179,199,452,102,482,403,481,316,90
106,365,406,317,142,427,508,153,506,44,505,304,69,500,370,352,249
107,286,384,18,245,453,249,9,304,500,44,153,311,427,106,406,269
108,273,268,349,196,231,278,330,369,198,435,47,222,165,244,225,313
109,475,148,277,257,221,433,413,110,8,162,352,398,370,240,502,385
110,413,162,240,221,277,398,385,109,475,323,148,502,169,419,257,50
111,386,341,436,441,145,0,140,474,334,176,449,52,366,280,101,410
112,57,70,137,501,289,339,132,34,75,471,391,319,12,94,401,400
113,312,235,166,157,393,136,27,92,504,228,497,190,325,256,104,255
114,237,217,54,332,490,150,287,222,381,254,229,328,38,346,196,405
115,402,24,363,205,373,118,135,11,216,203,440,175,180,71,264,266
116,366,347,379,431,214,438,356,117,86,386,341,306,133,213,111,394
117,86,335,491,214,466,347,302,473,428,503,116,377,379,424,431,351
118,203,135,24,71,11,195,175,402,246,115,264,131,363,89,373,58
119,483,92,228,136,259,16,230,279,362,472,53,81,295,233,327,302
120,329,10,455,4,399,39,430,161,98,361,239,255,360,288,172,307
121,482,90,199,420,293,226,102,174,37,265,383,61,397,82,212,452
122,171,489,160,324,211,479,87,30,84,448,357,477,276,486,78,151
123,412,291,487,425,32,461,232,182,401,88,129,267,510,59,91,94
124,163,331,170,458,149,460,146,1,200,253,298,83,478,371,495,103
125,375,14,392,374,164,177,303,294,66,147,488,442,454,462,492,282
126,181,144,378,187,353,454,470,224,389,243,367,507,442,492,33,368
127,439,469,95,56,485,25,494,389,224,442,454,187,275,197,499,2
128,388,390,297,21,459,380,152,338,340,407,58,241,180,264,175,192
129,68,94,401,88,91,154,418,186,510,467,182,3,32,155,291,123
130,19,173,333,83,253,337,298,103,387,161,218,266,4,239,164,399
131,89,85,141,246,135,424,74,118,203,195,377,351,373,65,270,71
132,12,57,180,70,112,363,271,501,391,319,297,115,390,137,24,402
133,306,394,192,356,340,58,264,71,431,438,380,195,175,351,459,379
134,104,209,256,42,274,322,497,146,172,460,255,325,239,103,39,298
135,118,131,203,89,373,141,246,24,402,74,85,115,205,195,71,424
136,228,92,235,166,113,190,312,259,295,279,119,81,309,362,497,157
137,112,339,289,75,57,70,34,501,487,400,471,291,401,94,29,305
138,258,382,2,208,197,281,275,6,432,127,41,426,469,439,238,72
139,26,301,447,121,383,90,482,320,37,420,397,396,226,293,493,199
140,404,436,0,52,449,111,334,386,145,189,31,341,474,410,441,405
141,74,131,85,89,65,135,478,200,270,373,246,424,440,458,205,118
142,106,508,427,506,365,317,153,406,505,304,44,500,69,352,370,8
143,7,26,139,443,37,464,301,121,447,452,481,265,82,482,78,179
144,378,126,181,353,187,470,507,367,454,492,243,429,224,303,33,389
145,474,334,441,176,436,449,410,280,341,101,52,189,290,321,299,111
146,460,274,322,298,42,103,83,172,253,124,209,134,239,104,256,170
147,462,488,177,303,492,471,507,429,125,14,375,289,34,144,353,164
148,475,109,433,8,257,277,352,221,413,110,370,162,398,502,240,505
149,458,331,1,200,163,440,124,74,205,373,216,65,478,170,141,253
150,490,254,287,328,114,156,405,237,217,54,229,332,296,321,77,189
151,357,276,355,408,234,324,87,457,489,445,206,160,220,451,448,122
152,407,21,62,388,391,297,319,128,315,390,338,467,3,241,68,501
153,427,304,44,106,500,142,406,249,365,9,317,508,453,506,505,69
154,418,91,467,186,3,129,88,510,68,251,155,94,509,401,247,182
155,247,509,510,186,251,418,91,22,154,3,191,88,467,182,43,225
156,328,254,189,321,405,410,296,150,490,287,52,77,449,350,334,79
157,312,504,27,235,166,325,113,497,393,255,256,104,134,209,42,190
158,336,435,55,395,498,267,99,236,47,59,369,210,349,198,477,268
159,202,260,183,376,48,223,465,168,35,184,51,416,252,219,422,415
160,87,211,489,479,448,30,122,324,171,276,486,357,78,84,443,481
161,39,239,172,4,103,399,83,298,329,120,130,19,253,209,274,146
162,110,413,240,398,385,221,277,323,109,169,502,475,419,148,50,348
163,331,458,149,200,124,170,1,478,65,440,74,495,371,141,253,373
164,294,375,125,14,215,387,177,93,392,66,147,374,173,303,19,462
165,210,330,451,262,206,236,231,480,477,318,457,349,284,434,423,234
166,235,312,497,157,190,113,136,228,504,104,256,134,42,325,322,27
167,96,421,49,348,414,50,169,326,423,308,284,323,419,76,385,100
168,465,223,252,476,260,415,202,183,188,159,511,496,51,48,17,416
169,50,348,385,419,326,421,323,240,96,167,227,162,308,110,413,100
170,163,124,371,331,495,478,272,458,200,65,149,97,460,1,270,74
171,122,489,324,160,211,479,477,87,84,30,357,448,276,99,486,151
172,239,103,161,39,274,298,209,83,146,134,253,104,42,460,256,322
173,333,337,266,218,271,19,130,164,216,12,177,462,387,294,253,147
174,61,105,265,199,285,82,345,482,452,15,179,102,90,37,293,121
175,11,264,58,71,203,118,24,459,363,180,195,115,402,192,135,390
176,474,145,441,280,101,334,290,299,449,436,359,410,321,341,189,52
177,147,488,462,303,492,125,14,375,507,471,429,164,144,353,378,392
178,248,417,185,261,67,23,5,354,450,80,28,63,45,194,493,343
179,452,82,15,285,265,481,174,105,78,37,61,486,345,199,482,84
180,363,132,11,175,459,24,12,390,115,297,264,402,58,128,118,388
181,126,378,144,353,470,187,243,367,224,454,389,33,368,507,46,484
182,32,510,88,186,91,418,123,247,155,129,401,154,461,412,291,232
183,260,202,159,415,465,168,416,223,219,376,307,252,476,511,360,48
184,35,93,282,215,66,48,300,64,499,294,159,387,422,376,392,51
185,67,178,63,493,417,248,5,261,23,396,40,320,28,447,383,397
186,418,91,510,154,88,155,247,182,3,467,129,509,251,68,32,401
187,224,126,454,389,181,144,378,442,494,353,56,95,470,469,243,263
188,476,252,168,465,223,415,496,260,511,358,17,202,51,183,456,159
189,410,52,449,321,156,334,328,474,405,296,254,436,145,176,350,77
190,309,295,166,235,497,322,42,272,81,228,371,460,279,134,104,274
191,43,313,22,509,36,207,247,244,225,155,251,198,369,47,278,510
192,394,133,306,340,356,58,264,71,380,459,175,195,438,11,431,351
193,468,201,315,241,350,359,299,207,36,62,79,77,22,290,411,338
194,343,342,204,23,450,13,261,80,5,248,242,178,354,417,46,368
195,351,71,246,203,118,424,89,131,264,135,85,175,11,58,428,377
196,278,108,273,268,349,369,231,198,229,313,330,244,43,225,47,54
197,2,258,6,432,281,382,41,469,389,138,263,127,437,95,56,224
198,369,244,225,47,43,278,313,191,247,196,435,268,158,336,155,349
199,102,482,174,90,61,293,420,226,265,105,121,345,82,285,212,452
200,458,331,149,163,74,65,478,440,1,141,170,373,124,205,216,270
201,468,241,193,315,359,338,299,62,290,407,350,21,77,152,22,207
202,260,159,183,465,223,168,415,252,376,476,416,48,219,51,307,496
203,118,71,195,135,246,11,24,175,264,131,351,89,402,58,115,424
204,342,450,194,343,80,242,261,13,46,354,248,33,368,305,23,417
205,373,440,216,402,115,135,24,149,1,74,363,200,458,141,218,266
206,451,477,234,457,355,408,210,151,324,480,357,262,220,171,236,489
207,36,411,191,79,22,313,43,229,509,251,193,77,244,225,247,155
208,275,138,426,292,72,358,456,17,258,2,439,127,197,496,382,469
209,134,104,274,256,42,322,172,146,497,239,460,255,103,325,39,298
210,236,477,206,451,165,171,99,498,435,122,324,234,457,355,408,489
211,479,30,160,448,489,486,87,122,78,84,171,481,324,443,276,357
212,293,226,420,102,403,397,90,199,40,61,482,383,345,396,372,174
213,438,380,101,340,280,338,359,306,290,192,394,133,241,299,356,176
214,347,86,473,428,379,431,466,117,377,351,356,424,491,116,195,246
215,93,294,387,66,184,164,282,35,375,392,125,14,499,374,399,19
216,205,440,218,266,373,337,1,402,115,149,458,200,333,363,271,24
217,54,237,114,222,287,490,229,196,150,273,108,231,254,278,268,330
218,266,337,216,333,271,173,1,205,440,373,115,149,12,402,130,19
219,307,416,360,376,430,288,183,98,202,159,10,260,361,120,415,329
220,457,480,408,234,355,262,445,434,318,60,76,151,451,206,357,284
221,413,110,398,162,109,502,277,475,240,148,257,385,323,352,433,370
222,54,330,231,38,217,273,237,108,268,196,381,349,114,165,100,227
223,465,168,252,260,476,202,415,159,183,188,496,51,48,511,17,422
224,389,187,454,494,95,56,442,469,126,181,144,127,378,25,485,470
225,244,198,47,43,369,313,247,191,278,155,509,22,510,336,196,251
226,293,420,90,102,212,199,397,482,121,383,61,174,403,320,396,40
227,419,326,100,50,169,348,385,423,240,96,421,167,162,110,323,413
228,136,166,235,190,92,259,295,279,81,113,309,312,362,119,497,327
229,411,79,287,207,36,196,217,313,278,54,77,43,191,108,490,254
230,92,119,136,228,113,483,235,166,312,259,393,279,157,190,362,295
231,330,273,268,349,108,165,196,222,278,210,435,236,369,54,100,451
232,461,59,412,267,123,32,425,372,55,316,291,182,395,336,487,403
233,327,53,362,472,81,463,279,295,259,503,309,302,272,97,371,495
234,355,408,457,151,220,206,357,451,480,276,324,445,262,477,87,489
235,166,312,497,157,113,190,136,228,504,104,256,134,42,325,322,27
236,210,477,498,99,206,451,171,435,122,395,165,158,324,489,234,84
237,114,54,217,332,222,490,150,381,287,38,229,254,196,273,231,108
238,409,364,310,314,382,73,281,138,258,464,2,283,197,432,41,250
239,172,161,39,103,298,83,274,209,146,4,253,134,104,42,256,460
240,385,162,110,413,323,398,169,221,277,419,50,348,109,308,502,227
241,201,338,468,315,193,359,21,407,62,299,290,380,152,388,128,101
242,46,33,368,342,204,484,243,13,343,470,194,367,263,450,305,80
243,470,368,33,484,46,263,242,181,353,378,367,13,126,144,342,204
244,225,198,47,43,369,313,247,191,278,155,509,22,510,336,196,251
245,18,286,384,107,453,311,249,9,500,269,304,44,153,427,344,106
246,89,424,195,131,85,351,203,135,118,377,71,428,141,473,74,24
247,155,509,510,186,251,225,244,191,43,22,418,91,182,154,88,3
248,417,261,178,354,80,450,185,23,28,5,67,45,194,204,29,343
249,9,453,304,44,500,153,427,384,107,106,406,286,142,365,317,245
250,437,283,13,41,343,432,194,342,73,263,484,23,5,314,368,204
251,509,3,22,155,467,247,154,186,418,91,191,510,62,88,43,315
252,476,168,465,223,188,415,260,202,183,496,511,159,51,17,48,358
253,83,298,103,146,124,1,130,172,460,239,163,19,149,331,161,337
254,287,156,490,150,328,296,321,77,405,229,79,189,411,350,217,114
255,325,256,455,504,104,134,209,497,329,274,39,172,120,42,239,361
256,104,134,209,497,274,42,255,325,322,172,239,504,146,460,39,103
257,352,475,433,370,148,8,109,221,277,69,505,502,413,110,398,162
258,2,197,382,281,6,432,41,138,469,437,263,127,389,73,250,95
259,279,362,81,472,295,233,53,327,309,463,228,483,190,302,16,272
260,202,465,223,168,183,415,159,252,476,511,416,376,188,48,51,219
261,248,450,80,178,417,354,23,194,5,204,185,343,342,67,28,45
262,480,318,434,457,220,76,284,451,234,206,408,355,423,414,49,445
263,484,243,470,368,437,13,41,46,33,432,6,242,181,342,250,378
264,58,175,11,71,203,118,459,195,192,24,394,133,306,363,180,351
265,82,452,174,179,285,15,61,105,37,199,482,345,481,102,121,90
266,218,337,216,333,271,173,205,1,440,12,373,115,402,149,363,130
267,59,55,336,232,395,461,158,498,32,435,99,372,412,47,316,182
268,349,108,273,231,196,278,330,369,435,198,47,165,158,210,244,225
269,311,344,18,245,286,107,384,453,9,249,304,500,44,153,427,106
270,65,97,478,141,85,74,495,89,131,377,424,503,200,463,371,170
271,266,12,333,218,173,337,132,216,70,57,462,363,147,115,177,205
272,371,495,309,170,463,97,327,295,81,478,124,65,163,233,270,331
273,108,268,349,231,196,330,278,369,222,165,435,198,47,54,210,158
274,209,42,134,322,104,146,460,256,172,239,103,497,298,83,39,253
275,426,72,208,456,439,358,127,17,485,138,469,25,422,496,95,56
276,357,151,87,324,160,448,489,355,408,234,30,122,211,479,171,443
277,109,413,110,475,148,221,162,240,257,398,433,8,385,502,352,323
278,196,369,108,198,268,273,313,244,225,47,349,43,231,191,229,435
279,362,259,81,295,233,472,53,327,309,463,272,302,190,503,371,228
280,101,176,290,359,299,441,474,145,213,334,201,241,350,338,410,321
281,382,258,2,197,432,41,6,73,314,437,250,138,283,263,310,484
282,66,499,35,392,300,184,64,374,93,215,25,294,422,485,375,14
283,250,73,314,437,5,23,41,13,343,194,310,432,342,281,263,484
284,423,76,414,318,434,49,262,167,96,480,326,100,421,348,50,220
285,15,179,82,452,105,265,174,61,345,481,78,199,37,486,482,102
286,107,384,18,245,453,249,9,304,500,311,44,153,427,269,106,406
287,490,254,150,229,217,411,79,77,54,296,156,114,328,237,350,321
288,98,360,430,307,219,361,416,10,455,120,376,329,183,202,399,159
289,34,339,471,400,137,75,305,429,112,507,492,70,367,462,488,29
290,299,359,280,101,176,350,201,193,241,468,474,321,296,77,145,338
291,487,123,425,412,401,32,461,182,88,232,129,94,68,75,91,510
292,208,358,275,138,426,72,17,456,496,188,51,258,2,382,439,422
293,226,420,102,90,212,199,482,397,121,61,174,383,403,345,105,265
294,215,164,93,387,66,375,125,14,392,282,184,374,499,35,19,177
295,81,309,279,362,327,259,233,463,272,190,371,53,472,495,97,503
296,77,350,321,254,79,156,411,410,287,189,299,290,193,229,328,207
297,390,128,388,459,21,152,407,180,380,338,391,319,58,340,175,264
298,83,103,253,146,172,239,460,161,124,130,274,1,39,19,322,209
299,290,359,280,101,350,201,193,468,241,176,77,296,321,474,338,410
300,64,422,499,48,35,282,51,25,485,456,66,72,184,439,17,496
301,447,139,383,320,493,396,26,397,121,90,420,226,293,40,482,63
302,335,53,472,491,503,233,16,466,327,362,463,279,81,86,259,97
303,488,492,177,147,507,429,462,144,14,125,353,378,471,375,126,367
304,44,153,500,249,427,9,453,106,142,406,365,317,508,506,384,107
305,400,80,354,204,450,34,29,75,242,339,367,46,33,261,248,342
306,133,394,192,356,340,58,431,438,264,380,71,379,459,175,195,351
307,219,416,360,430,288,376,98,183,10,202,159,260,361,120,329,455
308,323,421,167,96,348,385,169,50,240,398,49,162,414,419,110,413
309,295,272,81,371,327,463,190,362,279,495,233,259,170,97,53,472
310,314,73,283,238,281,409,382,250,41,437,432,364,258,2,464,197
311,269,344,18,245,286,107,384,453,249,9,500,304,44,153,427,106
312,157,235,166,113,504,27,497,393,325,136,256,190,228,104,255,134
313,43,191,244,225,198,369,278,36,207,22,47,247,509,155,196,251
314,73,310,283,250,281,382,437,41,432,238,258,6,5,13,197,2
315,62,468,407,201,193,241,467,3,251,152,22,338,509,154,21,207
316,403,372,345,105,61,102,212,174,285,199,293,15,226,420,265,82
317,365,406,106,508,506,69,142,505,427,370,153,352,44,257,433,8
318,434,76,284,262,480,414,423,220,49,457,167,96,234,408,355,421
319,391,501,68,94,152,407,129,401,154,467,3,62,91,418,88,297
320,396,383,397,493,40,63,301,420,226,447,293,212,67,90,121,102
321,296,410,189,156,350,77,254,449,334,474,52,290,299,328,176,79
322,42,274,460,134,209,146,104,256,497,172,103,298,239,124,190,83
323,385,240,308,169,398,162,348,50,421,110,413,96,167,419,221,502
324,489,357,87,122,160,171,276,151,448,211,479,477,30,355,234,408
325,255,504,256,104,497,134,209,455,157,274,42,27,322,172,329,361
326,50,419,100,227,348,169,423,96,167,421,49,414,385,284,240,323
327,233,463,81,362,53,295,472,279,309,503,272,371,97,259,495,302
328,405,156,254,150,490,189,287,321,410,296,52,114,77,449,404,237
329,120,10,455,4,39,399,430,161,239,361,98,255,172,288,360,307
330,231,273,349,165,268,108,222,210,196,100,236,38,435,278,262,451
331,163,458,149,200,124,1,170,478,440,65,74,141,373,205,495,216
332,114,237,381,346,20,54,217,150,490,222,38,287,328,254,405,142
333,173,337,266,218,271,130,19,216,12,164,1,253,83,205,440,462
334,474,449,145,436,410,176,52,189,441,321,280,290,101,299,156,341
335,491,302,466,117,86,503,53,16,472,233,327,463,214,362,473,97
336,55,158,395,435,267,498,59,47,99,236,369,198,232,210,225,244
337,218,266,333,173,216,271,1,130,440,205,19,253,149,373,12,115
338,241,21,380,201,388,128,315,407,468,152,359,297,62,390,193,340
339,75,289,34,137,400,305,29,45,471,112,487,354,291,425,80,28
340,380,192,394,306,133,213,128,459,58,356,438,388,21,338,390,264
341,111,441,145,386,436,176,474,334,101,280,449,213,52,410,438,290
342,343,204,194,13,242,46,368,450,484,33,80,261,23,437,243,248
343,194,342,204,13,23,450,261,242,80,5,248,46,368,437,484,250
344,269,311,18,245,286,107,384,453,249,9,500,304,44,153,427,106
345,105,61,174,285,102,199,403,15,265,316,82,179,452,482,293,226
346,20,332,381,500,237,114,142,427,506,153,508,304,106,38,505,44
347,214,379,431,86,356,428,473,116,351,117,377,306,133,466,394,424
348,50,169,421,96,167,326,419,385,49,323,227,414,423,240,308,100
349,268,273,108,231,330,278,435,196,369,165,158,210,236,198,47,336
350,77,296,79,321,193,299,411,290,468,359,201,207,36,254,410,287
351,195,246,424,428,71,89,203,377,473,85,131,118,135,264,58,133
352,370,257,433,8,69,475,148,505,109,221,277,502,506,508,413,110
353,378,144,181,367,126,470,507,243,429,33,492,46,187,368,242,484
354,80,450,248,417,261,29,45,178,28,204,305,194,185,23,343,67
355,234,408,457,151,357,220,206,451,276,324,480,445,262,477,87,489
356,306,133,394,431,192,379,438,340,58,351,71,264,195,213,380,347
357,276,151,324,87,355,489,408,234,160,448,122,171,30,211,479,457
358,17,456,496,72,426,51,275,422,208,64,48,300,188,292,252,439
359,299,290,280,201,101,241,193,468,350,338,176,213,77,315,296,474
360,307,288,219,430,416,98,376,10,361,183,120,455,329,202,159,260
361,98,455,288,430,10,360,120,329,255,307,219,325,416,39,504,376
362,279,81,233,472,53,259,327,295,463,309,503,302,272,371,97,495
363,115,24,402,180,11,175,118,205,373,203,135,264,12,132,216,71
364,409,464,238,310,314,73,382,281,283,143,138,7,258,250,2,432
365,317,406,106,508,506,142,69,505,427,153,44,370,352,304,257,8
366,116,386,111,341,379,431,347,438,441,214,0,356,213,145,101,176
367,353,429,33,507,378,46,243,144,470,368,242,181,492,126,400,484
368,46,33,243,484,242,470,13,263,342,367,204,353,343,181,378,194
369,198,47,244,225,278,43,313,268,196,349,108,435,158,273,336,191
370,352,257,69,433,8,505,475,148,109,221,502,277,506,508,413,110
371,272,495,170,309,463,97,478,327,65,124,163,295,270,81,331,200
372,403,316,212,345,102,61,293,226,59,105,420,199,174,232,40,397
373,205,440,402,115,135,216,74,24,141,149,200,118,458,363,1,131
374,392,442,14,454,125,375,66,499,494,25,282,56,224,95,485,187
375,125,14,392,164,374,177,294,303,66,147,488,442,454,282,215,462
376,416,219,307,159,202,183,360,430,184,260,10,35,48,399,288,120
377,473,428,424,85,89,246,351,131,195,270,141,466,135,74,203,65
378,353,144,181,126,470,367,243,187,507,33,429,492,368,46,454,224
379,431,356,347,438,306,214,133,394,192,116,340,351,213,428,473,195
380,340,338,21,128,388,213,459,390,192,241,297,394,306,133,438,58
381,38,332,237,222,346,8,114,433,148,506,505,54,475,277,508,109
382,281,258,2,197,432,138,41,6,73,314,437,310,250,283,263,238
383,320,397,396,493,420,301,226,40,90,293,121,447,212,482,63,102
384,107,286,245,18,453,249,9,500,304,44,153,427,311,106,142,406
385,240,169,323,162,50,419,110,413,348,398,421,308,326,221,227,277
386,111,341,0,441,366,436,145,140,474,334,176,449,52,101,280,116
387,215,93,294,164,399,19,4,130,184,66,375,282,125,161,173,35
388,128,21,297,390,459,152,338,380,407,340,241,58,62,315,391,319
389,224,187,469,494,95,56,454,126,181,442,127,144,470,378,6,263
390,297,128,388,459,21,152,180,380,58,407,338,175,340,264,11,391
391,319,501,68,94,152,407,129,401,467,154,62,3,91,297,418,112
392,374,14,66,125,375,442,499,282,454,25,494,294,485,56,164,224
393,27,157,113,312,504,235,166,325,255,497,256,136,361,92,104,455
394,192,133,306,356,340,58,264,71,380,175,459,431,438,195,351,11
395,498,55,336,158,99,435,267,59,236,316,84,210,171,477,232,122
396,320,397,40,493,383,63,420,226,212,67,293,301,447,90,121,185
397,383,396,320,40,420,226,293,212,90,493,102,63,121,199,482,301
398,162,221,110,413,240,502,323,385,277,109,475,308,169,148,257,50
399,4,120,39,161,329,387,10,93,239,215,19,130,172,376,184,294
400,305,34,289,339,75,429,367,471,29,80,354,242,204,507,33,450
401,129,94,68,88,91,291,418,487,154,182,123,186,32,510,501,467
402,115,24,363,205,373,135,118,440,216,203,11,175,180,131,71,74
403,212,316,372,102,345,61,293,226,199,105,420,174,90,482,397,285
404,31,52,405,140,189,328,449,156,410,436,334,321,474,254,145,150
405,328,156,150,189,254,490,52,404,410,321,31,287,449,296,114,334
406,365,106,317,427,142,153,508,506,44,69,505,304,370,352,500,249
407,152,62,315,21,467,319,391,3,388,241,338,297,128,468,154,201
408,355,234,457,151,220,357,206,451,276,445,480,324,262,477,87,489
409,238,364,310,314,382,73,281,138,464,258,2,283,197,432,41,250
410,189,321,449,334,52,474,156,145,296,436,176,350,328,254,290,77
411,79,207,36,229,77,350,313,191,287,296,22,43,193,196,278,254
412,425,123,461,291,232,487,32,59,182,267,372,401,88,45,28,29
413,110,162,240,221,277,398,109,385,475,323,148,502,169,419,257,50
414,49,284,76,423,167,96,421,434,318,348,326,50,169,100,419,262
415,168,476,511,260,465,252,223,183,202,188,159,416,219,496,307,376
416,219,307,360,376,183,430,288,202,159,98,260,10,415,465,223,168
417,248,178,261,354,80,28,185,450,45,67,23,29,5,63,194,204
418,91,186,154,88,510,129,3,467,155,182,251,68,247,509,401,94
419,227,169,50,326,348,385,100,240,421,96,323,167,162,110,413,423
420,226,293,90,102,212,199,482,397,121,383,61,174,403,320,396,40
421,96,167,348,50,49,169,414,308,323,326,385,419,423,284,240,76
422,64,300,51,48,456,17,496,72,35,499,426,282,485,25,358,439
423,284,414,49,326,76,100,96,167,318,434,348,50,421,227,419,169
424,377,85,246,89,428,473,351,131,195,141,135,203,118,71,270,74
425,412,291,123,487,461,232,32,45,29,28,75,59,401,182,372,267
426,72,275,456,358,17,496,422,208,51,439,64,300,127,485,25,48
427,153,304,44,106,142,500,406,365,317,249,508,506,9,453,505,69
428,473,377,424,351,246,85,89,195,131,214,466,71,203,270,141,86
429,507,492,367,471,353,378,303,144,34,488,400,33,181,126,289,147
430,98,360,288,10,307,219,416,361,120,455,329,376,399,4,183,39
431,379,356,438,306,347,133,394,192,214,340,213,351,116,58,195,428
432,41,6,197,437,281,263,2,258,250,382,484,13,470,283,243,368
433,8,148,257,475,352,109,370,277,505,221,69,413,110,162,506,502
434,318,76,284,480,262,414,220,49,423,457,167,96,421,445,234,408
435,158,336,395,55,498,236,349,210,99,47,369,267,268,198,477,59
436,334,449,145,474,52,441,410,176,341,189,111,140,321,280,101,290
437,250,13,41,263,432,484,342,343,283,194,368,6,46,242,243,33
438,213,356,431,340,306,379,133,394,192,380,101,280,338,58,359,441
439,127,485,25,95,56,469,494,389,224,275,442,499,454,426,72,187
440,205,373,216,149,1,458,200,74,331,402,115,141,163,135,218,266
441,145,176,474,341,334,436,280,101,449,111,290,410,299,52,359,213
442,454,494,374,224,56,187,95,25,392,389,485,126,469,144,14,181
443,448,30,486,78,481,479,211,87,160,276,489,179,452,15,82,37
444,308,502,398,323,221,421,167,162,96,385,240,370,110,413,60,49
445,60,220,408,355,234,151,457,276,357,480,434,262,318,76,324,206
446,511,288,360,98,415,219,307,416,183,361,430,260,476,168,202,465
447,301,493,383,320,139,396,397,63,67,40,26,185,121,90,420,226
448,30,160,87,211,479,489,486,443,78,276,324,122,357,481,171,84
449,334,52,410,436,474,189,145,321,176,441,156,296,280,290,328,405
450,80,261,354,248,204,194,417,178,343,342,23,305,5,29,242,45
451,206,457,234,477,355,408,480,262,210,151,220,324,357,236,171,165
452,82,179,15,265,285,481,174,37,105,61,78,486,199,482,345,102
453,249,9,304,384,107,44,500,286,153,427,245,18,106,406,142,365
454,442,187,224,494,126,389,56,95,374,144,181,378,469,25,392,353
455,361,329,120,10,98,255,430,325,288,39,360,4,399,256,161,239
456,17,72,426,496,358,51,422,275,64,300,48,439,485,208,25,127
457,234,408,355,220,480,451,262,206,151,445,357,318,434,276,324,76
458,149,200,331,163,1,440,74,478,124,65,170,373,141,205,216,495
459,390,128,297,388,58,264,175,21,11,180,340,380,192,394,152,133
460,146,322,274,42,124,298,209,103,134,83,253,104,172,170,239,163
461,232,412,59,123,267,425,32,372,291,487,182,55,316,336,395,403
462,147,488,177,471,303,492,507,429,289,125,34,14,375,70,367,353
463,327,233,97,503,495,272,81,371,309,362,53,295,472,270,279,478
464,364,143,310,409,238,7,314,73,283,26,139,382,447,281,301,250
465,223,168,252,260,476,202,415,183,159,188,496,51,511,48,17,422
466,491,86,503,473,377,335,428,302,214,117,270,424,97,85,463,89
467,3,154,251,418,91,186,509,62,155,129,68,510,88,22,247,94
468,193,201,315,241,62,359,299,350,338,22,207,36,407,290,251,79
469,95,56,127,494,389,439,224,485,25,187,454,442,6,197,2,126
470,243,368,484,181,33,263,46,378,353,126,144,242,367,187,13,389
471,34,289,429,492,507,488,462,147,400,303,367,177,339,305,353,137
472,53,233,362,279,327,259,81,302,463,295,503,16,309,335,97,491
473,428,377,424,351,85,246,89,466,195,131,214,86,270,141,203,71
474,145,334,176,449,441,436,410,280,52,189,101,321,290,299,341,359
475,109,148,257,277,433,8,221,352,413,110,370,162,398,502,240,385
476,252,168,465,415,188,223,260,511,202,183,496,159,51,17,358,48
477,206,171,451,236,210,324,122,489,357,234,355,408,151,160,87,457
478,65,270,200,74,495,170,141,97,458,331,163,149,371,85,131,272
479,211,30,160,448,486,489,87,122,78,84,171,481,324,443,276,357
480,262,220,318,457,434,76,234,408,355,451,284,206,445,414,423,151
481,78,486,179,15,452,82,285,30,479,265,211,84,443,37,448,105
482,199,90,121,174,102,420,265,293,226,61,37,105,82,452,285,179
483,119,16,259,472,279,362,53,233,302,228,81,295,136,327,92,335
484,368,263,243,46,470,13,33,242,342,437,343,204,181,194,367,353
485,25,439,127,56,95,494,469,499,442,224,389,454,374,300,64,187
486,78,481,30,479,211,448,160,84,15,443,179,452,82,285,87,489
487,291,123,425,412,401,32,461,182,232,88,129,94,75,68,29,339
488,147,177,462,303,492,471,507,429,14,125,375,144,353,367,378,34
489,122,160,324,171,87,211,479,448,30,357,276,84,151,477,486,78
490,150,287,254,114,217,328,237,54,156,229,405,296,332,411,77,79
491,466,335,86,302,503,117,473,53,377,214,428,472,97,233,463,270
492,507,429,303,488,353,471,367,144,378,147,177,462,126,181,34,400
493,320,396,63,40,383,67,397,447,185,301,420,226,293,212,90,178
494,56,95,224,442,469,454,389,25,485,127,187,439,374,126,181,392
495,371,272,97,170,478,463,65,270,163,309,327,331,200,124,503,458
496,17,51,456,358,72,422,426,48,64,300,223,465,252,275,168,188
497,104,256,134,42,209,322,274,325,166,235,504,255,190,157,460,312
498,395,99,55,158,336,435,236,171,84,477,210,59,267,122,316,489
499,282,66,300,25,392,374,485,64,442,35,422,494,56,439,95,127
500,304,153,427,44,249,453,9,142,106,406,365,317,508,506,384,107
501,319,391,94,68,112,401,137,57,129,70,154,152,487,88,91,132
502,398,221,162,413,110,109,257,475,240,323,370,277,352,148,385,308
503,463,97,327,233,466,302,53,491,270,472,495,362,81,371,272,335
504,157,325,27,255,312,497,256,104,235,166,134,209,455,393,42,113
505,506,69,508,352,370,8,433,257,317,365,148,475,142,109,106,406
506,508,505,69,317,142,365,106,352,370,8,406,433,257,148,427,475
507,492,429,367,353,303,378,144,471,488,126,181,147,34,33,400,177
508,506,505,317,365,142,69,106,406,352,370,8,433,257,427,148,153
509,251,155,22,247,191,3,186,510,467,418,154,43,91,313,225,244
510,186,418,91,88,182,155,247,154,32,509,129,251,3,467,401,68
511,415,476,168,252,183,260,465,223,188,202,416,159,219,307,360,376
