0,1.0799147643881384
1,1.0064436246568658
2,1.0081467620802067
3,1.0035738974996011
4,1.0058384001275307
5,1.0062413977900737
6,1.0391344920876124
7,1.011457127211814
8,1.0366514158581417
9,1.044942565062247
10,0.9878454105639549
11,0.9924757638053755
12,1.0023523940291275
13,1.004800410363511
14,1.0170001725510878
15,1.0393437828674426
16,1.090590824287891
17,1.0139120985279106
18,1.0467172373143514
19,1.0252840347013863
20,0.995039974684196
21,0.9888437779865487
22,1.0083724397018043
23,1.055728126865682
24,1.0138820290497499
25,0.9999316609103068
26,1.0227716096034558
27,1.0222438016989286
28,1.0047614319122014
29,1.110412264627324
30,1.0064702906284797
31,0.9921728444567484
32,1.1012026481708403
33,1.0623217569761407
34,1.0028650031456632
35,1.0555025256170958
36,1.0455905318857779
37,0.9905944122194503
38,1.031994284317352
39,0.9890043447818933
40,1.0180790926857775
41,1.0278350925263349
42,1.0347452939904147
43,1.0209567708734106
44,1.0770585898460572
45,1.0347370403895004
46,1.018292752538806
47,1.0212656219587453
48,1.0226119678305827
49,1.0506803288675814
50,1.002955659902364
51,1.0697158291058408
52,0.9959201040039114
53,1.0107280488299373
54,0.9923906065018453
55,1.0878838838665292
56,1.0331544225224847
57,1.018202427984891
58,1.0008028194555492
59,1.0309006852447022
60,1.0196973010324828
61,1.0554864539822661
62,1.0461942868835497
63,1.1020544071656109
64,1.0391382933257989
65,1.0327538392197333
66,0.9961187236006527
67,1.0097845437466733
68,1.004443650486309
69,1.0090148469822982
70,1.1240027041374803
71,1.0154798301285524
72,1.0621777836931587
73,1.0008314271693226
74,1.0923057764131419
75,1.0584702099592156
76,0.9823580747880185
77,1.0026763457369174
78,1.0163399693910877
79,1.0243040348006143
80,0.9906183200362894
81,1.0186355350871974
82,1.0039249787723823
83,1.057449769309423
84,1.0267230714700095
85,1.0052470430616327
86,1.048320784636731
87,0.9992806518012094
88,1.007307311021818
89,1.0491023899308578
90,1.015506487404334
91,1.01230608578771
92,1.0112316629578386
93,1.014532169725468
94,1.0089538229762098
95,1.0392998861515212
96,1.0163748842419214
97,1.0003328999398362
98,1.0136480946697148
99,1.051642014226501
100,1.0250227243498162
101,1.0203086868294204
102,1.0424761063657624
103,1.0394675832334594
104,0.9852105560268669
105,1.0269508042160154
106,1.0129337050404128
107,1.016960007718836
108,1.0060216455743738
109,0.9969816639468436
110,1.0177038143715733
111,0.9899010606348526
112,1.0671665360218678
113,1.0666731910830016
114,1.0425057242154128
115,0.9843835129751098
116,1.0379796043905718
117,1.033379695161127
118,1.018224407763427
119,1.0059880388203422
120,1.0149017844286337
121,0.9976637118006693
122,1.0572456172128972
123,1.103802863469233
124,1.0466048693239172
125,1.0024224096511385
126,1.0248197437478337
127,1.0014438104871646
128,1.0023411488685947
129,1.0323834743776175
130,1.0092487804314052
131,1.006365477232574
132,1.0308875015473764
133,1.0627275424398794
134,0.9943508960987619
135,1.0015129682877766
136,1.055342313963298
137,1.0514091211768823
138,1.027325724030343
139,1.0386213325699067
140,1.0581328128544722
141,0.9978130122048023
142,1.1119897158667547
143,1.0285534237394693
144,1.0050232471629845
145,1.0365790390082235
146,1.024696938428319
147,0.9841293467173566
148,1.0175485926851215
149,1.0445582546484742
150,1.0021072947884322
151,1.0043170554694711
152,0.994337740030601
153,1.0008909843033846
154,1.046755624185065
155,0.9922028332602859
156,1.0322591007508872
157,0.9906377308028146
158,1.0701871484322587
159,0.9904155958840745
160,1.021727993831011
161,1.0092483745519207
162,0.9808850522779965
163,0.9939275090484794
164,0.9908697198782765
165,0.9952815759302702
166,1.0017040152065357
167,1.0067781516585996
168,0.9929267311033682
169,1.0242603170434847
170,1.0042272246466135
171,1.006844523042344
172,1.0167131512093235
173,1.0166471432141275
174,1.0445882117830214
175,1.035796645169458
176,1.0386421235295367
177,1.0356870751966962
178,1.0687600502975996
179,0.989449467804392
180,1.0092271731240046
181,1.0126445658176908
182,1.0686452674550138
183,1.0188820562071816
184,1.0125206899354442
185,1.061268759889404
186,1.0194950074111304
187,1.0132733533481175
188,0.9957947079278353
189,1.0162602504180556
190,0.9997741863281553
191,0.9973554071922902
192,1.0434505033290564
193,1.0119392039038049
194,1.0195599134512354
195,1.0989155578918397
196,1.0442791553433841
197,1.0161344434017843
198,1.023752583973518
199,1.00944953536173
200,1.0545820712540204
201,1.1139877581908915
202,0.9933344540735531
203,1.051543976195045
204,1.0226838841084347
205,1.0208135718689564
206,0.9920984512704409
207,1.1089489373100374
208,1.0738645155780424
209,1.0011251091880011
210,1.0108075527540592
211,1.042162822337342
212,1.0304725298565454
213,0.999641611008479
214,0.9963777924944485
215,1.0173046831525392
216,1.0103086457051556
217,0.9845519346545392
218,1.1299456588551355
219,1.0924750255353206
220,1.0796749103546996
221,1.0766881342521684
222,1.0397041761066146
223,1.0107648291862377
224,1.025263536865596
225,1.0117629784748376
226,0.9878939654298273
227,1.0349060190272072
228,1.0284435315588487
229,0.9960032313977221
230,1.0160087500026276
231,0.9944219941394146
232,1.0016781043701883
233,1.0433867986158498
234,0.987807813574207
235,1.0387805537515415
236,1.0569890002096356
237,0.9808961692232494
238,1.0193427124884775
239,0.9939678360261142
240,1.0278177172580314
241,1.0146309553226072
242,1.0554113931164117
243,1.0462168126343636
244,1.0244973985540746
245,1.0307638790709264
246,1.0298114032662873
247,0.9945812516716563
248,1.1171939253164493
249,1.0264104510918721
250,1.0887716530105087
251,1.0128198115105742
252,1.025700464896248
253,1.0063370653780572
254,0.9877752904455952
255,0.9915001721355132
256,1.0675208999665875
257,1.0355781488595293
258,1.012387745469906
259,1.0330979397529623
260,1.0154964389242733
261,1.0093782461796206
262,1.1022191060067252
263,1.0341316869028119
264,0.9998243217684659
265,1.0002872758467771
266,1.0887737682665708
267,1.1196708615033941
268,0.9900645033090414
269,1.0553120291049916
270,1.012098421198039
271,0.9889734921573528
272,1.0536636206006174
273,1.1429271125937772
274,1.0096079006786112
275,1.0186510127462198
276,1.0185145025456714
277,1.0489129748143797
278,1.04420780487217
279,1.060508185795799
280,0.9899130653017054
281,1.0035546960983512
282,1.012602261692463
283,0.9978605660894029
284,0.9944246454117445
285,1.1225281426867322
286,1.0094997767221892
287,1.0499923065797963
288,1.0567422493846996
289,1.0215200256751167
290,0.9910511313780975
291,1.003902014786131
292,1.050739243543246
293,0.9907256865916545
294,1.0125242608752774
295,1.0007941066447017
296,1.0746669589776012
297,0.9835074116998073
298,1.0460229502994771
299,1.0619520846511799
300,1.0046442232354091
301,1.0095387295924163
302,1.0095721946935952
303,0.9994672332298613
304,1.0681159707810939
305,0.9937340466108749
306,1.0160185107474846
307,1.0091913290665546
308,1.0133769674241173
309,1.0915336956997161
310,1.0331842127020363
311,1.0043929237004825
312,1.0048562713315357
313,1.024719652936501
314,1.0702431678311295
315,1.0331917433421658
316,1.010378663043022
317,1.0041631948333465
318,1.035197558833094
319,1.0368129819338867
320,1.0198739374204617
321,1.031064198481873
322,1.0251931524864046
323,1.0352888622204828
324,1.0393876991452828
325,0.9995056977384185
326,0.985016345294624
327,1.0176063319132551
328,1.020398668530004
329,1.0587963759283667
330,0.9868038307845167
331,1.056602509276256
332,1.0510640650289496
333,1.035445109560474
334,1.0130253597040615
335,1.0247436131806889
336,0.9993161766400276
337,1.015780132065711
338,1.0601095852874556
339,1.0873986178923194
340,1.0017659602562223
341,1.0637669846388191
342,1.023124834171447
343,1.0222606178484899
344,1.0120404735550197
345,0.9998196752572639
346,0.9949711387120308
347,1.0150695881647769
348,0.9949406383014241
349,1.0622008019564806
350,1.0596256722897057
351,1.0019342607633432
352,1.0067354723444608
353,1.01306603026258
354,0.9923513481413406
355,1.037078875037461
356,1.0190410741342364
357,1.0108765655298306
358,1.0202386283266536
359,1.0496074503255683
360,1.0839152359622493
361,1.0466816237032228
362,1.0753350175137641
363,1.0276974019365603
364,1.0036287595549578
365,0.9901889075934569
366,1.026554692128148
367,0.9896806508621068
368,0.9820683419169798
369,1.008433771557429
370,1.005537919283666
371,1.0276590076902667
372,1.06605670971163
373,1.041276445185778
374,1.004059988601513
375,1.041384874980165
376,0.997083269855656
377,0.9955922192105615
378,0.9839459027640975
379,1.0419358843885675
380,0.9953027409089493
381,1.0421342119833719
382,0.9951434750944803
383,0.9918372220414495
384,1.0066848495192553
385,1.0615766359851766
386,0.9992335000937679
387,1.017629183129947
388,1.0236297354128288
389,1.0687427641402465
390,1.0024703020993735
391,1.0015179394907094
392,0.9987520654412917
393,0.999032407867656
394,1.0284190713005001
395,1.008693532242917
396,1.0205609096844264
397,1.0688460064632888
398,1.0541831064455633
399,1.0021372351119608
400,1.0104557966938277
401,0.9908747959321256
402,0.9817473721210266
403,1.0559996915672787
404,1.00812767677245
405,1.0686685976439092
406,1.0024405818672828
407,1.0845299126605779
408,1.038689330698157
409,1.0045203620765486
410,1.0422985611275863
411,1.0239902204758105
412,1.001173514147926
413,0.9972069189522867
414,1.0370025086489871
415,1.0557606733951288
416,1.0264818789802364
417,1.038388780714775
418,1.0104802060411089
419,1.068174443656361
420,0.994391629782817
421,1.0392952085383778
422,1.0677084407634423
423,1.0558663990794743
424,1.0003698964703653
425,1.009291487423535
426,1.0486271747844789
427,1.0257733057582081
428,1.079793090082838
429,1.0427736527392004
430,1.0179833150220716
431,1.0016765603831446
432,1.0934215695944443
433,1.0263589908224149
434,1.0430196159940457
435,1.010383321897046
436,1.0395690737987047
437,1.058101734431009
438,1.0342378639801884
439,1.0058725955294558
440,1.0169274166593294
441,1.0079758721131704
442,1.0208440290650902
443,1.0111612968531187
444,1.0580988198747292
445,1.0628999802059445
446,0.9992504968773747
447,1.0338572439137228
448,1.1240015318892547
449,1.0046283289257119
450,1.0073213654135929
451,1.09729322533248
452,1.0431841799661172
453,1.00979982407213
454,1.004499098153803
455,1.0026201240077306
456,1.047180640153959
457,1.0245625216627336
458,0.9994933981103178
459,1.046419257760768
460,1.050526705954609
461,1.0433843244323857
462,1.0806212942437319
463,0.9922491758411713
464,1.0529232159593875
465,1.0623157861853774
466,0.9956388819350441
467,1.0113524780964875
468,1.0017628036016246
469,1.0083551470499683
470,1.0215909480791234
471,1.0357837261268035
472,1.005454096115332
473,1.0267138991431464
474,1.0298684011911128
475,1.0154746650453004
476,0.9964247787077839
477,1.0547223462438324
478,0.9965078171667514
479,0.9935257070116319
480,1.103796197647913
481,1.0060457689500504
482,1.0263335514672205
483,1.0007305969526683
484,1.0131560026068198
485,1.0213354993109993
486,0.9943818461630457
487,1.0757728818366514
488,1.0024682984881046
489,1.0398985140822887
490,0.9960006386749304
491,1.020885856937421
492,1.0102338752201918
493,1.0404681903458641
494,0.9999024279438286
495,1.0068723866730802
496,1.0011572775417454
497,0.9944059925528739
498,1.0086291253725421
499,0.9825060249348698
500,0.9895618224262988
501,1.0168522778677873
502,1.0380807559771907
503,1.0234722173713666
504,1.019949225234103
505,0.9918057035899783
506,1.036652840181114
507,1.005362786862647
508,1.0011020195103337
509,0.9992044247724943
510,0.989724304651448
511,1.0597591568050817
