0,0.018173963376739717
1,0.01884404574754366
2,0.018240730908533485
3,0.01619168452904595
4,0.016319905066385663
5,0.018105261146564182
6,0.01852922375778037
7,0.017094499293665858
8,0.016669332881376456
9,0.016750657109238253
10,0.01680855572573296
11,0.01859387442891138
12,0.018524821864376206
13,0.018032026091670896
14,0.017870781864449233
15,0.01850113719574656
16,0.020984127442928022
17,0.017883642375534425
18,0.01665073213459411
19,0.018661181888388608
20,0.01908899598578017
21,0.021791770399217415
22,0.02085734338535906
23,0.01513825083652319
24,0.021655685875705533
25,0.016960903833586418
26,0.020160230596775013
27,0.01755722110560351
28,0.017809900420334444
29,0.018240730908533485
30,0.020964136956682398
31,0.01870963701732949
32,0.018122279189207398
33,0.016742542383864665
34,0.019121432253300277
35,0.018862569390150862
36,0.017536134339764146
37,0.01873035573441261
38,0.019038321756564613
39,0.01881471920510325
40,0.01874663408010334
41,0.0177497503913974
42,0.015529292232948598
43,0.015336166299869045
44,0.018574818823542692
45,0.016491936778869735
46,0.017837702292920376
47,0.017270822401280264
48,0.017799096069954945
49,0.01987107441849345
50,0.016888402229809137
51,0.01922534363019879
52,0.017134507442725683
53,0.020142184091320403
54,0.01755722110560351
55,0.01601546092296012
56,0.018465667679230264
57,0.018522518385140876
58,0.022462312232581085
59,0.01804621187154992
60,0.01804280848527811
61,0.017946531651955932
62,0.017333876094901817
63,0.017804053201348338
64,0.017611284012617315
65,0.021069876989164654
66,0.01901178482843042
67,0.018535534119942722
68,0.018746386631979625
69,0.017558407095025305
70,0.018686218181876192
71,0.020304302227363454
72,0.021791770399217415
73,0.01987136322141967
74,0.022145443034318712
75,0.016743152674955575
76,0.020871142129200524
77,0.02085734338535906
78,0.01908899598578017
79,0.02092070877423751
80,0.018336834298003788
81,0.01662196540950428
82,0.017353170096539212
83,0.017409559274859807
84,0.017852294781405452
85,0.018266334368987818
86,0.01834447029879267
87,0.02116740518744107
88,0.019920132396319012
89,0.01833326683118917
90,0.01815953189534538
91,0.017852294781405452
92,0.019324912182988683
93,0.017919323178698224
94,0.021361016467964546
95,0.019840795809929892
96,0.01834830777962173
97,0.019742275035998853
98,0.01601546092296012
99,0.018237075908593383
100,0.018728090366262832
101,0.01987107441849345
102,0.01698124677056256
103,0.018280613566230737
104,0.018608131473112122
105,0.018407107721675583
106,0.016960903833586418
107,0.020366101276070327
108,0.018122279189207398
109,0.016787126435189807
110,0.01870963701732949
111,0.018055019238847596
112,0.01828760159220256
113,0.01810571321211349
114,0.01950834497249026
115,0.01813615295584982
116,0.017172046895894875
117,0.017300127631271676
118,0.018481367124289893
119,0.017270822401280264
120,0.0184160748371998
121,0.01767783985649494
122,0.02104128020780364
123,0.01753215234897722
124,0.01671747426823293
125,0.01550699664130655
126,0.019540304877298364
127,0.019942549088983814
