0,53.38880464066484,56.65873746873008
1,52.60070800188359,53.53361298154606
2,48.080455403305095,53.92891409427305
3,60.98130516530913,62.53888795659861
4,61.15581997731792,61.39391250342816
5,52.05017128979365,57.63968637933011
6,52.00495412593169,55.93264898906654
7,57.10067332947414,59.89602634792764
8,57.49791604046642,62.48289028389069
9,57.983328391197404,61.414972639847996
10,57.717195673742026,61.2698269253948
11,42.59081852953817,49.431572881351585
12,52.2012655318062,52.83878914839365
13,54.91947404252936,55.994296258646386
14,55.510714406888525,56.40380702628237
15,47.15908095158901,50.721672479156524
16,46.948337250455936,48.36179682280211
17,54.88888756360436,56.94515373508027
18,59.46601016507465,60.648828259441444
19,52.049046782948366,55.125301120530956
20,50.721672479156524,54.050731553304274
21,43.822910022813396,46.69393505787063
22,42.08585897853678,45.51260431284409
23,65.66874389759668,66.44691606832798
24,43.44163325097811,45.22820306854849
25,52.60283356220867,61.08199304042607
26,45.369357574541944,46.45222519437079
27,53.367772621210875,56.917737984738345
28,54.967485365463965,57.3296051737363
29,48.080455403305095,55.71581505749028
30,46.401059743999504,48.999957914316234
31,51.38939533788666,51.77148143830711
32,52.26667947658325,56.29961206415458
33,58.67213234989693,60.78403829262846
34,45.96030265276655,53.05342563515276
35,52.496480725652304,52.60070800188359
36,54.581723832074076,59.46849734246283
37,49.431572881351585,53.500523126645064
38,52.222107683635755,52.829168661484914
39,51.649064518483854,54.65068825453456
40,50.104537432128566,53.53361298154606
41,56.28744737371866,56.390193488530926
42,63.147374242601465,65.64149584855964
43,62.98500215711185,67.42568594386492
44,53.44531157767399,54.22734025252211
45,57.52229505493856,63.749089065281815
46,54.089760172495346,58.032303933833774
47,55.9413304450959,58.8568692187508
48,55.865660067091945,56.49959669291063
49,48.07907270296444,49.468386011267285
50,58.12316720736249,60.30129786527127
51,45.96030265276655,49.67142323466885
52,57.01612777262696,59.70739093264268
53,48.74774720648308,50.54635073882386
54,53.367772621210875,56.995505344991926
55,59.57522789333905,64.76048005124932
56,53.15220546726776,55.12006744654134
57,53.05342563515276,54.92325217992956
58,43.954197906045465,45.08383073886635
59,48.77515493217609,54.38064374410918
60,53.500523126645064,57.34696503620251
61,55.509322085228355,55.93282388387522
62,56.07487344524391,59.30612899452586
63,55.874234389723085,56.459736834592
64,56.68031933447924,56.883234496326644
65,46.547886561768145,48.37435721897633
66,52.42333480198239,52.774573655585314
67,51.49704908362903,56.40380702628237
68,49.74992420791346,54.19074595217761
69,52.05017128979365,52.82544217121371
70,52.8034126012612,53.44531157767399
71,45.23634484487068,47.65008124365947
72,43.822910022813396,45.08383073886635
73,49.67142323466885,50.97592429306356
74,43.44163325097811,43.954197906045465
75,58.68140789817212,60.77040854427443
76,46.30942213439563,49.516670544914604
77,42.08585897853678,50.37688472916595
78,47.15908095158901,54.050731553304274
79,47.65008124365947,47.94897429401359
80,47.009044283115934,57.99399381504377
81,59.52358842575524,60.79912617050392
82,56.906537377847286,58.34617949579151
83,56.528484508333314,58.35093135859267
84,53.83119711369686,58.157449303751285
85,47.009044283115934,51.0760870665869
86,53.00796622985706,56.01671354669446
87,46.53591803385642,47.94897429401359
88,49.499677065712575,50.901262054832145
89,52.82544217121371,56.265862636168784
90,50.80574952071823,57.933731973774016
91,53.83119711369686,53.87296608461573
92,42.59081852953817,54.06178227897319
93,54.38064374410918,57.230714567344044
94,45.22820306854849,48.40030019088954
95,48.677168660109345,52.125239628124476
96,48.77515493217609,53.59586855337261
97,50.32952284254627,50.97592429306356
98,59.57522789333905,60.1188480940651
99,49.81040884158863,53.38880464066484
100,49.74992420791346,52.496480725652304
101,48.07907270296444,51.18042430845464
102,55.3675962060923,62.40938607436406
103,49.81040884158863,53.00796622985706
104,51.0760870665869,51.49704908362903
105,50.104537432128566,53.15220546726776
106,52.60283356220867,56.836251153386065
107,45.23634484487068,50.552317580011206
108,52.26667947658325,54.06178227897319
109,58.49864157213256,60.640271672969774
110,51.38939533788666,55.125301120530956
111,50.80574952071823,52.2012655318062
112,54.61689003781127,54.74682230646353
113,54.57960738945079,55.882763054939886
114,47.909285599938926,54.61094370789847
115,55.12006744654134,55.15690280537046
116,57.47428408873175,58.99406776946649
117,56.57152237005096,59.03456115856672
118,53.59586855337261,54.62123392319265
119,55.9413304450959,56.94537537200408
120,52.83878914839365,55.76198586346662
121,54.28177503607486,58.85421987235579
122,46.68945387315345,46.948337250455936
123,54.18009848754747,57.10067332947414
124,59.33938608490801,60.29591096454638
125,63.787973153150645,65.18606651804049
126,50.69791575032928,51.65463261342027
127,46.45222519437079,53.83585688941878
