0,0.05590776396477206
1,0.08167624395387682
2,0.0542301046595265
3,0.06837032050137168
4,0.06409864849126325
5,0.04571846870763356
6,0.06951101284357664
7,0.07260237794809196
8,0.07076283484448594
9,0.06951101284357664
10,0.08262872246547466
11,0.048594526316247534
12,0.06645560305209063
13,0.05664810775734912
14,0.05493107564926166
15,0.05898069428666914
16,0.08096366682374974
17,0.07648649044909918
18,0.04873194088251708
19,0.0647344362599324
20,0.05244897755138333
21,0.06892704128401075
22,0.08262872246547466
23,0.06450699424198572
24,0.05819276171954218
25,0.052545879247004226
26,0.058801790482513376
27,0.06645560305209063
28,0.06797206886524768
29,0.07856939978368815
30,0.06450699424198572
31,0.07486018154644614
