0,0.021314434522878244
1,0.024724128743300676
2,0.021409132066863304
3,0.020927542268447834
4,0.025540636824984204
5,0.02107255166183356
6,0.025772692406181914
7,0.023693964324518594
8,0.021226847535620753
9,0.022593605387675235
10,0.024351460206052975
11,0.024481091609180217
12,0.024170605526882383
13,0.021170946090875793
14,0.02131954607443274
15,0.021257928457404398
16,0.02309574065659027
17,0.024092315186314137
18,0.022914989108318747
19,0.020111640832783297
20,0.021296104672350078
21,0.021208669635402116
22,0.02406533096582632
23,0.02596269606703176
24,0.022944638928138403
25,0.025689683003863765
26,0.024877954280054723
27,0.02363834778668758
28,0.024160350150506445
29,0.02358413073456245
30,0.021559302802137224
31,0.022582332477775063
32,0.02476412639154926
33,0.02547403918579629
34,0.02234284475118733
35,0.023887771665939937
36,0.023117020296295324
37,0.021090451784217455
38,0.022378725663901984
39,0.023234785156095974
40,0.02572579096595145
41,0.024576239671444303
42,0.024637982646173576
43,0.025558291230560876
44,0.022391259774428678
45,0.02457964722271174
46,0.021573595536556012
47,0.023192001802066965
48,0.025448191875652247
49,0.025550596916035884
50,0.025622882531938063
51,0.024853614968978456
52,0.02402175857759571
53,0.01891655321333348
54,0.024212274452878595
55,0.02507748873447476
56,0.02233455904606359
57,0.021357194879141
58,0.02125761098758175
59,0.020515485552825518
60,0.02072248606460031
61,0.02228398162185032
62,0.02138442185058332
63,0.021388904220917725
64,0.023978377726968703
65,0.02458044604744723
66,0.02161524232884821
67,0.02568323997504439
68,0.02099453276187073
69,0.022374509071903574
70,0.025051273056551613
71,0.023362185240541483
72,0.02176233110430533
73,0.022884674507221515
74,0.025228929238003718
75,0.022214928066822875
76,0.022563735169312985
77,0.024285412230139112
78,0.025492877198041792
79,0.0227867947819437
80,0.021055543178061135
81,0.020651226828646393
82,0.024572556513831785
83,0.025406392074238057
84,0.02525627821914039
85,0.02477577912425834
86,0.02443797569814043
87,0.025430406640120782
88,0.025108821247700884
89,0.02126351945782236
90,0.02473277756945721
91,0.024806332083167692
92,0.02197325330887626
93,0.024994901169736017
94,0.024223861687340087
95,0.022354230188711365
96,0.024647940943583295
97,0.0205452956043623
98,0.022795773019810076
99,0.021285729920187423
100,0.021069597889627596
101,0.024619740348983937
102,0.024776842836170234
103,0.02309206239242786
104,0.022077187633260772
105,0.023089846837658978
106,0.02500606620942616
107,0.022869371387876255
108,0.02136316257630051
109,0.023203150459274402
110,0.019377147625115037
111,0.02465345145227621
112,0.026001691191717326
113,0.02509866224216124
114,0.020883225784609175
115,0.022743368880468802
116,0.02206400330268335
117,0.023872468119479535
118,0.023054509201816054
119,0.022917744644524122
120,0.0257924719198304
121,0.02509328574059718
122,0.02107543574304021
123,0.024516243635249894
124,0.02577829243895732
125,0.02134700689806511
126,0.023284835733421733
127,0.02340580339689999
128,0.02118975421614824
129,0.021429643959831966
130,0.020899257306590497
131,0.02334951667821706
132,0.024440999714256468
133,0.021274496333791346
134,0.025908025541709904
135,0.024728853068626346
136,0.02461118206781785
137,0.021697641022157876
138,0.023310394323973114
139,0.0243746112388001
140,0.024850192282118492
141,0.023091051942990406
142,0.02102379552087523
143,0.023626863397319713
144,0.023319903549645922
145,0.02128188418039554
146,0.023230170509555087
147,0.022220635081226396
148,0.021194899763121174
149,0.02313087180095227
150,0.02144730145637209
151,0.02022824863148817
152,0.024072081612100053
153,0.02565687189188229
154,0.022864478875923088
155,0.024638316581697333
156,0.024197363227072877
157,0.022882431321977727
158,0.02194571080981866
159,0.02148280743737286
160,0.022938007888634773
161,0.024530799882539638
162,0.023019834956543053
163,0.024634812970599947
164,0.020366555433136868
165,0.02599172151751911
166,0.02133634109894336
167,0.02254120148952775
168,0.024132025899965225
169,0.025554455301073826
170,0.023302552735693927
171,0.020407732765022665
172,0.02305760594226432
173,0.02323338277990674
174,0.024309087340640474
175,0.024679993089850732
176,0.025254539297444718
177,0.02232576458936738
178,0.021341542035007686
179,0.02495206420824516
180,0.02146932481989642
181,0.021094678929000278
182,0.02435145236024101
183,0.022706408557396054
184,0.025599514664406065
185,0.0212436028741815
186,0.024728852520493085
187,0.02441794633394231
188,0.021357277560015573
189,0.023820205407071277
190,0.02077955068865417
191,0.020621578140755006
192,0.023386117314336968
193,0.023719776707875315
194,0.021224813845813116
195,0.024267249748916694
196,0.023178748177189738
197,0.020509417119381174
198,0.025665528169339775
199,0.02107746338963312
200,0.022696493600883803
201,0.02558084238741746
202,0.022525081101387776
203,0.025795688191049913
204,0.023703485774752644
205,0.019920104756180626
206,0.023706454370103457
207,0.02515732625696699
208,0.02382123863363396
209,0.021384135858262293
210,0.020874930036388642
211,0.0256793536968196
212,0.02297715593888159
213,0.024177562449513235
214,0.024810154452580904
215,0.025822324547369616
216,0.025186695757755773
217,0.025715994632726436
218,0.022251797353587587
219,0.022622034140753918
220,0.0255505083057657
221,0.0227986462472339
222,0.02146185885497626
223,0.019756690369831128
224,0.020935543548275825
225,0.021334512097176187
226,0.0228228240634259
227,0.024650663890110988
228,0.02225375260977893
229,0.021625810477297776
230,0.022563797352341985
231,0.025932930083666816
232,0.023010705596627542
233,0.021334239822386736
234,0.024582644119966322
235,0.017556685694412856
236,0.02265291169811085
237,0.020782432647204394
238,0.019078413859584666
239,0.022952941474580577
240,0.020929163932381895
241,0.02557005330247348
242,0.021332371545653733
243,0.022182203502291695
244,0.023584178946790293
245,0.02359623755851839
246,0.0241227721137543
247,0.022284377040340433
248,0.02123293774227337
249,0.02349357015329784
250,0.023703565775881705
251,0.021120938116718866
252,0.020107687350353797
253,0.025775988689647544
254,0.024886038051335865
255,0.023005053968311633
256,0.023413367275896765
257,0.022474508260443345
258,0.02086449857784788
259,0.01943943382099628
260,0.02598574794890712
261,0.024709767262026203
262,0.02563736419911461
263,0.02036721576064002
264,0.024420107789026032
265,0.02565000442443502
266,0.023652747054974717
267,0.02400196740701093
268,0.02377360524872065
269,0.019437695152232964
270,0.025435896654491
271,0.020084528547813025
272,0.024694626607391367
273,0.025697118246057953
274,0.02227478226782918
275,0.025704412657475677
276,0.02447573098600748
277,0.022745944189636366
278,0.02285262107083894
279,0.023001169320617347
280,0.025621323255155128
281,0.023020749601006196
282,0.02593237195958591
283,0.020556995829176857
284,0.021228275486224565
285,0.02299946755090133
286,0.024804912183609258
287,0.02532674795956593
288,0.024452521809362804
289,0.02302681385396279
290,0.025225732364019492
291,0.025279096568396116
292,0.024704503442759658
293,0.02054522279766166
294,0.024271530978318724
295,0.024731808926970716
296,0.02259622769260112
297,0.024350741162841676
298,0.022571470258621534
299,0.022445922721937264
300,0.020355781813293766
301,0.024993562502974617
302,0.024758705999474117
303,0.022380040169930844
304,0.023177750537850324
305,0.024640509391269032
306,0.023144050319208916
307,0.022649829017100817
308,0.02162507712244188
309,0.022196818133431696
310,0.022934289214794616
311,0.021965841078876402
312,0.023841545940036086
313,0.024498073205314833
314,0.025391730893024263
315,0.023081305649513353
316,0.025471814662632857
317,0.022300740130979928
318,0.020080389641105992
319,0.02254741413187992
320,0.023431067572009606
321,0.025274115035109256
322,0.021579992557994806
323,0.02064475190266619
324,0.02127314849510479
325,0.02044823723707128
326,0.0211696452289023
327,0.025842542327337743
328,0.022878346404869385
329,0.020425433459386338
330,0.02427181630699858
331,0.025414447656373833
332,0.022986988310971002
333,0.02296835492409941
334,0.022601443041560178
335,0.024759448653959657
336,0.020817307268270444
337,0.022216515026070676
338,0.02559866579725853
339,0.0226615901550808
340,0.021174130499987235
341,0.022445664859720483
342,0.025646039182850265
343,0.020914157881931256
344,0.02220048669394385
345,0.023329027242958187
346,0.025596196807135797
347,0.02436494050565938
348,0.022280408292587192
349,0.02136810709457863
350,0.023136231750164448
351,0.022953856041738364
352,0.02455246147518016
353,0.021462385173989525
354,0.02111121578753755
355,0.02421176238457532
356,0.021401743857064608
357,0.02391666681513123
358,0.021248715424796807
359,0.020246650262402743
360,0.025622249851156853
361,0.021992040697532758
362,0.02233646449566297
363,0.021231447266589407
364,0.021419823764713998
365,0.020615936563770067
366,0.023405336224550082
367,0.024159111270162438
368,0.02587853069513813
369,0.02281243004469066
370,0.023099271107934274
371,0.021011973308804686
372,0.02384287444685158
373,0.02421403175800039
374,0.017958692988930713
375,0.021299931779042165
376,0.021305845257238932
377,0.025017711200123034
378,0.023423680330786293
379,0.02432830620119316
380,0.021372552059561456
381,0.02393303918155143
382,0.02407926221308742
383,0.022154639747704395
384,0.023894163163072343
385,0.024409380347877048
386,0.025097745285755167
387,0.020975604466363252
388,0.025129960924145028
389,0.023947381193881685
390,0.02240864222757201
391,0.021077100708011328
392,0.02296608899202231
393,0.01974713949073819
394,0.025454841721856983
395,0.02288992958168239
396,0.021306425846263598
397,0.021394423415022457
398,0.024557829259745707
399,0.025439832123844357
400,0.024447119473642715
401,0.020319991988601058
402,0.022718653687927845
403,0.022979207283577913
404,0.025885525484195166
405,0.024512269838035217
406,0.021313144949090833
407,0.020736511819561935
408,0.022650403564421454
409,0.025799708617729213
410,0.02444301881409715
411,0.02107101031148245
412,0.02322838758263397
413,0.023973122762599847
414,0.023045133402488524
415,0.020470275086373866
416,0.02280796167515117
417,0.020795502002365726
418,0.01989614723555971
419,0.024546558133114488
420,0.025096133144855464
421,0.02288418446358909
422,0.02486430638612066
423,0.02294435404902649
424,0.022419465876507203
425,0.02140202152762437
426,0.022216924541682306
427,0.025318192447071477
428,0.02223218609559867
429,0.0199868453811564
430,0.021014440524281943
431,0.023226849640298863
432,0.023618946091654356
433,0.024843778971492397
434,0.025050793546699864
435,0.022919044308310134
436,0.02401487243634918
437,0.02291738388743505
438,0.024385866527398284
439,0.02212086022889827
440,0.02278485919934709
441,0.022530432456870867
442,0.02039410597420379
443,0.02369710754876545
444,0.02575529548211235
445,0.025711071680469336
446,0.024670005203887575
447,0.02570167101541299
448,0.02214965199571394
449,0.02300951652595721
450,0.020685602183900326
451,0.024169686723713658
452,0.021058702882435394
453,0.024015701531876876
454,0.020922063196199665
455,0.023600695088562575
456,0.02531988133259368
457,0.020565509269168586
458,0.0255781529833089
459,0.02157884308103366
460,0.024391822326887358
461,0.0229887793723586
462,0.025834819980348204
463,0.02109529525701001
464,0.025682154852201076
465,0.025502778945697323
466,0.021817567920786336
467,0.020358200327286188
468,0.02299271468269059
469,0.02210730519949774
470,0.02575175349432665
471,0.021299805726557017
472,0.025680266298302945
473,0.02296268066612317
474,0.021410074220085135
475,0.022726949811599253
476,0.025289450124461477
477,0.02282181517767331
478,0.02570129051404469
479,0.024362132537682542
480,0.019947492217126283
481,0.023223714784249526
482,0.024486924305111245
483,0.022631558807450818
484,0.02119446962784248
485,0.02593040471434557
486,0.023865429651896378
487,0.024617200597507504
488,0.021312487278716288
489,0.022985412669920383
490,0.025994355787920965
491,0.023462964609423247
492,0.024678930904848257
493,0.02261134559865689
494,0.025593568403478387
495,0.02087575330185666
496,0.021137160722461468
497,0.02387150102675159
498,0.021086978547820743
499,0.023271782502442304
500,0.02052105594860503
501,0.025966461034577733
502,0.02277168666630015
503,0.021597319697675192
504,0.020772247392055895
505,0.025603448647511268
506,0.024449933988308744
507,0.023415883692529237
508,0.021089610678018643
509,0.023026477258637008
510,0.021539520477385367
511,0.02360774423171982
512,0.022101748138074265
513,0.023053072560116045
514,0.021481801982828702
515,0.024472965417877596
516,0.02560144047803831
517,0.0231568007546937
518,0.01929544273344804
519,0.018452072223584276
520,0.025651259621885237
521,0.02563750663421272
522,0.01972897062646345
523,0.020639467283201252
524,0.022993865460864713
525,0.02529198449324716
526,0.02401849022755525
527,0.02134347571756324
528,0.021332815743210654
529,0.021331057380837553
530,0.0245037476809895
531,0.021278041704934997
532,0.02111907331377358
533,0.021275878044529947
534,0.020503717848639358
535,0.02104685099948432
536,0.02265836476016881
537,0.0246179695885481
538,0.0248196122756177
539,0.022916393343260906
540,0.02472605566256739
541,0.024525843335706954
542,0.023241132584735175
543,0.021292153789521394
544,0.023152563409847244
545,0.021119837538330667
546,0.024595074548782788
547,0.024614223726240135
548,0.024471509885873842
549,0.025959234607977975
550,0.02416079698039838
551,0.02419355344167257
552,0.025390146627373177
553,0.02240580348559608
554,0.021345971794677666
555,0.02160238377334119
556,0.02240468098296483
557,0.023893015738440458
558,0.024972309386710585
559,0.025353517513758535
560,0.02409365853870769
561,0.02392636765993966
562,0.019916657112984473
563,0.022444199267181067
564,0.021807967543457398
565,0.02528636640507283
566,0.023699473043350832
567,0.024004335381142283
568,0.021325107494557717
569,0.02536547354303014
570,0.024597822129951083
571,0.023851347079988025
572,0.0227114138919654
573,0.02099088106344998
574,0.02539544665467363
575,0.02177646386125964
576,0.02308491357723828
577,0.02132313959337514
578,0.02304671293985364
579,0.021194412760775952
580,0.020703636486799255
581,0.025362807236393274
582,0.026096940167661245
583,0.02203694825836496
584,0.022677499062678186
585,0.021989952905640087
586,0.02115199819346726
587,0.02430261528781515
588,0.02121762361868261
589,0.01980718085052129
590,0.024257099468595236
591,0.025923544207084537
592,0.02520038566276926
593,0.022436879859438146
594,0.024148432444001246
595,0.025655458222874673
596,0.023008250614722846
597,0.023096688059395392
598,0.024726058646663718
599,0.02295424436678642
600,0.019864318750450066
601,0.023154068661363093
602,0.023019378214025138
603,0.022951087384531117
604,0.025341012405436694
605,0.020844170829431276
606,0.02449873725644708
607,0.01997229378793652
608,0.02311132235534307
609,0.025837332462246846
610,0.022968492322762196
611,0.025295366269341174
612,0.021838799010503195
613,0.02583618299798488
614,0.023143396070024795
615,0.020547007821400707
616,0.02587253755368513
617,0.02463723916586305
618,0.023133462908730505
619,0.022205896562519527
620,0.021304921776980963
621,0.024403820578863433
622,0.023035767159969887
623,0.025869415801266456
624,0.02562316943151513
625,0.025497573998394838
626,0.02424906580081966
627,0.022499203857279642
628,0.02085441207157648
629,0.02311324795270112
630,0.02128025178905911
631,0.022948628286499878
632,0.02120170790793855
633,0.025080809491559827
634,0.024361568017800202
635,0.0211868585314661
636,0.02556960498158498
637,0.02226883333775928
638,0.02267431025951404
639,0.0246259760072006
640,0.022758501665373437
641,0.024898091807672062
642,0.02325810557573208
643,0.0234052854282951
644,0.022920712438570762
645,0.02569288715555976
646,0.022936348109008246
647,0.02123470537894397
648,0.025663381343681697
649,0.02448130574287133
650,0.02049595353144421
651,0.023256878446706392
652,0.020864433295483785
653,0.021231970052927648
654,0.021008242808758806
655,0.02071954084167542
656,0.02118807651401338
657,0.024330698785435156
658,0.02572215430820265
659,0.024966626141199447
660,0.023191097401085995
661,0.02111561065932224
662,0.02503377785357724
663,0.023155430067859438
664,0.0247578985646725
665,0.021426543312167836
666,0.02581255486740706
667,0.02456299914311158
668,0.02310285096847353
669,0.021116463071517776
670,0.02317215842349949
671,0.02133476230539134
672,0.02576186902195178
673,0.019583602954797233
674,0.025889311550465758
675,0.021255976429686553
676,0.024772213481624533
677,0.02459544919519963
678,0.022817448584598762
679,0.024426239940109586
680,0.02573400903265163
681,0.02552253627030452
682,0.025693440949077856
683,0.02597430556250338
684,0.02311877227212904
685,0.023704747252106254
686,0.02013369325892815
687,0.02415621328941039
688,0.02547796887979455
689,0.023560898476645893
690,0.024504616686383304
691,0.024525901076758304
692,0.02589497810459693
693,0.024813850663117372
694,0.02257199497393714
695,0.022424895008433032
696,0.02276347279926628
697,0.02268579215040497
698,0.020456801191627554
699,0.022988097870349646
700,0.02446735295702328
701,0.023124880587649395
702,0.0246471837413103
703,0.025105061303704147
704,0.02130204650239498
705,0.02215283881177578
706,0.024978051129928302
707,0.02002731819959795
708,0.02456483233091753
709,0.023643621979752123
710,0.02460324475443057
711,0.02130313520943056
712,0.02430021361036619
713,0.02469463111683555
714,0.020805555351926856
715,0.021032595255946203
716,0.02546652298872524
717,0.02353978762490884
718,0.022964824438659603
719,0.021567525672134512
720,0.025818452522296195
721,0.025853678804045613
722,0.021343719494099748
723,0.02169203060232739
724,0.025015910084910647
725,0.024182085206101923
726,0.02569815543143584
727,0.02048267040079843
728,0.02475406070012922
729,0.025758953667857902
730,0.02055953155271538
731,0.02546219830077972
732,0.022761561294368543
733,0.025506005393376042
734,0.024277264175053707
735,0.024720967947908287
736,0.024516537320252427
737,0.022660845300095954
738,0.020673280752310848
739,0.02124413300275459
740,0.02162260620692316
741,0.023189696928341615
742,0.023054630184843317
743,0.021286793286559046
744,0.021526122872728728
745,0.025173707027607142
746,0.022882198690689106
747,0.02413378557056482
748,0.024192578035019945
749,0.02050996210040985
750,0.02095847249004166
751,0.024002518052126248
752,0.024477734726505853
753,0.02469368722711932
754,0.025310310049726194
755,0.024410578927512534
756,0.02571920324897249
757,0.02107020881698228
758,0.02090030793787332
759,0.020752664463318304
760,0.024253133442861022
761,0.022533329617788894
762,0.020724855288478776
763,0.025651829659402367
764,0.025212834352833037
765,0.024189656552212665
766,0.026091055070300174
767,0.02458187049112698
768,0.025630705894778547
769,0.02032778467071545
770,0.02402748805836735
771,0.025357335833300843
772,0.025569664462921818
773,0.02310788156823812
774,0.02479832678097176
775,0.025467247556665514
776,0.023856151963601968
777,0.019453841096395988
778,0.023520898597091187
779,0.02292576071431079
780,0.02333398460507325
781,0.024632598766344597
782,0.021786899988804207
783,0.024331542271282543
784,0.022520327303982277
785,0.02083148494792242
786,0.021428314853936602
787,0.02528182779773282
788,0.02418988963842356
789,0.023700179135393563
790,0.024363554829108656
791,0.018288259144197374
792,0.020777511415043616
793,0.023286204645503055
794,0.0215869465932641
795,0.022818199445558872
796,0.021262382163879223
797,0.02400770813403443
798,0.021860725837321317
799,0.02596386577537619
800,0.019752335341485964
801,0.02460587997206514
802,0.024884276976155906
803,0.023068676580293764
804,0.02454779370317108
805,0.021796388650207006
806,0.022713356398702516
807,0.02137879976635967
808,0.0228552291633768
809,0.020815274394427135
810,0.025151729336000406
811,0.023980894961798557
812,0.024607410145976973
813,0.021478665065475255
814,0.026041112004688127
815,0.020403621805093496
816,0.023874381389785336
817,0.02127748965403512
818,0.023379262316269942
819,0.024097584789389347
820,0.026024716919231843
821,0.02318526879726233
822,0.02097454196045354
823,0.02431002725359697
824,0.023441966299126916
825,0.02605892703576116
826,0.02275998283726764
827,0.021631467641975155
828,0.02375816676933863
829,0.025287305780009428
830,0.023111986641790278
831,0.02345118932513298
832,0.02093811267865032
833,0.024193352895082416
834,0.02294528592669564
835,0.02351764463860187
836,0.024989245766128543
837,0.024708498787234513
838,0.022970531213267645
839,0.021597904323289098
840,0.024570148284648964
841,0.020444016977058464
842,0.022914787329019724
843,0.02084880912799504
844,0.022981175702121503
845,0.023206371686232748
846,0.021080407652997752
847,0.0232474793599099
848,0.02397623524842829
849,0.021665939333149007
850,0.02567602942167744
851,0.024332977899617622
852,0.021073995017284387
853,0.021740457350636774
854,0.022402398174014796
855,0.02058407557503546
856,0.024734738858185806
857,0.024117277119833257
858,0.02021279199741544
859,0.021104841410651692
860,0.021211427349422936
861,0.023688897209679212
862,0.024828328373519244
863,0.02374742867343361
864,0.025851228294885578
865,0.02337969815562775
866,0.024310089546218248
867,0.024105975429646497
868,0.02315033069755712
869,0.02124210911790592
870,0.026135763230099182
871,0.021190420556193294
872,0.019476431152328055
873,0.02035931924587762
874,0.023758033471852347
875,0.02135967850081636
876,0.021044295567375276
877,0.024739383265220526
878,0.022670587532246142
879,0.025784233188434
880,0.021018971430401826
881,0.024197508950134557
882,0.02251239455418361
883,0.022695813905963237
884,0.020988685422781574
885,0.020131924121845255
886,0.0211989978214695
887,0.022597733606120652
888,0.02459113279395396
889,0.023409316174769566
890,0.02127206006032008
891,0.02322302715645063
892,0.02579232779800051
893,0.02460758051808568
894,0.023841854795758996
895,0.021067809102104783
896,0.02339990400342824
897,0.026056528758363583
898,0.025292307709697766
899,0.02180329910663304
900,0.02302860391395197
901,0.02326878634519086
902,0.02353870065936007
903,0.024797571016841623
904,0.023352766039611086
905,0.021341672885313533
906,0.02347567884271341
907,0.02315901570364496
908,0.02557025810822403
909,0.022829415438516798
910,0.021534569711906974
911,0.024432559703392732
912,0.021871323115472418
913,0.023811223269480025
914,0.025845119371758513
915,0.022601899322940315
916,0.024688959063099068
917,0.024692862486184068
918,0.025904829160160372
919,0.020160112457511193
920,0.023745861840253544
921,0.023732668924000215
922,0.022896584969663077
923,0.025882399481178722
924,0.020350031194227184
925,0.021404578555919724
926,0.02339168227682886
927,0.020992017615758876
928,0.023312276123540563
929,0.024898201301887832
930,0.02109857514931629
931,0.023207558801332743
932,0.020040026910602773
933,0.023505096732078908
934,0.0209853270129022
935,0.020818875071265952
936,0.024803413955630092
937,0.024219272095420154
938,0.02567052187688644
939,0.020729145059523058
940,0.020648281683448653
941,0.023110492430976043
942,0.01912163849034098
943,0.019142234616544358
944,0.023872321940777288
945,0.0205794175599574
946,0.02116582143493669
947,0.021261046276545573
948,0.019382275441149253
949,0.02222860064554944
950,0.02417863103183544
951,0.022609561611614475
952,0.0227500564314773
953,0.02477489760909783
954,0.024929719140092444
955,0.020949404880184312
956,0.022046620631427965
957,0.020563252280013874
958,0.024434379684382137
959,0.019541020459922516
960,0.024518176227420894
961,0.021096009998265344
962,0.021605551325044752
963,0.02291251184777958
964,0.021056517667795496
965,0.022556269278554177
966,0.022976402679697753
967,0.023085531723682107
968,0.020416029630172815
969,0.022905821677493707
970,0.02213762179245878
971,0.0198790023189366
972,0.023004669665994106
973,0.024157038160246433
974,0.021100534465247137
975,0.01940198726579802
976,0.024567865282522233
977,0.024585929599202562
978,0.024378711920610512
979,0.024913212930322826
980,0.0215037103679891
981,0.024245689543730034
982,0.02593912007253918
983,0.021374039339808228
984,0.025183193413478147
985,0.022500668027896402
986,0.021095562523879636
987,0.02022733992820335
988,0.023210550286177255
989,0.025398415617460264
990,0.022092530023338518
991,0.021385541739347477
992,0.024783296887140868
993,0.02277180553987201
994,0.022581293720920437
995,0.023300042258694496
996,0.0212013913071323
997,0.02438662494609093
998,0.024505796138612257
999,0.024914400388921152
1000,0.022881332703044953
1001,0.023042642102997543
1002,0.022758871263273146
1003,0.025075042506499834
1004,0.02175390317382494
1005,0.021509349998483043
1006,0.025964655800012504
1007,0.020343046913653188
1008,0.02594367487222015
1009,0.024276836679620623
1010,0.023479440591944536
1011,0.021112927953811676
1012,0.023388959449368918
1013,0.023084794353362765
1014,0.023047080569172446
1015,0.024741017467466837
1016,0.022472402217712233
1017,0.0257137745450404
1018,0.025442027140259952
1019,0.026011761760065796
1020,0.02534188054084231
1021,0.021210906309246852
1022,0.021484175252851873
1023,0.022232624913689363
