0,0.9924611506505745
1,1.1706063075585769
2,0.9835956538925599
3,1.0269310383507375
4,0.977411997518782
5,1.2120578549224015
6,1.0400928609979256
7,1.0057834241735002
8,0.9698962740914276
9,1.094280470752794
10,1.0331217633963532
11,1.1238128351931387
12,1.068188950843873
13,1.0043304371562516
14,1.0195327746205796
15,1.0960367727850953
16,1.002362141897061
17,1.1451430057377414
18,1.1210503289619664
19,1.0395390089953984
20,1.0108511804664948
21,1.0020423979659852
22,1.1424051273125213
23,1.0351923339037052
24,1.0506318132917267
25,1.0391870670820893
26,1.2178657500462866
27,1.0892986801283877
28,0.9426472683987245
29,1.1702599666048028
30,1.0328194618783562
31,1.0604552548756707
32,1.0246316763743766
33,1.0193302708781762
34,1.0075165294208293
35,1.0881348657661962
36,0.98412720844504
37,1.100241342293104
38,1.0259901293340852
39,1.0133278385751543
40,1.1153863199974114
41,1.063238546132908
42,0.9731733354568416
43,0.9901113474105905
44,1.1531031415687423
45,1.0162497860146513
46,1.0988722158682456
47,1.0371301505828705
48,0.9940912867846674
49,1.0444166235253227
50,1.1099662617708015
51,0.9878205224044532
52,0.9726740720984848
53,0.9933994989740169
54,1.0206197140049569
55,1.0247506408182514
56,1.295866718670378
57,1.0687384814677034
58,1.0008281390928728
59,1.011800314871814
60,1.0148655373780473
61,1.0102548073854927
62,1.1640830446626547
63,1.0747997989315927
64,1.02789016637078
65,1.2032190329368062
66,1.0327686418029722
67,1.0322721026169501
68,1.0032024559455262
69,1.0688186758601586
70,1.031819829727234
71,1.0155821154204434
72,1.0113465750990416
73,1.0702038617231755
74,1.0126439669660297
75,0.9852794729434958
76,1.0775353025580454
77,1.0085408603074262
78,1.0544216603072376
79,1.0191138931195522
80,0.9688589236032445
81,1.0195910852649557
82,1.0146210836330585
83,1.0178232850818174
84,0.9832747799877182
85,1.0021987008035858
86,1.0233114571686082
87,0.9917770673063959
88,1.0191607332407684
89,0.9573779495899624
90,1.0390687277085462
91,0.9986850513791148
92,1.1386028490980533
93,1.0613070073072324
94,1.0884269563114106
95,0.9383571190169999
96,1.0259322228745908
97,1.124175235905053
98,1.001860495138842
99,1.1695240876940276
100,1.012174713334601
101,1.0791116064385855
102,0.9730490679762914
103,1.0231333564009795
104,1.0054423543347408
105,0.9892562323929746
106,1.0534452976794109
107,1.06927514780694
108,1.0736324011586924
109,1.0678058742718637
110,1.0240786058748184
111,1.0169422393778897
112,1.053257852641556
113,0.9929952771062964
114,1.0019534674138906
115,1.0162184178731657
116,0.9791481949407728
117,1.0017180022412886
118,1.0783825406424452
119,1.0596611659061974
120,0.998489192674366
121,1.00571916618842
122,1.0053077415980625
123,1.0366967607781405
124,1.088786782389597
125,1.0976998093166792
126,0.995163478730124
127,1.0756337462556411
