0,3.227152257343829,3.780474917842191,3.8867387375565534
1,2.1271132879870103,2.7354038205580085,3.299385906443487
2,4.640991864472922,4.959130858412194,5.399945666068293
3,1.9450409509285995,2.5611066971358905,2.9903151044603056
4,2.5579930616867723,2.7653764323773893,2.909457413636224
5,1.372644275583879,1.4495442658016495,1.9970587068156809
6,12.122097837572753,12.17626677739665,12.398365451230218
7,12.540752144129993,12.83147438278183,14.954939159409081
8,2.4413117176425327,3.317529541833095,3.3385095667661853
9,2.1005807744933316,2.387220797419837,2.843934266323476
10,4.831822172868393,5.193851917574815,5.4496646454299755
11,4.051181489038663,4.85198625322668,5.070934754155136
12,5.173112515414874,5.7770532744303855,7.743953982189902
13,3.1664035062619913,3.927922240916835,4.334473521654263
14,1.7662325131034013,2.6444814152452705,2.6494528632719168
15,1.0870830811860228,1.2427719088294178,1.3524829410231989
16,2.2718759283496777,2.641652718739821,2.764592475971289
17,2.029446435908052,2.3119580439365244,2.6374236991734903
18,1.327202189261199,1.69842464275005,2.190234222064025
19,3.0648443848600087,3.883032536472303,3.960649373366122
20,2.1172297719373505,4.9789153932756705,4.983017142919264
21,3.780822376145858,4.157574437712747,4.341412961634684
22,1.5174487042387081,1.9938231277310605,2.88768955260011
23,1.006697813266798,1.8536317331700112,1.893884640139764
24,1.5865453627604393,1.9513349320524034,2.1207703460089293
25,3.0578704181427083,3.082156455295753,3.5820384562840393
26,6.290177346825302,7.080323302557489,7.440433475710681
27,4.869585510804802,5.776959795615379,6.102175925881079
28,3.793531260047925,4.8060477374803,5.314967161097638
29,1.7535500780648818,2.6136928450443624,2.6744388107891517
30,4.580243888358752,4.607929097420036,4.977607384833118
31,1.6624138936462014,2.2994570516159403,2.3144860890825885
32,4.787054777378213,4.9560823572185555,5.516337424092506
33,4.64099186447292,4.893737166129674,5.122218317085461
34,0.6771784509893694,0.967168419697277,0.986480996108574
35,4.488605559260119,4.809914706470303,4.9719550183425705
36,1.8985297140324582,3.4406082877276107,4.240920017954331
37,4.939994776240762,6.122279472656096,7.702231563043143
38,2.003212921864146,2.037569936696987,2.293819996475329
39,5.503538919337342,5.830156693553152,6.009459628298752
40,1.9067099483947072,3.165920359202112,3.243477264793776
41,0.9389243846119435,1.3453112465840535,1.4963384269903408
42,2.9621463398089554,5.67523533628227,6.079804852693828
43,0.6125704499366726,0.8559251145023274,0.9378448150854959
44,2.3178981917586428,2.417588639611621,3.11130431752287
45,0.5618519717220845,1.3022395363084949,1.4497730407286802
46,1.2487859600308255,1.9085718770643225,2.225536548476251
47,5.314333468766154,5.337945293050221,6.267080175410786
48,1.36201804965023,1.4633582711176805,1.8579512136934588
49,1.1698969515999524,1.276301533942087,1.5009173741585362
50,1.2440782687822634,1.2876436876518154,1.663276142143337
51,3.3274280351189853,3.736456202309012,4.392989223070721
52,1.4708361350773371,1.4896698130634634,1.7660564474272487
53,1.9513349320524034,2.207047915513429,2.319397691668763
54,2.383217267793554,2.62729905982544,3.7275874365310653
55,2.4413117176425327,2.6865646367657954,2.8602934199523604
56,1.4284345177329938,1.443725686609691,1.7624013509882945
57,0.8579229870124614,1.1737617175177053,1.1930504751497082
58,1.2501630078243655,1.6774000694338864,2.0537958933230436
59,2.4340635514363047,2.6903175128653305,2.88768955260011
60,3.384769506661602,4.33737956915705,5.482785794750948
61,1.0206595032492691,1.1134039027818536,1.1765756951078992
62,1.2062714004247415,1.2724475952803547,1.7551411438653008
63,4.939994776240762,6.4792060988744105,7.833217530836488
64,2.148451548465101,3.357818886724302,3.837698660921749
65,5.261852745925475,5.730336254841722,6.6612963572194195
66,5.312380311773605,6.3912055497283,7.514620453828911
67,2.7698234170688765,2.9922876858616076,3.082769488523438
68,0.6527475335685392,1.2392193288847742,1.6152085583871443
69,4.201608316871833,4.9349480918884225,5.58489992437016
70,4.373561038881797,4.528832607661865,4.831822172868393
71,4.191139069213989,5.496935296194714,6.2380670229837705
72,1.3234983401053646,2.267885350828788,2.6297407286581973
73,2.0301088227271347,3.051424847672774,3.4838789564492965
74,3.576065353799388,3.5902053468619606,3.6447086125114705
75,0.782765378828374,0.9865944692338696,1.303688179072743
76,3.3180610146262293,3.647690117744252,3.960649373366122
77,0.32932313431701676,1.6876556167576888,2.6441266834676616
78,2.96388849826517,3.0578704181427083,4.111410537284769
79,1.7203688678212214,3.481132505544496,4.305176732724976
80,1.622183109844104,1.9299799705000154,1.9390423616874721
81,0.6527475335685283,0.9378448150854959,1.0911537939517444
82,1.1682718574482418,1.65085445548795,1.6953314410009155
83,3.6715384992343396,3.85154880638045,4.1100373760976145
84,1.7203688678212297,2.7705018828937686,2.7967440305760256
85,1.7356139990564148,2.6170314687632388,2.6470582871920136
86,6.222629480693034,6.549634628818761,6.793481922858571
87,3.6520747484396576,4.229249003950165,4.437994926834644
88,1.5174487042387081,2.5405187344475237,2.6903175128653305
89,2.9806822306132075,3.8132109743332547,4.076169480625269
90,3.355397972914954,3.471563580598718,3.793531260047925
91,2.423089577317358,4.097006793234653,4.369778724269151
92,1.172694463513067,1.748873946051555,3.1919833879947346
93,7.2695591670619875,12.92718349355542,13.461309799084212
94,1.0996415747318768,1.3474221781976299,1.3629518412615822
95,0.7613855909297725,1.1726949129689799,1.3447435538797932
96,2.4340635514363047,2.7524656242891585,3.5534058292834976
97,1.161252098994745,1.998082401783356,2.2785907463189305
98,2.9956010355490856,3.191934379923913,3.579962673715289
99,2.4146470055394955,2.691467598264806,2.8602934199523604
100,1.4412696060628025,1.7057105591342432,1.782575110516374
101,3.3998153126927213,6.109721719796309,6.136474284000674
102,1.1878790874507708,3.780474917842191,4.113392377019416
103,1.9835946747246067,2.8130162542112886,2.9818690924663964
104,1.4206019927909088,1.671446714487443,1.8539911687907809
105,1.440653741590033,1.6283861825550698,1.794514092143707
106,2.426048653649548,4.159061693667543,4.376709020263998
107,4.164307641671584,4.358411609162782,5.995316877503371
108,3.0067706851535845,3.29457624642156,4.404673537200893
109,2.447486962600119,4.004470412995015,4.355717644362371
110,2.6241695386378527,2.7354038205580085,3.7262885823001914
111,1.9998085868926485,2.3552252456271314,2.8231572102649403
112,8.984198553614357,14.477479523284124,14.720627919224794
113,3.3135147805704768,3.6228460949126253,3.945765059432609
114,6.615956363532835,6.792645789257089,7.273919767261219
115,6.105943925337417,6.731016382602989,6.768586854655765
116,0.9250013764171059,1.8539911687907809,1.9024297801088652
117,3.6520747484396576,3.813771847750416,4.007352784385869
118,2.290824209948879,3.142013164879833,3.1496872013773154
119,2.1064573367790786,5.353729203234052,5.448845316758567
120,4.037586009850955,4.2183982954003065,4.272740912784992
121,1.478698690869708,1.7004396978605385,1.783205040238775
122,1.335776284715045,1.3885080276015453,1.4074159446324161
123,1.988982776563663,3.714049180472875,4.956676413046333
124,1.4229869684351648,1.5899275594677733,1.7976489096697246
125,4.703918839789828,7.869903705350022,10.749069415241586
126,1.1434916227116934,3.364786897825058,5.134282161978944
127,1.9977582993301517,4.39298922307072,4.937099751009655
128,2.5849311782985014,2.7888445879800488,2.931387491571067
129,1.5909865425690404,2.308107723178916,2.3756589538231823
130,5.594886915822321,5.949876991497499,6.262226630605624
131,7.147388250310668,11.358999568037003,11.439041724745683
132,3.0318695467434176,3.130692418329746,3.4821014514242528
133,0.7349341245492588,1.324355883858971,1.3453112465840535
134,2.049911463382794,2.4513220753787714,2.7727278939942406
135,1.1740212325743657,1.9765195914254108,2.134941343118729
136,8.92395551828238,9.130723064358406,9.327810464231248
137,2.9556684497923995,3.130216220416205,3.352889360826706
138,5.377918980659631,5.530685644278496,5.906277613983044
139,2.325368430746325,3.0165244249076784,4.023847172366537
140,0.1732502514103362,1.4971976223254995,1.700313311281068
141,4.050255428582946,4.774595808052115,5.358650824608695
142,1.3416302792490569,3.4969802937128325,3.9645021014210453
143,4.869648578801851,4.932016384758047,5.049227645341289
144,5.160620420427126,5.4526191277357405,5.5745455373249495
145,1.0206595032492691,1.0241338564948017,1.422738966108342
146,1.1318359676491698,1.6351372584004653,2.225097416313366
147,1.3358322432565954,1.5266165573870554,1.6814823049903467
148,3.5931960843259194,4.051394102117746,4.164501991602566
149,1.3376024834567193,2.288556529478599,2.3451697374787654
150,2.1408776066015123,3.9576315285203885,4.48800081026727
151,3.2343512172830904,3.2557769160129975,3.8599377589076247
152,5.8282351219842985,6.277396094919391,6.446848308522739
153,0.9767053160812038,1.0823447506043031,1.2582451578675116
154,0.5367446039338791,1.1237522405696478,1.1705880340434047
155,1.0284227055249404,2.0688104224521378,2.258336583714574
156,4.619954744375689,4.854285231247551,5.261972496511415
157,9.263534643799467,9.704797722608024,9.7515505887093
158,6.8877056906705105,8.051121390241653,8.079123352965519
159,3.266105195119128,3.3199198932390783,3.6108170012726952
160,1.5203838196290997,3.7246689092980696,5.605985217303292
161,4.422613679008211,4.445319108004027,4.617378704177411
162,0.9454557179955488,1.0928526230415323,1.1237522405696478
163,2.77990633341135,4.757886082121263,5.934353057241778
164,2.6374236991734903,3.1428069927014497,3.149212240704886
165,2.423089577317358,4.03951596294415,4.395218046109287
166,0.9171828702492212,0.9381163815973593,1.5131884148935246
167,2.6160608665461615,2.7819807059926083,3.3761115686942085
168,6.3912055497283,7.149545741491662,7.898552105369232
169,2.8549356348800172,4.216249793970261,4.737785915763816
170,0.741070673008782,1.102117363968361,1.410317730401779
171,1.7664737473937437,3.7375960737243354,4.206931842448513
172,1.282509126438992,2.2599354942442553,2.48239363723023
173,1.3234983401053646,1.8538221767855736,2.053310646623686
174,3.711957480391378,3.7794629418030454,3.8167863826745823
175,3.7246689092980696,4.167238494217311,4.94598986222802
176,2.2818072148140542,2.662660653775566,2.986350113044228
177,2.5130566655547537,2.662660653775566,4.082150773179533
178,2.1408776066015123,4.116604550762109,4.641738205407904
179,2.801849811059504,3.4615826763222404,3.6070774973196995
180,1.0420416586221541,2.2199182463414733,2.328257122500421
181,6.139785044847539,6.404032240875242,6.428739038865262
182,2.4124956621085407,2.577590585257326,2.6745819426831523
183,2.7141598552052217,2.9903151044603056,4.750994688679547
184,4.025360594637091,5.91920625592555,8.653947485500202
185,3.238532981974198,3.4638376175504693,3.7472206255180027
186,1.136209477879898,1.3022395363084949,1.3423285483666905
187,3.4946825469171854,6.07931902499758,6.1096048981819155
188,2.4570200876530284,2.628375116206927,2.937764728061791
189,4.160468567051447,4.373561038881797,5.193851917574815
190,1.0294388433407553,1.1181757211223793,1.1377438141756258
191,2.5942085415207385,3.3713309513618412,3.9730710444151507
192,0.9811363164444047,1.3986604550648896,1.7336254237096862
193,5.4652550152915325,6.659438475103065,7.175659079624194
194,1.372644275583879,1.9602299435889559,2.0318004248237034
195,17.189084206854915,20.174877998503973,21.063448027096097
196,0.807167662160364,1.0933058756617589,1.6763815099227442
197,0.5104038215921314,1.3317210527409098,1.548596054963006
198,2.938980539684978,3.250062287044181,3.8132109743332547
199,2.8052744875361166,3.191934379923913,3.4512853600274243
200,1.7075036512347277,1.7717435114066005,1.806821009605267
201,5.7770532744303855,5.800719914619026,5.928848577170305
202,3.787813183929161,3.803974211573398,4.382719718613343
203,1.4071833366516087,1.5083538732563497,1.5131884148935246
204,2.354007893327809,2.5161290457724244,2.8759904504594385
205,7.551703729540021,7.748074239708878,8.70021975647995
206,4.571605249133091,4.83481591651783,4.95810300486054
207,6.634502548672159,9.21835315698084,10.61730071289537
208,2.3996947545788827,4.279373279802389,4.403494499230568
209,0.3996116916185564,0.6125704499366726,1.0911537939517444
210,2.383753942350706,3.3444852185330354,3.3965751933780317
211,1.5296290740113814,1.69842464275005,2.041205852823653
212,4.683091897162032,4.967323927480668,4.993977629850382
213,1.6930075868704675,5.095414326946271,5.388144981489586
214,2.9467945016347845,3.277027704872388,3.425659476643032
215,1.0479073336420524,1.7416423236821001,1.74599796064992
216,4.153350338079951,5.044521665057978,5.261972496511415
217,9.7331735425393,10.375971274312377,10.500903352863908
218,1.9682722616523014,2.577590585257326,2.8373397140019527
219,1.1405448876652868,1.1605568424323507,1.3241269021872635
220,0.9250013764171059,2.2147959381924895,2.7265081746757462
221,2.451011580011946,4.547604318633578,4.599651765801238
222,8.058885290319102,8.140879654294547,8.228855694024988
223,2.9838133503692377,4.329163807362372,4.5606603162591455
224,1.6283861825550698,2.047241552227252,2.3691476038640085
225,1.2246074429388343,2.0569433604106733,2.2941250448796615
226,1.4699583325482515,1.5917709920961658,1.5993077458242797
227,1.1203685056200423,1.2591343950734262,1.748689004860525
228,3.738373557959633,4.0631742616774345,4.921408624124853
229,3.224015986025005,3.2705194505996444,3.4965993573101333
230,2.85783836499329,4.670861534789122,6.260440394592623
231,2.251668752653989,2.7651893081069714,3.541107969098229
232,2.1014490609256256,2.1418599727639362,2.219777673690194
233,6.100841055391208,8.228470042877982,10.554790194503045
234,5.746575975105178,6.771652313875304,6.8641123461983495
235,1.511143204459636,1.5735420542560092,2.727519060662713
236,2.650353940602906,2.7651893081069714,3.00512327813536
237,2.4913482768105,3.160349725016971,3.783146127478866
238,0.8930486144356343,1.6492156052635465,1.8579902119690044
239,2.7108487505285073,3.19592622483585,3.234347775566909
240,2.9619375347757426,3.317529541833095,4.067035777084217
241,1.13763132324092,3.0035481276620732,3.402753162354804
242,3.3274280351189853,3.9955315658557575,5.001048160204098
243,2.2947401023454552,3.0545155249558467,3.295986210400179
244,2.6698295009040853,2.9358797376582255,3.733195742881344
245,1.3012914242351883,1.3451056810246909,1.4633582711176805
246,1.295588668874088,2.6865646367657927,3.1959262248358513
247,5.684557259636752,7.06929291412443,7.351652945002705
248,1.634802415391994,2.3451697374787654,3.0928399916147997
249,4.3600552161240955,5.228092652386117,5.684557259636752
250,3.534501948302387,4.915965134305911,5.001347151262286
251,3.0662876420824623,3.519910237873844,4.172969396118456
252,1.9739270018267623,2.4926608344031798,2.501610071793096
253,5.91920625592555,7.5712014032568025,8.91373972111971
254,1.5759944658846357,1.6622556328810483,1.7386656293505418
255,2.0537958933230436,2.1111556953149733,2.374006164631475
256,2.9806822306132075,3.250062287044181,3.916638799744293
257,1.9403047323038054,2.6917632652211227,3.4406082877276107
258,0.8794629337203987,1.686522310220402,1.8001238111999538
259,1.254884293356615,1.3391237400171911,1.694155443683353
260,0.6584605772695907,0.8439736839507194,0.9434837615963506
261,1.2773230453946465,2.5038577550532537,2.5120188298965105
262,1.2487859600308255,1.6265353177175672,1.65085445548795
263,1.9835946747246067,2.1588445357597372,2.5888730131193056
264,1.5032177154174,1.6973105880418244,2.6165305494916455
265,2.448947023034398,2.702925418056677,3.128919099624017
266,1.4289970983978522,1.4710024723843185,2.1900224681227676
267,2.138244791634866,3.611221511958014,3.8007808641295044
268,1.5793022706019313,1.5794481299836418,1.694155443683353
269,0.9381163815973593,1.5083538732563497,1.6492088069132964
270,1.2241499985839137,2.213253113300011,2.7201591661143
271,1.2923863531551385,2.08274334777599,2.1418599727639362
272,2.8052744875361166,2.941743330546562,3.3761115686942085
273,1.2659355683910152,1.3149792411529413,1.3432540756252487
274,4.986565652127595,6.128146520131063,6.563613116282479
275,1.0966196193012976,1.483010135181272,1.5266165573870554
276,2.788155247117361,5.820348081227452,5.862011547782575
277,1.533392290781613,1.6162571206216356,1.6876556167576846
278,0.8299932975409301,1.7360209769695607,2.2816676569081706
279,4.3653938736665125,4.39673190513228,4.756983718168877
280,5.001347151262286,5.039138146249623,5.360221449467579
281,2.081332488533629,7.159284710814024,7.666630334814334
282,3.1414700050223314,3.253864978997021,3.3729273231873953
283,1.2840580788335987,1.5296384006564077,2.0318876403299844
284,1.5283116604306395,2.968438455510362,3.512542800193598
285,4.6389970000369285,5.085807133937788,5.496935296194719
286,1.1827360631561659,1.413598194717108,2.2009288927932094
287,1.1434916227116934,3.06513162897445,4.972234458201945
288,2.7888445879800488,3.066301117381198,3.4734760075730136
289,2.507848676962307,2.5740415422465315,3.415640827571372
290,3.478708466113208,4.570442964584537,5.141464837150034
291,1.7633036093130294,2.5404346299751777,3.688592543314671
292,5.300352617256927,5.353729203234052,5.389065431015997
293,1.9133534591191146,3.3325177931887233,3.596094686568673
294,1.409770110954826,2.033715336343979,2.1529839801383353
295,1.828059339887071,1.9133534591191146,2.4044115686725975
296,1.2391654581501423,1.5897924226769722,1.6952821717283713
297,2.3348978797528166,2.507848676962307,2.7264189913504944
298,1.199698730007525,1.7624013509883028,1.995181280432226
299,3.60247692821861,3.9319490414140135,4.94391839045077
300,0.8794629337203987,0.9912323758875499,2.345791443590613
301,6.354436914697897,7.7873147826741675,7.845277029349103
302,2.040940402589048,2.0454216104662466,5.25130419322744
303,5.187877173527592,6.886123598297554,7.251862793765337
304,1.5849125733684228,3.9174476821699984,4.025413141686145
305,1.85037784439816,2.182824068009239,2.305574273324344
306,0.6584605772695907,1.0601536194223091,1.2039944692781552
307,2.3830082068689444,3.441264990470414,4.0965808488150035
308,0.8823128604656666,1.2189867329025335,1.3701284490674852
309,3.5534058292834976,3.557987106726311,4.134668789651195
310,5.405883424608315,5.4915265924573635,5.542588190219405
311,2.96388849826517,3.082156455295753,3.136469684138228
312,1.2597001824153327,1.9738472639766702,2.0104628499523853
313,3.883032536472303,4.3600552161240955,4.567623763446104
314,0.7764307152876655,1.9011898569383723,1.912496758663286
315,2.047332079544155,2.2994570516159403,2.30488619860152
316,7.147388250310668,7.718944355882814,8.797527750848227
317,1.5203838196290997,4.167238494217311,5.134282161978944
318,2.6914675982648033,2.962468456611323,3.2993859064434847
319,2.9795620436807737,5.086675918111456,5.283192555804321
320,3.2981141347411373,3.422181392907245,3.4737309455293452
321,0.9342713690455683,2.049911463382794,2.1595664311281264
322,4.982394539989351,6.309096066974359,6.545522189626078
323,2.309945454523634,2.683263801405492,2.8745251659892728
324,1.6980226176506708,1.8131986658015817,2.102906842881794
325,1.4710024723843185,1.6614906041708004,2.1082173786578893
326,2.5849311782985014,3.066301117381198,3.457019577367974
327,3.2457996826142677,3.316653156199035,4.357009604526998
328,1.5446752828757848,1.6504695123472963,1.7250852742908978
329,1.007462426409552,1.0294388433407553,1.2427719088294178
330,1.139559769002768,1.2353231067934507,1.3138868987277619
331,1.988982776563663,4.825572673418423,5.078360142699392
332,4.023847172366537,4.029712839753207,5.0049718911505625
333,3.390046215601165,3.4958470904582497,4.153350338079951
334,2.2517407392207263,3.512668992605631,4.4193378324272246
335,3.5649059388400994,4.085172431694159,4.571515012874444
336,1.364365950173394,1.6265353177175672,1.7288530947017737
337,1.6541032861786147,2.045960400522606,2.4064452285050972
338,2.7485320588832374,3.780822376145858,4.215318870194813
339,2.2199182463414733,2.2530285457101806,2.635131787994157
340,6.614998869584886,8.136643114671969,8.426173817457606
341,2.5942085415207385,3.7082968011234922,3.8353587015935444
342,1.4223021864345007,2.2074115447066123,3.0098922284647123
343,0.81738002087301,2.0874556316049846,2.102906842881794
344,2.2883123836424897,2.574181730158143,2.7742928020509012
345,1.2389325298571383,1.4048926394582482,1.7092297690392109
346,1.923567269392612,2.090168201631633,2.4091668479158606
347,0.7913787958773358,0.967168419697277,1.1363635894146633
348,2.1271132879870103,2.6241695386378527,3.017865264786554
349,6.464910391216659,8.216547131421702,8.757398557468534
350,1.2161957962294716,3.0145823774153677,3.224015986025005
351,1.3017800194983855,2.2232290905909275,2.262025249259297
352,4.160540012163355,4.7860147675463764,5.58489992437016
353,3.837698660921747,4.570771816136932,4.9779300170264955
354,6.383040597120028,7.526737133904099,7.839091386097982
355,1.2440782687822634,1.7056004029177387,2.29859272742531
356,2.236680941403448,2.5611084087866165,3.2457996826142677
357,6.762921859202322,8.106678262016255,8.296852765344477
358,2.047332079544155,2.3144860890825885,2.7339729439902563
359,4.964220012586324,5.218664632674142,5.7783662109774685
360,1.2759236891651347,1.7854058308062637,1.9457304692394168
361,2.0301088227271347,3.6176361643611847,4.066024777388771
362,4.756127126781276,6.1227454619828405,7.28551880681369
363,0.81738002087301,1.6980226176506708,2.3643738116882127
364,0.8478082221792054,1.478698690869708,2.3692904293334056
365,5.2602029695702095,6.2150084907453556,6.227305291437934
366,5.383511960582176,5.633651207559694,5.699728621364426
367,1.0347318708852689,1.1181757211223793,1.350946512770871
368,1.482123361366825,1.5295951011631639,1.794514092143707
369,1.3706185758522482,2.037569936696987,2.0569433604106733
370,4.600990666843219,4.967854934864676,5.041617617321386
371,2.938980539684978,3.506063873804671,4.004470412995015
372,1.1923733645783456,2.0728584514165824,2.1945370059116622
373,3.261153963870748,3.619669472472764,3.7147875502755205
374,2.524588935348874,2.7378533766505413,3.002061199689457
375,4.982394539989346,5.173112515414874,5.439987628408432
376,1.172694463513067,1.1762761648435225,3.0431539310311857
377,6.16569035101386,7.353564440556737,7.705002688771754
378,1.6774000694338864,2.4312013050330403,2.4803097461831918
379,2.1354112495188597,3.209908448218432,3.5833897787365108
380,3.2343512172830904,4.104922389546499,4.116218131644582
381,3.4451904033793284,3.506063873804671,3.8439750732789397
382,6.277396094919391,7.47864010983254,7.66016775101748
383,2.6816012030852674,3.2434772647937846,3.2951013781936767
384,3.328850898476668,3.884479103968514,4.036647988929613
385,1.8362581692536648,1.9893781532122035,2.079659407826558
386,5.3228663748100375,5.918879868506057,6.086286543184158
387,1.6009243455136764,1.6704057164470771,3.0281290582865714
388,3.3387538797266574,3.4262235009650928,4.042469972223383
389,2.3996947545788827,2.835902729279162,5.119131610730291
390,4.163701815647118,6.727131214023751,6.781717291327034
391,0.9912323758875499,1.686522310220402,1.9841378070874645
392,1.1812649980288215,1.6539791834078315,1.8175217137392699
393,4.7733571341699585,4.8480421440139745,5.6752242302453455
394,3.8597943691418664,4.206931842448513,4.977635397199147
395,2.631172847398118,5.776959795615379,6.128146520131063
396,2.143091453243347,2.2301604547216622,2.6149318254471403
397,3.496586711213214,4.92826776535037,5.971880591742586
398,0.7764307152876655,1.2398642660277657,1.6406551974601162
399,1.706239914271676,2.0125235769498793,2.1562615514348242
400,3.092367093256929,3.107165805529338,3.553471019880097
401,1.7356139990564148,2.3414380675587343,3.053182560017151
402,4.317296834775651,6.634502548672159,7.103665349882691
403,5.652321910427999,5.887461298730326,6.8775405609809495
404,2.1462240141544897,2.2669129380441846,2.318299010509144
405,1.5865453627604393,1.622005213012458,1.6830272692946797
406,1.0197928339288265,1.0502621220962645,1.629526138924042
407,2.7286507884724496,2.991450813393444,3.0762841168905104
408,1.8637116314525952,2.5304428096224365,2.909457413636224
409,3.169918785032262,3.423613065575623,4.624344640585928
410,4.076169480625269,4.854285231247551,5.092463085077857
411,0.6955189443776302,1.4315079915570526,1.5446752828757848
412,2.5428970991163897,2.79381512807626,3.4140339971764537
413,1.2795154398672934,2.7742928020509012,3.2809363377526726
414,0.9603225863241202,1.6344533648217123,1.7914781672850033
415,3.357818886724302,3.5820384562840393,4.507101022962827
416,1.327202189261199,1.529629074011372,2.519026718644723
417,1.9147240256906795,3.411875556797982,3.4845523228090283
418,6.816130517721455,7.288100051068324,7.802957015358142
419,5.129847069511512,6.590125077213912,7.674891254508637
420,1.1740212325743657,1.6614906041708004,1.794653196623088
421,3.67985214903646,3.7147875502755205,4.0205849529731035
422,1.0479073336420524,1.6624138936462014,2.1588445357597372
423,1.0502621220962645,1.062296606868304,1.7631031580129721
424,10.364523406357721,10.98489645945454,11.00425192859651
425,5.26588120169529,5.912498419574639,5.918584478838829
426,1.7416423236821001,1.9998085868926485,2.2068033780732756
427,1.5747979727251509,2.602521742567352,2.9826089885050564
428,3.7375960737243354,3.8597943691418664,5.271654857068685
429,1.6847346903137232,2.204567581560911,2.2587289775705677
430,2.5830051700511545,2.9914507303693814,3.29457624642156
431,1.8460909265667755,2.1691974989642286,2.2057537931089315
432,0.6302564761542212,1.553068692216364,1.5603968236334782
433,0.9767053160812038,1.3966918167451305,1.6392537723624359
434,3.9018301201538454,5.363881290225967,5.689515723668473
435,1.7419121840000626,1.8257408829735204,2.2480558150277767
436,2.76993208434858,3.9698431732010206,4.3443209344429015
437,3.080377055657613,3.1011218093199537,3.6649383884619215
438,2.278732269402046,2.5019683943058357,2.529782670431344
439,2.051271842130746,2.468582868934081,2.8439342663234664
440,1.381675854091155,1.881243614917781,1.9076231642118633
441,5.401550215375269,6.222760784177361,6.390270787733407
442,2.468582868934081,2.835902729279162,4.0026414372597285
443,2.7234035822540323,2.9828461378320252,3.8236114160248023
444,0.741070673008782,1.3641854723187592,1.7126963975427865
445,0.8941696638812034,1.381675854091155,1.7077679764899463
446,1.906657767955508,2.031723170989001,2.3932436272633963
447,2.166511976318147,2.529782670431344,2.574181730158143
448,2.5611084087866165,3.534501948302387,4.0934630031179715
449,2.801849811059504,2.8448506976343104,3.1456539763130884
450,3.0648443848600113,5.559053869081506,5.662163755085729
451,1.2161957962294716,2.047241552227254,2.885376443777504
452,1.1996987300075133,1.4284345177329938,1.806821009605267
453,5.312380311773605,5.530685644278496,7.898552105369232
454,2.1952178023849274,2.8583696449459564,3.209908448218432
455,0.9811363164444047,1.862693129449028,2.0083112949777577
456,2.2517407392207263,3.0069990123577353,3.5673587524478316
457,1.7955821880088818,1.9415333050603458,2.132382394080487
458,1.3710015708813696,1.6973105880418244,2.363455156430751
459,3.9145149405492936,5.078360142699397,5.413732964623565
460,1.2759236891651347,1.5092731088362732,1.6352375195315174
461,2.9358797376582255,3.4838789564492965,3.4866747082750003
462,13.606223824823283,15.289705773954646,16.153772609069016
463,1.413598194717108,1.7957345331575205,2.2530285457101806
464,1.46679249798997,2.5299166395099846,3.2497052272506552
465,2.2074115447066123,2.6638832605970433,3.017698155766415
466,0.9844483449400454,1.736662862154348,1.7535500780648818
467,1.9938231277310605,2.5405187344475237,3.1120818633598346
468,2.426048653649548,3.1919833879947346,3.3671156104231397
469,1.2062714004247415,1.4229869684351648,1.7059995697741173
470,2.6516611931998177,2.9101559976261426,2.974610514274301
471,5.301243752111851,6.369348009056329,6.402071322991123
472,0.5166139451556184,0.93741948862897,1.5233883437501199
473,2.444257271022943,3.0035481276620732,4.159291323239651
474,3.0069990123577353,4.33228635673731,4.4101139207269355
475,0.9385681045100085,0.9434837615963506,0.9869427867249356
476,5.024180030182584,8.641010530126326,9.031609693986645
477,3.610018438867541,5.615346557584386,6.531923805388675
478,2.907934042568989,2.986350113044228,3.2314134482699624
479,3.2738843327372127,3.35626152999569,3.60247692821861
480,1.102117363968361,1.3825601113614892,1.6164577553030464
481,2.77990633341135,4.483906653145402,5.556142284970434
482,4.160540012163355,5.370897615062981,6.173579992523298
483,1.13763132324092,2.444257271022943,3.4882453251361483
484,1.828059339887071,2.4794698530331667,2.6494528632719168
485,4.739409062994632,5.024180030182584,6.024774171286011
486,1.622183109844104,1.9091039402422334,2.3674852509479223
487,1.8297852547169053,3.640278011264011,3.6546504960078594
488,1.8538221767855736,2.2281009032974217,2.267885350828788
489,1.119048355914277,1.137233852328243,1.1584731192325393
490,1.4689359617589737,1.7285367499912971,1.7784430524797306
491,6.105926686626274,6.36636025696645,6.674138607026588
492,3.709231109116568,4.067396840006317,4.071734302560957
493,1.3482674212099945,1.906657767955508,3.0866364932632298
494,5.266901859016216,7.308486964674799,7.770662013811171
495,3.393039909120147,3.6258238914311907,3.996103659045285
496,1.1615290946348389,1.3997267256974915,1.5702576061021412
497,1.4223021864345007,2.988191674046647,3.0176981557664195
498,6.04769796798183,6.545522189626078,8.084581631146776
499,2.928418598835203,2.9884451579941245,3.1570049100033977
500,2.7007609063743656,3.2207169582217587,3.813771847750416
501,1.3825601113614892,1.410317730401779,1.6504695123472963
502,4.025360594637091,8.888230917039905,8.99789536696619
503,1.9765195914254108,2.7474706251015877,3.2958437041073796
504,3.3362916193597107,4.022909035694756,5.4902218520837485
505,6.1126282807532135,7.04907477239982,7.4192624486016
506,1.8985297140324582,2.6917632652211227,3.7044936228681715
507,1.8084699077905462,2.399914120284924,2.403441781100881
508,2.534325473273603,3.2705194505996444,4.356797790815865
509,3.225904742800278,4.528832607661868,5.449664645429978
510,0.8060073091656461,1.8579512136934588,2.0318876403299844
511,1.223698457560064,1.4959704502710907,1.6444866318503848
512,2.2947401023454552,3.2409433217134884,3.2931685784313482
513,2.1111556953149733,2.540434629975183,2.9446538513034843
514,3.9860664797235423,4.040187921840578,5.155593231542893
515,1.9346962892938344,2.0846938460317483,2.7234035822540323
516,3.225904742800278,6.754918161551672,6.9942115905360955
517,2.2897795862763104,2.702925418056677,2.8180873304195524
518,3.6599139017053606,4.036412642493985,4.69530201383818
519,11.380981686160993,11.940345890189887,12.650017350007388
520,3.754145514088493,3.94567131277836,4.4101139207269355
521,1.6827867205993137,3.1884886536483377,3.3965751933780317
522,2.0407488243125673,2.1497633272029066,2.449489795888137
523,2.212794586099123,2.7473362604603078,2.938205393821951
524,7.669431555836057,9.59283613661469,9.963023625556769
525,3.49468254691719,5.053345464668843,5.129847069511512
526,3.202000680771748,3.3463122672688894,3.496186320952828
527,2.6054754993800526,2.6979942719740535,2.8349847713424787
528,2.1064573367790786,3.6305560026637265,5.232762894126975
529,1.4689359617589688,1.7102361248443523,1.8635528823480743
530,2.200209490882898,2.7550052232524913,3.1756136658573864
531,2.866234393812376,3.142013164879833,3.5456047326919844
532,8.704404761526863,8.782608935401631,9.857504777752256
533,1.0823447506043031,1.2536612983632325,1.6392537723624359
534,0.5104038215921314,1.414010137829722,1.4463381301172158
535,3.3639839771262876,3.9955315658557575,4.151216924395275
536,2.166511976318147,2.5019683943058357,3.190536046235943
537,1.9067099483947072,3.2951013781936767,3.4073662833572507
538,1.7662325131034013,2.4044115686725975,2.4794698530331667
539,1.1405448876652868,1.239257314291792,1.2985244087613446
540,4.045952773811227,6.561461313201712,7.017055791983907
541,1.8637116314525952,2.3946361853129368,2.5579930616867723
542,2.1172297719373505,4.750994688679547,4.9560823572185555
543,3.496586711213214,3.676801906395914,3.7795367264824433
544,2.2612778730398677,2.5299166395099846,2.928418598835203
545,1.9087000810057513,3.3727887444969253,3.5214473148588996
546,3.6823040692474542,4.814750575093442,4.924745877057647
547,1.5735420542560092,2.085806991468076,2.2137917877713846
548,5.463540696030268,6.087209998699076,7.046941866946431
549,3.229392747042233,4.073091493608387,4.962548617922766
550,2.3830082068689444,3.7378818822761266,3.7493994150388943
551,4.358629317458881,5.027687498266237,5.439987628408432
552,1.1357750745153576,2.6252392425868316,2.665694719175156
553,5.205120506113898,6.027636032326939,6.249283645792638
554,2.894114739952525,3.3362916193597107,3.5796616541006814
555,1.8176321687264498,3.2877545929678686,3.307381103337815
556,2.081332488533629,6.945745489186405,7.330993042884552
557,1.1318359676491698,2.179721474515341,2.575767172427526
558,6.197258475888348,6.345453915739606,6.632219316984434
559,3.742974418516468,4.14744502272369,4.502722747588631
560,6.754918161551672,7.611156632811088,7.965818514322113
561,1.2795154398672934,3.290684100317898,3.6677048003294948
562,3.794900781558358,4.39127767225997,4.401308014399897
563,3.697817326047372,3.733195742881344,3.9554287684546683
564,1.2840580788335987,1.7477405536785575,1.885965485706664
565,1.4799540173348997,1.9468370106275306,2.1355668828141683
566,11.54392979889947,12.29093255077911,12.563151168410817
567,1.1878790874507708,2.9467945016347845,4.051394102117746
568,8.106678262016255,8.132499733070745,9.543695252122141
569,3.06513162897445,3.364786897825058,3.977623402319689
570,2.9838133503692377,4.146737132246322,4.265164526103583
571,1.6284928062652015,2.0622513239000853,2.229225190087134
572,1.8124814275827028,2.381438387923118,3.2409433217134906
573,4.028150524627726,5.306041110361095,6.179961264508309
574,1.6827867205993137,2.383753942350706,2.9108716409070374
575,10.753686449907661,11.371103406812347,11.377020993599801
576,2.1467818531273193,2.2279310506395342,2.7871026885843566
577,2.3552252456271345,2.8757694859678327,3.706574441041544
578,1.282509126438992,1.84795581283914,2.1005807744933316
579,1.2241499985839137,1.9370543923823842,1.9842341101056566
580,1.7371442726382236,2.0874556316049846,2.3643738116882127
581,1.5993077458242797,1.769761550756714,2.304931562667283
582,3.99634783677878,4.377167684265204,6.47023833545493
583,9.997252614132787,10.623014740786706,10.700957416067931
584,3.85154880638045,3.856844914209329,4.358411609162782
585,2.4455576556532344,5.027687498266237,5.3295699008853665
586,1.46679249798997,2.2612778730398677,2.6165305494916455
587,1.235323106793445,1.2536612983632325,1.2582451578675116
588,0.3996116916185564,0.8559251145023274,1.2887348627743154
589,4.067035777084214,4.772636791760737,5.6843063968371
590,4.036647988929613,4.622623424254643,5.448010005021072
591,1.2398642660277657,1.6351372584004653,1.9011898569383723
592,0.1732502514103362,1.595835635360029,1.6987988435322048
593,4.340314408500066,4.350661991461886,4.567738041409793
594,1.7257166166779223,1.8257408829735204,1.8396244165848545
595,1.458887072321689,1.4959704502710907,1.5092731088362732
596,2.5830051700511545,3.0067706851535845,3.173744506293647
597,8.803039156148625,9.916421317486186,10.597201918605542
598,0.6916048319509421,1.0241338564948017,1.1134039027818536
599,2.9556684497923995,3.478708466113208,3.7472206255180027
600,1.0347318708852689,1.1377438141756258,1.1615290946348389
601,5.261852745925475,5.330417660736588,6.059700243675192
602,5.730336254841722,7.149545741491662,7.787597301544069
603,3.149212240704886,3.6478154060906016,4.083246402448609
604,1.3918822061508784,2.277990847542391,2.5858357349767647
605,2.326536938360541,2.9046641301898037,3.2343982902545263
606,1.2876436876518154,1.7056004029177387,1.8084699077905462
607,1.3918822061508784,2.391856710521072,2.4665027448758123
608,2.4926608344031798,3.08351486162559,3.334493647353163
609,2.2818072148140542,3.941086973052238,4.203595132780595
610,3.19271937895884,3.3317239545822317,4.421913393329333
611,1.1357750745153576,2.278732269402046,3.0102106684994228
612,4.83481591651783,5.067439941783733,5.966537186174249
613,2.281167099379678,2.3659489939834217,2.449489795888137
614,4.8060477374803,5.011872819710128,5.62935687291623
615,0.8060073091656461,1.36201804965023,1.5296384006564077
616,1.9147240256906795,2.336111771977929,3.3759785866838423
617,4.377167684265204,4.9789153932756705,5.521159991571161
618,1.1682718574482418,1.6937833584880915,2.11112418028964
619,3.6518060841629505,4.670861534789122,5.3295699008853665
620,3.6176361643611847,4.853808006131685,4.856320395638554
621,8.653947485500202,9.30341421882648,11.54392979889947
622,1.0420416586221541,1.7832050402387787,1.9781497261065868
623,1.3986604550648896,1.6450768312866002,1.7059995697741173
624,1.6921902591271676,2.6534235917056774,3.0219648593413027
625,1.160608298980072,1.409770110954826,1.6450768312866002
626,3.7597311798613795,4.395227991814749,4.600990666843219
627,3.6305560026637265,4.915699016714603,5.252876279005137
628,2.4455576556532344,4.358629317458881,5.092463085077857
629,2.436580479558559,3.3727887444969253,3.4152927114423415
630,0.6553254119144536,0.7654241075385195,0.9086881907705022
631,8.788861431854286,9.543695252122136,9.739561522044891
632,2.7485320588832374,3.8867275838599413,4.157574437712747
633,3.9534969025421782,4.263764032623722,4.542174978624309
634,0.782765378828374,1.2189867329025335,1.3611819762602524
635,1.0933058756617589,1.114483841478859,1.5853763395423477
636,3.2648437293716257,4.201798148944158,4.683091897162032
637,1.443725686609691,1.8337548215796884,1.9091039402422334
638,4.047770671274115,4.45584684579371,5.084087730732144
639,1.9730642178684232,2.956515968479568,3.200864662420879
640,4.908105884856351,8.835459175795204,8.888230917039905
641,3.3713309513618412,3.79958737753593,3.8353587015935444
642,6.136474284000674,6.151746728835574,6.264309523341726
643,2.134941343118729,2.3743162911734355,2.4688405170455545
644,3.390046215601165,3.9645021014210435,4.213170573463114
645,1.1923733645783456,2.1462240141544897,2.190234222064025
646,6.945745489186405,7.666630334814334,8.489831270677278
647,4.051181489038663,4.357009604526998,5.14728731067799
648,2.08274334777599,2.219777673690194,2.9781178551469334
649,1.2923863531551385,2.0407488243125673,2.1014490609256256
650,1.440653741590033,1.482123361366825,2.206255418661073
651,3.3998153126927213,4.856272961051099,5.217749032211102
652,2.681601203085278,3.4073662833572507,3.6799612269274835
653,4.902877818915925,4.914011782362366,6.322372780873232
654,1.7073624837150776,1.9841378070874645,2.345791443590613
655,2.6534235917056774,2.682702595918035,2.856678586283303
656,3.11130431752287,3.247865794464218,3.996103659045285
657,1.802414216107925,2.2044975076742563,2.6160608665461615
658,5.155593231542893,5.310662673125301,5.761852665258842
659,3.469601739955734,3.522722079181301,3.913556796422724
660,4.617498032762482,4.939881547487774,5.571342031875036
661,1.2773230453946465,1.8847488571944557,2.0728584514165824
662,2.644126683467659,2.7004342761660394,2.706250401017094
663,5.266901859016216,5.281325034291762,5.884989307707203
664,1.9913870184709543,2.1590516234963593,2.9179142398492113
665,2.447486962600119,4.073091493608387,4.425437480571475
666,1.4315079915570526,1.828993672882112,1.90127664604368
667,5.011872819710128,5.8469774072220835,6.537961652177095
668,3.4262235009650928,3.680118010776449,3.930033766288506
669,3.610018438867541,3.99634783677878,4.732798138212739
670,1.5283116604306395,2.6973049421469675,3.4536534988458305
671,6.541122698447546,7.204010181466703,7.527789808053149
672,1.5853763395423477,1.6406551974601205,1.728536749991293
673,0.9603225863241202,1.6541032861786147,1.7907372746531418
674,2.4439314733369755,2.5015490796588513,2.5395533344315875
675,3.8439750732789397,4.2802706266049695,4.482929605218825
676,7.2695591670619875,8.084581631146776,9.905849823866891
677,1.6910783921071448,1.736662862154348,1.7486890048605168
678,3.423613065575623,5.389065431015997,5.783125026704937
679,1.7955821880088818,1.8556480741599786,1.9040489139373833
680,0.807167662160364,1.0966196193012976,1.6397092050616988
681,3.7795367264824433,4.92826776535037,5.211825086130249
682,1.2389325298571383,1.4295080542452492,1.601633509752274
683,1.1812649980288215,1.3073923398246314,1.335776284715045
684,1.160608298980072,1.161252098994745,1.9275361973727774
685,1.0247711100673202,1.0928526230415323,1.2665369196878953
686,1.0197928339288265,1.062296606868304,1.5645848085708804
687,0.5236433073707799,0.7913787958773358,0.8579229870124614
688,2.2559666852273863,4.240920017954331,4.350661991461886
689,2.524588935348874,3.6658234469852546,4.07115702064116
690,3.622142025941974,4.201608316871833,4.7860147675463764
691,1.9346962892938344,2.9828461378320252,3.619669472472764
692,2.0180445973615257,2.151827339260021,2.622266837783874
693,11.19121170330149,13.001087852724124,14.47589343118637
694,1.4289970983978522,1.5909865425690404,1.794653196623088
695,3.822906163273622,4.101745155836433,4.924973818031386
696,2.424240760424405,3.1909652907298947,6.2588494981104095
697,2.535011603669556,2.7479418326142073,3.2343982902545263
698,1.2571567685682916,1.8131986658015817,2.7435740743043975
699,2.3998117601161995,3.247865794464218,4.1437950989097425
700,3.5972600289130323,4.228393036906475,4.355717644362368
701,2.290824209948879,2.383217267793554,2.866234393812376
702,3.482101451424255,3.7666835895600426,3.856379850096243
703,3.038259012026405,3.2680411897088595,3.517144129896962
704,5.651403493636687,6.407100147918082,6.4711826782939434
705,1.3033465783710405,1.6937383123270806,2.262025249259297
706,1.175852657793131,2.05936788608236,2.292522187087032
707,2.5130566655547537,3.11390042578632,3.165920359202112
708,4.660623291284448,5.789070356875659,5.806934120396401
709,1.7633036093130294,2.9446538513034843,3.8757262827814847
710,2.23271150735663,2.26479988688693,2.318299010509144
711,2.9698114486117326,3.03186954674342,3.0862702458194486
712,2.2760829000548073,2.3692904293334056,2.678263746573689
713,4.902877818915925,5.099952529374756,5.33779086002098
714,1.5952183860423745,1.8124814275827028,1.9682722616523014
715,4.130916600581972,5.887739757091675,6.007837493492482
716,2.05572457720792,2.063660381210876,2.1355668828141683
717,2.4913482768105,4.0159426837430185,4.4362178181795775
718,1.3033465783710405,1.6830272692946797,1.8177474938561307
719,4.787054777378213,4.983017142919264,5.04550308392909
720,1.4467695491305317,1.5862033589795954,1.6164577553030464
721,3.4958470904582497,3.4969802937128325,3.692051172772393
722,4.397119721229561,6.352244538598232,6.632671279165738
723,4.810913902426882,5.404189283014099,5.498505775342863
724,1.5681751595483484,2.3659489939834217,2.3670408322583594
725,2.66982950090408,3.4451904033793284,4.386278847625991
726,1.4799540173348997,2.755005223252496,2.9219031472997843
727,2.2725677847277126,2.308107723178916,2.8409291798632608
728,1.4137253042177444,3.253864978997021,5.118326925046073
729,0.8941696638812034,1.663276142143337,1.880457503781155
730,3.9860664797235423,5.430361974511944,5.536068377657003
731,2.040940402589062,2.5843892967658797,4.657853258389774
732,4.9081058848563455,7.382276763542508,7.513727466075134
733,3.229392747042233,4.2574684363549045,4.694354647141969
734,3.803974211573398,4.213679664881065,4.4067811497712
735,0.9844483449400454,1.2591343950734148,1.6910783921071448
736,4.757886082121263,5.556142284970434,5.8469774072220835
737,4.703918839789828,9.592772134648465,10.050789622100517
738,4.045952773811227,4.769634085209248,5.303734377632477
739,3.6289436394718915,4.338963086572164,4.674583119418741
740,1.3466182209994122,1.350946512770871,1.5652923760905069
741,3.0662876420824623,5.812340181892354,6.35712307794321
742,2.369981705348086,2.9046641301898037,3.6763332515734093
743,2.051271842130746,2.8584696993378964,3.1496872013773154
744,7.680603193540648,9.973512397449808,10.6273606425146
745,2.309945454523634,3.5506154183777285,4.083572792361878
746,2.0454216104662466,2.5843892967658797,3.6145430655842694
747,3.9319490414140135,4.664150590268239,6.073411428446244
748,0.9941589938038343,1.1966429758532497,1.4147225629612248
749,2.251668752653989,2.448947023034398,3.00512327813536
750,2.0846938460317483,3.7168825306944613,3.8236114160248023
751,1.4971976223254995,1.595835635360029,1.8752283339919895
752,1.1252380696254651,1.3012914242351883,1.4074159446324161
753,0.8930486144356343,1.3738552975156915,1.62875383184058
754,2.48239363723023,2.5428970991163897,2.9429035406296604
755,4.028150524627726,4.360617161723679,4.68082039430943
756,2.7286507884724496,3.8325418956625725,4.966104026189871
757,2.5690375698605354,5.198135481307052,5.55463331677601
758,2.374006164631475,2.4146470055394955,2.982293391776521
759,3.334493647353163,3.3639839771262876,3.9576315285203885
760,1.0284227055249404,1.7092297690392109,1.9076231642118633
761,2.3998117601161995,2.683263801405492,3.5506154183777285
762,2.4354851746537163,3.611221511958014,3.792673711601514
763,3.5561856554691866,4.614727774485396,4.664150590268239
764,2.1026416390046183,2.666288894717493,2.941743330546562
765,2.775184979302201,3.840869490945681,3.8871669732809297
766,2.212794586099123,2.685796995812407,3.724930608958472
767,1.2246074429388343,1.2597001824153327,2.090168201631633
768,2.8745251659892728,4.159663387892193,4.191139069213989
769,2.8439124747383326,2.882776327282333,3.234347775566909
770,4.75612712678127,5.631820141176801,5.8282351219842985
771,2.788155247117361,3.5649059388400994,3.56735875244783
772,2.5705235411091265,4.127235506086248,4.14041075988848
773,0.5367446039338791,0.9454557179955488,1.0667311772988657
774,3.512668992605631,4.097508880675757,5.132254188039399
775,2.102641639004622,2.9956010355490856,3.0862702458194486
776,2.466907793795277,2.533842357816661,2.8698886161860244
777,1.364365950173394,1.6937833584880915,1.6953314410009155
778,2.62729905982544,4.0631742616774345,4.603202767986947
779,1.9977582993301517,3.9821284470435088,4.299418813793465
780,1.1762761648435225,1.748873946051555,2.602521742567352
781,0.6955189443776302,1.4467695491305317,1.7250852742908978
782,1.6847346903137232,1.9370543923823842,1.9842279277880235
783,1.5681751595483484,1.9277785504976546,2.281167099379678
784,0.8823128604656666,1.119048355914277,1.303688179072743
785,1.5961599147375143,1.6009243455136764,1.802414216107925
786,4.495333255884374,4.583934984198959,4.791908389227263
787,1.3017800194983855,2.352493003841936,2.535011603669556
788,1.511143204459636,1.8927604619485316,2.085806991468076
789,0.8439736839507194,1.0601536194223091,1.276301533942087
790,1.136209477879898,1.2724475952803547,1.4686025376400937
791,1.6162571206216356,2.628375116206927,2.7496151586141337
792,6.28696036084709,7.045621292872146,8.03950291012444
793,1.429379163424105,1.9913870184709543,2.182824068009239
794,3.822906163273622,4.445319108004027,5.5803676607791175
795,2.96264414110928,3.1909652907298947,5.38969223040702
796,9.888338587875072,10.095460372684325,10.214160914361038
797,0.7895935177509835,1.1307362299180659,1.4703743425372406
798,5.085807133937788,6.762921859202322,7.001479254461812
799,1.9842341101056566,2.3119580439365244,2.5259369021167393
800,2.112338685044895,2.417588639611621,2.8687563719633054
801,1.707396981790021,2.0622513239000853,2.1595664311281264
802,1.7073624837150776,1.9277785504976546,2.031723170989001
803,1.0741299312321242,1.429379163424105,2.1590516234963593
804,2.2559666852273863,4.567738041409793,4.736133475814739
805,1.3407552175299577,1.9217978411943883,2.157858825848985
806,1.2501630078243655,2.4803097461831918,3.211770555698399
807,4.2358444410478855,4.609125862424186,5.241988215235298
808,2.775184979302201,4.888029011794433,5.561712905142478
809,6.25711599740086,7.361890247016159,7.549736281428785
810,0.7613855909297725,0.9054865762236006,1.2305050179873767
811,1.3710015708813696,1.5032177154174,2.305574273324344
812,1.8176321687264498,4.615348494592913,4.9086602345981545
813,3.0165244249076784,3.930033766288506,4.09672710903695
814,0.32932313431701676,1.533392290781613,2.7004342761660394
815,4.105530043386481,4.57127537862097,5.079683779135063
816,1.3239360768300832,1.4048926394582482,1.4147225629612248
817,1.3073923398246314,1.5500137517655572,1.6622556328810483
818,2.7266931723272627,3.3670882790724073,3.647164142442503
819,5.57907990021033,6.089374154645189,6.45438621514644
820,1.8986720392878322,1.960060406505703,2.0318004248237034
821,0.9167352026538564,1.1307362299180659,1.3391237400171911
822,1.3706185758522482,1.5702576061021412,1.7138586106705307
823,1.0741299312321242,2.186286710986732,2.466907793795277
824,4.097006793234653,4.11385051359569,4.404096311911056
825,1.2659355683910152,1.3317210527409098,1.4463381301172158
826,1.0247711100673202,1.1613046658667048,1.1705880340434047
827,3.2891530747507685,3.300256889436643,3.388427275125759
828,2.685796995812407,3.239712514761284,3.266439312001243
829,3.328850898476668,4.622623424254643,6.0289822452657384
830,1.8297852547169053,3.0343368357432525,3.539715037504317
831,2.691004211033371,3.052692640622011,3.1313255349769564
832,3.6019511061532326,3.780400078355168,3.886127157557248
833,3.6610241221836874,4.187663668433009,4.1970663836931354
834,1.5759944658846357,1.8460909265667755,2.4164274167224575
835,0.83135790612235,1.4030249462784763,1.4180522263714495
836,2.7967440305760207,2.9619375347757377,3.0250517411487543
837,2.3414380675587343,2.4124956621085407,2.6470582871920136
838,2.1467818531273193,3.3650570712672767,3.393039909120147
839,3.7082968011234922,3.9730710444151507,4.959130858412194
840,2.4354851746537163,2.5705235411091265,2.76993208434858
841,0.9389243846119435,1.2063584345671146,1.2665369196878953
842,0.6553254119144536,0.7779702967031357,0.9165204331563233
843,2.112338685044895,2.1853472649299968,2.2279310506395342
844,1.5849125733684228,2.682702595918035,2.982204312482432
845,1.5295951011631639,1.9842279277880235,2.206255418661073
846,1.223698457560064,1.3407552175299577,1.622005213012458
847,2.533842357816661,3.1541446649836202,3.266105195119128
848,3.19271937895884,4.805921351428033,4.887566668209172
849,5.899539458976116,6.161330886944368,6.210464131841025
850,2.534325473273603,3.7167783325580976,3.845186003946895
851,2.6485165292256605,2.753277078745644,2.7822022182884436
852,1.8847488571944557,2.5120188298965105,2.826831078779385
853,10.726167485666084,10.836329028490429,10.951175060212467
854,4.164501991602572,4.6389970000369285,5.030996425293084
855,2.2704643504722055,2.6212710999168944,3.067785418395139
856,7.514620453828911,7.787597301544069,9.090293986954993
857,8.525806945914209,9.905849823866891,11.94194856753482
858,1.8389734492106105,2.6392000904501156,4.695160911131302
859,9.973512397449808,10.448343434849615,12.364757733129531
860,4.105530043386481,4.7115971356656186,5.679348154237799
861,2.7822022182884436,3.2683843177885943,3.5117690007256126
862,1.4137253042177444,3.1414700050223314,4.745301822312197
863,2.8549356348800172,3.8003637888392268,5.52512079000894
864,5.181055877542297,5.716580692199984,5.726038441378754
865,5.998580328071423,6.154688017849981,6.573315842059216
866,8.136643114671969,10.032102510845846,10.477083352828105
867,1.114483841478859,1.6763815099227442,1.9269299915036044
868,0.6916048319509421,1.0996415747318768,1.1765756951078992
869,2.29859272742531,2.5259187294069716,3.6454677264445214
870,1.4495442658016495,1.74599796064992,1.8986720392878322
871,5.912498419574639,7.540853390880266,8.528900935968693
872,2.138244791634866,2.7007609063743603,3.709231109116572
873,3.680118010776449,3.8284303178291013,3.9564328871499526
874,2.631172847398118,4.869585510804802,4.986565652127595
875,2.9993891272134383,3.4866747082750003,3.697817326047372
876,2.236680941403448,3.316653156199035,4.0934630031179715
877,5.463540696030271,6.143443648457987,6.1920188137977465
878,1.007462426409552,1.0870830811860228,1.414010137829722
879,2.9108716409070374,3.1884886536483377,3.3444852185330354
880,1.5961599147375143,1.6704057164470771,2.2044975076742563
881,1.295588668874088,2.7108487505285086,3.2895208339494415
882,0.5618519717220845,1.3423285483666905,1.4686025376400937
883,2.451011580011946,3.596094686568673,3.6599139017053606
884,3.051424847672774,3.3317239545822317,3.5972600289130323
885,1.1252380696254651,1.3885080276015453,1.9627494216760968
886,1.7764049409662914,1.995181280432226,2.0998819271953972
887,4.317296834775651,7.647679027001896,8.463085456592093
888,2.325368430746325,3.3387538797266583,3.6447086125114727
889,1.6921902591271676,2.3946361853129368,2.8701050124706833
890,5.310662673125301,5.330417660736588,5.350787562214491
891,0.5166139451556184,1.4031318637351642,1.4703743425372406
892,1.006697813266798,1.4959595614083474,1.5766822764370034
893,1.3358322432565954,1.81155863486141,1.9372875337011906
894,1.5747979727251509,1.7158913703947973,2.5468561847299154
895,5.135262269612025,6.978726420752154,7.045621292872146
896,2.765376432377379,2.991450813393444,3.160349725016971
897,3.738373557959633,6.003034115201431,6.268300874517508
898,2.3493640540599223,3.754145514088493,4.33737956915705
899,1.9087000810057513,2.3063091640802926,2.4103999213257796
900,4.9349480918884225,5.308070941803316,5.359907917167288
901,1.175852657793131,1.873829893229254,1.990531360327469
902,2.894114739952525,3.2581772563636946,4.022909035694756
903,0.7895935177509835,0.9167352026538564,1.254884293356615
904,3.0343368357432525,3.6546504960078594,4.146737132246322
905,0.7349341245492588,1.2787022565001702,1.3474221781976299
906,1.85037784439816,2.053310646623686,2.8066328730385584
907,2.5038577550532537,2.5887825127811137,2.8675409524596827
908,1.9403047323038054,2.7705018828937686,3.0250517411487543
909,3.7493994150388943,5.063783061753271,5.099058922249948
910,5.6379195282395225,5.739021716232164,5.882235923262157
911,0.5236433073707799,0.7654241075385195,0.7779702967031357
912,1.8389734492106105,3.476673429693678,4.087466923207101
913,2.1952178023849274,3.5796616541006814,3.5833897787365108
914,2.734118956689577,3.1869949257201817,3.261814263608131
915,5.187877173527592,8.877887824981409,8.966651559904362
916,2.326536938360541,2.3348978797528166,2.369981705348086
917,2.1853472649299968,2.7871026885843566,3.1044667611963654
918,0.6302564761542212,1.0667311772988657,1.1392997082685203
919,2.9621463398089554,3.7140491804728826,3.9145149405492936
920,1.6930075868704675,4.449706124579532,4.876669400922614
921,3.062692884534745,3.415640827571372,3.699446186068855
922,3.6715384992343436,3.6823040692474542,3.856844914209325
923,2.7266931723272627,4.43905622499728,4.568478386036201
924,1.7818773244374275,3.238532981974194,4.2183982954003065
925,3.384769506661602,5.26588120169529,6.670906955495054
926,3.622142025941974,4.397119721229561,5.359907917167288
927,6.080285796378031,6.100841055391208,7.251862793765337
928,4.483906653145402,5.934353057241778,6.2217638942520574
929,3.353709208317771,4.074386263226821,4.086639730070798
930,3.2581772563636946,3.7709644910986495,3.9014671033015675
931,0.6771784509893694,0.6833414938852296,1.1851483325797743
932,1.8001238111999538,2.041205852823653,2.384217438046525
933,3.2648437293716257,3.79958737753593,4.967323927480668
934,1.2571567685682916,2.4188682992105366,2.5099851857187225
935,2.5690375698605354,3.3279257492371035,3.982128447043511
936,2.85783836499329,3.6518060841629505,5.430361974511944
937,0.83135790612235,1.3432540756252487,1.4699583325482515
938,3.6478154060906016,3.84924505411683,4.534018821845179
939,3.7262885823001914,3.894109550101621,4.5606603162591455
940,1.3416302792490569,3.692051172772393,4.213170573463112
941,3.493197938182228,3.995554201032828,4.2383231504874255
942,2.3493640540599223,3.94567131277836,4.040187921840578
943,5.028171253008377,5.130007831207009,5.1363440658466875
944,1.1605568424323507,1.239257314291792,1.5509944289716915
945,6.016991552056971,6.0305211003691985,6.335571500296746
946,0.9171828702492212,1.1203685056200423,1.4071833366516087
947,3.8306939861806404,4.432860835201387,4.734949075339808
948,3.8217804769335975,4.3653938736665125,4.732798138212739
949,1.1827360631561659,1.7957345331575205,1.9781497261065868
950,2.148451548465101,4.589875796764588,5.018661963719481
951,2.9795620436807737,3.1120818633598346,3.33028352616765
952,4.054323079052183,4.160468567051447,5.126066131880702
953,3.4340866452159164,3.7878131839291647,3.9564872254407626
954,1.769761550756714,2.359708185047101,2.5983467277291377
955,0.8299932975409301,1.3641854723187592,1.7694942413220978
956,0.9054865762236006,0.93741948862897,1.1726949129689799
957,2.639200090450105,3.476673429693686,4.130916600581972
958,1.6344533648217123,1.862693129449028,1.9045175833365415
959,4.791908389227263,5.031787950834531,5.47963414490867
960,2.5611066971358905,3.500320093495932,3.531216934659085
961,1.3482674212099945,2.26479988688693,2.3932436272633963
962,3.239162029436498,3.3729273231873953,3.476066781227124
963,0.9941589938038343,1.302906583613278,1.458887072321689
964,3.33028352616765,3.839242000458465,3.953200707381499
965,7.060798810106429,7.288100051068324,8.984198553614364
966,2.9993891272134383,4.421913393329333,4.805921351428033
967,1.9450409509285995,2.7141598552052217,3.500320093495932
968,0.9342713690455683,1.6284928062652015,1.707396981790021
969,1.3376024834567193,1.7158913703947973,2.1206034442259467
970,1.7371442726382236,2.1913478279865872,2.336111771977929
971,3.369424762503243,3.493197938182228,3.5561856554691866
972,8.463085456592093,11.495519876770906,11.724626101045105
973,1.7818773244374275,3.4638376175504653,4.1731030606277
974,2.501610071793096,2.6515510867667524,3.08351486162559
975,1.1930504751497082,1.3505014903196255,1.5210111492274097
976,3.136469684138228,4.070355235703154,4.94598986222802
977,4.39673190513228,4.737785915763816,5.292978875356303
978,4.83411304691831,5.163019168919786,5.473846067585354
979,10.54843074606939,10.842035475525687,11.19121170330149
980,6.561461313201712,7.558457432762408,7.660280393795848
981,3.6145430655842694,4.657853258389779,5.25130419322744
982,0.8478082221792054,1.7004396978605385,2.5523563111139396
983,1.4497730407286802,1.483010135181272,1.6982725792604052
984,3.8003637888392268,3.8217804769335975,4.216249793970261
985,1.5952183860423745,2.381438387923118,3.0369839883242338
986,4.57127537862097,4.921408624124853,5.520516852501037
987,1.9739270018267623,2.6515510867667524,3.7774110898978273
988,1.634802415391994,2.288556529478599,2.401983147477006
989,8.166183425419044,8.444266407247934,8.774068941084709
990,3.1011218093199537,3.559962427895203,5.363652759139907
991,1.84795581283914,2.2599354942442553,2.387220797419837
992,0.6833414938852296,0.9865944692338696,1.1584731192325393
993,8.336242863480935,8.95040290588713,9.1946516933649
994,2.1354112495188597,2.8583696449459564,3.745648600754068
995,2.424240760424405,2.96264414110928,3.884479103968514
996,1.7664737473937437,4.360617161723679,4.977635397199147
997,1.1966429758532497,1.302906583613278,1.3239360768300832
998,1.9565316237404213,2.1465145092705087,2.5740415422465315
999,2.5304428096224365,2.5887825127811137,2.734118956689577
