0,32.17138875371303,33.20718874514423
1,26.362609359902844,28.707598417409244
2,32.84525926854824,32.90798453808733
3,30.145850342729087,31.22754241858054
4,33.34070610112886,34.60356103975966
5,31.231957781299034,32.48623905730864
6,31.65455514807839,31.842437818112813
7,29.27841510090469,30.27302154631372
8,41.16006817426104,41.17883770529716
9,23.927878083535685,26.442766869055433
10,36.915888504615346,37.078855093575
11,32.20015442875539,33.20718874514423
12,38.14910832258137,41.2997046339768
13,28.2632427357405,31.181651770747195
14,28.334138745400857,29.88488662277487
15,31.95337559726143,32.625409172443
16,34.659793484449516,35.550068773336335
17,30.677164634594842,30.949704790136792
18,35.724187201746204,37.06746002675246
19,37.845559340492834,38.094117358664356
20,36.75942756068444,38.06116067315448
21,32.05786853892523,32.63023409439114
22,35.44101458122313,35.513281952745366
23,26.751499272844374,29.182252525965808
24,26.12310460492785,32.27062907310913
25,28.916198181531144,31.145444802022187
26,25.572071070613116,29.502416374000465
27,36.790181211062006,38.01973251112651
28,29.01369366580646,29.43225504413455
29,28.396135220203355,29.200372299136212
30,32.76982392867743,33.62491461703272
31,30.248352282468545,32.469070489997286
32,33.59215867413156,33.62491461703272
33,34.095676718555275,34.399131118742076
34,38.1445021711783,39.715862994739815
35,34.000165724576696,34.23939456011389
36,34.263709672866725,36.359054258937995
37,36.06330036022698,36.08304559812569
38,27.117001394581003,27.36937106261936
39,32.91629853908768,34.02461701814478
40,33.93061096512988,35.22570299792102
41,34.82536528332479,36.097003417393715
42,30.957809704229838,31.60435251833686
43,28.815363234847325,28.91421786945857
44,24.269652876957778,26.17153026116852
45,37.55809770051579,37.80266857988606
46,28.124138752541796,30.40322590887365
47,30.483789524548392,32.1406619003267
48,27.406637008389584,30.00799863710932
49,26.785760855203467,27.914550156973473
50,27.985883958778263,28.82960097701908
51,27.299130711027786,30.75783258345368
52,27.299130711027786,32.58216593699464
53,29.836778747667523,33.25946276849166
54,36.26052405683633,38.26411264276038
55,27.460026154887693,27.9511088252565
56,26.808757124568437,28.334138745400857
57,24.87508858289442,28.70670360787948
58,29.128306058370057,29.436003877403163
59,32.023094682132914,32.14673679364261
60,34.18653982354096,34.7319335430555
61,30.936610934379956,31.12583065801668
62,31.55237177361117,32.361736596581665
63,30.86274782593173,33.40084732366921
64,34.23828394923996,35.30557817749875
65,26.034010294937666,26.274073415550415
66,31.768315391490606,33.08957982629783
67,28.640828108808925,29.896508138993717
68,31.35107098570966,32.2633982106714
69,32.56152629027175,35.28018688931981
70,38.053104171998456,38.06614413824905
71,30.666052326095606,31.284241859395056
72,31.017329404674694,32.66093828488956
73,38.11679531557952,39.715862994739815
74,30.276200415549063,30.40218778281729
75,24.025373524951608,25.64309838521294
76,22.867363940349726,22.96553906722188
77,32.10284786227984,33.458718549427545
78,29.81240782624055,30.277328101947955
79,31.344846003679198,32.981754603102296
80,32.006943520261956,32.800610734235384
81,29.43961910390031,30.483789524548392
82,20.82116300925735,28.46177207278679
83,33.286252254115816,36.20254805269269
84,28.721831914031064,31.440263265009417
85,29.932296483191237,31.141526703776417
86,29.982563782803,30.424064815605778
87,32.777946181607106,33.69319251995914
88,21.888123130275776,30.053626789249993
89,29.8070193567852,30.7337265106611
90,30.07226275401788,31.22754241858054
91,34.874206011874435,37.20060640774997
92,25.924595645080643,28.46177207278679
93,32.48623905730864,33.90786836659832
94,26.034010294937666,28.750120227809425
95,26.751499272844374,28.146987540576276
96,28.057380502466778,30.475591348796726
97,37.136250218977764,43.337868184439394
98,31.942682294483728,33.495905852410225
99,27.506963885472693,27.899800375373268
100,28.888873880961206,29.780963298493084
101,28.873674953717256,30.424064815605778
102,31.68263904518939,32.68445826701856
103,33.264440385921034,33.495905852410225
104,33.7451490502368,34.06994772899084
105,27.29073284385585,28.142331820904108
106,31.42428004160011,32.58755693475036
107,27.31423602615491,29.335521478110426
108,31.73720811279096,31.761343699937854
109,28.227370139865123,28.7774306405131
110,23.596443376547278,25.969663247779533
111,31.21221120504878,34.42406223302862
112,29.213118101666602,29.422117502447495
113,37.190843300586224,41.779873872164124
114,33.33112589761819,36.57857868226422
115,28.177619083434713,31.003640999565906
116,31.440263265009417,32.84525926854824
117,28.640828108808925,35.859620258886366
118,25.64309838521294,28.003124228451657
119,32.14112436524784,33.451309019847
120,34.20323603435123,34.80129384893804
121,31.169648856481743,31.651941705040397
122,26.789680083629005,31.768315391490606
123,30.86274782593173,31.022767639815285
124,29.044635332543177,29.749436012704997
125,25.65880904300203,29.07337020985351
126,33.14135954818044,33.6690452065822
127,35.01542237629586,36.153158803215526
128,26.12310460492785,28.43666983713427
129,27.468888816978946,29.748749103664853
130,34.78188721436961,34.985007807780306
131,31.810087226518686,34.70713572405427
132,30.272504995019787,30.344054961232285
133,33.42706277432547,33.69910937603062
134,30.344054961232285,30.40322590887365
135,30.722095251526248,35.17117842440389
136,43.34101925624684,44.28115471676573
137,28.721831914031064,33.21316186945639
138,33.14135954818044,35.99066038996828
139,34.50810439264486,34.558242004120494
140,35.269950581362764,38.225804508229594
141,25.978612995320383,28.618787007733907
142,30.30542562513813,31.22411267543553
143,29.961950043492877,36.596118363834044
144,32.65778059639581,32.66199367222448
145,32.57002093574168,32.89144034038405
146,28.384853829977317,33.24117356339494
147,31.030272463431317,31.588533434992218
148,32.60834202103325,33.07659370076341
149,32.88927882695944,34.21510138313118
150,31.515309105946923,32.30536476664272
151,29.885229362740823,32.76147265709925
152,26.49714960280504,28.482812144658098
153,36.80419492544309,37.49881420682069
154,32.5250575817688,32.76982392867743
155,40.04703510088851,40.239469107163615
156,25.978612995320383,27.61945302055806
157,28.916198181531144,31.42861602680655
158,23.72046440358767,24.84779039229388
159,27.72783994763157,28.704133149811014
160,26.057032664286936,30.820911124591717
161,29.727121614784757,29.950415056815494
162,30.145850342729087,31.12583065801668
163,25.866780011951473,26.785760855203467
164,28.873674953717256,33.80105805736276
165,25.492570658644205,27.406637008389584
166,29.226679634030766,29.875845538977977
167,29.961950043492877,32.395742447759254
168,30.405951540350728,31.443496003367592
169,28.146987540576276,28.711501709005777
170,34.42134608984027,34.456092383764734
171,24.117896105314824,25.171799595106087
172,36.80938901733497,39.21309783204847
173,37.93122160003919,38.87258492821245
174,28.00419614898774,38.004427521038636
175,27.31423602615491,28.36040763093177
176,29.749436012704997,31.120188310138822
177,33.80155652533644,35.49677003931304
178,28.493478304796604,29.080788679613335
179,27.646403952218332,36.413511360034164
180,24.269652876957778,29.758519679206575
181,38.97533675733396,39.34421874175529
182,32.89548737782017,34.12822478312036
183,39.32513881801937,39.49620677731328
184,29.07337020985351,30.91860325975198
185,29.064122293550113,31.035722435192998
186,26.944003571922742,28.077360858637586
187,34.50810439264486,35.95089813719283
188,42.09447646345921,42.286543528625415
189,30.420060840545553,37.818638003388585
190,26.2642713633354,26.398045396436334
191,28.142331820904108,30.05554149766843
192,27.460026154887693,27.500558015874425
193,31.623121217427908,33.022719275800384
194,35.53914112080572,36.21829121362579
195,34.61511940693308,34.870743343801195
196,26.878184410460275,31.680468297939264
197,28.222814770568547,30.538402270360546
198,30.857275972680778,31.455431831137332
199,35.66208781344638,39.428102106576354
200,30.936610934379956,32.116319686225104
201,32.2633982106714,34.46595744185482
202,32.940826215443266,35.098335839266674
203,38.01183636700658,39.25276494727598
204,25.392209918363708,29.521034239716233
205,37.67566977421119,39.023849032058116
206,37.32070490045283,39.88171775969957
207,31.05567785731375,34.04665912684442
208,30.328425012276504,32.12219071914046
209,32.66740090860157,33.20310614209293
210,32.687576017004865,35.40063032548498
211,29.8070193567852,36.597883602543895
212,31.921139054178933,36.3934236113841
213,30.47283957856177,32.131824445483595
214,25.39996935946079,25.65880904300203
215,30.119186576961955,31.936377118758443
216,30.119186576961955,32.66955988479799
217,26.767209136943272,29.79625679287983
218,28.71987837592423,29.07816345452205
219,35.010934443358536,36.26382463739574
220,40.181634199599344,41.038192158795844
221,27.696434765510364,29.97248314251568
222,35.52618165572073,36.48298793811948
223,26.707261632183272,29.580119208272585
224,34.433262077918016,36.03255446871433
225,35.76816359621016,41.07173793777291
226,32.20006159017287,33.10613384221097
227,30.9675436109234,31.120188310138822
228,35.93959213184091,37.860992362098294
229,26.878184410460275,30.040383475789096
230,23.791102778715462,28.164866108470143
231,34.99642179969526,36.22852998818086
232,29.896508138993717,33.223528996464864
233,31.782034209054938,32.43918679433873
234,29.191001304732286,30.58714485884409
235,28.384853829977317,29.19608225573422
236,37.31322598710497,44.97328692887925
237,40.8465499490773,41.974471644390775
238,41.18828504892715,44.695287613145126
239,27.99740723971388,28.174435923312952
240,35.09008501477205,37.075723650779786
241,37.98932515535544,41.71914357329
242,37.01941322377718,39.3708466535978
243,31.590727739088766,34.13797893751848
244,27.61945302055806,28.888873880961206
245,31.106612556464817,33.12413031775768
246,34.25770882829997,34.56048213526214
247,26.789680083629005,29.5076772351865
248,39.77716642983357,40.740274385555104
249,34.25207985456423,38.00342185941407
250,34.11201023721617,34.229106889853064
251,39.26421745351594,40.12998213835063
252,32.17138875371303,33.90786836659832
253,27.8564784875185,31.08220596654745
254,32.26880688443974,33.27266891168821
255,34.357930452631685,36.579484074446185
256,32.20515760085615,32.42744327018488
257,27.08085696358712,27.714683968931492
258,30.3466407617767,30.976714340525685
259,31.731991773380315,32.315575439991065
260,41.923561075921896,42.401962469387605
261,33.027971666824975,35.05441962822795
262,29.28356767943761,30.820057133352243
263,29.613104139254123,32.44057953508431
264,28.75913751073299,29.094503844716765
265,36.844834847703005,38.685673978897455
266,27.453183531964946,29.34689221029388
267,30.040383475789096,34.0217562388459
268,25.992847841378545,30.399763317099435
269,34.26878267251967,35.440891111945824
270,27.985883958778263,29.182252525965808
271,30.942472519722873,32.023094682132914
272,32.70870699569459,34.65228184629701
273,29.128306058370057,31.417036718650248
274,30.69483640549793,32.22325407323296
275,27.99740723971388,31.00906161459273
276,38.01183636700658,39.144676233544786
277,30.336587569012252,34.14156380005439
278,32.20015442875539,33.81954924919908
279,32.196725074680174,32.89144034038405
280,28.983167459630803,30.3415173380891
281,28.457399143545537,30.69483640549793
282,34.89850269222682,36.93349284867595
283,32.14112436524784,37.32070490045283
284,31.12646272161573,31.813930105613927
285,31.713687044647664,32.6772938335392
286,27.05285387723309,30.33530055606032
287,26.225745735821675,26.63185827426454
288,27.788539633784065,32.8942713344438
289,32.7668318127004,34.518705385713
290,28.2632427357405,29.08713451002689
291,28.931314929023163,29.665336870408876
292,33.01830328492709,34.32441042399557
293,28.639185976166566,33.699829510642054
294,32.26205759309442,35.714195662645956
295,33.78405902891197,35.70282276182269
296,26.362609359902844,26.960438940183792
297,39.656440796035795,40.490122749976074
298,34.31703445380355,36.01351305786876
299,31.90276874917823,33.037608694686284
300,27.468888816978946,29.226679634030766
301,29.19608225573422,29.312190060563946
302,27.17763684025346,27.788539633784065
303,24.90153305178471,26.83860278270135
304,29.394253242230434,32.95894064873729
305,29.560854156615765,29.59150474695487
306,32.63775866621353,38.49513908556269
307,35.74365263992917,36.21293401625418
308,27.696434765510364,28.806510265683983
309,32.777946181607106,35.28018688931981
310,25.069556024370627,31.20935378915433
311,23.927878083535685,25.439248664084005
312,32.88241312192841,34.58004893150094
313,25.29049257989327,27.101873231525914
314,30.924276787766203,31.71471657091862
315,30.11674049807918,32.231708013708484
316,39.89971311432276,40.95627692756291
317,31.398679393639725,31.47877159160643
318,30.48473299743758,31.022767639815285
319,24.695332962283178,27.53172314533566
320,33.40084732366921,35.9065668008863
321,23.557620977323335,27.29073284385585
322,27.9511088252565,33.24820737106969
323,38.518847694363835,40.16609082213723
324,28.204056094479178,29.89220652381021
325,26.057032664286936,29.133150627833768
326,29.758519679206575,33.30724433567215
327,27.00065903857511,29.5076772351865
328,29.112044687199507,29.17867909825345
329,30.53170301712429,31.19259735405157
330,33.323671677932026,33.848837980469405
331,37.28204074785968,38.55971674542496
332,36.61630548902246,36.684603701225434
333,41.44754098564303,41.47299161329941
334,25.171799595106087,25.897661280548167
335,38.24793655745202,38.34484414050983
336,34.874627119560124,35.542785745931674
337,22.867363940349726,26.2049184754954
338,22.96553906722188,23.72046440358767
339,30.892224628252478,31.782034209054938
340,29.748749103664853,31.04309454833996
341,29.133150627833768,29.875845538977977
342,27.650178779467854,28.4599948004389
343,31.67430632367094,31.93052052407631
344,42.90244665359087,47.747874340531794
345,34.811545951640284,37.681578124669024
346,28.639185976166566,30.586268625852377
347,27.60780207692969,28.204056094479178
348,31.191858814636525,35.488800879873246
349,33.86938264401072,35.552624652981166
350,33.25946276849166,34.89795093052646
351,24.051094136787224,27.73003973291416
352,25.992847841378545,27.797361693392112
353,26.2642713633354,28.63106492959228
354,28.576750337570022,28.74862295227369
355,28.03429067097126,31.73900249451262
356,29.67129081560569,30.677164634594842
357,31.93687673582344,33.166784447241355
358,39.539575077107045,40.25717343061248
359,20.871833350584154,24.025373524951608
360,27.117001394581003,30.58714485884409
361,27.05285387723309,28.457399143545537
362,34.33221918130582,34.49202410405473
363,28.707807041970717,28.806510265683983
364,28.223845203344403,32.3592680959806
365,32.63775866621353,33.15849242648671
366,35.30381001856958,36.5517176588902
367,25.572071070613116,25.953755898637468
368,37.03097472034184,42.342666040693125
369,36.85776913315717,37.29668094403357
370,32.777431853226425,35.976582141421
371,29.71832106585148,30.05554149766843
372,24.87508858289442,30.06014638688717
373,32.58216593699464,32.687576017004865
374,31.295015524769468,33.70208982314449
375,27.53172314533566,33.60966824841677
376,26.707261632183272,27.714683968931492
377,30.754423244968468,33.064136545661555
378,30.53170301712429,33.59525269559197
379,34.254771837510944,35.69330552280616
380,32.26205759309442,36.08304559812569
381,26.274073415550415,28.36040763093177
382,28.18845833955007,28.259558110326925
383,34.71753079221653,36.518553391858106
384,36.430956672189524,37.69952925783354
385,25.492570658644205,28.177619083434713
386,34.927251331646744,35.21125073584135
387,25.523249115905404,28.70517593611027
388,30.339755079240863,31.297751281463615
389,24.695332962283178,28.682570451711488
390,28.270314967466977,32.37169073774212
391,28.222814770568547,30.254291415361923
392,28.707598417409244,29.250484030543735
393,33.82750377233408,34.123889539125614
394,33.223528996464864,33.42706277432547
395,26.17153026116852,29.975797470209606
396,30.430124591482162,30.475591348796726
397,29.08963905038186,31.189953984479907
398,36.88421540748503,37.46753839736707
399,25.388204216471546,26.2049184754954
400,39.92289440111685,40.25781248618784
401,34.907585704257265,37.72848419963292
402,28.82960097701908,29.017355293588395
403,30.48473299743758,34.13401656126462
404,27.138224387281866,32.74929961038505
405,31.641759675236752,34.433262077918016
406,34.4622290059875,34.83213342597675
407,39.35262766613742,40.096843199212834
408,31.15941515057213,32.21001536340047
409,29.513228940003962,31.04732093366584
410,25.144589340811283,27.91026357619713
411,33.21316186945639,33.402180217867766
412,31.037900467722988,32.42440232412745
413,25.086868208978974,25.523249115905404
414,32.491043274031135,32.962422351346405
415,38.576787542460416,39.241212557374816
416,36.86615796087991,37.38289208883114
417,29.312190060563946,31.141526703776417
418,33.58835963365777,34.09668904399299
419,30.252456590607146,30.298543936270683
420,23.596443376547278,27.082112619121073
421,31.641759675236752,34.25207985456423
422,27.8564784875185,29.89220652381021
423,32.257164256477076,34.357930452631685
424,33.805089723522336,35.27877452521249
425,32.274061168324046,32.31352783409794
426,29.155401707961598,31.67522614371495
427,29.947670472844614,31.00224005320519
428,32.08223674318446,33.20310614209293
429,31.583592155309,32.34073982668445
430,34.37855502346179,34.98486869683675
431,38.15445494590008,38.79504862363254
432,30.754423244968468,32.08223674318446
433,21.888123130275776,30.331909386778005
434,40.25717343061248,40.429237048972745
435,31.759082565332665,33.09335403044856
436,31.921139054178933,32.60834202103325
437,34.04864598523254,34.45766461498555
438,31.93687673582344,34.1782497803368
439,27.646403952218332,28.031993130602665
440,32.11039272748466,34.06062629313887
441,31.779212894506315,32.37250035661557
442,25.086868208978974,28.405064438074678
443,20.82116300925735,25.144589340811283
444,28.031993130602665,29.885229362740823
445,28.223845203344403,28.965362068572222
446,28.46600422098954,29.335521478110426
447,40.21433614244417,41.042219378428086
448,37.080407918980505,37.70751942880314
449,34.10792487917161,35.746062946564656
450,36.93696374264253,37.25458476138191
451,28.220308351058286,30.69019142434595
452,36.34771370620218,38.6142275039562
453,32.128808729813464,33.04712847917765
454,31.973798155787247,31.98722708535117
455,29.827583138393774,31.04732093366584
456,38.215803303304554,39.92289440111685
457,37.88776571287092,39.559706904369236
458,29.727121614784757,31.433983688345158
459,36.566643702002516,36.68924845082582
460,35.70632590033313,37.98932515535544
461,31.073335134542734,34.06515104589834
462,28.61862303314618,34.7319335430555
463,34.52732814536843,37.59569003837012
464,32.188728925861234,34.41893032107989
465,34.85829203953918,35.411755734024425
466,28.85214895925814,32.783668897252845
467,29.513228940003962,29.615659923060086
468,37.590328651818,38.117128159262535
469,29.827583138393774,31.920400196071505
470,37.80157071126824,38.211353989885616
471,31.723681489971028,38.43682713771281
472,38.67520709060829,41.53632819334337
473,33.715412652083884,34.147602289696664
474,33.676346447581615,33.978894976228865
475,28.825000365319337,28.931314929023163
476,40.168021384257365,41.20046662711454
477,24.90153305178471,25.924595645080643
478,31.432140079050075,32.963152977425935
479,36.74533876287178,38.008793269644706
480,37.34881174870851,37.60817673891066
481,29.08713451002689,31.276369372123078
482,20.871833350584154,26.93621172339352
483,25.069556024370627,29.074856046471016
484,29.091538424096697,30.668643936402656
485,34.67358560428067,35.524594267679426
486,29.502416374000465,30.175444062759553
487,31.076873117731747,31.25829726208323
488,32.66740090860157,35.93959213184091
489,30.586268625852377,34.25770882829997
490,28.91421786945857,34.74993301040414
491,29.394253242230434,31.57954895658417
492,25.39996935946079,28.75913751073299
493,36.11586766271089,36.821473408898825
494,27.101873231525914,27.66085611671195
495,28.61862303314618,31.765578663114773
496,33.24820737106969,34.27333395713446
497,23.557620977323335,30.339755079240863
498,37.693747864350684,38.04562792907849
499,31.962810190756283,32.43918679433873
500,29.836778747667523,31.340161633006243
501,36.377535008864996,36.71343654691397
502,28.00419614898774,37.15926917114717
503,26.960438940183792,28.944040183583084
504,25.866780011951473,26.398045396436334
505,25.392209918363708,26.149013481247554
506,36.01351305786876,36.53383879238964
507,28.46600422098954,33.551128781546744
508,30.82278736646816,34.85627833531765
509,32.80723191307486,34.868879282259186
510,28.43666983713427,32.20515760085615
511,25.29049257989327,26.149013481247554
