0,0.03541136038970015
1,0.043155699987921035
2,0.03721023787557038
3,0.04323374492410774
4,0.04138201701704223
5,0.04173876631254826
6,0.04255535687978663
7,0.04924755433221068
8,0.04444270391229511
9,0.044682530642477965
10,0.03506352448426626
11,0.046544797351122734
12,0.04435492815737212
13,0.050650624703821236
14,0.05007293948814333
15,0.046684320117327295
16,0.04568238107634594
17,0.04881182462864156
18,0.048558731602416874
19,0.04432019700185714
20,0.04290861814631509
21,0.046714118076003744
22,0.04925019232137197
23,0.0427768064102736
24,0.04832050342287217
25,0.037956177633994316
26,0.041907272946514064
27,0.053308994843984915
28,0.03820399927503336
29,0.042752800983613164
30,0.05026481083192069
31,0.05136144658168976
32,0.0445506085482292
33,0.04878742338382251
34,0.042487020340644235
35,0.04484452043259358
36,0.042494096305392574
37,0.04457178486968314
38,0.04413234415932946
39,0.048166179627948745
40,0.043394292970215874
41,0.04553617111189033
42,0.04967577143017589
43,0.04658744555390483
44,0.043165754722791376
45,0.04350542077732581
46,0.04978842057256129
47,0.05298187300639813
48,0.03564518269570005
49,0.0423849208392355
50,0.040453676688165345
51,0.04742545163543355
52,0.04165168811594247
53,0.051370574048966944
54,0.04686313729461752
55,0.05167489367101007
56,0.04269167579735669
57,0.04179205404146372
58,0.04349058435866074
59,0.05055870896029614
60,0.04415098511459366
61,0.038723388520635484
62,0.049529415126879035
63,0.05277818137072848
