0,0.02473025011233691
1,0.02221080514262728
2,0.024986347170709994
3,0.021696681154703405
4,0.02517841170293181
5,0.025342320110701175
6,0.024434515971901938
7,0.024457551869163173
8,0.024006110368337344
9,0.024122682664095917
10,0.020468215153100103
11,0.02087627326886032
12,0.024454783862380917
13,0.024501334065356924
14,0.02108870574292527
15,0.0240043984981499
16,0.023006072583685932
17,0.02138104727846472
18,0.02082846646913701
19,0.024223627903430852
20,0.02357478988042669
21,0.024822427429648426
22,0.02175266664605271
23,0.019873401998868598
24,0.024480079841202006
25,0.024561230500438413
26,0.021824269490497462
27,0.021527999832539283
28,0.02437906632924447
29,0.024195000903095194
30,0.023786517655139897
31,0.02511492192327595
32,0.023727705965714517
33,0.024261968843659977
34,0.025243167295650924
35,0.02442342975744706
36,0.02126171582403592
37,0.023926915286012918
38,0.02418097154865798
39,0.02459961016664369
40,0.025108677100656365
41,0.022001833441912016
42,0.025246155686372077
43,0.02466012627647913
44,0.020758578005415643
45,0.023838314191603014
46,0.02363854641609474
47,0.02135111968155172
48,0.02401225092575429
49,0.023951617598758256
50,0.024744231159699228
51,0.02423186583579345
52,0.02429677331081852
53,0.023738908384170025
54,0.021150051730944884
55,0.024665853097601775
56,0.025220986374264502
57,0.024036081517655527
58,0.024757762717677306
59,0.02430767428206838
60,0.020856983751447292
61,0.024739981423069518
62,0.02447683162196284
63,0.024558481225990986
64,0.021266141278114367
65,0.02434640933130492
66,0.023748785708245467
67,0.025139669091284376
68,0.020882567064334896
69,0.021117589663915477
70,0.024443529001504826
71,0.024896813995111226
72,0.02379008151282498
73,0.023806575480789138
74,0.025136350990842056
75,0.02457162401209394
76,0.024693579429151336
77,0.022933482661187124
78,0.024631387485030437
79,0.024715695135839506
80,0.024477525426896775
81,0.020913668664148413
82,0.024723875456906488
83,0.024509622285528172
84,0.02186772592992966
85,0.02460208667056651
86,0.02082537175469579
87,0.021430238330550324
88,0.021730661187915674
89,0.024362630676198167
90,0.021282751958854478
91,0.02465944961260998
92,0.02460054489285403
93,0.021207376652820478
94,0.024445522918578343
95,0.024476276598891268
96,0.024611509255961485
97,0.021365880650148987
98,0.023260383787336338
99,0.02061382988190241
100,0.02460922764493584
101,0.02009702111958884
102,0.024691766792213677
103,0.02126495253922433
104,0.024941515017064358
105,0.020567107017823084
106,0.024177266613589692
107,0.023861910493178998
108,0.020961163372917837
109,0.02478654877198952
110,0.023493636556971825
111,0.02130779116190771
112,0.02300958018317503
113,0.02465369401390527
114,0.024438749415651394
115,0.024492185924775266
116,0.023905529243117483
117,0.02480918780891899
118,0.02445251376376375
119,0.02368197021857268
120,0.02286700083633459
121,0.02465506500142229
122,0.021030164977648626
123,0.023510584416484563
124,0.022278820679267876
125,0.02399193518274274
126,0.020985066601869884
127,0.024162298969196486
