0,0.6149872004397613
1,0.3854048504515646
2,0.7891881347754635
3,1.1770394375428401
4,0.8025051276589587
5,1.8230801747531236
6,2.1862207156775755
7,0.3536362592350334
8,0.28778172315219264
9,1.0943636660970335
10,1.0877501856087386
11,0.5642076456886032
12,0.8644123142784748
13,0.9020290225694136
14,0.6036685960874283
15,0.938257063311531
16,0.1424410420455913
17,0.6807071225495717
18,0.6131125373987212
19,2.4181489473739175
20,0.5360099787352299
21,0.6277145971629278
22,1.3881489190861287
23,0.9912681770385744
24,1.0171684875478464
25,0.3560339866441909
26,0.9650111925538247
27,0.8023647233377421
28,1.7754016853985535
29,1.0019538839018802
30,0.2861844427289195
31,0.4342446886552839
32,1.0288923099034704
33,0.8380791326471506
34,0.6423564393865498
35,0.3791522597063845
36,0.4021451001014445
37,0.718785668695732
38,0.721464114783093
39,0.9645403001890398
40,2.3168422713313324
41,0.7433953477980503
42,1.1152533810096386
43,2.4599907021601735
44,0.45846977821963103
45,1.067988271860802
46,1.9455840921241165
47,0.9950283806612006
48,1.8202802412620689
49,1.0784424280773617
50,0.48123233540648885
51,0.244426119568664
52,0.7950986245806912
53,0.8596560178530672
54,1.0106692227359217
55,1.6715738273380825
56,0.43623206328746056
57,2.4610546062296343
58,2.375833491158337
59,1.0220188862069488
60,0.44217181917820036
61,0.8622230637663761
62,1.8646805762572662
63,0.23482697210721795
64,0.4594579257498527
65,1.0283525224577101
66,1.23297946069246
67,0.5025006644103576
68,0.9851946785808297
69,1.0149370877958284
70,1.1389667147240443
71,2.3509348685369957
72,0.6355144732177173
73,1.220897123574747
74,0.6725460292727654
75,0.8727711165238289
76,2.416285101792501
77,0.7666803560208669
78,1.9711153461515416
79,0.6746953419511299
80,0.5438946006347196
81,0.5180696150893951
82,2.1538757556165566
83,2.410597303448804
84,1.0078070717726566
85,0.977397466323356
86,1.3059082442413699
87,0.26576665792885146
88,2.2138605139108587
89,2.213172548081188
90,0.27404600652361555
91,0.47224105505905956
92,0.7881198505837093
93,1.1789513973928274
94,0.5661249880052239
95,1.0308341058845474
96,0.24320046106218338
97,0.8967109806994411
98,0.6772378131082843
99,0.4746721888398903
100,0.4991710107837298
101,1.2807794527215945
102,0.3852092677054108
103,1.4358402783880027
104,1.9729136322712952
105,1.1994766794799305
106,1.1555004803072608
107,0.6275667448813573
108,0.9607382704208017
109,2.2226649760442685
110,0.32533128832301017
111,0.6890203040566738
112,2.1854655270382137
113,1.0697891045813346
114,0.36296147503792603
115,1.1435121967304545
116,1.7459823601948863
117,0.6292031363607646
118,1.762458844125262
119,0.5119343343635571
120,0.8612201900709183
121,0.22095706354196296
122,0.7622826720815126
123,0.529046415163274
124,0.8428039131138483
125,1.0019544958340028
126,0.3753102630807323
127,0.5806774746216348
128,1.0447996929030479
129,1.1505962756833328
130,0.3849774230022231
131,1.140127776432585
132,0.3444523511479375
133,0.7098470683908016
134,0.5847952256682352
135,0.5348643613276023
136,0.7214694161708495
137,2.4881902183312308
138,1.4540721163230381
139,2.4129429269292424
140,0.8003569381224754
141,0.7718930896357252
142,1.9363026807298305
143,0.5486772174868074
144,0.2701383943795749
145,0.2561177593089127
146,0.6584761671531796
147,2.046146985008607
148,0.8364095726229687
149,0.7178017880407324
150,0.808595828380158
151,0.8109815468167482
152,1.0257931278246604
153,2.4760244660006676
154,0.5667226506702078
155,0.3141205672587997
156,0.551839852739874
157,1.3361420022151909
158,0.922714218785328
159,2.0319666098632525
160,0.7829155051064944
161,0.9949115771394907
162,2.2677903689193304
163,0.8089608239667799
164,0.7582312646209538
165,1.0504399722961881
166,2.052641589602129
167,0.47877122675188327
168,1.0899575821819933
169,1.0475545931078771
170,0.47897472429561455
171,0.43324308088454266
172,0.6993193995304864
173,2.203998241512655
174,0.5554690753402108
175,0.7039950343444901
176,1.1181159877616969
177,1.1390102808133797
178,0.4375425846399693
179,2.1505598401539965
180,0.21042156749407284
181,0.4659777222195436
182,1.303489828878835
183,0.28746631327338856
184,2.149159374521321
185,0.4574305555856492
186,1.095112360853413
187,0.5023629653298707
188,0.742519894834957
189,0.9506090548375219
190,0.3095879128524342
191,2.2741829310616453
192,2.0124991173885567
193,0.5522003499619175
194,1.1313341094909637
195,0.6403067806474179
196,0.4722308511148858
197,0.6236783832937829
198,1.1456395414357816
199,1.1992355454936803
200,0.11743933958285148
201,0.5906834935098028
202,0.5389104768748427
203,0.8717602071643769
204,2.1210861171532125
205,0.6516522980521315
206,0.3820072567479412
207,1.0725633606053242
208,0.9135463664432811
209,1.0712131581139979
210,0.595740837155702
211,0.8186441164338324
212,0.934249632463882
213,0.5997279522544128
214,1.2476917079307703
215,1.0137333498535037
216,1.0239238611318555
217,0.39986817371000977
218,0.3729184959358289
219,0.8109129395081616
220,1.1150218715545337
221,0.871070304910759
222,0.19136110697555964
223,0.9820428923091595
224,0.5966362826387772
225,0.890521986726361
226,1.702610736683087
227,1.0873668319051302
228,1.0519333136742126
229,0.827261357190729
230,1.2320297238693085
231,0.7214685910020321
232,1.0715569093261004
233,1.1350466271521307
234,2.117939079002501
235,0.3147249186757035
236,1.0745354281388682
237,0.9667113196480063
238,1.0659885546205754
239,2.035252786911076
240,0.5265501535166256
241,0.9394135456065285
242,0.4917809633768984
243,0.35000080415883456
244,1.1436083464621816
245,0.7631978050930106
246,1.0736235344626468
247,0.9429115075015273
248,2.217857804495352
249,0.4692486970695664
250,0.7837566144640054
251,1.0409119577977146
252,0.951492281516497
253,0.9330927994602867
254,0.3329476346890009
255,1.0744019024868732
256,1.8350932240560036
257,0.8743138238399029
258,0.6592656541049516
259,0.31263352973665703
260,2.4647854255694943
261,2.109101150228276
262,1.091365706187192
263,0.5262675366137306
264,0.2400718662863611
265,0.6230531123179388
266,1.0483160024957614
267,0.29586406543322424
268,0.7941583438287988
269,1.1151554079745716
270,0.22113686753563122
271,0.4607645776702074
272,0.7223764279628039
273,2.341318036930706
274,1.0809130726876728
275,0.5530523609736532
276,1.857407309514653
277,2.2350893462275963
278,0.9737068046790287
279,2.084694734561091
280,0.5651428393505646
281,2.367603393640386
282,2.423807730337046
283,0.7278959145969565
284,1.1822996845231335
285,1.690618597863224
286,0.37312788911087746
287,0.7685084458761523
288,1.0723147253191587
289,0.5508328507663
290,1.1281034023079763
291,0.6379727183410132
292,0.455344942102314
293,0.6381855952195308
294,1.0425114438829832
295,0.8161096153247756
296,2.170448444674222
297,0.8349982462635896
298,1.257525949450279
299,0.807097249708314
300,1.02677332287411
301,1.6596709665001594
302,0.8187118683337894
303,2.068068989969529
304,1.1049514482352554
305,2.318073138484648
306,1.1986903308343733
307,0.4135788491160049
308,1.087711249001194
309,0.5935749397503373
310,0.37006765935434605
311,1.1456056910579808
312,0.5170977922443115
313,0.35767689525675356
314,0.6470486896928899
315,1.1225516775949367
316,0.429030151498464
317,0.5483542839287436
318,1.111680628681
319,1.7092873766195396
320,0.7265313782099008
321,1.2042528817260043
322,0.8474684511653869
323,0.7688283096201927
324,0.27308625112504764
325,0.5142942631287528
326,1.566379872388527
327,0.905315503913868
328,0.9549187262935673
329,0.2367405814907377
330,1.0794880816787127
331,2.2467188090332484
332,0.8565843488484566
333,0.47465735268071346
334,2.130774876449621
335,0.40277301064323756
336,1.236318768099808
337,0.514853637169462
338,1.6102646790624962
339,0.3780490650622137
340,1.1587588361025236
341,1.208797216358151
342,2.477671001936923
343,2.1864029822736835
344,1.1162290960197436
345,0.8318956377691156
346,0.792912354064335
347,1.4651298903205627
348,0.3511320291937868
349,2.0602250732324485
350,0.36326498424514114
351,0.8903657235300808
352,1.1384245781288447
353,1.8567535488631406
354,0.5800808641511882
355,1.4966560958930557
356,0.8729682047196008
357,1.0936577229543973
358,2.4459973412528844
359,1.8056907521265686
360,0.5579873775094693
361,0.5933720056851395
362,0.5869398819761005
363,0.6052992273803567
364,0.2421678643359242
365,0.9260657460361231
366,0.28128518065885755
367,0.4125650798150849
368,0.45672045492112706
369,0.16048247261321447
370,1.1315187746929798
371,1.8902335907445105
372,0.4475969383561504
373,0.7510356784879567
374,0.9752114432292774
375,0.8022976802349844
376,1.2589949832839118
377,0.6413219262628046
378,0.1703141783044374
379,1.426955302318589
380,1.0675860134926252
381,0.83053880315921
382,0.2733353477072243
383,0.9540906050048368
384,2.1005613745129126
385,2.484589582715564
386,1.2314227028165243
387,0.7113525031672314
388,0.45697819632313263
389,0.5612709375917095
390,1.1232146562750518
391,0.9869330921417069
392,1.0723850770920162
393,0.7608160871620272
394,0.8920940534675824
395,1.0991754107175276
396,0.14912658048834485
397,1.0118676035226275
398,0.6556188250823598
399,0.9424468783221869
400,0.3220653574318043
401,1.5187688100744126
402,1.0952055001543857
403,0.3982729609790504
404,1.088592571176107
405,0.09908524057546782
406,1.0493561197502925
407,2.3568364703069946
408,0.5859463320930819
409,0.5504466544662925
410,2.0707724847456275
411,0.46868704228122615
412,1.075759435162535
413,0.5069291261532162
414,1.1775078960767285
415,0.9621393586639044
416,1.1471040743053798
417,0.6201598078562985
418,0.5185451206940062
419,0.8058564255607061
420,0.8729707457735337
421,0.7286103393586031
422,0.23222574543665694
423,0.5106328621646897
424,1.0700622938658617
425,1.0124538610387022
426,0.9671404214431957
427,0.9351060769330605
428,0.8543184219749852
429,1.2237744985446757
430,0.7783412732626315
431,1.0800776763981441
432,0.5289081331651772
433,1.7444707623414561
434,0.7688754369492163
435,0.5017775597667037
436,0.6843211188002086
437,0.3617394459809038
438,1.614490113508517
439,1.1826894480554866
440,0.6025573805959782
441,2.154285745919926
442,0.2994714699363267
443,0.5237383845696244
444,1.1404596101439355
445,0.8711890340641347
446,0.515249402794435
447,2.066373380553607
448,0.33356888780972627
449,0.7077095714106693
450,0.45950901782929754
451,0.540340946466473
452,0.8120635752605738
453,0.6238293098256443
454,1.7652926363310015
455,2.2947010829949215
456,1.836263632086003
457,0.4154770621845794
458,0.9366194078426485
459,0.5410096866207648
460,0.4024959435933717
461,2.279444739131648
462,0.4717162885205227
463,0.5765400806115466
464,0.7474747135863425
465,1.0741973126024849
466,2.1755939864543756
467,0.5731027494485174
468,0.572402147458687
469,0.7033531411048128
470,1.0628545784559158
471,0.7368811615450364
472,1.0807218979019584
473,1.1140352173039967
474,1.0304949824752927
475,1.2043479447797407
476,2.346133148537713
477,1.0587060217392412
478,1.8907901267125276
479,2.316348424335548
480,0.5237376101362532
481,0.5050527569416001
482,0.7841008995579077
483,0.7605855834621242
484,0.5578476570388861
485,2.053623164760865
486,1.1134080091214769
487,0.7846042720023724
488,0.9466423796658561
489,1.0083768424013932
490,2.1723564429062043
491,0.3048883144019179
492,0.6845819539239703
493,0.5912449806947038
494,0.45561416641387803
495,2.222971631817917
496,0.9340969131352123
497,0.6471284862613285
498,1.079245077640678
499,1.04402966864828
500,0.22864724447307483
501,1.6818403005600846
502,0.605541422146266
503,1.5912662421184551
504,0.6387265112560885
505,1.4764758382307115
506,1.0941052326969845
507,0.8726848110344763
508,0.7991705350710033
509,0.6169396626300406
510,0.16353988166096292
511,1.0586672950138118
512,2.0719471012346786
513,0.6278228061143454
514,0.6133309266410736
515,1.0394376282169873
516,0.3351789396172668
517,1.0265916513599331
518,0.6110311465139697
519,1.0909435877508322
520,0.23067499136458494
521,0.306623510670317
522,1.0597719086020765
523,1.1436347547032233
524,1.087554553264956
525,0.6098630929943756
526,0.7829880868623998
527,2.017010794237673
528,2.210902446541599
529,0.5822265907497614
530,0.7379852657505234
531,0.9180083102869482
532,0.8168125407175858
533,1.0490556416592005
534,1.0247753656646212
535,0.9429283179665479
536,0.7724700972060918
537,1.4316825432337021
538,1.1348761742954085
539,0.7774092515141346
540,1.1283892294016342
541,2.0566533501438906
542,0.2773614454570314
543,1.0038402441333643
544,1.0713653845812574
545,0.6122184155605963
546,0.5183910339121018
547,1.0640503552119636
548,0.745700196004816
549,0.9130100767936413
550,1.2291954307746824
551,0.7092716283375768
552,1.7317227511160898
553,0.5631174334980557
554,0.23627853253737863
555,0.27171031631832904
556,0.8920398980223393
557,0.49515933938329654
558,0.8177635035649689
559,0.23469788072031195
560,0.40823858391132745
561,2.2812621438212504
562,0.29480617186836816
563,0.44217181917820036
564,1.1244019667252243
565,0.7604009407145492
566,1.8453675850193167
567,0.502568540799798
568,0.7989997703283501
569,2.410118783487984
570,0.4061449703576712
571,1.3497498029331068
572,0.46785444993039227
573,2.2962629119671982
574,1.9097500862762842
575,2.201785609948377
576,1.1710320786944037
577,2.194196438844028
578,0.29192221594267964
579,0.2926793408292493
580,0.9245328647158948
581,0.5285584581289902
582,0.3907361733507461
583,0.34518374521040185
584,1.636687914444632
585,1.231214442149513
586,2.212516126539251
587,0.957670649989752
588,0.7711277900602626
589,1.0146930938181686
590,1.0709461228047323
591,0.7861242041063002
592,1.050161761853257
593,1.093711546989564
594,1.0258885783815632
595,2.251506552663533
596,0.36482905324027703
597,1.8402206138554114
598,1.1137330483514574
599,1.3262239948294656
600,0.5161443482494666
601,0.3713727590566123
602,1.2243333295622538
603,0.828809254965866
604,0.524751762602013
605,0.5661728041900881
606,0.5807140704509102
607,1.1450586453000975
608,0.4977240420341225
609,0.5195364297915722
610,1.9534756763367613
611,0.8161050588043003
612,0.18227139153935312
613,0.4332118288220792
614,1.1013828029091675
615,0.6962071412937522
616,0.9342577146057168
617,0.5798189756267109
618,0.8226697412465029
619,0.787061559431644
620,0.4449238904493429
621,0.4829211568620259
622,1.5564839684979817
623,0.9936431173172191
624,2.024676449565125
625,0.33903763973716877
626,0.7987278912587114
627,0.8229131030744479
628,0.9148811618287652
629,1.2862594651438173
630,0.9236157839273257
631,2.3671673196364735
632,0.46810246673328926
633,0.8528584824468382
634,0.25488397593844836
635,0.9909309572479136
636,0.49637229759285606
637,0.7616212092685728
638,1.9687753237606302
639,0.6201077885526668
640,0.8791947029575877
641,1.9965983044604416
642,0.7502701604007255
643,0.49985707288221953
644,2.2535357433765113
645,0.859444706857902
646,0.35114387439371475
647,0.8270185616751364
648,1.0844028912614982
649,0.5375010264922349
650,1.4752369352146992
651,2.4870443893106664
652,0.9073587257481337
653,0.45677101331671965
654,0.6977969521636609
655,2.377050084461927
656,0.14751504726612386
657,2.093069520585385
658,0.9128348441385365
659,0.5209414270940516
660,1.1823302420692117
661,1.233581832640902
662,0.6314281702979972
663,1.0045437447723329
664,0.7898791020648148
665,1.6086829307109791
666,2.0459699958353568
667,1.7966651547137218
668,1.9986253710369573
669,0.5889397667153846
670,0.7162542165296033
671,0.5884470631973996
672,0.7628096592777065
673,0.2870614542457953
674,1.51820668574115
675,1.8239982283681249
676,0.4801170585093476
677,0.39418790181326246
678,0.33927260736686254
679,0.7196995753807423
680,0.5665149124477004
681,0.3149282061522949
682,1.1068686508157297
683,2.223784502259446
684,0.5191446875048756
685,0.9302914215287433
686,2.4267582435354953
687,0.2941949747515047
688,0.33963646775242284
689,1.1423511559612392
690,1.141765953338592
691,0.7889907528902519
692,0.7144010294326769
693,1.9241448805832362
694,0.5418259077463465
695,0.6089262679320486
696,0.8609637605944952
697,2.4231058770820053
698,1.1151730937802242
699,0.7434675560834767
700,0.865705450809979
701,0.2922427013230834
702,0.6904311291520678
703,0.26567295426666915
704,2.1319541704854403
705,0.5327792072863634
706,0.7214836462317458
707,1.1160216636026579
708,1.2057024196579447
709,0.7402263530966369
710,0.3527938458818365
711,0.5120223839310335
712,0.5368480469330043
713,1.0461266349214038
714,1.2152917678774648
715,0.47150550781071204
716,0.8670586408541308
717,0.44107140596254146
718,0.7150402841814126
719,1.4372643904567963
720,0.32317081402127473
721,0.6335854245044819
722,1.1102592975250694
723,0.5720484616256708
724,0.6128332301996826
725,1.948653102510035
726,1.0296022854561055
727,1.039613708124239
728,0.22743857662130446
729,0.30817248509207384
730,1.2048930700678593
731,0.46407285105513985
732,0.2900466045760955
733,0.9191271650788969
734,1.0543311516689573
735,2.1331955860677203
736,1.9719534586241898
737,0.6248734852178022
738,0.3151251704856409
739,2.2499520764042904
740,2.069183196337609
741,0.9360636361800659
742,0.35185877491073286
743,2.04373113703436
744,1.2284169950128105
745,0.593757269547139
746,2.4096236287476227
747,1.0602956460186914
748,0.6266642049186592
749,0.8425682821712678
750,0.9543100833865089
751,0.5229678594730193
752,0.35317936195959476
753,1.770657673056252
754,0.9030240367379953
755,0.7118300769396934
756,1.0477123180036108
757,0.8460864830922648
758,0.6107650720904371
759,0.26873037881985623
760,1.0688762703562151
761,0.29478028813585383
762,0.5609623042770188
763,1.1775389225380715
764,0.5042017461240051
765,0.335145986976524
766,0.35143615797268657
767,0.9042164625826049
768,0.5983700998198357
769,2.189026541164682
770,0.5067699770911318
771,0.7640847321055622
772,0.6736337342207916
773,0.533758352678518
774,2.0095161343844348
775,2.269729494723658
776,0.8382179396330685
777,0.37602734354910616
778,2.05301995254476
779,1.0579356760314795
780,1.082789515393082
781,0.28732740303354987
782,0.5682513153258342
783,1.0289026856947574
784,0.6205373085312278
785,1.179837524228927
786,0.6178116948412656
787,1.4566255901930767
788,0.9707313642660541
789,1.1143024202511378
790,0.728511049686506
791,2.4274625332520534
792,0.4024875041223428
793,2.205868338396868
794,0.45666295638846177
795,0.38589119350151924
796,1.0625012757894094
797,2.277373496936144
798,0.9627312092642251
799,0.6865761379716275
800,1.0783256722630519
801,0.7642793957705181
802,0.5327546677557584
803,2.1988910390610212
804,1.1600182416010805
805,0.8776315064897434
806,0.7442701483969499
807,0.979124295758529
808,0.8144958379478018
809,0.4571874169124073
810,1.0179481739064198
811,2.4595422167667595
812,2.1530040600246734
813,0.4827873634386671
814,0.7006552085855827
815,0.37528531270935206
816,0.3061926476088768
817,2.101083107610905
818,0.9416203865899392
819,1.2069265855436422
820,0.8108653264819363
821,0.21819706739935357
822,0.8621613236481376
823,0.6295186718893895
824,0.3095467878678747
825,0.3717939973520613
826,0.36689043141813227
827,0.5215199470429286
828,0.4590058403536673
829,2.4597291367016902
830,0.797073397206679
831,0.498693195720961
832,0.4835247173492989
833,0.37727399587097504
834,2.219483091540819
835,0.3919381344869116
836,0.7711417180632899
837,0.19153886437404596
838,0.32150308531936767
839,0.4053416660762006
840,1.6697648722168694
841,1.713427565542465
842,0.48893265250832807
843,0.23015673262937508
844,0.6554803356124929
845,1.6590049616931175
846,0.9061133141934131
847,2.2803813812528415
848,2.2586003390381904
849,0.7902414162736714
850,1.1450727086880772
851,2.345787432448
852,2.2916077787593734
853,1.1958438232536612
854,0.8728299655044843
855,1.0316878437449968
856,1.1831176434147883
857,0.8379266368899333
858,0.7671319986831407
859,0.626841344979781
860,0.37725882099051733
861,2.2109450496701957
862,1.1301907651519503
863,0.6030248983850975
864,0.7121862065012505
865,0.5994118961177096
866,0.8106933820129901
867,1.1395297219562024
868,0.8287735229017538
869,0.41244001970991306
870,0.9958653757357732
871,2.0481283269396964
872,0.6298139210268858
873,2.1469864440753716
874,0.628504177104863
875,1.070953805187678
876,0.7709514059304328
877,0.7903956117858051
878,1.5663561625597824
879,0.4612279090914337
880,0.782275674637727
881,0.8095333441317606
882,0.9909391321168382
883,0.8022579422034881
884,2.073752869080817
885,0.6681162765723042
886,0.7635306639196747
887,0.5925832817596665
888,0.7562260940673781
889,0.07604441441984107
890,0.587465410945994
891,0.450077070107158
892,0.8649531918180766
893,0.8118880502692122
894,0.9282698514439557
895,2.2182467952491494
896,0.2392145938059816
897,0.5222301925061208
898,1.1276022667883236
899,0.32282460466788054
900,1.0732179767585397
901,0.6474899789694658
902,0.87487821734524
903,1.0243370304237072
904,0.5107762932440802
905,1.0763054446364022
906,0.4335207390224392
907,0.856176619075505
908,0.243439310235228
909,1.745911695037437
910,0.7968638416354258
911,1.0406937562048313
912,1.5329963326294738
913,0.8020301758033076
914,1.0461590214301273
915,0.5382117984981262
916,0.5695807479372144
917,0.5239234087654536
918,0.2933190338412369
919,1.0423834872187479
920,0.8424577652231183
921,0.8736896936895012
922,2.3729955079381737
923,0.8446354047521661
924,0.8590456548225281
925,1.1339920317971772
926,0.7569664882755527
927,1.025314720003865
928,1.587956226662873
929,2.307780966166823
930,0.40758099591369934
931,0.9525304514990752
932,0.7706231538571213
933,0.6562078187716927
934,0.4378185989763866
935,0.6117270695903605
936,0.844271289222285
937,0.6822074323967328
938,0.6118613623568278
939,2.199176892367578
940,2.2306359682395716
941,2.4517320095544073
942,1.9259441798775212
943,0.5174351997561546
944,1.0649146276602848
945,1.021399429240951
946,0.8103935303691271
947,0.958055579188375
948,0.8019692371203647
949,1.0626639973712737
950,0.7737926956566338
951,0.15939718125732075
952,0.3721453203685345
953,1.0306925363063237
954,0.982932138924466
955,1.045229304948621
956,2.210955783193923
957,1.2301215913919354
958,0.48926253254634194
959,0.741090271628929
960,0.8304640224180888
961,0.8743016252342176
962,0.9427513325580945
963,0.7239556836256533
964,2.223086737740716
965,0.7909268433049407
966,0.7597829687539311
967,0.6055896692637501
968,0.2368112529889299
969,0.9246471149694668
970,0.762590786652191
971,0.8103958696731823
972,0.2325566877363219
973,0.2682822176475929
974,0.37005681481618974
975,0.9731813348387721
976,2.1732607997306745
977,0.5620569684883625
978,1.1414992722040498
979,1.213259288798195
980,0.37645913612881704
981,0.7944820399030853
982,1.8702507158104509
983,2.1423956349298883
984,0.3641494046689664
985,0.3098467414250617
986,0.2482038098528615
987,0.11588713886572143
988,1.0531541269191758
989,2.3134347539849736
990,0.22606138124271574
991,0.4613916225084437
992,1.4959617613656497
993,0.8447588541563187
994,2.202230874884208
995,0.3538754759681399
996,1.2154047147166835
997,1.0889013160384788
998,0.7858925369156738
999,0.8622906920466508
1000,1.1371039018936728
1001,0.12318401003451858
1002,0.845496229342265
1003,1.0984013586923524
1004,2.386534737191164
1005,0.8620053458729638
1006,0.725881844677854
1007,1.0560131436199893
1008,1.0233326524200987
1009,1.1794117114408684
1010,1.115394403910753
1011,2.161591746286278
1012,2.268788031691076
1013,0.7969740091417471
1014,1.1354572906494658
1015,0.3343315801392437
1016,0.232083566439652
1017,1.0361875656190347
1018,0.9921919297518945
1019,1.2601227119715825
1020,0.39805153981800445
1021,0.7921610108979665
1022,2.069167976771674
1023,0.3038127965830508
