0,0.013144850033688593
1,0.012807562235395921
2,0.012697390365900493
3,0.012804008641542393
4,0.012784955687201206
5,0.01315063395358611
6,0.01313555645331415
7,0.013144850033688593
8,0.012695040258848747
9,0.012774088210643906
10,0.01269064056367669
11,0.012781868409414615
12,0.0127365264205117
13,0.012656947463405347
14,0.012785847952860675
15,0.01313036471306574
16,0.013132673100254452
17,0.013144850033688593
18,0.013144850033688593
19,0.013182890412517488
20,0.012814175952878173
21,0.012645465808556423
22,0.012617574285104172
23,0.012722084577408282
24,0.012564393940464763
25,0.012705731697775963
26,0.012638271014074897
27,0.01268847698976364
28,0.012814175952878174
29,0.012684198688680584
30,0.012814175952878174
31,0.012867925298986936
32,0.013199533709726404
33,0.012655617552114088
34,0.012626444762932088
35,0.012826124415924534
36,0.012695969451819071
37,0.012693968375694786
38,0.012684683738931104
39,0.01272603118366043
40,0.012775765484991958
41,0.012814175952878173
42,0.012590442967512947
43,0.013144850033688593
44,0.012812458287294827
45,0.01265474856214587
46,0.012888791620016436
47,0.013144850033688593
48,0.012656947463405347
49,0.012814175952878173
50,0.013144850033688593
51,0.012893624792598944
52,0.012827117726829066
53,0.012807281383450837
54,0.013144850033688593
55,0.012697461474757619
56,0.013177132666996006
57,0.012787738485047804
58,0.012798636135909987
59,0.012814175952878173
60,0.012353890549051208
61,0.012814175952878174
62,0.012691785443680928
63,0.012741381885443685
64,0.012814175952878174
65,0.012778413288900796
66,0.012715445852390813
67,0.013144850033688593
68,0.012814175952878173
69,0.012741774537173994
70,0.012530821521884604
71,0.01272305690326098
72,0.012670386850279195
73,0.013144850033688593
74,0.01274152778635277
75,0.013144850033688593
76,0.012776357573324406
77,0.013196575476945886
78,0.012805656380517127
79,0.012583855113511963
80,0.013144850033688593
81,0.012904525670241496
82,0.012722470733653225
83,0.013125304887603769
84,0.013144850033688593
85,0.012659060159930936
86,0.01278965195028386
87,0.012644884262283735
88,0.013110935586815751
89,0.012814175952878173
90,0.012657763295111812
91,0.012814175952878174
92,0.013126940802690805
93,0.012814382844693287
94,0.012698778607255828
95,0.012680754089579322
96,0.013042867012253628
97,0.013144850033688593
98,0.012632704786158385
99,0.01268789039547191
100,0.012560172516939064
101,0.012802917519602835
102,0.013137452897719976
103,0.012857220836385668
104,0.012834104441338616
105,0.012732808744994939
106,0.013137314037967683
107,0.012642574006824116
108,0.012785610577574125
109,0.013214182533767596
110,0.012795667434706847
111,0.012728013709432467
112,0.012878966825501627
113,0.012819162382726132
114,0.012652377453001514
115,0.012814175952878173
116,0.013126336642444445
117,0.013144850033688593
118,0.012550934972438619
119,0.012713170061522018
120,0.01280707930059581
121,0.013144850033688593
122,0.012863383872972487
123,0.012775122840028005
124,0.013144850033688593
125,0.012814175952878174
126,0.012814175952878173
127,0.01271640292647267
