0,0.01117502723664781
1,0.011267142492653846
2,0.011603142580824696
3,0.011165488124358632
4,0.011579332495145717
5,0.011057544717387275
6,0.011587198300839803
7,0.010497935976699789
8,0.01156644144653617
9,0.011199184949051741
10,0.011406733334843471
11,0.01163666718605173
12,0.010677389016957391
13,0.01146467966174862
14,0.010440511270462123
15,0.011186115997339915
16,0.011422687135545615
17,0.011616572449837265
18,0.011408051504269389
19,0.011519657354109404
20,0.011606645825593332
21,0.01157176884637411
22,0.010595632742366154
23,0.01054724105539194
24,0.011450307934072307
25,0.0106087044629014
26,0.010527590475562676
27,0.011054509165006086
28,0.011570239897183289
29,0.011580186720482704
30,0.011580234158941199
31,0.010928709818295404
32,0.011335300825585927
33,0.010696045618022782
34,0.010571626410280928
35,0.011578880812496167
36,0.010892317072201398
37,0.011610213604187705
38,0.010588000825936193
39,0.010620863316224497
40,0.010384914655833525
41,0.011205192619606213
42,0.01055722952080976
43,0.010594399108848448
44,0.010570807136337812
45,0.010608140033641161
46,0.011073809046955733
47,0.011590301407026328
48,0.010598505321479452
49,0.01145856139448204
50,0.0111396134048491
51,0.011041066596379361
52,0.010497389705268168
53,0.011587905271286145
54,0.011559643265822107
55,0.011612952512675396
56,0.01060584922894327
57,0.011089474969919943
58,0.010808720290677667
59,0.01116515152452024
60,0.011494350086018963
61,0.011085251628030141
62,0.01131247738796934
63,0.011163146508810496
64,0.010542745596087772
65,0.010999195837717465
66,0.01037651734478362
67,0.011262938294983817
68,0.011488611256822927
69,0.011443264425286231
70,0.01062106988883127
71,0.011559440681608224
72,0.010636409354324368
73,0.011644068172480794
74,0.011460230803915186
75,0.010298353304061151
76,0.011089574933602117
77,0.011363194269668262
78,0.011364974730718864
79,0.011582543260604055
80,0.011156134747256165
81,0.01147272982646686
82,0.011559670367248398
83,0.010441256841049728
84,0.01109493653891353
85,0.010484888731956897
86,0.011445250708231648
87,0.01111955850918615
88,0.011170048490517859
89,0.011401892584590494
90,0.010994601924107616
91,0.010594864266932354
92,0.010998459746967374
93,0.011032887222829682
94,0.0112749716862391
95,0.011083665528350077
96,0.011624338469869393
97,0.011534590838021917
98,0.010343549571389913
99,0.011478292909885817
100,0.011566761624525381
101,0.011597112158539447
102,0.011535609124956032
103,0.011276706720718066
104,0.010556900929401616
105,0.011649247670300162
106,0.01060758137653453
107,0.011485767175295477
108,0.011588514807761678
109,0.011595367627607276
110,0.011067256307980066
111,0.011164432088115538
112,0.0115827277351104
113,0.010568288309600035
114,0.01116807700542326
115,0.01052650205116225
116,0.011145984743600216
117,0.01156929924901884
118,0.010638542199625867
119,0.01006397409870439
120,0.010958310173371493
121,0.011475325755846493
122,0.011121114256123513
123,0.011579888174493496
124,0.010587574048700374
125,0.011470225549060914
126,0.010421573405898098
127,0.010620614354007463
128,0.011418474836660628
129,0.011175634283146578
130,0.011525683630562732
131,0.011586792172695122
132,0.011115235548349419
133,0.011171234447305112
134,0.01098896798455393
135,0.01121468183431486
136,0.010881433002401186
137,0.01045994032615536
138,0.010608011422439766
139,0.011080808620896151
140,0.010981908236631033
141,0.011070425438291962
142,0.010193169014428538
143,0.011581702649836156
144,0.010616391305795312
145,0.011196905167995147
146,0.011573389398729945
147,0.011157002610343383
148,0.011113095783947285
149,0.010537872793669838
150,0.01117790740040234
151,0.01155198327465492
152,0.010482148170981071
153,0.01161629973904085
154,0.01060814712730311
155,0.011604777579721375
156,0.011561187271672293
157,0.011531339028379954
158,0.010537401802141652
159,0.010636249729045474
160,0.010741619549829407
161,0.010575583151526872
162,0.011048331809734663
163,0.01159928472918537
164,0.011506590933059859
165,0.011445194328706521
166,0.010847083872666244
167,0.011606475577711607
168,0.011423025836578728
169,0.011599995159914993
170,0.011611123579478586
171,0.01151959565011135
172,0.010998610760594899
173,0.011617693925381613
174,0.010518222135367745
175,0.011146426055534857
176,0.010457133201301762
177,0.011554697944611688
178,0.011491370317354175
179,0.011337564641590534
180,0.010432924340404751
181,0.01139972399929643
182,0.01164001433147289
183,0.011122487364094621
184,0.01152114993951309
185,0.011403477717398495
186,0.011019992045483887
187,0.010615378408764906
188,0.011271835328640472
189,0.010312824390636407
190,0.011015778803048977
191,0.011571013017232895
192,0.010618252747334874
193,0.01155690831219547
194,0.011299107824564817
195,0.01155087508926336
196,0.010302056629491126
197,0.010949384745852109
198,0.01052483073994441
199,0.01024149131815082
200,0.010241776061556828
201,0.011603132195487326
202,0.011018145973830521
203,0.011086267066807338
204,0.011137748407224821
205,0.011117697211994583
206,0.010562038832523839
207,0.011405558666474499
208,0.010613056477722127
209,0.010559113098178472
210,0.011610332913994728
211,0.01118611970296074
212,0.011575487010524492
213,0.011543298361253666
214,0.011556162890991682
215,0.011149392758547812
216,0.01120757714500365
217,0.011535340967502158
218,0.011495111652352247
219,0.011307569944749766
220,0.011570927341173726
221,0.011578345999097999
222,0.011593996958049878
223,0.010524378785352022
224,0.011114819985134458
225,0.011082717420741663
226,0.0111329177693291
227,0.011561658172635887
228,0.010161110254126953
229,0.011539624042493254
230,0.011560158333049417
231,0.011592470190811784
232,0.011171663885587095
233,0.010399456173666369
234,0.011435750219648712
235,0.011523141505500035
236,0.010166795825318589
237,0.011629564137887436
238,0.011437967579987326
239,0.011555288023962667
240,0.01160847586892493
241,0.011137882072333292
242,0.011490828429616058
243,0.011162680072854236
244,0.011302514027845236
245,0.01088942067007684
246,0.010520952731203374
247,0.011081878524631843
248,0.010593376937146577
249,0.01060888614130364
250,0.011519321521617895
251,0.009903018350007963
252,0.011155875865451163
253,0.011617508875290455
254,0.01051817144138577
255,0.011185996564262595
256,0.010546908206888127
257,0.010489894324096544
258,0.011166522970626086
259,0.01149472322129896
260,0.011575537777300488
261,0.011522163329558388
262,0.011567102276766768
263,0.011536418987893655
264,0.011121027478609843
265,0.011279497138692775
266,0.011120513647631131
267,0.011642168195807259
268,0.01154234058548044
269,0.011543225575930934
270,0.01105036285097182
271,0.010543492803243057
272,0.010648335590363631
273,0.011616040773010624
274,0.010791473173425749
275,0.010982686878998867
276,0.011358295155789644
277,0.010559839258852743
278,0.01142352622884276
279,0.011503499979110703
280,0.011600581167710266
281,0.010487984608762449
282,0.011050244913289629
283,0.010488115657437557
284,0.011591454138247921
285,0.01159665934599062
286,0.011537762046791898
287,0.01037911671301131
288,0.011059230204737298
289,0.011587165854611203
290,0.01161289812613359
291,0.011528725181411077
292,0.01152856600839055
293,0.01112534213633315
294,0.011223567197981536
295,0.010577935265525593
296,0.01136702128512323
297,0.011506106269308237
298,0.010609538868543818
299,0.01151178143193112
300,0.011215455141874348
301,0.010649389889351695
302,0.011212032153080755
303,0.011167190619570461
304,0.011140925260612323
305,0.01103750914620785
306,0.011557399389366067
307,0.011609504563278169
308,0.011092476939617695
309,0.011557432430213073
310,0.010410023193312485
311,0.010524439865452317
312,0.010639214556727582
313,0.011161389022061164
314,0.011647829152357094
315,0.010484144734368962
316,0.011351317650086522
317,0.010344273779399112
318,0.011632255184041639
319,0.011582814339789206
320,0.010087025182001417
321,0.011011987558630655
322,0.010584815156249724
323,0.011623317396382334
324,0.011372914021642552
325,0.01028082877362564
326,0.01088960460275506
327,0.011540920396796061
328,0.011021974171345079
329,0.011606459867334794
330,0.011488699981606794
331,0.01156106977396617
332,0.011593432248031445
333,0.010480612938936101
334,0.011286535409848667
335,0.01159514895927848
336,0.011546013716702148
337,0.011588901951203932
338,0.010840245337607959
339,0.011423641191828692
340,0.01141348473399749
341,0.011633393347339838
342,0.010518086069145106
343,0.01146754183950551
344,0.010804536844239921
345,0.01157613411847731
346,0.01054553272831718
347,0.011187216050290745
348,0.01135484189446765
349,0.01142704381575752
350,0.011440835425890004
351,0.011622272990131246
352,0.011231510698126515
353,0.010342218201369036
354,0.011508447744460826
355,0.010590547880490546
356,0.01117544220435287
357,0.010539135486143061
358,0.011547808497197231
359,0.011636386773351924
360,0.01127800330488889
361,0.011450279064817956
362,0.010539853073110407
363,0.010337469504216457
364,0.010580293997264961
365,0.01142084401505885
366,0.011157223006123441
367,0.011200679272783077
368,0.010593115775587185
369,0.011620980557480672
370,0.010603107683646936
371,0.010594667548384616
372,0.010624446783106634
373,0.010734860845580847
374,0.010882010016695136
375,0.010550042409320856
376,0.01156320164821584
377,0.010757564057784953
378,0.011155204803890787
379,0.01062580076961967
380,0.01167683185896621
381,0.011483269406102472
382,0.011012612719022713
383,0.01062906199838428
384,0.011405935632490698
385,0.010530073224832103
386,0.010535017831372962
387,0.011628324021698873
388,0.010627380090971635
389,0.011113091325151455
390,0.011107150922968859
391,0.010977454357245377
392,0.01160767597791153
393,0.01057828006721868
394,0.011531843351372558
395,0.011153862101436802
396,0.011223091672682968
397,0.01157152678218096
398,0.010945313853486058
399,0.010677128550206276
400,0.011546756496046721
401,0.011565143284597509
402,0.011593573266254681
403,0.011453523031241275
404,0.010972233048647662
405,0.0109830885253546
406,0.01161432036810936
407,0.010604304721261004
408,0.01076516275288677
409,0.011466402020224083
410,0.011605390301473614
411,0.011619884236619981
412,0.011532840546966964
413,0.011397679696363287
414,0.01059425708242961
415,0.01058911860974798
416,0.011049165597102213
417,0.010450509662180075
418,0.010511879363706728
419,0.011518304617546849
420,0.011548807174234387
421,0.011028831649496992
422,0.011089915820013474
423,0.01115524891863184
424,0.011571995135234788
425,0.010618217857671261
426,0.010547325877724546
427,0.010768673422022722
428,0.010913615789741888
429,0.011157469320457457
430,0.010375179724454753
431,0.010663705974847887
432,0.011534378304323583
433,0.010551684765146663
434,0.011133114426329747
435,0.01113971508085727
436,0.010983779795093584
437,0.011085699897230038
438,0.011539399871299457
439,0.010430301650626117
440,0.011636805264982099
441,0.011525250648006571
442,0.011161113156869514
443,0.011585334061404445
444,0.01148916424719179
445,0.010586674058504233
446,0.011415386335622408
447,0.011467564391529224
448,0.011580337284811011
449,0.011610851699939861
450,0.01152978103834252
451,0.010591212294327407
452,0.010603653765442388
453,0.011570880411863197
454,0.011474989858694513
455,0.011626396252767554
456,0.010956283138648227
457,0.011587058364369119
458,0.010609553747352667
459,0.011409716866609484
460,0.011038957414820704
461,0.010462192357594954
462,0.01162437524307162
463,0.011517412356152367
464,0.01150042202247917
465,0.010548048851070364
466,0.011577915430252621
467,0.011418678854897774
468,0.010679677999502132
469,0.011621357711418676
470,0.01052219584377375
471,0.010620274636615745
472,0.010909413321127711
473,0.011522440302714279
474,0.011610438989993291
475,0.011181450932193535
476,0.01160716131904272
477,0.011465658936117827
478,0.010619737988830091
479,0.011576552874233354
480,0.011134173195271196
481,0.010575784329182688
482,0.010381715398564318
483,0.011465400973359696
484,0.011147022670289641
485,0.011240179830104917
486,0.011135563545368
487,0.011586259442147355
488,0.011480438624288204
489,0.011608132766324953
490,0.010483823171745255
491,0.0111253886805661
492,0.010279225461389789
493,0.011576406046540325
494,0.011114133846625913
495,0.010361311595063193
496,0.011606758225051365
497,0.011531035355799326
498,0.01130430504782881
499,0.011483879647105878
500,0.011594510644115366
501,0.011479402030198003
502,0.010603010004221099
503,0.010595327630009995
504,0.010604468005960543
505,0.011605631237045744
506,0.01154521352345274
507,0.011485351387489465
508,0.009950715110097753
509,0.011213719061003932
510,0.011178151604449892
511,0.01117145581808239
