0,0.02521152339156119
1,0.027028852421817032
2,0.02321855092229955
3,0.02535638584573786
4,0.027835276049002357
5,0.02769369406112615
6,0.025906632546871637
7,0.023973800780360877
8,0.024504622726801588
9,0.023009758069981068
10,0.02635762621068687
11,0.02615525009133596
12,0.02618623012153533
13,0.019761460130686602
14,0.02812903028922319
15,0.02522951218402932
16,0.027194002648920072
17,0.027284223930808007
18,0.02597971450500666
19,0.027896233062424048
20,0.0240477477223945
21,0.025530060711522137
22,0.027147393842688397
23,0.028149598535735534
24,0.02719785918660868
25,0.024770565698915
26,0.02618665407112911
27,0.02596998466152482
28,0.02305740896815253
29,0.027463079362160202
30,0.02832766745755344
31,0.027645074535513993
32,0.021640738359552075
33,0.025205918105016982
34,0.024801025415374003
35,0.021456348928850018
36,0.026510227648750214
37,0.02362850699550808
38,0.025989405958193535
39,0.022499518639569845
40,0.02746317626490496
41,0.020808926036355292
42,0.024253078209621033
43,0.025782094446431213
44,0.02255594698662743
45,0.025456445110942395
46,0.02743022917682047
47,0.026767999338705044
48,0.023813382942353394
49,0.027545439827105958
50,0.027622742621469614
51,0.023934359032767204
52,0.02748737032301675
53,0.019209058479136135
54,0.026316896577102372
55,0.025699196305332458
56,0.02377963890631873
57,0.028391797162961255
58,0.024463215819126194
59,0.02307124023885333
60,0.022749202442040744
61,0.022341111579421955
62,0.02466962813153381
63,0.0267681567148447
64,0.02639331908586122
65,0.027684772826026473
66,0.02742084667101411
67,0.02694534166558085
68,0.02657239072980692
69,0.02287973075031708
70,0.021694436223438494
71,0.02173370550075857
72,0.027733224968329428
73,0.026551709537561842
74,0.0274133378742386
75,0.023406194494864287
76,0.027384665562234303
77,0.02801418605635526
78,0.022312170691249498
79,0.02621691454719904
80,0.026858541006226835
81,0.02622391872029689
82,0.027563021482365734
83,0.025960054512947847
84,0.022732233599790624
85,0.021632915417798614
86,0.023227446264643403
87,0.027682333998629554
88,0.025766731147903107
89,0.02307716340140874
90,0.02684263874676202
91,0.02320702827129445
92,0.027561454911693588
93,0.022164096356199644
94,0.02772367791369084
95,0.026600682035421867
96,0.022137057280422336
97,0.02749703252481112
98,0.027407262470527972
99,0.024368876135895397
100,0.028290366959363298
101,0.020931672032163163
102,0.026818732016891982
103,0.024487419292723037
104,0.022663014969736207
105,0.022165980756328953
106,0.027085719046651014
107,0.022718202563238733
108,0.024733842060343767
109,0.026117276618528883
110,0.026267956713159388
111,0.022735423460942455
112,0.027351516957407545
113,0.023172605457361217
114,0.02628969926913389
115,0.027611177931174808
116,0.02837548242251808
117,0.026220181052643194
118,0.027487374037326855
119,0.025469284101015
120,0.022272187162053574
121,0.027500077137257176
122,0.023171830352213953
123,0.025967454662787454
124,0.02303403248166409
125,0.025880857576681376
126,0.02704556861537051
127,0.02514280003628136
128,0.023482239308199704
129,0.023478829123800036
130,0.020146253261239155
131,0.02269665651591037
132,0.02231434234917055
133,0.02731354103927387
134,0.02764700574301143
135,0.02543660958243564
136,0.021578594140050224
137,0.024774470582415255
138,0.0228983093804486
139,0.026454171797761647
140,0.02776387778313515
141,0.021114487888976345
142,0.026502630798480312
143,0.02367859886780653
144,0.022312216075365276
145,0.026401897977173575
146,0.024206551514324725
147,0.02271148780295035
148,0.023576439362121934
149,0.027917623723092203
150,0.02616737042466151
151,0.025055125493927872
152,0.027868470216961014
153,0.02785375581612584
154,0.025859718842769924
155,0.02495310452731546
156,0.02554404022178983
157,0.022969335877771783
158,0.023093566740427743
159,0.0213824428930217
160,0.023103855482249958
161,0.026989819029865077
162,0.023327352165939015
163,0.02789650948009536
164,0.02521935978022536
165,0.02638382774318687
166,0.0261145678381598
167,0.027803762511237697
168,0.024339020315525203
169,0.02707220456524465
170,0.02664686493126707
171,0.0219318993166696
172,0.027991476466896467
173,0.025962293494916397
174,0.02618486017914609
175,0.023457644515448926
176,0.02639543430498836
177,0.02787320581001571
178,0.025542695011669368
179,0.023089391880929774
180,0.027210744481838772
181,0.021315252203698506
182,0.026112702980116878
183,0.02425136725319088
184,0.025475803291114017
185,0.02776150327883875
186,0.022229616281311756
187,0.022799044509129406
188,0.02344846495325961
189,0.023124028024587018
190,0.025674300951150295
191,0.024874328962431178
192,0.026546274061851213
193,0.027815368022173177
194,0.02806040174017844
195,0.02323090262450066
196,0.02705306511536931
197,0.023366355748235652
198,0.02325940397531094
199,0.026778564507876357
200,0.026139391856490165
201,0.02779617863205828
202,0.02599298414167428
203,0.02307719910285323
204,0.027935719659221838
205,0.025094113335693613
206,0.022582718404152817
207,0.02745539504723492
208,0.024741547128135515
209,0.027549387809328012
210,0.024701641687050628
211,0.02567767734387942
212,0.02342001699463543
213,0.022556294933495747
214,0.026978762015383396
215,0.02640863860152604
216,0.02587603530214629
217,0.02287071015975474
218,0.0247991819438868
219,0.027323817006120073
220,0.021674948376707928
221,0.022145552723642947
222,0.02334038369110288
223,0.020618131522834027
224,0.02269399600027068
225,0.027161264785517468
226,0.027536477392027477
227,0.02475090560655665
228,0.027436872768655873
229,0.026230192226374103
230,0.02785773870669795
231,0.022854321888669166
232,0.025874562907999905
233,0.027701769566214115
234,0.024394919132267608
235,0.022153074955103904
236,0.024683338738481702
237,0.02409519379052508
238,0.025353417248081798
239,0.02169501197790473
240,0.024154293934681145
241,0.02491083607244441
242,0.027333637243795367
243,0.0273737168864213
244,0.026488787597052976
245,0.025039254604135832
246,0.02490692484472105
247,0.025757248051069867
248,0.02311786193186188
249,0.028324494923588094
250,0.021629702157103387
251,0.027432177381449343
252,0.026295597236568796
253,0.02772459374484885
254,0.02359664763865956
255,0.023507613271793664
256,0.02600457225678429
257,0.026438447547434022
258,0.024914947287675942
259,0.02142950745612818
260,0.027571101281438984
261,0.02304379998151349
262,0.026842288057065174
263,0.026570299703723734
264,0.026648457829953915
265,0.02730025168284201
266,0.025877014581088334
267,0.02633488460552311
268,0.02470977281983803
269,0.028266233264654158
270,0.027634337520386125
271,0.023503166516503707
272,0.02505669679896394
273,0.0238115057378562
274,0.023370545366347723
275,0.02770591965620719
276,0.02729314365550932
277,0.026419811379195014
278,0.023617535138707065
279,0.025260986965140866
280,0.02610174970249074
281,0.02809756374930153
282,0.02219555041451905
283,0.024968179914970443
284,0.027142632253679817
285,0.025471727587572567
286,0.022747009767413274
287,0.023137525366743097
288,0.026225833379683323
289,0.027404844257605074
290,0.026064139978280835
291,0.022189454868273152
292,0.02788740095453587
293,0.0255980532181863
294,0.024600020459411044
295,0.027576219085969154
296,0.025355739788232388
297,0.024738434711696917
298,0.022816137713318467
299,0.023477500660072422
300,0.02735852153002996
301,0.027900101962533428
302,0.02373788728321258
303,0.026997831159712292
304,0.025105649146219135
305,0.02691248472910434
306,0.02773080191780649
307,0.027761903921345116
308,0.02172624549785353
309,0.023828077281401204
310,0.027409685779665748
311,0.02342818870800746
312,0.02444897657410017
313,0.026503777364469173
314,0.02512898726839519
315,0.027522294955449063
316,0.02607714608715678
317,0.02811804429658235
318,0.023646250371956407
319,0.02298920619816518
320,0.025633649396838085
321,0.023420511087259024
322,0.026021601510698964
323,0.02749913645421359
324,0.023271682195644572
325,0.02540734081064517
326,0.027202316423208077
327,0.026034355153870033
328,0.024743756499850174
329,0.028201093096492248
330,0.0229029178894764
331,0.021431259837834272
332,0.02644657941536952
333,0.02465187503966551
334,0.027948638500893592
335,0.02725624142182506
336,0.027360391345284202
337,0.02353253819708179
338,0.025849949264488425
339,0.021335278793141642
340,0.02067752890013125
341,0.02504350586474658
342,0.027328733679762435
343,0.020953844762976372
344,0.022853750610989477
345,0.027711711671980443
346,0.024447194424522933
347,0.025375341320778618
348,0.027194855803716354
349,0.022428676520081937
350,0.026275880494394662
351,0.025668623782241044
352,0.027462548004027088
353,0.023264566621437645
354,0.022469820300843796
355,0.02615342868895494
356,0.024841085496622336
357,0.021678069516854297
358,0.027715635192312987
359,0.02715957303030727
360,0.0259087968156055
361,0.02750943412063774
362,0.026123758938682316
363,0.02411974891461462
364,0.021399670715116892
365,0.027146434806961335
366,0.027842351869163458
367,0.025356018863589753
368,0.02136697801227176
369,0.02772661728840846
370,0.026070953013983485
371,0.02386516239283332
372,0.02221088822108782
373,0.026844907544814535
374,0.027382197832358172
375,0.0260163097856046
376,0.024605982535162194
377,0.025952213559495965
378,0.027353584589324485
379,0.024846807992450756
380,0.028355886432140542
381,0.02470741089396133
382,0.027967296325920165
383,0.023914191626413665
384,0.02335415841303437
385,0.02691176537219496
386,0.02229745510446359
387,0.026623888785402703
388,0.02686516176550041
389,0.023322912547653653
390,0.022225715354807926
391,0.02246043150658901
392,0.024677616835132157
393,0.024718848193971008
394,0.021905974394659588
395,0.023483520870773985
396,0.02368875627187214
397,0.02758530865946741
398,0.025870656448164952
399,0.021315037023456936
400,0.026307687515389307
401,0.027256011710963833
402,0.0250448956505331
403,0.025262174143984153
404,0.023497624335190315
405,0.023751409230590024
406,0.027794727717000246
407,0.019945166861010496
408,0.024408904887558786
409,0.02314772046963681
410,0.022812970497204654
411,0.023384616092379674
412,0.02688519081002408
413,0.025247466768405308
414,0.026394829596595788
415,0.02633623032648129
416,0.026687296249716753
417,0.025359666684277454
418,0.02693253518971384
419,0.025500248871592544
420,0.02630013071967212
421,0.023305779305699603
422,0.024553419372776813
423,0.026676560336315196
424,0.026152413120930834
425,0.022684885467351045
426,0.027443715766812444
427,0.024740193690888743
428,0.026926660231623805
429,0.026370239941323117
430,0.02183757968056662
431,0.026465325961061506
432,0.02271839674224456
433,0.026229131728135187
434,0.027782252516129737
435,0.025145990637169508
436,0.0277920249796238
437,0.02567120839002677
438,0.0269693772896557
439,0.02528520769508348
440,0.02741742110414533
441,0.02543588152719166
442,0.025828445832159177
443,0.022772065462046586
444,0.02384907240813564
445,0.02722564486199142
446,0.022617674580609076
447,0.027446293331090634
448,0.02117454143913917
449,0.026397532999110428
450,0.023647865544613747
451,0.023710710734602777
452,0.024891357836459835
453,0.02772316817138245
454,0.02551288426634371
455,0.027221260627258357
456,0.027941494877949398
457,0.027290599041626087
458,0.02629307745926032
459,0.02347170314484433
460,0.027088689397890782
461,0.02730614035487255
462,0.025091840411993162
463,0.024529558470307022
464,0.026095400089289594
465,0.023469609196683283
466,0.027743002914479977
467,0.025799051603413982
468,0.026135256342839083
469,0.027421527277284117
470,0.027768580645805587
471,0.02639323613376892
472,0.026751097896171857
473,0.026057970976075897
474,0.023276239567956623
475,0.026449541140358867
476,0.025936937577185248
477,0.02318799760964948
478,0.02290351473217734
479,0.022931472004108586
480,0.02766256723474704
481,0.0260091071708563
482,0.02457023173528398
483,0.023345205283051527
484,0.023175691574810826
485,0.023542849698008156
486,0.024824430889320306
487,0.025181017487737652
488,0.02370046218563721
489,0.02768394813214687
490,0.02273234739290872
491,0.02728716815833323
492,0.023211220611737242
493,0.02286229471407726
494,0.025507481551209302
495,0.027628829991584194
496,0.027595253624009112
497,0.025664410617149906
498,0.024575234491368822
499,0.022125863329102758
500,0.023165264531255635
501,0.027298092282642916
502,0.025560976102381342
503,0.021340317397838766
504,0.0233739854489932
505,0.025181191305846232
506,0.025723284277639712
507,0.02580778251219718
508,0.026247784043288147
509,0.027417231133555424
510,0.027273404450380526
511,0.023725555524486793
