0,1.08211874703895
1,1.30116440327583
2,1.0266847982938327
3,0.9882454335034667
4,1.0090868026882407
5,1.043281317057024
6,1.198383914574328
7,0.9948367689095169
8,1.062716574972018
9,1.0471258745768794
10,1.0033853628907845
11,1.1228124996769155
12,1.0375266873545868
13,1.1315214302885006
14,1.04119357574675
15,1.03308686190309
16,0.9949953440283724
17,1.0289575428851705
18,1.0472516426334677
19,1.0134711364403086
20,1.088877887572654
21,1.0741138667799437
22,1.198803873760829
23,1.1832587143130988
24,1.1312269126193024
25,1.0616700983124439
26,1.091863254573664
27,1.0413731175164347
28,1.121581905909074
29,1.0819549029704105
30,1.0161500951085793
31,1.0491521494973899
32,1.1061554599855268
33,1.0565413629026958
34,1.0061857315666605
35,1.0680861579662912
36,1.0869298375600145
37,0.98465085296196
38,1.0769367162045602
39,0.9968696210175767
40,1.0337689911503531
41,1.1903551098419825
42,0.9791875646882335
43,1.0217641174614034
44,1.0134867423109526
45,1.0831480250557983
46,1.106040008975644
47,1.0092622954474113
48,1.0426528455974802
49,1.034579954055048
50,1.1475316560566338
51,1.0451481025303773
52,1.0255351767591805
53,1.0530748387933782
54,1.1259213903082737
55,1.103728181751314
56,1.0353102932179923
57,1.0676882661766236
58,1.03236286015232
59,1.0227646470334137
60,1.0441164587596399
61,1.0170859836787824
62,1.0345227475636523
63,1.0523178779214184
64,1.15299353608277
65,1.0377724623346152
66,1.2145742951609861
67,0.991394411573917
68,1.1738264520795578
69,1.0904926307681322
70,0.9908699580586233
71,1.1023338524954538
72,1.2709815954629429
73,1.1301946710007762
74,1.0228546124664943
75,1.077952690343632
76,1.0027402159526206
77,0.9905778578194483
78,0.9931053488685281
79,1.155340503147289
80,1.1572077368943003
81,1.045216144281444
82,1.1310236682162342
83,1.0053230137275568
84,1.0276945762516274
85,1.070347691949208
86,0.9793149628061251
87,1.046231401082477
88,1.0098986652008834
89,1.2377321161537937
90,1.165185685992822
91,0.9693284825631022
92,1.0949597456972924
93,1.169497476760788
94,1.035810391823261
95,1.0069098692401828
96,1.0813689165288054
97,1.0025867122678944
98,1.0697374859794189
99,0.9858093378383501
100,1.0922531966069835
101,1.13225859916792
102,1.0383927694258137
103,0.9678325239929386
104,1.0107500067440909
105,1.0482810382592578
106,1.067544445257116
107,1.0171835419174258
108,1.0843281872311095
109,1.0238292761219505
110,1.007843945845588
111,1.0501628801243978
112,1.2005919537759904
113,1.0305507699732002
114,1.0313906335126972
115,1.0737837744949021
116,1.0278218819483014
117,1.0561554891105691
118,1.1161543297930159
119,0.994733147996913
120,1.0990241344961307
121,1.0254378950408003
122,1.1611301527288136
123,0.9679159587347623
124,1.0837445515476025
125,1.0407876310038868
126,1.0043239718470682
127,1.0501372330929863
128,1.1127725143850538
129,0.9796620938677119
130,1.0550532282813498
131,1.2146048221564243
132,1.0486975903126106
133,1.004414971829617
134,1.0809667557239055
135,1.1671617457721755
136,1.0302931409433307
137,0.984577367090959
138,0.9832181856208753
139,1.1047273153313308
140,1.0058254046021395
141,0.9842332110850578
142,1.2290874066280006
143,0.9760481820512815
144,0.9935430087233788
145,1.0315602030333837
146,1.071541335270846
147,1.0011076738420048
148,0.9851697784368443
149,1.1427799823117986
150,1.0215460315206037
151,1.0873842006866448
152,1.1623897886386378
153,1.0247077641860194
154,0.9748732693416364
155,1.1420372844615745
156,1.1027895057250312
157,1.0637208320567628
158,1.018176900866791
159,0.9468843519893104
160,1.0316739277098115
161,1.0036887864124813
162,1.0155402384505834
163,1.058670295491833
164,1.0053646644170788
165,1.03628496273718
166,1.0073987227531784
167,1.175059839080585
168,1.0898962734051056
169,1.0067129982180105
170,1.0961366344115713
171,1.0109122238051667
172,1.071909625744269
173,1.0185546170016344
174,1.0958917153240157
175,0.9869200092965921
176,1.1115595876707483
177,1.060054008654852
178,1.0388069128889494
179,1.1741204445251023
180,1.0177654697242486
181,0.9854841459243381
182,1.1583256498649919
183,1.0010535149929978
184,1.0351338016802023
185,1.082891494378878
186,0.9864644790387485
187,1.060924955671581
188,1.0563479751613465
189,1.2013551292246667
190,1.235095397153208
191,0.9962374361469013
192,1.0215294341236107
193,1.1115798962739043
194,1.1116106455266868
195,1.2321121800420851
196,0.9990010852465514
197,1.001215356556465
198,1.031067402574892
199,0.9964187374199002
200,1.1310162921898246
201,1.0659556236873438
202,1.1165703293682052
203,0.9658381983953132
204,0.9935064396248093
205,1.1316267887843963
206,1.0831705982462285
207,1.1711207376985755
208,1.0689405459072203
209,1.0143525678569403
210,1.103088322891818
211,0.9971344703769806
212,1.038758856769206
213,1.0562273858275215
214,1.1572014094228178
215,1.045218338346571
216,1.0378091106737934
217,1.0145912128983978
218,1.0811129171523821
219,1.1900947768326273
220,1.0777313264788866
221,1.0556216101614753
222,1.145523375191126
223,1.109075337196557
224,1.0154616462451413
225,1.1641428177459179
226,1.218218507636939
227,1.1715993177510233
228,1.0035798524265456
229,1.0561435096669833
230,1.1050707697805457
231,1.0612770931715572
232,1.0009969226236544
233,1.01993762466413
234,1.1713426933814388
235,1.0106823641976481
236,1.089973173127968
237,0.9696555590396125
238,0.9809955930752452
239,1.014875087734397
240,1.1539646469559772
241,0.9977084039405798
242,1.0021458898057543
243,1.0077221877676796
244,1.0414040664461506
245,0.986809003346905
246,1.0377850029273947
247,0.9919826665737916
248,1.1460739738865593
249,1.0159748035997047
250,1.1192144942862465
251,1.0268814065043537
252,1.0184187132610307
253,1.0998181938651057
254,1.0185324403829115
255,1.0913665924676954
256,1.0248433086753357
257,1.0063287285362665
258,1.0129201712385127
259,1.0506771326634485
260,0.9878717657440594
261,1.3128702366795306
262,1.1684557556549802
263,1.024165046218417
264,1.0597818164633936
265,0.9843469070083104
266,1.0247118388352212
267,1.1322502062597821
268,0.9914800259044765
269,1.1269315555528867
270,0.9962257985991761
271,0.9768557985338446
272,1.0010290290683277
273,1.0117371812245957
274,1.0870475110084556
275,1.1124503236495182
276,1.081777990693947
277,1.0684236594025616
278,1.0620691538466964
279,0.9939077853124327
280,1.0446738301142233
281,1.0100270554707633
282,0.9741552320352141
283,1.0990883793924928
284,1.1959220404218147
285,1.1966944471813397
286,1.0283081068059496
287,1.1207625804967472
288,1.0599785236692099
289,1.0078289988172422
290,1.0617042026407562
291,1.0662544145386201
292,0.9857060810410593
293,1.033510068286004
294,1.0781302002366462
295,1.0495942723658356
296,1.0247898764390957
297,1.1669323375950365
298,1.0423633505290126
299,1.0495124816697086
300,0.9884945222867647
301,1.0521601400687757
302,1.0415571025623156
303,1.1019591411339533
304,1.0104214810574104
305,1.0723956551834517
306,0.9839542879186998
307,0.9997106187888121
308,1.0993984448681888
309,1.0345846667876286
310,1.0351867604737295
311,0.995226971135788
312,0.9613262609451317
313,0.9974415565593859
314,1.0820185154825004
315,1.0879165525660377
316,0.9737283688577094
317,1.180869055694791
318,0.9981992880116639
319,1.2022017824777391
320,1.0108884089775623
321,1.0951128113811597
322,1.0976699430552284
323,0.9867112557454456
324,1.1692854510816342
325,1.0658317403074002
326,1.0221289161161629
327,1.0046467960456649
328,1.11247470769038
329,0.9793002939525788
330,0.9731486203751674
331,1.0897416371733026
332,1.0027762435667569
333,1.0642917352424732
334,1.0321435986499945
335,1.1596897777399828
336,1.022348802257327
337,0.997272653356742
338,1.0191027370146717
339,1.1005654818325294
340,1.0470877990021568
341,0.9702813736068189
342,0.9561323250516284
343,1.0510467988372545
344,0.9761320950807002
345,0.9674421691987601
346,0.9983983160905081
347,1.0129717566862015
348,1.0732079199610265
349,0.9804160489356664
350,1.0143791370457491
351,1.022496020702904
352,0.9818144540992906
353,1.136660347280744
354,1.0249509434204311
355,1.066648027088753
356,1.0497721836577134
357,0.9898766384381935
358,0.9800943119774995
359,1.0501384818242852
360,1.1064781969420912
361,0.9958950060128384
362,1.064188188541028
363,1.1181466058964653
364,1.1441623663122003
365,1.1000276042769332
366,1.0256506589115875
367,1.1290901162499407
368,1.1292634382330198
369,1.119648415528297
370,0.9793296547840871
371,1.0208340285601012
372,0.9994053391336792
373,1.0561755741282317
374,1.0342663517440016
375,1.0271451490442987
376,0.9669927420056752
377,0.9722211173542187
378,1.0323893165966902
379,1.022827072157951
380,1.1236760637693146
381,1.0203745884354467
382,0.9929872756911367
383,0.9953498522625666
384,1.03308072880048
385,1.1836966104657947
386,1.1106721506134623
387,1.0472668157705123
388,1.0281854053294965
389,1.1083237181019763
390,0.9888043720201398
391,1.017367141179368
392,1.0077308697929916
393,1.0060728968841217
394,1.0711282510914828
395,0.986007662241374
396,1.0812497578175586
397,0.9903234122936923
398,1.107438862163546
399,1.0596836165361436
400,0.9863699651075561
401,1.0039045210800808
402,1.0023429496453629
403,1.0524900463875588
404,1.0372058183990558
405,1.0933540700070925
406,1.0579718126761053
407,1.0068031707115244
408,1.0327918867046413
409,1.0954314953252933
410,0.9699894364855491
411,0.9576768475960766
412,1.0512675475406894
413,1.0004850381866945
414,1.0945940643080392
415,1.0108584920527661
416,1.0143624320355462
417,1.0223064944508435
418,1.030721615665957
419,1.0272107829876356
420,1.049234609431524
421,1.028129588491828
422,1.0305593303231442
423,1.0864496746929424
424,0.9868564349347683
425,1.0213001065251717
426,1.010740494562274
427,1.0343353959965103
428,1.0592958823367231
429,1.0037539071422543
430,1.0419865898837826
431,1.0109071181803015
432,1.0085943663060877
433,1.0279525078862028
434,0.9796729354448857
435,1.0016733203093775
436,1.1164255323951349
437,1.0139118607811302
438,1.0809195908566736
439,0.9852731178866436
440,0.9843706287343974
441,1.074910018101774
442,1.0578104790494196
443,1.1400953374133553
444,1.0779754992188386
445,0.9999222926459016
446,1.0793589936880275
447,1.1621662983617045
448,1.032135515788972
449,1.057277253055887
450,0.9961328897104131
451,1.059010728521951
452,1.1349431792221891
453,1.0457588849376744
454,1.0763480443917732
455,1.0917506629726639
456,0.9757636667644547
457,1.0199258846796573
458,1.0192686896324552
459,1.0245398597742938
460,1.0213728236296657
461,1.0650016590764286
462,1.0589395970427073
463,0.9966252963249208
464,1.1006915134240078
465,0.9807565178622462
466,1.0034258447732618
467,1.0693376301059387
468,0.9746623713850089
469,1.0819068748175125
470,1.0209519640939084
471,1.0376727139630992
472,1.0365161061627295
473,1.0220670374407261
474,1.0026381412615164
475,0.930328725043349
476,0.9890432690828782
477,1.1200562564638732
478,1.0112872228519223
479,1.027491248253251
480,1.2149525806764199
481,1.0730462733242794
482,0.9768501354797793
483,1.00995216078282
484,1.0021222549237425
485,1.0599593834350665
486,1.0461953516646956
487,1.0208002690303792
488,1.136528226977471
489,1.0359581745023678
490,1.1600449611071757
491,1.057246625026971
492,1.0700661713455617
493,0.9670146182737612
494,1.0304876822086926
495,1.0123223821613152
496,1.0046420338535456
497,1.005954454211294
498,1.0216176234192977
499,1.00432282110667
500,1.1220461497120067
501,1.0068947205623267
502,1.0815514788896614
503,1.1729770786476608
504,1.0493606557301383
505,1.1896254758200089
506,1.170479225850859
507,1.0274012022026928
508,1.0586398971406694
509,0.9740101038131261
510,1.0790580019885767
511,1.0168575146903145
