0,0.04049663170641421
1,0.03727260666003813
2,0.03847259894218538
3,0.04308466595251676
4,0.04535316757242745
5,0.05052778025402871
6,0.03763090312169965
7,0.05159131207712487
8,0.03811287706229408
9,0.04009588860962851
10,0.03720761319488733
11,0.04286636091882536
12,0.040968645991191065
13,0.040942811882707514
14,0.049867572508389496
15,0.051724564373948186
16,0.04674262521466771
17,0.036617811361724054
18,0.0488286047270442
19,0.03861357404984536
20,0.04434524684596775
21,0.03979530066035169
22,0.04932147260803818
23,0.0378844580230622
24,0.03634412659276023
25,0.04951852735241959
26,0.039374797047259276
27,0.038876231661235744
28,0.03802112716640001
29,0.05094915481268806
30,0.04270435564282681
31,0.04034243172531611
32,0.04044990193378415
33,0.041062807815663516
34,0.045511449371725174
35,0.04268029548620633
36,0.04184373625817821
37,0.04100642573503242
38,0.039940310859194854
39,0.039746424128125186
40,0.05250684679514976
41,0.05056254333149037
42,0.04020901564788444
43,0.04520975657091567
44,0.04225030486134126
45,0.047857364063838545
46,0.04199946926481565
47,0.04689465831646782
48,0.049318123290170233
49,0.041850903483491006
50,0.04786680472921784
51,0.04992047406531132
52,0.04030718315648881
53,0.04639815338526155
54,0.04776996280643041
55,0.03320404455723845
56,0.03939595332056738
57,0.04205417873744833
58,0.047613393185126154
59,0.04622298230794962
60,0.04678676810752333
61,0.03759292006262336
62,0.037313687816321106
63,0.04261323451791672
64,0.03992724683008807
65,0.053766392963204866
66,0.0437200776814873
67,0.044285116335613994
68,0.04169389715682703
69,0.04125540662773593
70,0.041394503296387955
71,0.040805754814623556
72,0.03635554486159104
73,0.04538555345479251
74,0.051215593323978924
75,0.046445160734240695
76,0.0412566898046132
77,0.04853079500174969
78,0.04680172574179975
79,0.03893902382090526
80,0.0504630830688169
81,0.040364418279758466
82,0.0442143752969042
83,0.03912235520195674
84,0.03676423710073547
85,0.04396629324771995
86,0.0402050102386557
87,0.0471377126916166
88,0.0369326107995502
89,0.04294181193010793
90,0.04420535242815469
91,0.05250788829411993
92,0.038024745712438635
93,0.04637084102768026
94,0.041333109604912044
95,0.03356010400209228
96,0.034451355871110534
97,0.040988540190560585
98,0.04058661637027616
99,0.04960382482865453
100,0.03495090470943478
101,0.03659765491204424
102,0.04005135773580625
103,0.039565470899675145
104,0.038156104273434785
105,0.05146726246897754
106,0.050972322927434664
107,0.04082477567803562
108,0.047061083993011746
109,0.05019679079138487
110,0.040792915232220804
111,0.04795086391802341
112,0.0346834192757445
113,0.051631965837370224
114,0.042216900235237526
115,0.03986760025809829
116,0.03471335310472296
117,0.03613204196324669
118,0.04474786456203983
119,0.034523823498756954
120,0.03825101656966776
121,0.05009685955895835
122,0.04113461871062482
123,0.03614103948405367
124,0.037796893338320245
125,0.03816180384276091
126,0.04602399204674901
127,0.038340752329342226
128,0.045499292710159206
129,0.047634781777971216
130,0.03935434134641744
131,0.047186414380569516
132,0.03917690827380672
133,0.03792121881142062
134,0.04765980423921935
135,0.04173749067086269
136,0.051108851274809186
137,0.046716479390532646
138,0.046196850524088645
139,0.048190693474055184
140,0.04234476457786397
141,0.04017635111082028
142,0.034233704027506175
143,0.04468913299783482
144,0.048520001011251576
145,0.0405682373398506
146,0.04671280049040802
147,0.0479558482266373
148,0.03829489234801281
149,0.03596550434667379
150,0.04203653951215347
151,0.0410591694224059
152,0.04887498681283316
153,0.039297598113635576
154,0.040618238861197385
155,0.03871065357453621
156,0.03547965823215762
157,0.04332559990988604
158,0.03841763495581861
159,0.04501994087797954
160,0.04467181818609375
161,0.03714628899838864
162,0.04933769486235503
163,0.04267040787433013
164,0.045104593705298596
165,0.05190595994856963
166,0.0451830721780013
167,0.03971675135011744
168,0.03580601747604122
169,0.04753667277576097
170,0.04805006851866428
171,0.038183903794361325
172,0.048219222798522324
173,0.05061350351868303
174,0.049046649029829206
175,0.04993436755523167
176,0.04562519345212137
177,0.042494820358518884
178,0.05082931714183102
179,0.0408843851573184
180,0.03938343741502384
181,0.035816145208261825
182,0.04674292479312735
183,0.04087651984808541
184,0.04259209912383338
185,0.0508322972251586
186,0.042323522214768386
187,0.037327116180397746
188,0.04247740961162836
189,0.0404348231400061
190,0.03828499436805206
191,0.047390467557256746
192,0.045601905018098916
193,0.04200755888710058
194,0.047513858440259016
195,0.043826456671861275
196,0.0464697289696058
197,0.03953256053156482
198,0.050718975118854634
199,0.04724015448768083
200,0.0399195495446209
201,0.04892841475233669
202,0.03924180777464104
203,0.04234632789807507
204,0.050377852896498675
205,0.04191972629123608
206,0.048619474424732544
207,0.049432368339269624
208,0.040444195713801825
209,0.050977389620654165
210,0.04770608974451397
211,0.0400231549183582
212,0.03874219320699108
213,0.042333976217041366
214,0.04105147818930131
215,0.048099478870813415
216,0.040300385239968824
217,0.05050802055861238
218,0.04271962347136343
219,0.043289840268370204
220,0.04065189445539981
221,0.04308348001233
222,0.04819820426022626
223,0.04049744094633721
224,0.042442061584508035
225,0.03644231007381195
226,0.04639304410525087
227,0.039100343056132456
228,0.04172362278074668
229,0.0346642932993626
230,0.03287790294313221
231,0.04261636740254138
232,0.04692729909042787
233,0.03792270382144239
234,0.049068005223125266
235,0.05055626360263797
236,0.048851916723873796
237,0.037547563266112235
238,0.050862173666709275
239,0.03863986715261788
240,0.04689281343573667
241,0.04207250132602234
242,0.0526050743289463
243,0.0506821310306923
244,0.041389628887657154
245,0.03619445331494229
246,0.050452274614632024
247,0.04589042707731296
248,0.049722201188917604
249,0.04614391620603025
250,0.04830339323280116
251,0.04728181228260787
252,0.0468864644564735
253,0.04102874865786037
254,0.040253045956416884
255,0.03975330124106286
256,0.0415615785282403
257,0.04279107918189638
258,0.04142847076320681
259,0.04078621100109508
260,0.03446463936439121
261,0.04215881649284888
262,0.04241042456533195
263,0.03572714972227654
264,0.040614941406047836
265,0.04273787015411649
266,0.04168104585658513
267,0.04095175065572867
268,0.04436749303035055
269,0.041617594553908135
270,0.03667555155169617
271,0.03802595085082257
272,0.049395052982651524
273,0.04557356768715556
274,0.04666181869623409
275,0.04913094709816103
276,0.04124344995957891
277,0.04123572612640122
278,0.04140279064285801
279,0.04901568942186
280,0.04786793064027081
281,0.03649715946224938
282,0.047397663752390407
283,0.04716418390202489
284,0.049276685246403
285,0.04639287010633058
286,0.04087262740686872
287,0.0406123981346524
288,0.04042670374150073
289,0.03247716154818585
290,0.042230022581688745
291,0.03682851346449809
292,0.041476218891810156
293,0.0391530475731372
294,0.040529618683034126
295,0.03760627189287668
296,0.049455110332753134
297,0.040897037155004874
298,0.03972244315767029
299,0.05079254603527084
300,0.049209755228308304
301,0.04689376174240974
302,0.04848522116205796
303,0.05125987350599616
304,0.04014810680699908
305,0.039252032650996
306,0.04671656735437438
307,0.042042492088162096
308,0.04953251114181935
309,0.04589401073099415
310,0.04078150831216474
311,0.041755611400518165
312,0.04005179467236002
313,0.040907759603827476
314,0.039070457936597205
315,0.040500699033980375
316,0.04691339019791506
317,0.041222863163899864
318,0.048638146495331686
319,0.03904539473542767
320,0.035812389582921975
321,0.048882113044722196
322,0.03919396737625365
323,0.0543509549387223
324,0.05152414155344428
325,0.04195523056696421
326,0.03990080932825232
327,0.04974155171123241
328,0.0514190335127696
329,0.04980690243603077
330,0.0386521274009653
331,0.03436797331535479
332,0.03452685065560236
333,0.03703839291881745
334,0.04613793371620691
335,0.04003627114753906
336,0.04693719875835772
337,0.040968983541958236
338,0.04158883273102128
339,0.04202454751072019
340,0.04399063818492163
341,0.048943493710141124
342,0.0358131442093883
343,0.0404982207756847
344,0.040620777982161065
345,0.04057178736811813
346,0.04915475239757565
347,0.04701168060731622
348,0.04972406620565795
349,0.05216520217879868
350,0.04111135787908605
351,0.04930744580512495
352,0.0530893232486683
353,0.04055232444405408
354,0.04007891973883712
355,0.0501298678633872
356,0.04631567150489967
357,0.052236456710404305
358,0.04190647533639528
359,0.045684359776610534
360,0.04893953111838777
361,0.037017837580198186
362,0.039832208495660514
363,0.04142968092464733
364,0.04247656311230889
365,0.04230402230808039
366,0.0355825270294095
367,0.037445824400598716
368,0.04982850415610228
369,0.03673839781429853
370,0.04579815503721199
371,0.04055210427330466
372,0.03254224175100867
373,0.03942853844494501
374,0.045961570243702815
375,0.038273517108139775
376,0.05055119653455484
377,0.0494373703834881
378,0.04124710258698106
379,0.04968169762935691
380,0.050789127614028165
381,0.04775650190462994
382,0.04431800752585893
383,0.040812840026447465
384,0.042456911902362754
385,0.03836808156328034
386,0.047812783143163895
387,0.04085078195633718
388,0.05101721243568841
389,0.05308321014441553
390,0.048495301791571556
391,0.04084730380637104
392,0.03892675650249667
393,0.038746264863934406
394,0.05196055305294899
395,0.037319171438059226
396,0.042600826728903626
397,0.041454795601027564
398,0.04080202224645725
399,0.04902603878876688
400,0.05048850178972471
401,0.04285318669848886
402,0.0390551217831186
403,0.046999836998317786
404,0.03886016414412004
405,0.05184886530001651
406,0.04066020641067178
407,0.049843937203797116
408,0.0503608718946026
409,0.048590581242115884
410,0.04755688381009585
411,0.035003568840845815
412,0.038790022058871644
413,0.051368964809759214
414,0.050249560290421394
415,0.0397539434372713
416,0.030995444025701098
417,0.05154227894175273
418,0.046893746271491926
419,0.053353578457770855
420,0.04801363488144253
421,0.04636387316809945
422,0.03282966871485722
423,0.039248328755042916
424,0.04060500643052693
425,0.04199160864721912
426,0.049061371495306316
427,0.04080569038383164
428,0.045817076618208545
429,0.047866055475678564
430,0.04290812500239656
431,0.04298701076480159
432,0.04690035124352225
433,0.05315257411751019
434,0.04077502879141681
435,0.03845597890708113
436,0.04286364892727111
437,0.04683989145895518
438,0.0478523049529013
439,0.04008702779396177
440,0.04046785441891663
441,0.041098740683364894
442,0.04778743987326497
443,0.04562454039800805
444,0.03736424283765648
445,0.053667051326869615
446,0.042909179927900436
447,0.037449204368028635
448,0.03957660795863019
449,0.03673156047244796
450,0.05351696185963234
451,0.02929284812902659
452,0.037406330494647894
453,0.04270880308135619
454,0.049849070188612024
455,0.03813539133749545
456,0.0472186311907311
457,0.04009477915940558
458,0.040277175357374434
459,0.04111477525214014
460,0.040855315771722744
461,0.046331896391363876
462,0.04034634011084872
463,0.05166490019987797
464,0.04961212445804678
465,0.038878108481595376
466,0.03913465279197695
467,0.04302194556866202
468,0.04050944600581774
469,0.040714542129365226
470,0.03322356083473211
471,0.04992756380341948
472,0.0490951833477034
473,0.03905052747823315
474,0.048282937767166724
475,0.04195642977220908
476,0.04225136579631725
477,0.040509764910095926
478,0.04051978840541819
479,0.04746619523655185
480,0.05211985474591911
481,0.04930690201400065
482,0.04705963360090422
483,0.04172911784600994
484,0.03935111312381608
485,0.03790354012015417
486,0.048977861042991164
487,0.04698274434286225
488,0.037759446252550975
489,0.04041121385384963
490,0.05046621885116957
491,0.04862941728992533
492,0.04872337094628237
493,0.04987917840299238
494,0.041665624594376206
495,0.043582822452475974
496,0.048976703815986566
497,0.03299919070887087
498,0.044810370817042894
499,0.040594412091730654
500,0.048885665750915845
501,0.04097568615127613
502,0.040969430428515204
503,0.040511419148796336
504,0.04976080163075216
505,0.049526857737480334
506,0.039726944608641054
507,0.04058468163126985
508,0.05178492186977808
509,0.04231741333250751
510,0.04914718700033676
511,0.05301654806230259
