-0.11876112123452676, -3.0056393987828334, 4.865159931750233, -3.6624651259127687, -0.9913235420064659, -1.9828801617314813, 0.20900981977737315, -8.051084976613815
2.4812713939666238, -3.423244191747984, -2.5456196420249775, 2.2458893323824336, 6.880488612901381, 13.819108024231996, -0.6976955832149403, -12.178725748060218
0.8576065979501402, -2.981397132319144, -2.183851653691024, 6.63534488672688, -20.634539211828667, 8.040604223855302, -0.11127633101048096, -12.500936170258022
-1.0290772056816184, -0.8664489374746391, 1.4541061229426648, -10.281794319868025, 13.142643910574389, -0.18748989649873038, 3.394124726555047, -9.354420835876285
3.0767755138284545, -3.721139143648462, -2.694330103828302, 10.555860088624078, -4.2490747206465596, 5.150099825918854, -0.4125432009585015, -15.78729891825445
1.6478160367971153, 2.3990553676257766, -0.44188500216757554, -9.381700507543117, 9.589200249442584, -4.471672288604901, 0.768866852215706, -8.753831444788311
-6.745952672338683, -2.37855855185197, 3.2857649068550283, -6.696586681219857, -0.3100437581567652, -5.18082542049624, 1.6860079312223542, 14.919952933459053
-1.7434940045760996, -1.634971293556693, -6.932327202047176, 3.373460635331784, -5.099396342475202, 4.956374059252558, -4.887092597544656, 2.472841429614536
9.769889946675441, -0.8861662338987797, 7.1798141243292575, 2.7542026150065295, -7.28002398955631, 4.953099090052165, -8.909988394297578, 6.0105835767510705
1.5905334027489035, -4.819209179781145, 1.1140924258519016, -2.7773969084266907, 4.361386455441492, -3.881625320551441, 2.170645689037903, -10.247602378521679
2.916343979207494, -3.355825825000356, -2.3926184865703535, 13.332377859001152, -7.259263838255662, 9.437107747107058, 0.23449742355316686, -5.324511149713223
6.34741852500197, -0.07048533155633377, 6.093217439897929, 15.876180475918865, -15.596570938395999, -2.659242719444892, -12.589821691020713, 1.2780137410245183
15.337171873609513, 6.132063569065963, -0.19116934132124286, 30.49609127880759, -8.315338931582957, 6.327152733012536, -0.7470905200256968, 1.036512258767818
1.4237255041887291, -4.026622849888542, -2.8530491877733137, 5.76977699198153, -9.77297490979684, 4.3639794598548605, 0.19611203483358555, -10.220287339626749
0.5570957253206266, -4.660029081601491, -1.7435138274187767, -1.3243335490410644, 1.7265785813935661, 3.831525319306233, 1.4085048917070966, -16.484129560792283
5.696606630405138, -4.762074723128261, 4.670984712013715, 4.3723957833823235, -14.40193386243499, 3.758379375248739, -2.9427875691723067, 0.5951920118105924
1.8502701909327979, -7.545657967058859, 1.899867092858455, -6.279836179361574, 11.30708619013387, 1.3841588042471589, 2.9453137460922254, 5.2924273460169
2.167944092052113, -5.72750961549249, -2.414853331646716, 19.345100447202594, -6.579664309414744, 2.57418414784852, 0.03747988496844934, -5.136328488810553
-10.795947180687529, 3.4981267624253833, 0.8712680274689828, -8.818138111461598, 0.4357704621062286, 2.500025758826923, 2.5842463854215376, 5.746886970712006
2.887757290244278, -3.2032647731257855, -2.8037941446325463, 8.003381607531619, -5.280508933189924, 6.801678890044892, -0.3909176816367532, -6.732369196392609
-7.134167026347949, 0.9727698910558538, 6.261713647633249, 17.5191760200266, -5.732137118064222, 19.256887683214224, -15.437763981644512, 2.5589613526372843
2.394416662965415, -3.3332714765272202, -2.537435063013995, 5.925349702739354, -6.509826319445725, 19.760337413410085, 1.0748640376123437, -12.931552712514666
-2.5103630930221223, -10.188415487585518, 0.9239840257026815, 3.420245030787756, 8.275268016300783, 1.1361794096364135, 2.623438275185168, -3.1534014656307847
-14.857527479725837, 1.4227259675485144, 2.4633324276297954, -1.4199952293836282, 7.697292058714691, -3.908640811018442, -3.235098779771432, 4.858943627851086
-4.4407867211012935, -0.0823523027170868, 9.399083139911971, 5.243185815351778, -2.6341393980049435, 8.107053367909405, -25.14518314381299, 3.159928632032265
-13.724324007098375, 0.44994449036781203, -9.501165717823111, 10.94955704354253, 0.259540803487325, -4.770974722045526, -1.6933691915886038, 3.723721093021591
10.80648948986578, 0.5725024964306769, 5.096603681456699, 8.119062626506231, -2.1261579870432783, 9.088772364566902, -7.392155602324432, 5.353267420462643
5.344591041377247, 2.59534394947368, 4.527013682807427, 20.29910535723193, -6.718675889079076, -13.269885238832716, -1.561526429948576, 1.8967813581219966
2.487019711347318, -3.415294169953641, -2.3729042734045858, 17.027759311819118, 1.1454095300188971, 9.221594495160485, -0.3702379321259287, -16.109435668192603
7.856989776111098, -1.500217049939629, -18.363153996434605, 2.197149335472221, -20.46613052421329, 7.09261202133966, -3.523368200201576, -1.766976766376895
3.20156992114263, -3.8480212906517375, -2.471782986831038, 7.7686120465099435, -13.623131810470664, 7.190319689346273, 0.1599465956493036, -3.229590717067813
26.55516859512957, 4.7318838740803875, -5.886251113057697, 20.05492257929052, -3.7063522481566693, 13.36306743755595, -3.5428554789091784, 8.371573551510005
20.665419859918337, -1.5471739460283533, -0.2872012751429629, 20.252363570097174, -9.88182308838116, 11.562207750228714, 2.451611539862939, 6.385016423121105
-2.3545553409041613, -0.11733668969352395, 1.8027819021145253, -19.006802905881493, 2.185690373083591, 2.423901553104543, -3.6185399833990597, 1.8963232789948474
2.2252051565960995, -8.399839758824136, 0.33260365403255543, -6.648091245784579, 7.597554683008237, -3.674305171890148, 1.1553465973251367, 0.8777483726550297
-3.152511043876533, -1.7124726472071758, 9.154854198878454, 9.830300539370063, -3.594328075781452, 7.372355626201326, -8.380114335228185, 1.7300991828652161
3.5996794779891506, -2.5420795843535107, -2.647706963748688, 4.359818301680686, 1.53585917312307, 14.884950372534085, 0.25641153732868344, -14.176597193853796
29.629048467284093, -4.434848798635774, -3.0357115786560707, -8.98086048816622, -9.005343258754149, 8.377950680071692, -6.662183700738453, -1.3787997840314743
-2.9797318023203143, -0.38297909593671453, 1.6098350939105928, -4.177190916317632, 4.090443390632334, -5.0605631796278345, 0.8194831325800966, -2.9318766833867063
19.60938236936485, 3.7025133123056424, -11.782130068850172, 4.6942047531151, -13.66277279490289, -0.5906141210158111, -4.95646463910856, 6.9288472161102845
-4.242287245113954, 0.957863545498256, 10.230088548212787, 8.918020483989757, -8.654991586786025, -14.030286830957087, 2.624923245787574, 1.6212074926653874
-2.833099947854059, -0.7291231567063405, -1.803510474646461, -8.161667428395825, 17.16265092967025, -5.664578542659985, -1.2644170918124762, 1.003725746077768
6.280494823524528, 0.4954105738330927, 7.541493238409938, 17.657352931026644, 3.0292945272284504, -1.1183682461055464, -0.519291649045968, 4.470448539233935
17.26902884139504, 4.598171147343544, -1.0800474348789306, 3.096756977369191, -6.740758431062956, 7.817694748181129, -4.819019756403618, 5.998505134371267
-1.263064812497528, 3.9367772752881116, 1.4472847463420027, -10.552928702261877, 7.097537208214312, -4.852966775617889, 1.3475060829627468, 4.582441292417668
2.4821454771138223, -2.6528816159698025, -2.5753797658424156, 5.045845602319983, 11.05719899227564, 3.2978175755057286, -0.599124355298295, -20.925006305512117
2.1520496797931115, -3.6775650623134477, -2.5711089798880127, -3.1469399793517514, 0.2516104011229512, 5.519045536256243, 1.3552195709128627, -10.550814090511999
32.091082787742494, 2.0823347902779226, 9.782019654282264, 3.361874054630275, -2.993548690037171, 6.348453712417439, -9.881283913743664, 6.3137779013998285
18.619263377606636, 7.054169113245866, -5.050302996417218, 14.492506956619197, -4.244896673665239, 1.9426338758310924, -2.348821379335514, 12.241633269028306
4.022475248563415, -3.982107603850794, -2.4218182330572207, 21.165292585148258, -4.1507929221395665, 8.502937461117037, -0.6270771816806952, 1.8874863322039985
3.7781452675860945, -2.841578569948212, -0.5267602320245279, -7.142340853404701, 4.5607826181682, 0.327204933526688, 0.4089710157916062, -3.2336126458229884
3.545776573526045, -2.9353274604105977, 5.381621923694514, 5.659115426601437, -2.103054633924639, 7.6495493638432865, -15.262428329028902, 1.8399318981298396
2.4126746185916277, -2.730716105871656, 3.89863795320789, -0.9432603737588483, -8.644499766479232, -1.2315473090237785, -7.044960458629938, 3.846347403606125
3.1876626381786433, -0.11954263637302988, 3.3628722527478314, 13.993612086473384, -5.95041928976733, -15.581872600524072, -5.029553312086323, 0.684915955261234
9.844804438019372, 7.225374319348207, 4.326158939831634, -4.0483973267982885, 7.802524269054626, -0.008698445158396684, 1.170753547129864, 2.113718288640152
-2.491702551429432, 1.868026378899672, -1.446599212241901, 8.89478300553612, -4.099132702528867, -1.2450323832770147, 0.1344963305337168, 9.268698326312917
-0.20482783209959976, 1.6751340831723154, 4.404320689402713, -1.1853074021160577, 4.206238065828425, 5.455283076185971, -7.667724707319369, 3.3205972858150963
2.367193144361063, -3.0058896494438323, -2.023882934091686, 13.099260990513486, -3.165190653973138, 4.880118459107041, -0.0044193246391127095, 0.8943803592615751
-0.8935270044681962, -0.47429914561179976, 1.910188683486557, 0.6363272110559706, -1.6125762290165229, -3.0428440033860316, 2.697710572823175, -0.25974131586237426
-0.01088685147055557, 2.3449572612444562, 5.348085737681755, 2.5411220495841196, 9.866146699820925, -0.3575779181889771, 3.725719885537143, 16.374776504823593
-2.9531417232988773, -8.898548274263048, 3.974831460019459, -8.969442599346012, 11.482975340867442, -0.43674589340326264, -2.2416761591557908, 0.4989986434203515
0.35632599696200573, 3.5290543802917362, 6.714620550158644, 14.309388136536933, -3.201862282739316, -8.12536641974653, -8.024608892062759, 3.1064689349224786
23.197194285047658, 6.644673756198087, -10.525692982838155, -8.67642009057302, -2.6063053847461837, 5.692623346565965, 6.983640541084652, 9.14719804001787
1.4337789114553325, -3.3459512748726317, -2.329147479403, 10.931096782222681, -16.603512078364226, 10.55143493223469, -0.04421783498885018, -10.298526931262185
1.8019892375574338, -1.8697458350099356, 7.096984015278211, -9.257953562583342, -8.036880471600753, -14.650849658779348, 15.452238921279797, 1.9979376108910727
17.11540858822943, -13.270789069869403, 3.367586732674326, -4.900408411029294, 4.8003007869638346, -2.0187876811478036, -0.33732546164372723, -8.331325697792003
3.094205355313395, -3.972958045827366, -2.064473482709095, 5.849575905503892, 2.0894107398715995, 15.219531106785668, 0.2966557241439873, -5.1085864952596935
7.6345830049956245, 0.3071816873663995, 1.441772150621739, -13.885678511934833, 13.387645844108116, -3.9854455797909796, -0.9142349360919202, 8.348552470466688
-0.5461304915536114, -2.541320975194186, -2.6501300695487284, -3.2774955521920983, -19.87436146698671, 11.674216424327074, 0.25738459520715934, -13.182611409353004
-4.760181795303337, -1.7250315248967585, -4.630387957360478, 10.085683849402857, -6.415661993795713, 6.419095171046339, 3.8033226368513855, 6.209635199377932
-4.558657116663647, -3.43206912472563, 3.154786306416463, -6.182092146746187, 15.130830124891121, -2.6425214670143715, 0.6084417517782805, -8.270203902907518
5.188274818937111, 1.7035389724327927, 9.710682815896266, -6.292605025326505, -7.232392251731011, -12.111562301494406, -15.797428755038068, 1.0721591039348177
9.120706315048372, 1.0295790645127538, 4.779051255672086, -2.698037938903111, 1.4090221620471342, -3.5674980785848946, -1.6631896538811928, 1.786923154963595
-2.8898842509431937, -1.1160114279595235, 2.825674120167495, -1.9396926323329282, -6.183718348798048, -9.284836906043232, -1.994662339791494, 2.331804077168715
1.0928437618306033, 0.4623803963716872, 7.499813120595817, 7.721770197796541, 2.414253622272577, -2.908500969424317, -12.37710934775011, 3.8496929184058892
9.647512305755548, -6.153062277626107, -0.03829336413059936, -6.433740320623386, -9.671514414090652, 0.11250765673030738, 4.052692599336602, -1.6290115347939054
1.5788714866624556, -7.780768143996088, 0.6195733491509876, -6.736481497343986, 12.45818675439435, -2.582119702810407, 0.5192962506869928, 1.2115163546808971
2.6976360835674633, -4.202768654633516, -2.5114601711926823, 0.5254169427943882, -5.685290851078886, 8.848354178761383, -0.9296596153361438, -7.9380949595437515
-8.140978195096748, -0.6155618862672545, 8.326516550020589, 23.05375518885963, -3.3285707414480497, 6.994248604121042, -11.050176579396885, 2.1050382233373655
10.925781505350603, -1.8424967312554394, -0.5201068037801233, -6.27925900231093, -4.652392979925654, 9.608695213309463, -3.274441736913075, 1.052401236691141
18.073078482946052, 8.20649576392908, 1.5116813318522384, 18.651904072901324, -8.234920814096832, 3.7929774960100753, -8.672061404473997, 8.872038565784424
17.678288785025103, 2.107542611933167, 1.0707974331259758, 13.059292002325815, 8.698318346722619, -2.5477410422818796, 4.146207833898086, -7.754239093239649
-0.44646176205266386, -0.5586641077467878, 3.165414917103033, -7.14137868626325, 5.408239030796516, -0.6989805378305114, 0.8540702910190452, -5.9740201359206155
3.5848157016417845, 1.2759035348793373, 1.2266368870171045, -10.373410722522562, 4.966994326972998, -1.5717505325387822, -3.626186881635326, 3.616567472940809
-5.459564514278329, -0.25083770667031424, 3.229504636846649, -17.919099321604083, 1.9018689687254247, 2.384116266146264, 3.4388172770490524, 1.9993663412638398
2.0904042499638726, 0.10819748653098754, -3.8362095408785493, -0.4876434199249875, -11.151981670896035, -12.864777851342003, -21.94661702545497, 0.8834754578030284
-0.3299507877765224, -19.44418055540237, 0.6037651079437807, -12.27781199030446, 18.403931420342822, -6.717320079910014, -1.8968831321158128, -4.376553533175008
2.3672726914546396, -2.882350265344018, -3.00245010615371, 5.702191489339177, -19.70861494521106, 8.802877185804666, 1.40383479643566, -10.063665286968174
-1.4814757926782, -2.935073210724133, 1.6458211513089602, 3.528960050341462, -0.6932064578477224, -2.701601953632109, -2.2942396591293712, 1.7073199329225508
2.0387625653785095, -2.7574593889844023, -2.134240706461887, 5.828454265608263, -5.302659745588979, 8.142763434640845, 1.0152692261734018, -16.62356182101437
0.8803091768271651, -1.5645749702414553, 4.6421520831896625, -1.7850756716279008, -8.213060064617329, 10.979928492436704, 11.232557101598278, 1.68798742609363
11.166767564301285, -1.7301909584144703, -8.961716984180766, 10.12192745980703, -7.451637315389471, -1.419043969637948, -0.6030133830303859, 4.201190422556566
4.980561068095116, -1.6375191245469602, 1.6018114346856063, -4.690462311318607, 6.255758682786703, -3.318630138496469, 0.5775789921728485, -2.2510140442066024
4.527287698802017, -2.0430304043154877, 9.32901437032511, 6.9963509979065925, -11.372980209129341, -5.1678043631290524, 1.655695170509655, 3.4138723207264574
4.95929516662667, 1.7025877744410094, 2.3634347144419845, -1.1142543538778593, -1.5161767319351291, -2.844995690135509, 2.799407674931269, -2.1892720412996525
0.6196993125197683, -7.617744300265711, 1.2364592532755072, -16.437858316310667, -2.959800034087799, -1.7139380279522658, 0.46938500595167587, 5.020436063091797
13.70463077802243, -0.2655758903688823, -10.186125712876496, -4.847829505873248, -4.350584114108688, -3.0301285458697436, -2.2287966958387084, 8.325140770023154
-9.728063232183885, -3.9243237594513984, 0.6221087903932581, -2.0284507451876723, 11.131492984423147, 0.44576437010679903, -1.4611214503604568, 0.8208999560204868
10.862494122436564, 1.0339127171250069, 5.493931149404087, -7.541179576656797, -2.593226600401598, -0.3656386237201583, 11.489185676622185, 2.716005386620665
3.195927065166881, -11.40224145987562, 2.0541823951031093, -0.15764379603813872, 16.88735249884485, -0.4178350568324982, 1.192086697898585, 1.2321237110014247
14.759860503840226, -0.27350318666612905, -3.016539088112915, 6.226760326030898, -11.707624991576651, 2.1570519354619178, 5.313099382431735, 5.690933881784972
-8.396187473022469, -2.1656828741976146, 13.080043740549407, 10.536583882694803, -18.777723725026284, 3.210134459041348, -12.483663413800116, 3.7707948324351213
0.2362586308150117, 1.307463659661927, -2.0551121923709204, 2.9558701721713394, -13.217123707144204, -11.209698197340536, -4.964004673263768, 2.213630888392564
13.827630326897722, 1.9994741417892787, -8.175946793093377, 17.255159931890514, -8.454327730134292, 16.27317840874584, -2.6605650099247966, 8.410594024535921
3.417194580494484, 6.237023858889454, 0.44401847656954696, 10.161221490935631, 2.011815612107804, 9.009136439402528, -10.667179652779577, -2.8622681036820588
7.629012223772429, 2.790948230195541, -0.004714732280857947, 14.282998549593454, -11.155735122669164, 7.996863906678035, -1.8892159242459752, 1.6393164464888548
1.2672956342498165, 0.5891540093848131, 0.8731952509887222, 4.538755208436452, -3.953132269802183, 9.342820966404135, -4.734246260690322, 2.6120793932129076
-5.024324771602253, -0.06728966675069309, 9.884765670035566, 4.454222884764061, -10.3017887472193, -6.399922497139473, -7.108272815391825, 1.2745943529550636
-0.8922562641760372, -4.304900984432444, 3.491280119252165, 8.44161150664793, -3.0867858926377925, 2.509839245603917, -1.53378353387264, 5.347830082374717
2.1025071455071993, 0.04767384460363733, 4.46391484236085, -7.944898719632083, 0.22192888692462098, -4.8831376098833825, 1.119448334697786, 11.676560766767041
-13.826443061158589, -0.7812209175226017, 5.091301075100183, 15.745894651734552, -1.8165538111383106, -5.384790802196836, -10.618138638177982, 2.996860379556084
6.593533136390959, 0.9049178638262934, 2.2283420034148063, -5.271061034668753, 9.474677310767351, -5.995818982895826, -0.9897730823661375, 1.3213795201659988
-5.647988937361696, -1.0255105654344443, -4.969509701955738, 0.2525988926853593, -0.5712220654375848, -4.234608326385376, -15.459896219472412, 1.569178673965054
-8.57432738927564, -2.4199030418955463, 5.732630407575713, -4.657652951720234, -6.135188788288915, -8.179673161546866, -3.061009527487575, 2.3894993885650266
3.7379336355385195, 6.974439855335072, 5.7544069220556935, -1.0513394763420507, 1.972621090439402, -7.578089510305488, -0.7710372446445292, -2.964920481541578
2.004244141714206, -2.6551631802249958, -2.218773972255128, 3.6063420671162474, -7.244119960143081, 10.093137878555035, -0.16624549455755055, -9.552473385300193
3.197849653572211, -3.0259980138867855, -2.0665781151059828, 1.9024974344090575, -3.7228957547669763, 11.008831831697812, -1.8647386642206727, -13.880860666068937
3.2241226754551273, -3.353382934849949, -2.018447746699546, -1.0269395389561176, -4.6284037401320175, 11.204575156834343, 2.750942521154694, -6.878913878150519
4.842170987910146, 8.692277925327367, 4.3669252175577995, -9.170374084866745, -1.772471027849189, 0.17856744610939002, 0.8273275846281329, -4.7101468736505305
1.9946975546920078, -3.6476983180461344, 1.0013314073341053, -10.561539939010757, 3.6649105978964807, -0.48263858791701786, 1.402647736331393, 9.826001313256532
15.662194322550963, 1.130628633334965, 12.597689895887115, -2.262982254603015, -4.596197395001599, 4.215731182854931, -5.524555798269896, 14.997978699130561
-3.990761920981564, -0.050890548063913604, 9.563850529937765, 4.953064979397616, 5.061265683389272, -14.476881571696984, 3.436872973524487, 2.8369269903511816
-6.294491896080002, -1.1785955550260145, 12.374758371130696, 13.043440377298758, -13.573654267802791, -20.131987603549405, -18.63335842761817, -1.2543844534458914
1.9046360709218115, -4.020402823007192, -2.7741537074281606, 5.934851069383641, 1.60191287061029, 5.72095314083951, -0.5649749438527759, -7.239691246803355
-9.701377724156165, -2.546489309448626, 1.1729860145200703, 1.4713491440202047, -6.932134607864604, 17.442090372537677, -4.7827711655645775, 1.2974534534992848
-7.977434698476964, 2.1682133358078834, 3.2368581456215466, 4.214187813577093, -5.314554217285978, -10.239606526752864, -15.680660828125779, 3.4271973486552465
3.624958919931154, -3.8742329137216833, -2.6523901379054986, -6.459907997505871, -13.728722638318496, 13.240728795199995, -1.2315866172189183, -5.535508392381371
3.3124338832062534, -4.622382057827528, -2.7543603099128418, -2.8556473738044144, -12.298657194060542, 7.58478932060632, -1.1257528752727768, -5.821977288307876
-5.780791578906862, 0.8835868298340489, 4.594987540944167, -6.764015556597558, -0.6841686995788612, 1.1890389933010468, -0.16265444518726468, 3.4593492907478964
2.239774907613759, -3.841247205413431, -2.607241843991032, 2.495136968390594, -11.009503007501248, 7.517280474743739, -0.35713353197124187, -9.138768212007488
3.817440587196302, -2.446615170132417, 3.7483103211195665, 12.713699467855232, -11.544631670258916, 0.7494325005786138, 0.6479232459400937, 1.5943541199098
6.562804576994084, 3.0765340759131083, 0.16544346838320256, -1.7869952656201455, -2.58241739103784, -0.6336858175677902, -1.0679572571063516, 1.271595899294235
-10.152792889944589, 4.256213874288497, -1.2704251176102535, 24.499304611226396, -6.362965644386583, 7.065595684042667, -4.165945726627457, 7.756804106000285
2.4831372264907507, -3.1130224568388463, -2.434882538694957, -2.699403668452213, -5.23260184176543, 13.827829219681, -0.14899909674608436, -5.125334977503833
1.3609073670502791, -2.7634069239111283, -2.313477685414895, -2.7881003032809453, -14.466848225836735, 9.394822226131694, 0.11312613291020984, -11.595612847530074
12.15898129557578, 4.245144238517273, 0.5607685191172349, 26.607783401416988, 1.2676286792414402, -12.6432764596414, -18.031768225344617, 2.2653158707505727
10.27198229092116, -4.653185900122062, 2.460399378420014, -8.125384379819579, -2.00361353671621, 6.509448492624659, 0.7791769430794577, 8.907956156414366
0.5838060300764987, -0.30585273184110395, -4.527360787372655, 18.80341834114205, -9.572611180641694, -1.3146482583098829, 3.9039661871304583, -2.6849973944862517
13.879813288580067, 1.7497113185392543, 17.397143099906224, -3.1965378493908982, -0.49982366603627204, 1.3159046195179496, -0.5395532369794973, -3.239221497198441
0.9137509039497033, 8.484662881639622, 0.434594051736374, 10.02743751637313, -2.115831901710786, -1.079191857112472, 0.6673103057133156, -1.6677188541415058
-1.566174573842424, -9.51243025258785, 5.839881175295242, -8.210461175538969, -6.8306482418418675, 1.79944662875622, 0.3179115306737187, -5.287494247826032
0.44556755983376917, -1.651672816971462, 12.773579075583037, 10.078453389594328, 0.6392566020279329, 0.6120389054401629, -23.441745978956877, -0.07546207963863782
-4.420423372913585, -2.869951760106894, 0.7666864303138292, -6.803841092483392, -0.6770861351377073, -2.8424432972321547, 0.6603582160988591, -9.133954410475345
6.003507188432954, 4.683267782848091, 2.393594492973062, 11.252022704108601, 3.9273901385461425, 6.729883527152848, -2.1504302429321727, 0.9634011903164632
6.515513368171749, -3.37576068797956, 2.9084952014033174, -0.5148946012519673, -2.0063511248456773, -4.940235724139593, 3.28015365560098, -4.566252851057128
-1.5287195014786024, 2.2560169075394128, 5.579629836805923, 19.40158473609047, -9.349702917540334, -9.440450264527557, 8.525774359397374, 2.3311888747471285
1.466919209548676, 1.3944598841102658, 0.6497351723925531, 17.46778654074925, -1.6746339642837116, 4.290079132690546, -3.048116769181993, 3.9798640949957624
1.5338027050801586, 3.0292315194120016, 3.5067460808019693, -1.908917525519286, 18.675857640657696, -1.300288888824748, 2.4032303809385067, 12.025451414024312
1.9294103717839781, -3.2496655952953883, -1.9852867727854033, -4.538582576553875, -1.3005036810614667, 5.850730506508876, 0.7898962380622846, -3.7649990781703293
2.0734609008104403, -3.286232313834521, -2.5672129743746526, 7.881505857600329, -23.631924167271258, 5.229789875753758, 0.8800388290473081, -6.798727256067034
3.641170804284557, -2.339459931568332, -2.8918567146918477, 14.059918697009149, 0.4374494830260076, 9.399768489056338, 1.005218064064819, -8.071167722328719
2.278482116877541, -4.432156941003694, -2.8411459894123947, 9.256688281206513, -14.719130354646177, 3.7749701732968175, 1.3335213422418664, -10.105630543630163
2.6108822899359176, -3.950550243060115, -2.6860914631632316, 17.422824814096206, -6.004462778228676, 8.115245468746357, 0.5356111023310379, -15.065844581855426
1.163922612056581, -3.660395062658807, -2.5075526526885916, 5.8767418717248345, -10.718432219100706, 6.337316434719646, 1.755845350714332, -11.93762023659556
2.5829509553362606, 0.5856308915580741, 2.322014374864766, -7.601294237934024, 2.064007752654912, -1.5677265025209977, -2.8157663536807838, -5.952853961246488
16.15543952944257, -1.3401293735150839, 6.130302475007654, -4.869369321987866, -12.048917570250438, 10.552859247828497, -1.9406641230688266, 9.934670205509589
13.162751480077912, 3.9083568139219236, -0.6430622748147158, 11.26516120558019, -2.9390287628281824, 4.315678467957998, 3.0450560237398223, 4.645144373114352
2.0330622739167814, -4.58563414068792, -2.5754488122271813, 18.309902196935315, 4.884611175221252, 11.64021692448229, 1.180731331725832, -8.791335810298843
3.022094398211104, -2.965153372804088, -2.7281289612942072, 15.684405667211811, 4.439791801715799, 7.409357980546851, 0.34869155490431214, -6.193464104931402
0.822374709993341, -2.34671505988013, -2.2280174771437458, -3.8795666740219215, -19.772194555351266, 4.390092459482316, 0.34473032108032514, -14.07561357555251
2.8901261663793933, -0.0194252333745769, 3.0189103432676885, 6.527485572636753, -3.4967983915772107, 2.8491455805404167, 2.8733812323520294, 2.5155706290731867
-4.827656084697468, -6.286265531898977, -9.644199566302655, 0.12043209263583687, -1.6867115927637748, 12.068340167710613, -3.1520492077247857, 0.875517295776179
2.519644263975668, -3.7977461193687807, -2.558474462828096, 4.30048239580341, -1.7932371467821984, 9.212801531498913, 1.306247071802476, -9.95556074107916
0.21788986132664334, -0.6381985464656963, 11.60504579331097, 12.422352341789711, -8.237539116074556, 8.85824188165552, 3.730704789130164, 10.818359994958403
-3.308328952106225, -3.016463145313379, 6.079409725343847, -7.947130681800083, -5.741776009779225, 5.26696231605489, -27.408030154521956, 3.254395467589023
6.741438946006795, -2.7235135888209716, 0.7558811019646614, -6.291226069076134, 13.91197984986633, -4.4698225190317125, 2.899970842749541, -7.560379525507606
1.0530055728890098, 3.7939002322701687, 11.3462055175812, 13.31104396966853, -12.711504157284933, 12.889609707850289, 2.8705808658731273, 2.792355214265373
7.004032906952514, -6.478523762901046, 2.639609361319821, -5.887747659167715, -8.3838456243004, -3.8857576516513648, -3.453104118410366, -3.025771314157222
3.747120256991029, 0.007661457707706321, 4.865885430511577, -11.185656193185043, -0.7247199187860933, -1.5848265587991035, 6.231678010664307, 2.24908767347183
2.082320051556861, -3.4714588949836696, -2.3806112387436027, 18.016355631543824, 3.5310763131721252, 2.8803060552939828, 0.21472014112103482, -20.135145588654773
-1.225497717986808, -0.40439076497974935, 3.384528232326211, -2.976548596343825, 6.673709741646617, -1.6914897067023706, 3.0451098409128505, -4.854733646784317
4.1863990577008625, 0.5144418951793578, -1.498418939254405, 25.44279203978798, -16.23993542915611, -25.31650477128234, -14.358765998900411, 1.6472108494530882
6.866961104175716, 5.138277104031399, 6.540794803626677, 10.996981903294085, -5.899097287867223, 1.2158084433114693, -13.50152040090985, 3.287652910206432
15.391982169267418, -0.5653231182280685, -20.74652165365395, 3.2957524453032407, -0.058997972853834124, -5.680755347479854, 4.88848660804669, 12.290656623594032
9.174074674706928, -1.8230448376918371, 3.160607262227664, 10.553057826129587, -27.226861133500204, -6.8203282244311705, -9.148290077619983, 3.597937494250444
13.04286359556172, -5.869921652554901, 3.7749146218240845, 22.35716589129073, -7.066811810764422, 5.439345979362036, -9.151386198750895, 4.889368569416091
0.8602534915278346, -3.990615492331146, -2.8822594168873605, 12.374925697213651, 2.5677170959450635, 12.613740859290452, 0.3736973674468687, -5.206857214106821
11.048902951155023, -0.31989602483063484, -3.9895941805208146, 4.484467824104362, -1.1666851247994154, 11.525666052130658, -31.17545005179039, 3.6351583428865357
11.549491293331466, 6.475306160366165, 16.80434890667628, 7.887025928752684, -4.374126001195504, 5.647523051208234, -6.081549409785654, 13.064962765219535
12.885716043106253, 5.669704672960442, 4.091316720768166, -4.850541946117155, 10.937950793810904, 3.316242938093776, 1.1424669852263645, -7.028215935851109
0.7118973447260828, -4.2523807171935974, -3.2669909420110166, 1.61880735127464, -12.305866522125857, 13.058534366627276, 0.46343117765176167, -8.975940688791546
14.964912445663053, -2.746444969047937, 3.805844357029202, -3.6764641389578854, 7.399837508122076, 1.9768130773149326, 3.9449528584281497, 5.614168271245513
7.169251821703701, -0.08083951346255698, -1.8883408615683255, 19.050087459517904, -9.77446953298131, -8.716252832241452, 6.931194537918806, 1.836285859748109
14.09431623067443, 0.24991582845458615, -1.7040313318952225, 16.942454913384523, -1.57165274714579, 1.128233956907529, 3.4183071563187077, 9.251381847899744
17.689390134616872, 1.7576582500028777, 1.508201279430084, 5.447062912946527, 5.045738172792094, 8.340765487136299, -4.933231580280212, 10.281489728140052
1.8941774382869214, -3.880860351353748, -2.7015699224630954, 1.5892886394826276, -15.815712970716241, 6.195396780746771, -0.10880051330743884, -1.5712802487027622
2.8649502139980285, -0.7601520823880263, -9.040055104672097, 7.043559417991658, 0.5005932470524463, 3.960019487050266, -2.4286291986992583, 3.0273010116953962
5.969913672911428, -2.692518185327572, 0.9606169969518721, -0.7623676698100343, -9.323429232535323, -18.334895732485407, 8.236731701222288, 3.833864418108588
-0.3385459448163215, 4.5100559225218815, 11.235426698621934, 6.50389524821022, 10.69486076243992, 1.7128245793681929, -0.3801986131898616, 4.113960770295236
13.088159192275945, 3.5853617794953276, -10.027422970373182, 11.496190287780006, 2.2708566190211137, 1.2530987388332209, -10.347714887480636, 2.198690154162535
27.298954785484252, -4.883063897463109, 11.606101908797303, -9.857357153903035, -0.9270762265235568, 8.657555595077454, 1.4183520242740233, 4.7183756773638805
1.7918141379746133, -3.3028470505123675, -2.718668928523912, 1.2049257147180477, -15.123381365414584, 7.584104554868868, 0.6167177250213954, -17.234798055895936
19.547209068327035, -4.073836125809002, -11.330204193982018, 10.297943552392708, 0.3794221085570548, 5.751340360779809, 0.6164740588469493, -2.1938345367460093
-9.511373078926844, 2.6791182544602306, 2.0944395232903896, 0.34639082395433896, 2.0035717688141546, -3.84770950504221, -0.40508518475467536, -2.4388518375571153
-0.0655243819912239, -1.732311043235061, 2.3776614915246075, -4.90991447605505, 7.239623416896418, -0.3968159202760049, -2.6453400538156107, 2.216132646076069
4.172481469223265, 2.335738715041145, -8.643183089408844, 5.994386492052042, 8.92501749676434, 11.15217308887723, -0.03015544862283792, 7.121644106652283
0.10484119138407294, -0.6698546157261251, 1.5245135626089508, 12.510090301024766, -10.27175958387576, -10.073665324789381, -14.804328864194082, 3.6265189778465974
6.187731547221049, 3.0539508174455583, -6.096061838993183, 12.392772812695503, -4.102757947064143, 9.235981833587674, -0.5960221787616273, 4.918410134573429
2.331455205349746, -3.4189821064881256, -2.2912954295392485, 4.898619972677021, -6.779014819775602, -0.32063734382798614, 1.2502358067902044, -12.074727381273906
2.505129206829076, -9.217970650339076, 2.570949982235499, -11.36277833576149, -9.997864365140643, -0.8777920743140435, -2.210689949765642, -2.3347037192788127
3.6070743940954006, -15.878859546098445, 2.758094189982138, -8.10783964079061, 6.021469106566165, -0.92765224552068, -0.1005304101656409, 9.891729024954666
16.532765150205726, 5.902376436128649, -11.945020020492397, 10.132401066885084, -2.1968804919714966, 5.657370935207966, 2.392897934519901, 1.0639361203407223
-3.337191584401751, -1.4629408055452924, 20.31126030226614, 1.5235287406847569, -2.929581568872356, -2.3935959256991115, 2.7721302949634063, 7.464975434189421
10.519595007980922, -0.2785730228566854, 2.022943276251517, 1.5415978564628254, -3.7039594247377603, -4.520225098284483, 1.7419576458873425, 2.600117415486946
5.40443256683711, -2.156406557062448, 6.539096585019033, 15.254754921417272, -13.672596703751896, 10.95544727131327, -6.142702319820103, 1.5499931521236574
6.331164927511819, -0.9617863571434117, -1.4863711489059002, 1.3150700552269319, -4.9494438435713075, -1.0941570899442565, -6.0064118238547906, 2.8405517966875364
1.6591592099184567, -7.146472998444291, 0.12775517961336424, 3.2147887130729282, 11.365597703562365, -1.2401071327287299, -0.5109197158739874, -11.430960153770574
3.102232977958999, -3.194568789312018, -2.4597857747526914, 12.607008278899507, -2.3270322733276823, 3.0373013446742245, 2.4587656429870917, -8.84181576594869
-3.6035567631193146, 3.0024639305988474, 8.022589924665423, -0.8609461022147658, 0.6914630059901752, 4.392335303546083, -4.812919490267076, 6.344251411221854
3.3158619037946675, -4.232268666754932, -2.4535014118470757, 6.22221889112173, -17.176959022257307, 6.791316799693861, 0.0003847112723586732, -9.52480305829397
1.920701562465564, -2.06199275308769, 11.178808317855944, -2.85211310872619, -12.141300785826006, 3.1612329928009437, -12.696547774719281, 1.3220924007350754
2.341070278472339, -2.0108363152497546, 13.028494349569911, 11.454133056055271, -2.1589662463896357, 5.362377691455025, 0.3366956715034446, 1.682037153085331
2.198877309550443, -3.594077506778513, -3.017229919613289, 11.016863418934973, -13.584527445858342, 10.066088614416218, 0.7618916757446477, -12.898204678350869
13.92073409693037, -3.966865915760998, -7.626600666863845, 0.09886166789001471, -2.9124533727976916, 5.605561947118479, -2.178814586337578, 1.6394016081719744
1.7854865456149354, -4.068298057865311, -2.5365776045012556, 0.18370176910431812, -13.960731027085425, 5.429470861102051, -0.9230100740490779, -1.3808909929063518
-8.633231112466643, 1.9515461386215283, 10.295201791616096, 12.468504136992316, -8.088877144526512, 12.658482176873024, 3.8290690305257424, 0.31055945509947547
9.948709071317756, -1.533762741242724, 14.407166699065167, 24.52790833305377, -3.8771507976556263, -11.484501548227186, -9.967215598057674, 2.4537523675696393
2.6923359185042495, 0.5571462154362273, -0.3661202893050657, 1.9590396931641747, -12.31551332781898, 1.3583069034656452, 11.502272738145454, 3.353565450002413
1.8807174563074156, -4.668291453396797, -1.9387025303832108, 5.023123528050894, -2.5388728235422855, 9.489923640861747, 1.1532628744491715, -6.4763557543187
-2.7961486370501984, -2.040929260168067, 8.128663422299548, 16.140720212746523, -2.2845115402174265, -3.6198268967148866, -6.407252550396498, 2.328658947329529
11.114518023589326, 3.7873779830667096, 3.6297757507433825, 9.065401040796063, -6.870823881521503, 5.062532331198523, -3.951907657552991, 6.821119442890946
21.290835874823383, 7.040768016583503, -3.546472902127208, 1.6947525076199552, -7.32242908928761, 5.432915970037081, -6.7778664951889, 6.595481622492102
1.707163459650189, -4.198018390508985, -2.888186627154431, 18.705756642786888, -12.293208978519846, 5.0521606153490275, 0.5889971484595334, -10.147256251638728
1.0836020201806118, -4.6009970027208595, -2.6428962904983853, 23.404904326707417, -8.035869303339574, 14.965614454844907, -0.7561124798510874, -1.3425161174992688
-2.377765293512411, -0.5414020501411483, -2.446583362527223, 18.581405011459196, -5.860366331119009, 1.9069028080959547, -6.160244544005738, 6.564106370902927
3.0899652700559397, -4.901390800107299, -2.525060994582098, 11.179516323767823, -3.9067100674178734, 12.105507817176033, 1.2257451850697527, -9.992289020187712
-1.0007803543350624, -2.9346415451907606, 10.765176960709473, 10.82231576543225, 2.5850573220884696, -5.53348702610672, -3.613842243793779, 1.1069230445765348
-0.011054788650620706, -10.935134708756962, 3.7422273428604544, -9.763299318688725, -1.0085542681007391, -0.6053310203641813, -0.28179725157564256, 10.720957395743108
2.786877454876157, -2.5769842369299605, -2.106454760381098, 12.391266815634918, -1.193701155600004, 13.171760191833421, 1.1513155862902096, -13.798702643487012
1.9208858170553629, -3.5114962697575103, -2.675841559697904, -1.6194233428356597, -10.307561898215925, 12.127940196441354, -0.14281286496748263, -11.080763608247311
4.8585304563637735, -5.400504053325441, 0.656755682187804, -5.270459306581177, 0.265797642290023, -4.35521636094065, -0.7755611800162777, -1.484989874632153
-3.19853105312667, 0.7902050102990302, -3.660775192469739, 14.796518116277628, -5.2360204317654375, -4.272468024972718, 0.4981977292385018, 2.459954884497906
2.799164957183625, -3.2940776033589447, -2.386736697293507, 12.125186983702482, -29.88064690025121, 6.3448910169870985, -0.07831194186613777, -8.02702456021375
5.752214575430302, -1.6255641172834718, 5.756720035554296, 13.738181443668005, -12.305755595245618, -4.959536376306988, -4.788164808994466, 2.9966726146710556
13.448252329076155, -3.7104506253870726, -12.412543077865928, 3.6516014857333126, -4.635219926717683, 5.524370228480664, -2.4845867291845187, 2.701389979287866
29.124547210235562, -3.4403454297539877, -3.7345926779309333, 18.811165877595567, -8.90531411256928, 7.452525452383446, 1.3403370754013872, 3.1982294768835664
3.6331844692025683, 5.993017895544956, 0.36126799977750634, -1.9130930153543826, 11.183002571163833, -2.974571324735818, 1.6822233114925835, 3.431270696150518
8.614886735159862, -10.922091901562913, 5.163372779711217, -3.06282428384417, 9.375180054456045, -4.703518843661664, -0.33993191395976274, 8.336873311255816
4.040309372443241, 1.1824114900901765, 12.509837113653274, 20.179226804287623, -5.859301995597792, -6.411726646390914, -13.260475789350519, 2.9084410205947893
-3.78072891269266, 2.7643752564902107, 3.3793483272508453, -8.896806594024033, 11.266648075179196, 1.664603045048913, -2.10316428491487, 3.647219113029747
3.229833662083976, -2.674800572630512, -2.4641257831746874, 7.099198741685906, -8.52668288239381, 2.5001940646122005, 0.4376691499622718, -10.020962099628761
10.801695913791095, -0.40755603750857805, -6.6228640488745105, 2.459056577117252, -6.687107774056282, -3.7150550006549334, 5.286443705160151, 6.843946785541799
3.3104496136757353, 1.0558285428164351, 1.958367225967069, -18.430075468481302, 1.186347584788833, 3.0112484421792374, 23.268016771872176, 5.569744626348326
1.4520884068820865, -0.8757665838468406, 4.353621736527012, -5.701225445376789, 15.921173305022718, -2.343012813996523, 1.737196163117166, -2.764566298205871
-11.727353486019947, -0.01357620410642757, 2.691647950727226, 1.604053279130932, -1.6963765434976725, -6.615282497338053, -1.796405140804964, 1.7294060844593862
20.787747505325868, -0.8820757260872623, 6.837370764287652, -15.066186111215199, -2.2379016635354976, -3.6044417729410636, -15.859432704710866, 4.1429914519734785
17.09410598539164, 0.8807529559913736, 3.1553521203365755, 3.309153888073773, -1.932302433047193, 11.828865315616605, -10.677012319775777, 8.942309620888716
-4.626744587435453, -10.469931115795013, 3.628365622472584, -7.108583489297981, 8.393964025807975, -4.456609866867227, 0.26159873666518446, 7.672880125548488
3.9293227903208714, -4.361442480819918, -2.6917768488932383, 8.046542711381345, -11.522684763897214, 9.493114243142665, 1.08063503892584, -6.899044170404242
2.6679992469668634, -5.037411220550437, -2.325600860208745, 3.679732582938776, 2.8982624269555686, 7.285061653772064, 1.8579719363389746, -4.666842210966667
5.146205820574609, -5.302256696952491, -2.016764552199639, 6.425185355652026, -5.849376048379049, 3.413071205539916, -0.8991670363963229, -14.740428450144659
3.2105404859261393, -3.6387330645179228, 3.526423251623776, 1.3687196039145988, 14.501098347242506, 0.4120309116833001, 2.2052048064482324, -0.11010397613398426
3.467605522388242, -1.568720008777016, -2.53892851328525, 26.270737402204805, -5.049298294617307, 7.637565259993382, 0.3360124646666529, -8.004202809325719
-2.2956148055735985, 6.978462713112338, 3.0588344652966475, -10.858810067114419, 11.500421181321405, 2.356536866912921, -1.2157972269039805, -7.439644403972697
9.776031627607347, 1.025379761650702, 2.9229869599200025, -4.509233764380234, 15.32739787900613, -1.098220888985688, 3.326843588079808, -0.5206618696255125
0.6646740399235356, -2.9945573938459, -2.8605793486248645, 1.5278753845204998, 1.9967884593642697, 12.105273656442584, 0.4032912392541378, -7.780239589166916
