0,6.884936658065548,7.8736279934383155,8.076984630073822,8.271647308222116
1,6.411653428531154,7.172527439237772,9.475608026838243,10.477264382732582
2,3.674782658639701,5.498772512904085,6.807938261845384,7.324888760892174
3,7.593143796657812,7.776123337555709,9.549166840388436,9.699648001785588
4,5.587040060710828,6.121460311770527,7.792170892820367,8.31759939220723
5,7.776123337555709,8.403214198228072,9.371432203638605,10.036357169005283
6,9.9166708353407,12.73059464406942,13.081047973700857,13.739354771808165
7,8.866751507847416,9.84343775447167,10.810704848878764,11.728947238560687
8,9.095369749997369,10.07486930842468,11.41237152718896,12.100840755269092
9,7.8736279934383155,8.520941658783016,8.762183439252762,9.287165063212559
10,6.46726550496046,6.942763667721569,7.17230351267836,8.349601837145258
11,9.348650335518235,12.85610481009579,12.858261766436138,13.363582264840833
12,16.15555508889037,16.899765445784624,17.85626234803818,17.863570096993417
13,3.2407373099215637,3.483259100152638,4.9428799904775165,6.142250298810664
14,6.909866063317636,10.82962019547978,10.902388692278095,10.994441679860943
15,9.810398072349413,9.899402185635356,10.307996233018892,10.50860406218398
16,6.447666568643082,8.093465504605073,9.469476856501192,10.000268378165389
17,8.208714607229066,9.038774968653149,9.485468790598368,9.517626143089355
18,8.1132209442575,12.159669877335606,13.990734429511189,14.157492681453263
19,5.475766521020666,6.46726550496046,6.4707826681687255,6.591672923316805
20,14.630032880917865,16.93702869460347,19.78872832393496,19.935449499372137
21,9.76033532327245,10.226625671234473,10.537706094963404,10.632209118081569
22,10.993342356849714,11.557369976311257,11.633161965050364,12.082148657458175
23,10.434080677629165,11.274087505722036,11.335286241102335,14.370971949595564
24,11.889746623334226,13.716422551884902,14.756323084704533,17.606586929438727
25,14.023806128536936,15.856256842689264,16.21107793893061,17.695604241098042
26,8.135711725633879,9.095369749997369,9.88686078404366,11.816651228557927
27,8.51872947922313,12.18547374044798,12.466417952293135,13.14535306658285
28,7.147768621880605,7.403399961523922,7.974721296738183,8.865971902292653
29,17.916647344347663,18.649263571006543,18.708016160946634,19.32108210538046
30,4.994613570554861,6.968980963450816,7.41595740842775,8.066420021810485
31,13.666149021575057,13.861326505054539,14.640001592023545,15.720378165003748
32,10.878239398620702,13.602129064648194,13.666149021575057,15.698698311408307
33,7.923167811565937,11.778999796663124,11.920214010251058,13.948848298875097
34,5.121106878517869,8.093465504605073,8.415108846452993,8.774002109977738
35,11.29944865594241,11.388408662316643,11.401567357805092,11.811021144329528
36,6.411653428531154,7.351007920231618,8.05792255279069,8.109144907733727
37,19.71264480758386,19.762417273618784,20.19925356331347,20.603576148251246
38,5.8603402333860855,6.9043740911032785,8.570219235877572,8.653578915530236
39,13.065431623407985,14.27809768737137,15.390891061161511,15.403483999510321
40,13.322796466464954,13.435016389056162,14.051828303555585,14.088116696033406
41,9.906168179143492,10.580738396824232,11.690863664079178,11.897957213203298
42,11.38090244217202,12.746460811692938,12.74776893443589,12.853505219429334
43,6.356811657363044,10.265424979772769,10.678310633626605,12.30010290026579
44,8.463996317847757,9.318301209664794,10.377937256943746,11.067103655975567
45,11.93155231251101,12.653178395905188,14.59738682836687,15.07332264621163
46,6.909866063317636,7.169272758656952,8.511247461442965,8.590447522220444
47,17.577603129867555,18.733589433088436,19.646976094523858,19.726724201221952
48,11.518159331161662,11.57513040603425,12.792434369864027,14.84491457108637
49,9.021879767943673,9.185987707349568,9.62618053843155,10.031151714626713
50,5.531462241076827,6.7948765127648185,7.008442296049758,7.579758932240052
51,11.29944865594241,12.100840755269092,12.14545242386114,12.526904984881554
52,8.267078113140963,11.276979487988354,11.331370677967646,11.366995938558173
53,8.51872947922313,10.519077209252321,12.984630363451032,13.163114868379434
54,9.088695770930212,10.017587608466272,10.130189139739336,10.489298790988764
55,9.916829345086947,9.926305952556682,10.795097571588894,11.327080413101177
56,7.568761072207353,9.97510963352879,11.805753189653128,12.701909539334464
57,8.23164795814473,8.767759734994145,9.185987707349568,9.603056976406522
58,6.677491422644527,6.785735019015771,8.653578915530236,9.395462811810125
59,11.189861442796245,15.0770975456933,15.861556352406668,16.21233620707124
60,7.191436897339969,9.109334817919212,9.469476856501192,9.606522980711103
61,8.40704211847543,10.519077209252321,11.161096348004968,11.498402946182557
62,17.813124677354264,19.44894419629735,20.603074807663234,20.928113247789526
63,4.229151420528243,6.448624472697746,6.613036968300172,6.807938261845384
64,14.09042593948009,18.035312656345866,18.600083529435487,20.76335610633695
65,17.10973328032258,17.658996556594094,18.093223090157334,18.10315880599715
66,6.559500738028922,7.43467072482847,7.714198746874612,8.504940484177608
67,11.670518692897003,12.04205918546818,12.769748549515104,13.154668636692882
68,6.404308737351521,7.505020238684817,9.054991385428675,10.285992639368459
69,10.795097571588894,11.135548158896336,12.077754297973293,12.362056211384656
70,7.593143796657812,8.754008415196864,10.983406287030858,11.389726636569963
71,16.826658048100125,17.159036223810507,17.489489125886976,18.401007907552305
72,7.616230666356216,8.279213540537139,8.421256356202962,9.121271527504737
73,7.225987640630903,10.02314898015696,10.51452545893842,10.934224731549815
74,11.288771698208418,11.498402946182557,12.377483844481478,12.431938289195772
75,9.51290271901422,11.50330502610825,12.439785603370638,12.937562078288915
76,5.121106878517869,6.447666568643082,7.191436897339969,9.264116536727817
77,4.429683215994371,4.998899923249728,6.009800361926231,6.182902938195833
78,14.460889233259314,14.509315448752425,14.621336522925965,14.630032880917865
79,10.741599196693388,11.192086393524333,12.376395845455505,12.46774874952723
80,11.518159331161662,13.93901648409213,16.200808607876013,16.714377620721077
81,19.16457278765189,19.298494155375227,19.610407921633165,19.899632149859883
82,5.163764589135447,6.067647867635943,6.7948765127648185,6.9043740911032785
83,7.938361233712092,8.463996317847757,9.398805745573362,9.673898861690871
84,7.923167811565937,12.159669877335606,12.284481776232136,12.480758431216687
85,16.26162235822786,16.411213477256954,16.826658048100125,17.08743358666326
86,15.863039547791063,16.121463790844384,17.58093582934155,17.978739735724506
87,3.674782658639701,4.001196807713307,6.613036968300172,6.654455596983848
88,6.677491422644527,8.745480002055483,10.223352524396647,10.51452545893842
89,6.121460311770527,6.584843850477262,6.810450084776299,7.5378420758211275
90,12.615028940938119,14.555461761020533,15.397204627026387,15.774727114676395
91,10.658259788709922,11.172862089930415,11.561632332969944,13.15448042439668
92,5.531462241076827,6.522473894967208,7.401107994851158,7.783728365088032
93,10.12418495647885,10.191589761027489,12.461348586456756,13.244166832506902
94,6.2752862442718795,6.534798821384846,6.785735019015771,8.421256356202962
95,10.016393022171378,11.02749355059016,11.920214010251058,12.048537054048234
96,11.795585957065747,12.888450147230081,13.931353905378192,14.730155425242783
97,10.434080677629165,11.347246958396632,11.475009303473016,12.032883925156252
98,9.909365447631002,13.902571569250684,14.473151133696636,14.487960581883017
99,8.601187382734079,9.264116536727817,10.398822341674652,12.082148657458175
100,10.193311073095845,11.561632332969944,11.783175743727938,14.009921408331712
101,16.195620974683496,17.67683889621711,18.42299699842186,18.705222606701447
102,11.199975524100067,14.112496846173572,14.542428420240748,14.72473681815592
103,13.128773171160432,13.602129064648194,14.640001592023541,15.391303953323765
104,10.49423891674521,13.006803868235234,13.81322114064979,14.417191727486532
105,10.31400911167594,10.321270707397167,10.566504312567664,10.84544349776207
106,9.84343775447167,10.574708506114641,10.764273458410267,11.805753189653128
107,12.203135755536445,12.512203554167847,12.784599405277607,13.255407983347933
108,8.017902748604515,8.745480002055483,9.603056976406522,9.926305952556682
109,8.19920609207429,9.9166708353407,11.832477303823033,11.838816814588924
110,12.415629434910672,15.511169306072059,15.52252704339189,15.897553705485123
111,6.522473894967207,8.547038014916819,9.398805745573362,9.54727533790968
112,12.677737323210856,15.709495724394834,15.849983924846217,16.636745594808104
113,7.225987640630903,9.400736213779734,12.307693155740774,12.512203554167847
114,9.418619534177175,10.380606306736562,11.81359481727729,11.914722740469218
115,4.429683215994371,4.8855598641952875,5.914912474531686,6.272622539512084
116,6.272622539512084,6.281742497313777,6.584843850477262,6.95979660291415
117,4.723198531470723,4.998899923249728,6.8715510639962325,7.082665245403003
118,10.490473752100204,11.714779400512361,12.138904823576413,12.32096439492306
119,8.19920609207429,9.527544217811473,9.673898861690871,10.916784955854567
120,13.128011516295905,13.753250238503716,13.902995930897617,15.830171717557285
121,13.855277411143515,14.412424906373927,15.949406255851432,16.37540031789122
122,17.60055673229319,19.29243157017985,20.52610762738096,20.995033297219805
123,4.849842247101498,6.06925239429289,6.143529714153895,7.39846664458236
124,14.690286167356184,14.691702576738322,16.05835013408719,17.14985043994599
125,12.677737323210856,13.05913640565463,13.255407983347933,15.499266784883595
126,6.912777685152734,8.446550043770976,8.592196594363307,9.483717307660939
127,6.2526705482557565,6.608453642320269,6.912777685152734,7.092964445426932
128,8.1132209442575,9.895745235715408,10.99418751930685,11.335189656174421
129,4.8855598641952875,4.9428799904775165,5.139128824065154,6.009800361926231
130,8.613357875121611,10.191589761027489,10.50860406218398,10.84544349776207
131,6.534798821384846,7.616230666356216,7.834398111369309,8.213793713171519
132,12.334404342811899,14.509315448752425,15.541408256154842,18.307966875584402
133,4.723198531470723,6.720121816452446,8.112418720194182,8.822816011457034
134,5.241230585815473,6.404308737351521,6.93154412726871,7.092964445426932
135,18.089049853338018,19.292587728718374,20.982532177977674,21.68350789611756
136,10.741599196693388,12.642830042429257,13.308013339902017,13.97748962604969
137,9.038774968653149,9.89637035622089,11.56371695234553,11.613552852669544
138,15.38338183781986,17.89142647654298,18.453272754176087,18.501261002197133
139,11.612901939349287,12.35437584609559,12.572118390158233,13.442669791563231
140,8.34247552904522,11.050822805882426,12.343407231702994,12.42220334360608
141,11.889746623334226,13.843142398195113,14.59614467639204,16.741034783250964
142,6.884936658065548,8.868515966082885,9.056008972745508,9.287165063212559
143,10.49423891674521,10.968767586856043,12.084913713665738,12.342906791331574
144,6.2752862442718795,8.122734553557242,9.349855468360124,9.395462811810125
145,11.853364170493496,13.14535306658285,14.051828303555585,14.819500331473789
146,8.23164795814473,8.301808669973779,9.62618053843155,10.968767586856043
147,11.189861442796245,12.506453351814278,15.022918046587217,15.210212323180812
148,7.169272758656952,8.203688984746318,8.717983341232445,8.819450094646301
149,6.654455596983848,7.324888760892174,7.583859874350371,7.828489377201315
150,5.2323788598428775,6.063815703066874,6.725374414248971,7.1512298679268715
151,5.265763716387809,6.258753112941846,6.283226024135691,7.040699982017439
152,7.403399961523922,7.792170892820367,8.700050779360136,8.846848122832412
153,3.2407373099215637,5.139128824065154,5.627975817794041,6.283226024135691
154,6.067647867635943,7.008442296049758,8.076984630073822,8.095518256251845
155,13.753250238503716,13.97748962604969,14.494520171227686,14.539181998252328
156,8.999754567477728,9.849627280007017,10.921694022961054,11.783175743727938
157,6.004993337528609,7.151229867926868,7.540765483928626,8.891127164582558
158,5.2323788598428775,6.004993337528609,6.9473610697720405,9.272130437182573
159,7.505020238684817,7.814110035197368,8.355501418531476,11.301628370071779
160,8.017902748604515,9.641329436183446,9.821252625846357,10.223352524396647
161,10.810704848878764,13.569840586136023,13.788819463727977,14.525541077171914
162,3.851421144059859,5.914912474531686,6.143529714153895,6.228916813005171
163,11.073506426470766,12.3902175701433,14.548347525277968,14.86037118730003
164,14.756323084704533,18.59479406238935,20.025872058877415,21.47939523272492
165,8.808818527935966,9.371432203638605,9.708024991428537,10.054051411804902
166,11.073506426470766,11.293008550399879,12.98748616234256,14.741131214800639
167,8.449820090950293,9.51290271901422,9.729235562629354,11.326952075848396
168,9.909365447631002,11.531251770984852,11.838816814588924,12.071929612442876
169,7.974721296738183,11.907503474913446,12.045180932268579,14.04639883841234
170,5.163764589135447,5.8603402333860855,7.863948368418655,8.520941658783016
171,21.088212612278262,21.599398886595644,21.634277533926998,22.79482596019683
172,12.30827897398498,12.431938289195772,12.547648664208332,12.827471397372053
173,16.510646995244443,17.288557423140848,19.315718414181553,19.392385926571013
174,14.758108133465072,16.556179745463158,19.624603430296585,20.23782323778025
175,14.977156204577035,14.98292831298698,16.200808607876013,16.442639016129018
176,6.063815703066874,6.9473610697720405,7.43467072482847,7.540765483928626
177,20.607887860494596,21.685237917344296,23.226010462143588,23.318926333323063
178,13.128011516295905,15.24692668219347,15.589310513671842,15.830469758484393
179,10.808687916926743,10.890173295823988,13.9369522267044,14.532566082077155
180,4.743753445549883,6.065686719837797,6.66438702487551,6.93154412726871
181,12.252162748857641,12.367066573407655,12.768941797123963,13.308013339902017
182,11.613552852669544,11.853364170493496,12.466417952293135,14.546517472153784
183,8.999754567477728,11.57513040603425,13.943573986766596,14.549392473318669
184,10.200558742419933,12.293267303288165,13.342424558397997,15.186526182352656
185,2.6031959822964192,6.968980963450816,7.464868328838055,9.117348291438294
186,8.866751507847416,10.765685790213153,10.900954091820978,12.560524197598381
187,14.09042593948009,16.868458241156528,17.294256651170997,17.7372056477566
188,14.335413563407696,14.469529799636621,14.577675950469816,14.956209124185701
189,14.766789628924734,15.024650973657042,15.349515430844898,15.767183072972102
190,18.904363735568523,19.413839555872205,19.71264480758386,19.732864972433017
191,7.235251313783775,8.355501418531476,8.526915434737418,9.054991385428675
192,11.376818923326747,11.89338445994788,13.519306457274396,15.378185289531793
193,7.399916788369986,8.961311256049862,10.603278867390419,11.274087505722036
194,7.938361233712092,8.122170972778452,8.586614958735003,8.726545592477352
195,12.560524197598381,15.184643647682208,15.661072474426307,17.196105282214248
196,12.160721032366318,12.85610481009579,12.984630363451032,13.05913640565463
197,10.236959240253798,10.321270707397167,10.900954091820978,10.921694022961054
198,4.703504773296939,6.142250298810664,6.356572647889083,7.90864713786
199,8.34247552904522,8.449820090950293,11.50330502610825,12.048537054048234
200,9.564828061046937,10.433825282735977,11.0428650720606,11.845662531594124
201,11.376818923326747,12.64720468179328,13.288126453734385,13.872857967458156
202,16.86182436619995,17.165598120456565,17.51272398781961,17.58957430931587
203,8.213793713171519,8.279213540537139,8.582578658347582,9.349855468360124
204,10.31400911167594,12.98748616234256,13.101669799129928,13.866191736553406
205,7.834398111369309,8.267078113140963,10.186291825051013,10.742766210633146
206,10.34058693976584,10.993342356849714,11.93155231251101,13.315758133457757
207,7.358623895492142,7.538024827070111,8.31759939220723,8.64995923011743
208,7.568761072207353,9.895745235715408,13.03206650229229,13.067106353530137
209,4.001196807713307,5.265763716387809,5.498772512904085,6.448624472697746
210,11.276979487988354,13.174894098152894,14.738536785441141,15.274157755381243
211,11.401567357805092,11.903168894777593,11.998603670944194,12.3902175701433
212,4.229151420528243,7.196183702160918,7.268332814595558,7.292669907464547
213,6.3255059398452085,11.192086393524333,12.888450147230081,13.07449702463786
214,2.6031959822964192,6.2526705482557565,8.209380237566009,8.898271019394985
215,11.293008550399879,14.548347525277968,15.719739479519998,15.841312878871578
216,10.271901142723095,15.361487883471112,17.238877998066233,18.089049853338018
217,12.615028940938119,13.705948445156142,14.639893163877195,14.708159882344905
218,3.851421144059859,5.475766521020666,6.06925239429289,6.182902938195833
219,8.40704211847543,8.713740538659858,12.377483844481478,12.415629434910672
220,8.135711725633879,9.849627280007017,10.07486930842468,10.265424979772769
221,6.356811657363044,13.065431623407985,13.919470211810813,15.111091400973557
222,8.208714607229066,8.700050779360136,9.702929733243664,9.88638915456259
223,9.021879767943673,11.458302790930809,12.427104154033051,13.772062979611412
224,8.301808669973779,10.862771701038895,12.040135748380186,12.334404342811899
225,5.489074097457896,6.725374414248971,6.942763667721569,7.506573430617935
226,8.713740538659858,11.288771698208418,11.65534671810333,12.548114206350213
227,9.527544217811473,9.564828061046937,10.016393022171378,11.891477645508221
228,5.489074097457896,7.147768621880605,7.341802559612126,8.762885505067873
229,4.743753445549883,5.241230585815473,6.535512394974664,6.642221536832622
230,7.401107994851158,7.579758932240052,8.122734553557242,9.025663373250351
231,9.89637035622089,9.916829345086947,10.862771701038895,11.904181674470209
232,7.828489377201315,11.934398558001014,12.563702438243158,14.136095051629013
233,8.613357875121611,9.348650335518235,10.12418495647885,12.661735060127281
234,6.3255059398452085,11.172862089930415,11.89338445994788,13.134790380502249
235,10.878239398620702,13.861326505054539,18.4660140369585,19.5417245074981
236,8.547038014916819,9.088695770930212,10.711377173097587,11.210896558886862
237,10.433825282735977,11.790400703648288,12.061255801131239,12.610691715310553
238,10.271901142723095,11.161096348004966,12.66917318293156,13.363582264840833
239,8.586614958735003,9.318301209664794,10.759250950164367,11.690863664079178
240,3.483259100152638,4.703504773296939,5.627975817794041,6.4707826681687255
241,10.193311073095845,10.658259788709922,10.76145317571532,11.795585957065747
242,18.99145490638904,19.704423199836103,22.075946882370857,24.33576534206586
243,8.754008415196864,8.808818527935966,8.846841184665092,9.264670011061668
244,7.399916788369986,9.400736213779734,10.934224731549815,11.335286241102335
245,21.024045528908513,22.745721254566316,22.77680118854654,23.01641380475764
246,9.88686078404366,10.200558742419933,10.678310633626605,12.683141863438323
247,9.606522980711103,10.471263737457232,10.513204213492115,10.806470688218688
248,4.994613570554861,6.723187034756508,7.023526149313924,7.130391038835625
249,4.849842247101498,6.395722149158921,6.997120354681505,7.48329021971602
250,5.587040060710828,6.356572647889083,6.579684204527415,6.810450084776299
251,8.601187382734079,8.846841184665092,10.206094076712395,10.568360951718763
252,10.161602528887988,11.453319162437225,11.458302790930809,11.51263820265511
253,10.007076165862177,10.339327477764767,11.266835365746724,12.171921335049161
254,9.264670011061668,9.564142471827246,9.708024991428537,10.206094076712395
255,6.3358254474280145,6.559500738028922,6.857230726111462,6.997120354681505
