0,78.80726870844977,85.66888993929628,85.73335375364945,86.3295512884277
1,70.5213993194824,72.82119958905004,74.76030076376163,74.79462271432911
2,75.30050613816128,78.6651811343432,79.56963681396753,79.89594269036922
3,73.73905266201605,73.8873525922298,78.58427100622566,79.35291102761161
4,64.88625094177685,68.80349747086977,68.88301734120354,71.21303557743572
5,69.95378251323633,74.90720396666349,75.20253114981044,77.1332740494394
6,82.82428111525329,83.70774516033818,87.69580301671029,88.10635470119237
7,71.64423159477684,72.91395922061389,74.20077314631854,74.2467130460853
8,87.01340185722829,89.7372790272135,89.75059436537555,89.79545179722211
9,73.76658645627143,74.35698678955868,75.55242197082585,75.59741252349014
10,76.0112000044032,76.32921452037641,77.49833841231549,78.6593141187392
11,73.46172471831032,74.18285218591646,74.73737608526012,75.4868419420485
12,70.02914656892665,71.11206514115028,73.76583765278217,74.51956486492509
13,73.52519916698563,77.78102534958711,78.43292998781472,78.6293361952555
14,79.86810638348403,80.8873218973731,81.25635293853298,82.64985459943196
15,74.24390164341217,76.9193517086576,78.28693370731936,78.34191547635696
16,74.44190463363539,75.53997659220599,76.21479995385467,76.7480687290841
17,77.24634977910198,78.8896633992622,80.34522469362724,80.41243176238059
18,78.63185712272913,79.37630183880498,80.49163259814802,80.80052674746177
19,70.84212065210701,70.84577182776788,72.32611953784229,74.38637106266239
20,78.41161552672493,79.00494427027171,81.28464033610602,81.38826767317806
21,75.31239517384975,75.8855862594862,78.1581269908851,78.45559748572914
22,75.5283399322213,77.34648826964153,77.51484882628671,81.59368353736801
23,67.06123623135747,70.25481251504638,71.3738254624867,71.74501452499753
24,82.42149880983207,82.65114169633866,82.80345341427,83.42986379959522
25,76.64891138621199,77.59470970934997,78.38800725174599,79.28436399862018
26,65.29590719895161,69.37381059326961,72.38984429429671,73.70724417663357
27,76.73318799638977,78.82354338043758,79.02859909171015,79.44505743762767
28,75.80859120257153,77.30366635982638,77.5082599650272,77.6017139004734
29,77.86170034279544,79.50761507851244,80.3280591601662,80.41414658515879
30,72.89555312280469,74.1561627018932,75.46137636304638,77.76234359493824
31,77.34099521500126,78.37989099968368,78.64357277497093,79.46962268758305
32,73.19716267245992,75.4053291366627,77.81865866759033,78.96801402498279
33,73.80334054861702,74.10196454855026,75.88006380345107,77.86230792525005
34,75.01673972479873,75.05426724901929,77.20307491119652,79.72591886287806
35,71.54062650938305,71.8332305132699,75.52174214067777,75.69776143137105
36,62.67476986536595,66.24858736902272,67.19533749891767,68.17856909624214
37,79.56010232479451,84.2526484676796,84.84899449163463,85.41695262943975
38,72.52811901886288,73.69020895786505,74.29827674329367,74.39371177748822
39,76.56034862064467,77.04194696976,77.90709956353201,78.37588280754967
40,74.76209825582104,74.91543337396261,75.54411868508066,75.91587866041479
41,78.73040512889847,80.02264218874818,80.79509408640078,81.1549195583531
42,68.70056090293612,71.53445947937067,72.80236628941685,73.34133114560849
43,85.17163134826157,86.01945351978873,86.44133919202567,86.86247838642703
44,69.14584849353345,73.49303590823988,75.57660883570723,76.62417073181203
45,75.06460814251825,76.87808757706635,76.93281895130113,77.2605222601845
46,75.06460814251825,76.28382627363804,76.62823870052198,78.81006998280273
47,79.75580612656786,80.39959243131833,80.86734490857785,80.88824018214798
48,75.58704303250889,77.42137580955341,77.76919384259699,78.36841717990488
49,77.73217524964753,78.22824656057006,79.25725937417171,81.27182882929252
50,72.90144036496034,73.21879684974968,73.35121397780324,76.09708637126089
51,73.56960250049586,73.95184410880104,75.91691011036403,76.35571766952005
52,70.55327771595172,73.34219844486701,75.64669393766604,75.96810430211109
53,75.92124496134518,77.58091794832438,77.69358581819112,78.8795305047631
54,68.2800617307919,72.03603599854844,75.3965128299154,75.49890288900525
55,83.21582102658385,83.89885095795692,84.59923451527568,85.67902390623738
56,69.61798354837286,72.32525730719911,73.19259677208252,73.40472208954465
57,73.19891309436363,73.93831088361108,76.96399504871648,77.43531824794688
58,73.57795124159448,73.70650122008313,74.53791875086215,76.2099616684898
59,73.26753961287304,74.01547391516058,74.28912852823363,74.63249659710137
60,72.32525730719911,73.76724486022728,73.91580037258618,75.23470012975326
61,78.12576028933238,78.5931912184897,79.14970638921115,81.27982582700082
62,74.58518611342483,74.71725083746257,75.6023621716819,76.07630218315195
63,69.97603349182192,71.4134340077079,74.28637985184336,74.934480867616
64,71.85201902780115,72.03796184161577,75.01930749535708,75.69117345048316
65,73.25211550111173,76.17843658648687,76.2476244172001,76.36295457736337
66,68.49163768107208,70.16804114465444,70.53356086402448,70.54162873180873
67,79.27304588208315,81.08119440978817,81.65547195655445,81.78303828318646
68,79.27164511929901,79.28827857914187,79.3525820662629,80.1409228030304
69,72.94470038377656,73.68507081629194,75.53997659220599,75.98164600472938
70,76.5070266923857,76.55910903249112,76.67497589575517,77.04271485517995
71,79.16260818939453,79.93471378360815,80.92138458280691,81.01468437375723
72,76.87808757706635,81.79889077163558,81.80528136706394,82.17624496245071
73,73.6726794611565,74.0314344742329,74.139392798926,75.96492447140805
74,77.36368677488817,78.74973281812971,79.22245810756287,81.44409539874891
75,74.79949510792845,75.42676628575875,75.6391747229337,76.24529824974994
76,69.97603349182192,71.16652257721505,72.13073275119784,72.1347702131665
77,71.20848984579418,71.50366273873308,72.54672676080214,73.46418756109156
78,72.06094513960065,73.77969189250796,74.9364260657171,75.0944685149542
79,72.06905865920127,74.5991232081483,77.66677595916119,77.97058825261455
80,78.64537021469071,81.06226947716435,83.80314902514093,85.32020870110813
81,75.01358255404848,75.14163179540823,76.76999902214786,77.43626636523432
82,77.39387259316257,78.48359106874065,78.93646550160368,79.44083397277839
83,80.07485617213791,80.63331609141373,80.79114583470444,80.87659405456677
84,86.50166524369214,87.38685614433648,87.91240774643322,88.10970030563253
85,79.02690261522321,79.21168788267751,81.63151112328148,82.5628224752208
86,79.49025265838459,81.00633502532983,83.66478944497412,83.66844862796584
87,66.62044729332764,68.25967323087018,68.36358779797293,68.70056090293612
88,76.71116928338247,78.02177296043406,79.3610918032833,79.53108037080062
89,64.58926624112944,67.63057018191456,69.00220426970125,69.62285573217316
90,69.70025888541807,72.11842832450571,72.12772905713327,72.19356630529823
91,73.59890726420458,75.59382678850021,76.69510742843154,76.74166137419242
92,82.72419405947156,84.53663919391131,86.58551848447479,88.62514335589967
93,68.07478735009963,70.61094573868729,71.01212380337917,71.2267690647089
94,73.33358665877013,75.04144718141318,75.7457052425872,77.73598918825752
95,75.0135631791632,77.34899080043905,77.80690563335084,79.85953599234752
96,80.55570866706142,82.42386580792333,83.18666991747078,83.56811835441766
97,72.0504992750833,72.46324761966775,72.59981022696451,72.66694506681789
98,83.63503403239606,85.51713336877918,85.74702598592414,86.68650757134971
99,75.43213749974576,80.16356536239242,80.58696570630397,81.00814031680835
100,73.51162954782231,75.64792946346593,76.71116928338247,77.83950337224192
101,72.51836907865683,72.7186534284162,74.13053012217306,74.45665120710837
102,74.48727493935723,75.65195300581985,77.11037499509601,77.34320692180313
103,83.4549342744101,83.7510103742518,84.50157399769341,86.58593676428669
104,74.6887919583338,75.94903252679269,76.13579688022014,76.35967891099979
105,83.06428868426582,83.12683743074368,84.86080536762937,86.19033350112117
106,73.70373931201,74.95819904374457,77.00790972385207,78.9383157644273
107,72.82600223399548,75.41263419205914,78.85530470270162,79.4686928348009
108,69.20870573386308,70.71635064038094,70.82780173949466,71.88870762844051
109,70.67191052363549,73.18492512161528,73.38363959850211,73.77035793942791
110,80.53319876823983,83.22482238147057,83.30372287296645,84.0082609979819
111,72.12224961224759,73.04941839553412,74.45951726567486,74.46906711756336
112,71.535080042697,73.64769120106139,76.54505845062728,76.85940097851004
113,77.385909639202,78.50889820045985,78.8917797062295,80.72866586562465
114,79.94770482582575,80.59271138649028,81.32029384275067,81.54868418157467
115,78.46852962319007,78.54175092189843,79.58588180461659,79.68247582414934
116,68.074135454995,69.19218168825437,70.0231688749741,71.01739365460311
117,79.1114398816364,82.20077453627493,83.30303176041504,84.31049860970427
118,72.56184673907062,72.86612641134529,74.38637106266239,74.91212497289996
119,69.74984212067315,69.79712425118183,70.12008280734157,71.1041878045247
120,76.76559400218568,76.79199520606382,79.27417744700287,80.38273533101413
121,69.7072272455426,72.81252899230672,73.91691184810777,74.07775466126327
122,78.25616296728613,81.78855735949392,84.8832337869227,86.30466860169936
123,68.884758301634,72.00688635346992,72.80784069409417,73.91297649486347
124,72.99660721393202,73.22307514078037,73.49270722109013,73.53864212486056
125,69.4239579265262,73.2094839408176,74.41149456589919,75.08368729576107
126,77.80758933769306,78.94274301891146,80.26116447188572,80.5050760769733
127,79.36022133237074,79.76531065139945,79.84445173344048,80.46696922243811
128,74.75341422281262,76.09158158023875,76.46968047059379,77.04194696976
129,72.35939446647903,76.74155137617785,77.64524619312749,78.21884884661488
130,80.27192876937754,84.64187886501507,86.56257803483224,87.41201981562945
131,74.11855367858712,74.18676614243805,76.80691789937447,77.14433702224085
132,69.09859240518786,72.00688635346992,73.04377534311453,73.34133114560849
133,81.78810179948418,83.46262280877971,83.75780934000068,85.26176059741773
134,71.28665653409224,75.31439398279889,76.16342611159165,76.83009274101937
135,74.6584621033638,75.28227017754821,75.56694329941737,75.76262863683951
136,71.94394887500029,74.06283382550943,74.89039964898113,75.89265667729406
137,77.52983618827355,77.56736763000347,78.11877004393564,78.99667094988268
138,82.26617040951032,84.01571533314252,84.34696879807615,84.77768673847521
139,79.96623868124846,82.39790109113244,84.48973839169615,84.8597802979708
140,68.40870397407804,71.08446461081293,71.50463888252379,71.50560342191362
141,70.86633863361885,71.58331457212341,72.85913410997671,73.1237695259229
142,76.60371246899795,76.8946533637514,78.00942139464398,78.23557688044446
143,71.6053157896221,72.80236628941685,73.00027751975375,73.40940400262336
144,78.50270469746808,79.72088966501988,79.77631247932096,79.90342736510792
145,68.49163768107208,69.03890231801937,69.19425149011276,69.26436664619737
146,76.12426619781981,77.10147192098364,78.0795614630542,78.12576028933238
147,75.1494810547609,79.30168274559229,79.7772215911219,80.36336604864945
148,74.06283382550943,75.17797452414582,78.19941241370277,79.70873745165154
149,72.21953775778347,75.49835291452912,75.65064126937446,75.80708667910359
150,70.45836896222089,75.7815817825713,77.25702741571446,79.4931276420412
151,70.90111534162473,77.64207656590844,77.88927155850294,80.41826753322049
152,85.05797323973304,86.15056020895398,86.39647929961014,87.38679951693253
153,70.4132106772819,77.16091722518367,79.70243658405495,80.40569761004784
154,83.66527441670014,84.03675714491865,85.7394642324979,86.2023627287347
155,70.7800522509102,73.70373931201,74.26584714397487,74.39531622732696
156,70.74814777869172,74.1846130803811,74.68466331801253,75.26681393857955
157,79.62611130573745,81.66196564373432,82.24473359426158,82.4021960522399
158,77.91105854714193,84.01425784809564,84.80013581015696,85.03842690691941
159,72.95107687382672,73.7315769662455,75.38895304714377,75.7457087731143
160,72.03538793650596,73.33671055602973,74.138292989747,74.5329630039847
161,71.23165410443734,73.60062377381853,75.67326735376696,75.68898473436013
162,77.84318608165182,78.13454721527295,80.72772773793876,80.75103004392281
163,71.63083617948814,72.77727394609134,76.07723247595784,77.05119693670987
164,74.17720819160601,75.0835238861316,75.2082612708596,75.74288737856625
165,64.64976356607657,67.55986175974236,69.75551313417773,69.95180983739962
166,77.17475135704403,78.33812231747198,78.41076220484047,78.79356248544595
167,73.62965407696012,76.45411002030967,76.8881464646269,77.85856285946642
168,65.28904293339623,71.3738254624867,71.3830902841774,72.94382923996332
169,78.3473221241164,79.25894336149155,81.71420301048839,81.72919399382809
170,67.94283222787702,69.7341212491718,72.51836907865683,73.38416169402063
171,73.68507081629194,76.37592295579232,77.57194569019263,79.13890965643705
172,78.39351216843568,81.18743721404199,81.83739789133409,82.03697063640483
173,65.45165204316493,69.48255939174614,70.2458825594166,70.53593991082438
174,71.73934268079385,75.33790839593925,76.68388145766323,78.29103242572049
175,75.7899122258456,76.37645495221453,77.46958779148399,78.46847128246365
176,74.58957639820187,77.31989553632525,78.33584989622663,79.55783497690251
177,69.26930564700471,69.95180983739962,72.74483173280068,73.24067331559826
178,74.20673924845102,74.26708583617942,76.10793227855642,78.61214295849044
179,70.69777893624169,72.89217342154457,73.84126512000758,75.44274643700494
180,73.13211509934217,74.84594225926121,75.28274320788789,75.29983370668967
181,87.2119859267035,88.03067455061812,89.18231530372097,89.27228751004586
182,79.73219304386168,82.91243945423491,84.17470654371384,85.03435243758949
183,82.05705817755542,84.95071835220021,85.20903783270234,85.26649723508083
184,80.3358736314892,80.73189666441743,81.78699905828539,83.38943308516757
185,69.61798354837286,75.38675941781771,78.16513624756126,78.52836397759123
186,83.86801955446286,87.4131599142393,87.52340290112912,88.28920836336077
187,77.61593457630408,78.83263086056745,82.2787587651689,82.47498821641753
188,73.63020169515384,73.69472807720359,75.577826099204,75.73199416609171
189,71.42650503547186,72.52294048722128,73.37362620641235,73.38363959850211
190,84.42211674012147,84.6124936183083,84.75075547946794,84.98689470641683
191,77.15674066363289,82.97654808024154,83.6973499868969,83.73094305682187
192,75.01909193637985,76.16681572869442,76.60702242091709,77.04557038928469
193,73.779273563548,74.3321017339272,75.7457087731143,76.9890111931409
194,72.97091687670219,76.4109571948006,76.44364796413129,77.00069446883994
195,77.22957111898779,78.30136400879296,79.10213637467513,79.52240531287447
196,72.82600223399548,74.5398717925213,75.73453975851213,79.02354768255805
197,70.09016777533391,74.82311103447707,75.14824286152266,76.05105153352066
198,79.92980821475827,80.86758681654712,82.40138768673664,82.43221158119317
199,77.14363850444468,77.38874972149165,80.45207605073894,81.64515762861535
200,75.75416801489473,75.81223345399131,76.11224762445288,77.3565779849296
201,84.2495240408309,85.28102560161993,86.9848722840704,87.34610048303435
202,65.45165204316493,71.19147757272702,73.70122758006998,73.8495696242742
203,77.73759071936063,78.67062939709623,79.46416041290509,79.61100320171566
204,73.96773113252407,76.05777415410054,76.68075374461853,78.11929346985593
205,77.34791811122618,78.76250517154516,79.5337656084091,79.74708062677308
206,71.26274055058516,75.90393185865733,76.39450599318769,77.3942041829892
207,85.54091025505404,86.9328210413858,87.46738230419484,88.58655177273964
208,75.17466997490538,77.86049059621246,79.2276371857101,79.80816725770704
209,82.32387669256971,84.35868925934345,85.81405537779754,86.1086095594734
210,72.38337322676091,75.28078515114824,75.90477312825203,76.94298182416539
211,72.2228163826107,73.77137198661896,76.01422445412486,76.21479995385467
212,75.40447019980634,77.77440802165755,79.01573004470224,79.28801687655816
213,76.10078362689694,76.82186757776522,78.03160743940343,78.85965000092574
214,76.73943269484927,78.00589248403016,80.68780447839096,81.21398961753745
215,79.30377267733157,79.78260904872397,80.40569761004784,81.05693711820696
216,73.69413776113811,74.46783044797225,76.80293422059171,78.11859466507288
217,71.05391997624585,71.33973867067289,74.12263746265073,74.49291507362202
218,77.4580798483341,78.19119200697902,78.87385506685277,79.31568199730957
219,82.70577394968005,83.66668242390529,83.86838422421665,84.96723786263182
220,75.44274643700494,75.49862755991974,75.9663087775248,76.20483915453624
221,72.98489982572535,75.04918108166076,75.89289225389376,76.38688296941433
222,74.33245413418958,74.71914326593021,75.30050613816128,75.69650506954504
223,77.74003122042026,79.40289199803851,79.65485925341828,80.79328900473043
224,74.03117178854974,74.4058596544486,75.3965128299154,75.55242197082585
225,72.7743442372512,74.96881168666525,75.02475395829346,75.84915597507577
226,73.00138271227878,76.7223047485065,76.83793785364207,77.5458395216065
227,75.0925311260096,76.57845880729064,78.37055300650323,78.53515583335944
228,77.06444878845122,78.57406362165626,79.53461954314099,80.81078175144795
229,77.17699762973396,77.55704503331795,77.90124079803174,78.48841928080898
230,65.28904293339623,69.95378251323633,70.55327771595172,72.33510916446303
231,70.64748359701106,70.9846624495165,74.8488502385251,78.43923235147909
232,71.28361087077468,76.9371709227303,77.74608042350268,77.7808980811857
233,69.19446112206568,74.68712037396668,77.40254324889634,78.10954305744941
234,76.06625294988878,76.85037165491816,78.76447343347635,78.88698987377927
235,73.80078819713299,78.79554593208536,79.31766149076857,79.39717553223397
236,67.86301006543513,69.70117301862828,70.1984466455131,70.19874240435932
237,75.61662212072795,75.85153601620287,75.90604684594527,76.20195973055279
238,69.26436664619737,71.43053685948192,71.59490355618634,71.61114943593353
239,76.40354012482466,77.80647339595885,81.63670000764353,84.47448614877456
240,71.36442615683045,71.9701649747151,71.98256267906869,73.29446111302907
241,81.00112868408003,82.94187131035528,83.48510234437671,83.51747446380462
242,72.09981949168245,73.16364103195113,73.56750027660387,74.33914979152675
243,71.62837766866595,74.73798714586717,74.89457692608,75.51880978886446
244,77.44774606648134,79.92368696091305,80.00140051119953,80.03419803373721
245,71.94394887500029,74.18531089603201,74.26753631030346,75.21582966338997
246,68.07256834309297,71.62896259864168,74.4058596544486,75.13852273563064
247,72.54741618486892,75.08926645936033,75.37124009071857,75.45197338512969
248,71.73934268079385,71.80304787112247,72.6690484388703,75.43540813907447
249,83.5364628618068,83.84305448532862,84.02934981177056,86.48120100248953
250,68.26353991991641,70.08884546231748,70.1096650967022,70.23317678380425
251,74.01751288687944,74.5845029681195,76.3965550732602,76.67087460440352
252,71.76466754502316,73.77969189250796,75.09331703035507,75.42435088345836
253,71.4590888181159,72.0856037972192,72.72560412315417,74.30323763084208
254,69.03890231801937,70.16804114465444,71.4134340077079,72.96701718631196
255,79.60460656252529,81.28306037702671,82.29467815895053,82.33139135918499
256,74.61512265503323,75.11733510638497,75.30051054076641,76.111393781537
257,73.4536327255235,73.56181617534317,73.61439087247773,73.82595633001928
258,78.06804302828515,78.48256470443073,80.34528709641928,80.5220067992994
259,67.09558708183307,69.19425149011276,70.6580308268432,72.00816489811588
260,80.58543201009257,80.60956621436902,80.861744088409,81.90471822471123
261,81.46698129163661,82.99095545279977,83.1296979181966,83.42197569949779
262,68.08856957760256,77.2263952712637,77.3342385054253,78.99646259986841
263,71.3243262040893,71.54322473058537,71.66315958090648,71.8077487475452
264,81.15458732230151,81.15994896155463,81.17471532169566,81.29456189616849
265,74.89039964898113,75.8855862594862,76.78059117911752,77.18347647960795
266,69.09965851790832,69.51395652138255,70.81296999941458,70.82780173949466
267,72.35007268014557,74.51640919121603,74.76158701035678,77.35306881410052
268,71.66612073161758,71.68998394969393,73.84883185931271,76.8789236277013
269,70.88067762324856,75.47261653822436,75.55151727986195,76.00020820459478
270,69.95893100301409,70.4132106772819,73.60062377381853,74.99108281083268
271,75.41380029599424,78.0713284805518,81.83924408704748,82.42223400758401
272,78.0807572768542,78.43867861925968,78.7965077290943,79.8755938932335
273,74.32263834915067,75.48087095941585,75.81437465231062,76.27699784594233
274,70.86633863361885,71.19341623583895,75.88379760486697,76.61937981579301
275,75.26299570735002,77.73323281915171,78.57106278300171,79.85623019199785
276,70.55185549548901,70.71635064038094,71.28665653409224,73.29206952616356
277,68.725624171769,70.4427015123491,70.90420287271135,71.49725321127649
278,81.85061819631383,82.00709318207602,82.74012631527447,84.7242399907742
279,75.14824286152266,76.14996492076253,76.76168873933085,77.11414385668807
280,69.65434700763592,77.21516434586107,77.28931264954547,79.55525061979128
281,68.13564103047389,73.00520906887445,73.04413297243603,73.39131327839273
282,80.0827399377661,80.27845145985256,80.75067765147534,83.35085020692802
283,83.03796673248284,83.51148627313866,83.56458865622471,83.7815378989794
284,72.90144036496034,75.61139794494264,77.99625364505471,78.55873441901396
285,75.48087095941585,77.21516434586107,77.385909639202,77.56977629080313
286,76.69285930685213,77.38574327057384,78.8194306299838,80.67335346475696
287,69.26027843985072,70.0231688749741,71.30478919605648,73.19710534639147
288,76.81666249969281,76.86978553000431,78.30233927773507,78.61616329362575
289,72.30735918498712,75.28592431495628,78.21979361518267,79.71702321330493
290,78.86183188634052,79.10876530368338,79.96034609242881,80.76844279897598
291,69.82451248286017,70.29092714489397,71.50829905766257,72.78905952997391
292,71.77958457697042,75.09611340965864,75.10515685669782,76.40335647683115
293,81.7937936988035,84.42332262791128,85.04640426731014,85.7984013766796
294,76.29441604265159,77.94403713821754,78.00357574371478,78.33244306701135
295,76.49871679294843,77.14877486145713,77.88378051688501,78.74943594627817
296,77.36847863027074,77.68947369358128,78.34879878159681,81.50640640615066
297,73.0514661813451,73.76724486022728,76.16681572869442,76.89474140981726
298,76.70265825655694,78.04377299628925,79.40325818922717,79.4905334020426
299,72.03603599854844,75.21198009407871,75.26299570735002,76.24903891563686
300,73.8853228271381,75.18128419738281,76.39064770694864,76.77518708638726
301,75.0216812012801,75.88107707281917,77.4589557071723,78.58779065540016
302,80.91826628464398,82.08737467359617,83.21530867086135,84.2882535454765
303,73.1989948748063,74.22878059329473,75.59676247948504,75.63576510140507
304,64.88625094177685,68.7398525457499,70.2155573069332,70.42038589788181
305,76.81014127183484,77.36805539356216,77.92063227679853,78.43215489837498
306,78.03808035247604,78.76311694914175,81.22830107608068,81.56597730783724
307,73.21879684974968,75.10515685669782,75.37477774348298,76.21137331185606
308,79.84445173344048,79.91574460968836,80.4779300952823,81.80743450513164
309,72.04926308119809,72.66182309886456,75.34002095020874,76.0108092799909
310,73.71368616970605,77.89343587517413,78.34939329500753,81.94181204730837
311,81.76245222014855,81.77445808213761,83.1783653589129,83.79612771667902
312,79.31540290425761,81.67082295557215,83.60682480754605,83.7525103328938
313,71.33973867067289,73.49086328911872,73.54539643150541,73.70385294977744
314,65.54450213630881,68.7398525457499,69.70117301862828,70.69260258318607
315,75.66936808498761,75.75662597433258,76.09708637126089,76.10793227855642
316,81.22567494872172,81.28211234501465,81.47673325839693,82.05042374608838
317,77.86049059621246,82.1170858983432,82.4197424608649,82.55304254810503
318,82.58583312703156,83.31480700450636,84.50075224327352,86.37255492126353
319,71.36085346116006,73.10276712073211,74.76030076376163,76.77403028475202
320,75.68398456303048,83.4401377884355,83.52785880813344,83.89474713498382
321,73.63457035924237,75.40203159220583,76.27031431357267,79.32618348918112
322,80.56580317275589,80.72544896070299,81.45005128917518,81.51875349171515
323,62.67476986536595,63.16249832179115,64.79167275983193,65.23642456522168
324,77.22499724518059,77.37400282618894,79.17844733361325,79.2468836865181
325,78.67062939709623,80.0679473521202,80.81520692285166,81.01237478989431
326,82.5853438747345,82.99843958160454,84.12442702222651,85.31344648135806
327,70.21696628978387,73.92291559835918,76.12698977867132,76.37623559855257
328,75.63338800824609,76.30854239637097,76.39543939542418,81.37642220779615
329,80.64587535392333,81.24635636528414,82.56176693671115,82.805990482025
330,75.735616172663,79.65691899788825,81.12770915452943,82.09123736795715
331,72.86478985941868,73.28257382695766,79.44653193104438,81.40249615043476
332,78.95800558326884,80.21539012717795,81.99813743484405,82.42159515075149
333,69.22289066425972,72.03249880228618,74.23271440196301,74.83889395742092
334,71.41814012760803,76.58188469352758,78.00589248403016,78.57256102413182
335,71.01739365460311,71.50560342191362,71.54715690150422,72.62301915142822
336,69.00851472655789,72.57246320600882,73.80107125226412,75.65064126937446
337,77.73778729036488,82.23421064822112,82.90106808380146,83.2082695347984
338,74.50536799790049,79.36022133237074,79.42509453121534,79.67640509466601
339,72.9039007870779,75.13413596064031,76.53432269704827,76.54980566339876
340,69.32323346237864,73.54111276061761,77.30151684057383,77.7253387882677
341,74.74305993699312,77.60865885331476,77.9844770931603,78.13043881818815
342,80.96749237169043,81.13997465623778,82.16284461926797,82.86482489104266
343,83.43803541349557,84.26737842056069,84.70167317797366,84.84288315229465
344,71.2267690647089,72.56868284807109,72.81252899230672,73.33671055602973
345,78.23528847081073,78.37467322389541,78.63699058555508,79.57771568862744
346,74.17724175751965,74.91212497289996,76.50275410645975,76.66407861300442
347,73.55778381634354,75.19875009119549,76.73650804654879,76.99265125074069
348,73.70728933233264,74.82311103447707,76.28539529069441,76.4343305051573
349,72.48838496904864,72.90305288045336,72.90732596375997,73.12047072600302
350,76.49968144826069,78.45397213581867,78.50053765795742,79.77895836133342
351,74.4535475559692,74.52243401521322,77.60801959637607,77.85856285946642
352,80.82355953665449,82.68975864690877,82.93702131627445,83.72158631559391
353,73.80024091571056,79.48419809840112,79.65691899788825,80.71075368016459
354,82.86823923931266,84.21256459083011,84.40526274778338,84.70180030579762
355,69.7341212491718,70.53356086402448,74.51596607934806,76.08073450626928
356,64.58926624112944,64.79167275983193,70.0374205826995,70.14328220995382
357,71.62896259864168,71.96252002676134,72.37591764513867,72.46126222906148
358,69.46711341441838,69.57494193363448,69.7072272455426,70.55185549548901
359,74.54265067540112,76.95052522391826,77.97396863543489,80.2678292316914
360,84.95612913037105,85.55725087232246,85.72619156681849,85.87907747052463
361,72.80695089747266,73.57003628774375,74.68712037396668,76.52274407380833
362,77.14062685730822,79.50093739619187,81.87759623902176,82.8683272850658
363,76.35010179260432,77.22022339361071,79.91982986728715,80.5553304924598
364,73.1542321395491,80.31913266919543,82.12159001111183,82.25929023657723
365,74.79462271432911,75.04833461742793,75.0835238861316,75.85127242573732
366,74.0082057797613,77.57194569019263,77.64398722759523,78.03039998304162
367,74.12403273376265,74.27135348708389,74.3631269011765,78.33728371784353
368,75.80819951010511,77.01462035939355,81.29730095781107,82.68801273934629
369,83.9252763190454,84.19288453942369,84.5188147157198,86.51452237513907
370,74.88926904337502,75.99432684800442,76.39958888979882,76.71665738455233
371,74.57038342131783,75.75564098960817,76.84386036240168,77.49221553332893
372,68.17856909624214,73.35509861177607,76.19897133870617,76.28430797977813
373,69.4552075445472,71.61114943593353,75.86127930174784,76.17250710941333
374,74.68767557360837,75.55351501321547,76.92373323399323,77.66165763946987
375,75.23110963955808,75.70607747066525,76.57017691733631,77.33416844149997
376,76.6795985507324,78.22259462573885,78.27186582962885,78.34941329337059
377,78.90501525943549,80.72866586562465,81.02081033183619,82.82328003953843
378,74.1736613932761,74.38385177856175,77.50381484395105,77.73598918825752
379,71.22393205597491,72.40964648500591,74.78122726069158,75.13709659734708
380,77.9475536792786,80.50254963592197,82.66203005698615,83.32809895160068
381,69.57757210803474,69.95068086073618,71.2618575921979,72.47634843012126
382,76.57017691733631,78.9252958310539,78.95492297195243,79.20339868417653
383,76.14605668211173,76.57170627779777,76.65193821758612,77.25027230972297
384,75.88107707281917,76.39698814520972,77.2564847636343,77.65535125778243
385,75.31439398279889,77.01914539081324,77.35729014599194,77.67860753306422
386,76.46755552635281,76.7510135165523,78.19279828633888,79.45193486405783
387,74.59462619410111,74.95417207732459,75.77976443049798,76.92365138885371
388,69.26027843985072,73.29363017679238,74.6887919583338,75.11874236098238
389,73.80024091571056,80.65725261087641,81.1322711550455,82.56958345576987
390,74.59479813831042,79.64529980020006,79.68714552472528,80.09892641251022
391,71.99909019816492,72.03796184161577,73.08168697325341,73.40714562812445
392,67.41400057398398,70.70892483113468,72.86478985941868,73.25961993489251
393,71.05281007070309,71.06432150298045,72.98971633377474,76.4928505888042
394,79.54398323394291,80.56417786487992,81.73064943022342,82.27501062439238
395,75.68898473436013,76.53797404665367,77.51484882628671,78.34259439512441
396,65.06732084698757,67.56140100998151,70.03441394080197,70.7800522509102
397,76.24511229577361,80.7303578426478,80.81565539145475,81.19265805501173
398,80.24145374687157,80.96909046999195,81.72542104394209,82.17770864297407
399,77.05891753970388,78.80075151017266,79.20721162624986,79.49025265838459
400,79.14366998278112,81.64686714839179,83.10289388167185,83.92642891882736
401,85.01316573621826,85.42729589706595,85.82398153101066,86.19154327363165
402,71.7470525253104,71.85225944390238,72.82731027870457,73.48785315783766
403,75.73893226895844,78.45294305745777,78.50309087212008,79.23792518280224
404,81.72069602853207,84.94453164587487,84.96810821081513,84.9831771677737
405,74.71725083746257,75.76157879518911,76.84543836250614,77.62913522017871
406,74.75214261528568,75.43742471364163,75.48304119491102,77.44627195187283
407,69.57494193363448,72.85913410997671,75.24962232342516,75.57999464283688
408,72.39032023243551,75.91447459762726,76.36060210963348,79.38772608631692
409,71.97510007311058,77.20967273765545,77.68649851538916,77.9910179978023
410,78.25616296728613,81.43012665655795,81.58171055539854,84.12714196684878
411,76.6778778032427,76.94590034863846,78.53877091861224,79.23286265171812
412,77.67856149058656,78.00520179163391,79.41984998372706,79.91893774800471
413,77.03390172702679,77.29925136782755,79.08767540540411,79.79249639274751
414,77.95330644425631,78.13975121896783,78.62762911732172,81.55617717983972
415,80.41396241167367,80.5459614799879,81.01610041275066,81.09403764679273
416,78.0906519641137,78.23918114963081,78.50290189913837,81.54577177866334
417,74.16992751632073,75.41728835478463,75.82375201017952,75.89289225389376
418,75.59541464679316,75.6743430792334,77.90589370041654,78.0522900949673
419,74.06157570177531,74.35698678955868,74.38845624942455,74.89184909396886
420,77.95454759589694,78.70828200749399,78.83021886901496,79.28658893188049
421,78.2657265911707,78.32783901744092,78.75592298610722,79.06484473455266
422,80.81556353149938,80.85890289232806,81.75202447810646,81.92615484431056
423,67.09870256756832,73.05358548986901,73.16115283183007,74.13550841415918
424,75.48304119491102,80.04529101347237,80.04985563100544,80.10585362091268
425,74.17830654843435,75.80706514604977,77.53719949550258,79.6715036922779
426,74.25124813086943,75.75662597433258,75.91945283285514,76.36180545602238
427,71.54322473058537,75.41528197936987,75.82166624254577,75.93557217026664
428,82.98704300272942,84.53197965858612,84.96470395386481,85.85522111257534
429,84.28872816384848,84.48095454350735,84.76391386796529,85.96666689080347
430,73.10276712073211,75.20341632351024,75.65900730226063,76.48489613894785
431,75.23470012975326,81.41291104391627,82.98861825366892,83.32174855174931
432,74.95091824476499,77.94788768118197,78.1594881318925,78.36351836231056
433,70.04154580200387,72.1347702131665,72.98489982572535,73.14933148771526
434,75.69418360362246,76.62264335191941,77.44752620530035,77.99751010978349
435,72.7719954645995,75.45124118778863,79.2506084092886,79.67836414039597
436,80.485144224008,82.40548973345722,83.49471738746178,85.03641576727748
437,74.94319240945713,77.31989553632525,78.7356367819521,80.98477817667295
438,75.08091576465792,76.92389642869435,79.83343668328398,81.06012029712242
439,76.11951334547544,79.43560694430391,81.07789483268864,82.05686374097881
440,77.1563754451588,79.1506604821167,79.23991467958231,79.61688806300424
441,72.51348456137735,75.11003837663746,76.12637244385552,77.20422610545413
442,75.43742471364163,75.735616172663,77.86546642605018,78.1829504042118
443,79.58323040401038,80.52490401954967,80.86578901215522,81.06562434485147
444,82.89715760084654,84.83301789993656,85.11811866113388,85.40536350102121
445,82.53177444696557,86.69507671739282,87.57576677008855,87.7243281268961
446,80.96688864577506,82.05243815412354,82.16086970120213,82.6599859059392
447,71.11206514115028,72.94470038377656,74.01751288687944,75.15899435295158
448,65.6799072411619,74.20686465520018,75.26681393857955,75.72355024477424
449,70.66581533057898,72.34379071317176,73.5113226481452,73.8434361902294
450,74.03117178854974,75.80180410152921,77.74039246002516,78.0319589733333
451,74.86416999650636,76.66299273020586,76.96399504871648,77.05268552605726
452,78.53148429022603,78.53973451528597,78.71402597297511,81.54817548231966
453,70.91432444087671,74.866264668585,76.45127958544683,76.60702242091709
454,75.50685360983604,75.96136610035896,77.6923445033445,77.7613643618037
455,73.11277333384005,76.7750099793472,76.83391828736085,78.553989121266
456,71.37507107131437,74.20673924845102,75.15899435295158,75.30153373967234
457,77.97316852235129,78.74627242302918,81.32727613678193,81.82347096209656
458,75.03865496385848,76.53252990283521,77.37557237567395,77.58104096452206
459,68.074135454995,71.6643926544276,71.83550907608188,72.37828210703536
460,72.8908639855316,75.85092975249069,78.38643635624446,78.5606301791969
461,71.41814012760803,79.63313869684451,80.80143075657779,81.04075618063703
462,69.46711341441838,71.7329506756568,72.49981286549945,72.81855862675928
463,75.51880978886446,78.98784985611796,82.88228018948443,84.19806398163254
464,68.07256834309297,72.35927152155631,73.91580037258618,74.07006992633228
465,78.17175501643631,78.2857884859929,78.70666506244316,79.57061671253203
466,68.25967323087018,69.18222014134176,69.42553093147875,69.52642054444473
467,81.24248179994278,82.03045314603813,82.24502737554187,83.15692161411164
468,77.42540620789394,79.63046672986698,82.33533627014494,83.01918503096898
469,88.23279227739842,90.33492162173917,90.42817355723838,91.26242776225892
470,80.23358953924199,82.34263705910541,85.63893953260053,86.88379834669716
471,82.35086821370346,82.55104957352519,84.84398251974594,85.493354374524
472,83.80261958198747,83.93107112950375,84.47815142358434,84.82917930195447
473,77.42544717518817,77.91429901548281,78.63375292622685,79.07835160299857
474,71.23165410443734,72.24776542773873,73.28366339296099,75.39146846883237
475,77.03597351079641,78.87361639481581,80.99715246587057,82.60870935907543
476,80.6451037998606,81.10457578732162,83.73708011663354,83.86986546300548
477,77.42540620789394,78.93204193121905,80.09647364773906,80.47192921078793
478,78.50639444837667,79.2204871648066,79.71997674851504,80.49026135056437
479,71.0502959231615,71.08446461081293,74.63453070406163,74.64047886488446
480,79.31189914366819,82.56257125667139,82.95144179999085,83.17303390753158
481,78.56574608297954,82.61966589457221,82.6853829707722,83.46519033922823
482,78.79241082424153,79.15231159255536,79.48972419898088,80.63548669010163
483,79.33932988096204,82.48861406208111,83.2455781329541,83.75500440654572
484,74.41419557881098,77.55149412485332,77.66885871115487,77.73323281915171
485,80.85618803035334,81.40099108690268,82.7289691546043,82.77811049065473
486,79.26733848348694,82.90856975220782,83.30316282711405,83.88691151523864
487,80.29376192215442,80.93268694265355,83.96898815549132,84.15756827076713
488,70.45836896222089,74.73084697379663,75.98862309022141,76.06625294988878
489,77.95625908570679,78.57106278300171,79.44919783988958,81.82938912383803
490,77.98209413400359,79.77775471556166,81.4777082411452,81.85791918825598
491,83.21628125181444,85.25886583764714,85.34658600262206,85.51215802796224
492,75.74605502123634,76.40229289992122,76.77518708638726,77.50631208798643
493,75.18266308059356,77.8661961645624,79.86935716569668,80.8932778266015
494,81.35902154464864,81.83824307950627,82.05557808222443,82.13137731243627
495,85.88590803067159,86.22239021280618,86.39808218402975,90.65289837062275
496,73.62512543325802,75.66400196591036,78.48786454737592,79.35472642908726
497,71.8644348197205,73.66249576294557,74.05379584008142,75.11712525988797
498,81.33914413378186,82.5050411665019,83.11496806029935,83.55161891441412
499,76.40389915081626,78.0712903470259,79.32244648177897,79.82992364414613
500,74.17830654843435,77.52858568595744,77.95176404125775,79.19053667020414
501,75.41380029599424,78.01578623441016,81.37693479608988,81.43512075961007
502,75.11562516582606,76.35932241326068,77.42957551304784,77.9882886235666
503,77.5225831017225,78.82271300248793,79.60501563962316,80.30553808021583
504,79.34634472578217,83.19478529746036,84.16817345037579,84.51244050352872
505,73.39131327839273,78.02255141988792,78.26886266907421,78.55454603349273
506,74.16992751632073,74.61512265503323,77.96183572627305,78.5442845653084
507,79.52418406664643,80.1989334459193,80.5298862887207,81.11384789092409
508,77.00345308009067,77.07690078232109,77.25850910033786,77.95330644425631
509,72.0504992750833,75.07845437110733,75.4071266440117,76.79720304592867
510,71.74501452499753,74.84474003049412,76.78688505293377,77.43710818136341
511,72.80481025382463,76.3583181373452,77.442659857187,77.81374220790731
512,79.88245464481491,81.74996753134066,81.88513942276848,82.43030853658878
513,74.9874831659109,76.61422457434385,79.50897711035134,79.68883927954238
514,82.21695408158202,82.47498821641753,83.29777927207505,83.50950251478284
515,81.74030967149339,82.09943913846328,84.03243535992242,84.1354934310938
516,68.64427221244438,71.535080042697,71.77958457697042,71.81405626429347
517,71.81425576088961,73.62512543325802,73.70122758006998,74.14898133536975
518,78.20153539346468,81.35511552893347,82.77236887422137,82.81147184222066
519,80.04060092519276,83.61665226904636,84.72113133643762,84.88105611401998
520,78.5557765099614,79.43560694430391,81.76868392487867,82.31570718033527
521,78.50270469746808,78.60184351128468,78.68521950384536,78.69798645602259
522,79.46788025075922,80.5768230214784,80.80811524803407,81.30439700029571
523,80.61140655938068,83.33265768089115,86.18946349597817,86.21444094237002
524,75.6743430792334,78.32783901744092,79.31540290425761,79.76907982683706
525,78.67639500666624,79.62882263312851,79.63080773472615,81.69645577482704
526,68.25354677436086,71.4998663504929,71.97727638863563,72.15130746489855
527,72.11331150681266,74.86757174115955,75.40998342148349,75.74789323199917
528,73.02878711988664,73.6425965205272,74.13341893211884,75.02575105408299
529,76.61937981579301,77.4946373893782,78.64119020146785,79.05569797792174
530,70.50457622501108,71.90607473469557,73.54539643150541,73.62793057156924
531,74.77897958012412,77.79621040895282,78.4421034420064,78.5452855192629
532,67.41400057398398,70.85477735941316,74.48914325716792,76.01778435724431
533,76.59012140732028,77.33727445515916,79.96145382627502,80.33826836360971
534,78.41906521370916,79.48405178042292,80.51348928308146,80.8444876960023
535,68.25725287292948,71.64423159477684,74.85936023755642,75.86213108408313
536,77.46532046137244,80.7601903523061,80.9443262603047,81.99421449541057
537,77.20803679914901,78.26241043202637,78.74429663545136,79.29121223853002
538,72.78210725136003,77.49833841231549,78.01655789586809,78.26628900141394
539,68.55701193091286,69.22289066425972,69.57757210803474,69.7458089422663
540,71.10265229799396,77.83943706848889,79.89711205353002,81.52823435024874
541,77.58559780734237,78.82947274812096,83.3302929633868,83.48510234437671
542,78.30500921346749,78.68213533966828,79.68247582414934,80.1989334459193
543,73.45815457003032,73.58168408103406,74.99318097859533,75.44223761354998
544,81.92142136217187,81.99423809708865,82.1555638415733,82.82936723277409
545,71.85225944390238,73.61439087247773,77.41690473495325,78.06563064718777
546,72.1364985491854,72.27301930878865,72.35927152155631,72.37591764513867
547,65.54450213630881,69.00220426970125,70.04398854053686,70.09542778628517
548,78.1829504042118,80.01922927869235,82.32546608246763,82.5502130496904
549,88.61424770362606,88.77690802817956,88.8636968553415,89.7839731176503
550,72.92539502378811,74.41569511082949,76.39211095494302,76.48519134728157
551,78.173798955098,78.31477202676646,78.32452813367873,78.9201635646206
552,76.74886194749473,77.37810403316011,77.85333870331876,78.04446461379953
553,82.4318414490329,82.65399558545903,83.1296979181966,84.84898024720508
554,70.42038589788181,75.46964736859799,77.3110415908251,78.22913218551356
555,71.3830902841774,74.33914979152675,74.61130683424173,74.6830550764216
556,74.44190463363539,77.48961322887749,78.201088783801,78.95800558326884
557,70.65373119958413,75.26950631500726,76.31491274360674,77.30794290010999
558,79.4755875326267,80.59400408035434,80.67218906803575,81.23006636808798
559,71.42650503547186,74.50266335052649,74.56986837278937,75.34089050500572
560,74.58917804375307,77.5779147491334,77.85727457816928,79.10876530368338
561,74.75214261528568,75.9492001297434,77.44752620530035,78.06804302828515
562,86.59788899262452,87.49024659883126,87.8325078079749,89.23701102366813
563,77.52858568595744,81.58146545475648,82.77202366871624,83.01058084754055
564,72.80481025382463,76.85808799521762,78.00822602041258,78.31514221181588
565,78.44458959549434,83.17663332796094,83.67883739861297,86.05203567088003
566,77.82306316959078,79.58493486850692,82.78074260819922,83.2624220948023
567,69.888633481919,72.3074249965319,72.78530398528268,73.07535651652691
568,73.56612213041049,73.64356071951642,73.65488751270111,74.17216402260655
569,82.11516024140586,83.77660580832016,83.93023278972404,84.288097785238
570,69.4239579265262,70.38946321623271,71.76466754502316,72.87471068862638
571,83.91033601374379,84.01882153787024,84.65038633139932,85.07466825965109
572,75.14139295379962,75.39146846883237,77.31600291662822,77.83943706848889
573,73.1542321395491,76.28382627363804,76.32921452037641,76.34620918312163
574,69.46686280401211,73.04431617204646,74.18654633592767,75.2764259521745
575,69.53565858052494,71.36450789683164,71.43053685948192,72.08716047344004
576,71.6643926544276,74.00109305075289,74.16975474707698,74.6461211738639
577,73.7243928339544,76.13271679255054,78.00147478694991,78.11725626867964
578,74.90743730696005,75.5950693800166,77.3565779849296,77.76919384259699
579,72.59089969654912,72.92539502378811,73.6726794611565,74.9874831659109
580,78.6529983163493,79.59187019723485,80.98666254227528,81.25601132510307
581,74.27135348708389,75.18665053311176,77.76597239439538,77.76777505744148
582,75.67520267728085,76.10709480982774,76.71939135541777,76.7590300327475
583,82.7353277017142,87.95810374994504,88.36368450444239,88.40229678308788
584,68.25725287292948,70.04154580200387,73.82595633001928,74.0813414914415
585,74.51596607934806,74.93553339970589,75.01827780513788,75.93932409203587
586,76.60439295484767,78.23557688044446,78.35598700312927,79.09750648764995
587,61.99030945955739,65.29590719895161,69.14584849353345,69.82009417015922
588,76.63258356593096,79.40292690104454,79.71851546285743,79.98688287191199
589,74.139392798926,75.17797452414582,76.46248206847521,76.90038326374271
590,72.2494642401331,73.0514661813451,75.43550315703887,76.49997162894289
591,79.6041475589307,80.0979309853489,80.30408437715218,80.49854307048639
592,73.6393427592693,74.41569511082949,75.1554082339341,76.44364796413129
593,74.10498872416605,74.98177109645279,76.18014841464344,76.50391493483583
594,70.2343080092067,73.17249495660566,74.138292989747,75.43213749974576
595,69.95893100301409,72.9039007870779,72.97091687670219,73.148818843213
596,75.21582966338997,78.5557765099614,85.82860957327381,86.24804941479216
597,78.86873406452594,79.7626972784054,80.97745772260313,81.21398961753745
598,75.80819951010511,75.97016931012142,76.87810531815111,77.03431653051194
599,73.66345632363468,73.68981525026084,75.13852273563064,75.80180410152921
600,77.07984940249676,77.80690563335084,77.91161114463692,78.96894284785434
601,66.82289153230857,71.15472079008146,72.79145685369704,72.85940471155774
602,74.3255623895274,79.31337550013225,80.10339609970966,80.38570431768181
603,88.53360804861916,88.66283958874237,88.68513256771645,89.74774393107073
604,77.11950112654871,84.12509552565894,84.85625897200565,85.61853988771477
605,79.64529980020006,81.89405128202894,82.09009789719852,82.5298906309762
606,73.3488316582393,74.75293051596101,77.90589370041654,78.78818919883449
607,72.4969057863947,74.13610923486324,75.71675015281596,77.02822952055992
608,73.5980113863275,74.6687178435733,74.693761699835,74.85076535905316
609,70.59224708281249,72.63031159410846,72.6809688393077,73.2455663293903
610,78.33376706789451,79.34634472578217,79.52764809129431,81.12333207716443
611,76.98883246633828,77.91218497509483,81.64738524306149,82.00709318207602
612,89.15483153747333,91.73386372168683,91.86795731157687,92.03866666120338
613,68.07478735009963,72.08716047344004,72.32797992613885,74.77638176126217
614,77.11932583792742,77.8276795047352,78.23289033225164,79.57533621598361
615,74.16664329763401,74.74676191457152,76.77211593636513,78.7253070435761
616,78.72454078124458,79.20052223678243,81.47177734889983,81.5757594895939
617,72.5787361566044,75.41728835478463,80.2867952207727,80.43706370625956
618,75.87753752378939,76.52509095020562,76.54488118912685,77.43570164811561
619,82.82428111525329,84.66797866407924,85.93409315641688,86.36519688313592
620,70.45861822187894,72.69546121342621,73.37362620641235,74.05920212938625
621,74.71300240311402,75.6636217322266,76.83428585271538,76.9715088459272
622,79.11990636248164,81.7019343200468,81.93282026053105,82.01484632088388
623,79.58952079671637,81.58438535607226,81.65486289057488,83.12160484776594
624,69.70568166299829,72.8908639855316,73.04941839553412,74.39520336138087
625,78.25122641327995,81.07150229122713,82.35095602162254,84.29913006372593
626,82.805990482025,83.64626275574544,85.2017120365252,85.33724385050421
627,76.53432269704827,76.67822938399183,77.15785680750392,79.23155251402727
628,74.05327907342682,74.12403638795118,74.12676206633742,74.49291507362202
629,70.90420287271135,74.3463448334374,74.5845029681195,75.11003837663746
630,79.59879863172671,81.07789483268864,81.17711276521213,81.47977383761855
631,77.01579461888736,79.41921732850138,80.23341283207752,80.5593992330899
632,72.22582194353521,73.19259677208252,74.89871241153391,75.92573287750302
633,79.17514307350783,79.74792344950552,79.8670249392632,80.01535759800032
634,73.73152413287686,75.86536015466132,76.62417073181203,76.64393848479793
635,77.18405388540668,79.64959144113405,81.71390232094349,81.88797348734211
636,75.40272315966547,77.66350642493433,78.24068055345963,78.82691473315815
637,73.10747445176747,78.12753164281253,79.6513376160424,79.66562834686657
638,79.33984200392598,81.8362807132744,82.73569236416823,82.87704528901448
639,76.60026106222777,80.03729777718277,80.29903790476486,80.65725261087641
640,81.94065739920806,82.56412226745532,86.11210782856419,86.43114548210552
641,74.3255623895274,78.90567660479918,79.94854017944702,80.16905707483998
642,74.19975855092706,74.59462619410111,76.4543453886397,77.2001906400456
643,71.10265229799396,73.6393427592693,77.12216668721746,79.98689606493546
644,79.1373466388498,81.05816701339901,82.09844490063367,82.3565795598568
645,78.66471811839065,82.33139135918499,83.07757554980071,83.18432083087023
646,71.89078718572472,72.02872756787625,72.08803407786705,72.32611953784229
647,72.91395922061389,76.16104802685797,77.30683478519202,78.39738946674184
648,76.83577652176061,77.63487040040597,77.96033514257486,78.03988310800217
649,71.17496235776782,71.22109176166052,72.04926308119809,74.31751978312485
650,78.89828939155998,79.06190439906547,79.56473490446638,80.94852465342517
651,71.52631406242264,80.52014600930559,80.78065916630341,80.99021208042608
652,71.5816975092192,75.04497450803159,78.25462607955659,79.67232790393646
653,72.95375945499441,73.70900667486683,75.08120083233187,75.91813688131488
654,72.40331179129487,73.47339114281212,73.75092261583505,74.06442200909959
655,78.37717221020448,79.52418406664643,79.89678900462145,80.13792479975378
656,73.81495250784839,80.23173402667857,81.38651031935906,82.09604519627081
657,73.498417972385,74.4035567393037,74.99643417769688,75.73453975851213
658,76.33203783149281,80.07955410480629,80.47998378621232,83.41603414784085
659,72.33507901771647,72.8817566723465,73.13264541470497,73.56068913635472
660,83.19656648566028,83.8340153534516,84.20356714506906,86.56518324317388
661,77.6359043503937,77.91218497509483,78.75639826390672,78.93204193121905
662,77.76378167778495,78.76020821435716,79.58493486850692,79.99972229122243
663,71.43654250414588,72.3048509370196,75.86469935683293,76.31257106010455
664,79.51285431283361,81.38191807714924,81.52436299170813,82.60808543809377
665,78.53065268718787,79.4885641586515,79.65886096588832,80.03515701000588
666,76.29549730171998,78.44707936173083,80.83216556609368,81.66251575689172
667,73.84126512000758,74.03103662432893,74.73737608526012,76.13780766745289
668,67.06123623135747,69.4552075445472,71.88870762844051,72.00816489811588
669,73.89456211972617,75.41528197936987,76.57897582105973,76.61702150700482
670,78.41906521370916,80.16977838875366,82.39091193658858,82.53894196697976
671,65.6799072411619,69.37381059326961,69.91640143010072,70.4427015123491
672,82.37212900846735,82.47769185448405,83.39514978170324,83.91244167667139
673,73.10747445176747,75.77315563224185,76.2376199668929,76.8946533637514
674,72.69546121342621,73.68796922040528,75.85961397622042,77.18319787679448
675,70.41473579990131,72.8835876161189,73.49086328911872,73.83512895099622
676,76.90591616888875,78.8905608610301,79.44718780806119,80.15958893240166
677,73.28366339296099,73.7243928339544,74.26753631030346,75.87544190971767
678,75.67326735376696,76.78059117911752,79.40028988320394,80.32866582513515
679,73.92291559835918,77.77959838131291,78.3512521669016,79.61608924066839
680,73.76319298408538,77.87268436388773,78.64847957622048,79.17976294777984
681,76.98162270712008,80.05004974891804,81.18457661772122,81.48945584214246
682,67.34234201082572,70.85997721256211,70.98942553937944,72.40331179129487
683,78.88580850598089,81.25508275534102,81.4673473230487,81.71865646432899
684,72.06905865920127,74.25124813086943,74.35599380617431,74.89184909396886
685,71.49725321127649,71.81405626429347,73.04431617204646,73.64769120106139
686,75.13413596064031,78.01842199116551,78.48841928080898,78.7133871886582
687,72.6287177034989,75.5897900862645,75.78204680248014,76.54249033512068
688,73.58451210287484,74.45737981279301,74.88926575621825,75.45932030855614
689,67.86301006543513,69.42553093147875,72.30735918498712,76.09446813558068
690,72.85940471155774,73.7459526016741,74.62078894827903,76.34918969358732
691,69.32323346237864,73.56960250049586,73.87387522625194,74.38748325295676
692,72.96701718631196,74.9700867887188,75.86922810963817,76.8604853630035
693,84.66811356555785,87.39668169673084,88.49071838154948,88.74635151775266
694,79.15932804077308,79.87962987669316,80.18582988237287,81.04434556142228
695,69.17244017479803,72.56131897340002,72.76959576798248,73.25254838833129
696,76.34685422733573,76.37645495221453,77.79275762853199,79.3204285656443
697,77.18549411142556,78.44143379916635,78.64760856731417,79.5339194599933
698,79.62960414791937,83.90664833754464,85.70361048421262,86.67176355423798
699,76.27699784594233,79.06962011876801,81.78355783583211,83.27790488231159
700,63.740302693232394,68.13435128325558,70.0374205826995,71.97727638863563
701,72.94382923996332,73.16364103195113,74.17038134957848,74.32590815832492
702,75.09331703035507,77.16304461586445,77.44104969349114,79.51588495718472
703,77.07569161652467,78.06212385663082,78.89500050710868,79.60827525503102
704,66.22142748079888,69.19218168825437,70.2343080092067,73.04089007596147
705,71.56229085859535,73.70512364349159,73.70724417663357,74.91443386470685
706,67.19533749891767,72.47653704823915,73.34543445014286,73.71543629297373
707,78.85595329697483,80.11823378352648,80.31913266919543,80.35188481026279
708,73.51162954782231,74.5398717925213,74.99643417769688,75.18128419738281
709,75.27649315528288,76.4188060567454,77.8682289633711,78.9742067286218
710,75.55452923151411,78.29498412110374,78.4323719237783,79.22011607261177
711,76.29441604265159,79.98783405345898,80.64756869127521,83.66768613190301
712,83.00370462938508,83.75504392503402,83.89994318177433,84.2676313858363
713,78.63316857629184,78.84976244646253,79.37254470687644,80.32297289755267
714,79.58907871683493,81.05564651178412,81.9158021615538,83.13693315997405
715,79.35524626342009,80.42662825062456,81.0818003896607,81.85029899872156
716,79.87237988816777,80.1462945086643,80.31896474616629,80.46646148994854
717,74.21335892831388,75.69418360362246,77.61593457630408,78.81602995300175
718,70.23317678380425,76.26812023328239,76.72119780004425,76.82023997532096
719,67.34234201082572,75.33790839593925,79.36747123340083,79.58157199473453
720,69.46686280401211,73.7315769662455,75.8202752753503,76.25082374016698
721,76.07174323873897,77.50631208798643,78.69678585923545,78.9484586881138
722,72.2969147670738,72.41744087473157,73.58786049631986,74.2145724392987
723,73.28257382695766,74.20077314631854,75.18941303669125,78.16632592509933
724,76.24256289002187,78.65100144544114,80.60144349937346,81.2259040266983
725,80.7880674207841,81.21872682818905,81.7615864778623,82.47548450167105
726,75.76262863683951,76.12574139889625,78.35598700312927,78.42659431782162
727,81.2076301307788,81.68758395501358,83.18363380083905,83.44363220210161
728,71.9701649747151,74.64043620164551,74.69725093825346,76.16507258250293
729,71.52631406242264,73.56906322791959,74.26584714397487,74.5991232081483
730,71.28361087077468,72.27301930878865,76.85460128435726,77.2263952712637
731,70.09016777533391,70.59224708281249,70.81296999941458,71.30478919605648
732,72.10889000193748,75.02688670907567,76.36266091736044,77.01486468638113
733,82.123357126404,82.81305893913382,82.87007762664236,83.73725991459489
734,86.01945351978873,87.46727529287209,87.66480167290543,88.59845932609308
735,69.75551313417773,70.45840488200757,72.312458018418,72.70503720085613
736,71.54715690150422,74.4535475559692,76.01173978892439,77.31752735244639
737,72.63160581390551,73.80107125226412,74.96686514461317,76.29848924253794
738,74.04055772987486,74.32314759367695,75.43550315703887,76.36059454799086
739,75.6395244456363,82.15164384383684,82.66056376857274,84.09077753406996
740,79.7062047490285,80.89850973804464,81.78855735949392,82.0912407765786
741,74.18531089603201,74.21335892831388,74.50536799790049,76.58289887908727
742,86.49408293079397,86.71688333921044,86.7463294093914,88.55824296885186
743,74.56438488101101,75.03865496385848,75.28659752090202,75.57489307547651
744,76.71963338864688,77.20065798301512,77.84174670008095,78.02762564323457
745,75.56760567116773,76.2331151990718,76.30769747593591,76.68327938163927
746,69.52320970849037,71.77798509570671,71.9995731942093,72.06887238856324
747,75.37477774348298,76.23203506928044,76.23506978288695,76.49871679294843
748,70.08359245273454,73.41835862945959,73.60533736026962,74.45247313570597
749,75.00654025786646,76.80979949737932,77.79621040895282,78.85611666737117
750,77.6017139004734,77.80647339595885,78.36232345821017,80.09681122833531
751,77.42508155617712,78.90503492665336,78.95565386261609,79.06272257566059
752,74.32263834915067,76.40354012482466,77.11292804412717,77.14363850444468
753,77.2638121398251,78.44188620800978,78.72895323737458,78.98866156557199
754,71.37507107131437,74.18654633592767,74.26708583617942,74.96044468610744
755,71.83550907608188,77.63581844429632,78.16906232604141,79.19297450090387
756,83.27828734172444,85.50426194584927,85.93371954669284,86.63677428584192
757,73.52422004703187,75.73268030852304,76.39622978142272,79.01881893977776
758,68.98863136320307,71.51827321666853,72.95107687382672,74.51956486492509
759,69.71933352008314,72.06094513960065,74.294940753299,77.82530177708546
760,71.50463888252379,72.63031159410846,74.66801481510718,74.9641041184815
761,79.21523607753524,79.92910132420823,80.40684345565258,81.45215156659755
762,80.7135228444512,81.01881244269984,81.27273904840993,81.39903211248718
763,79.59379779654691,79.59879863172671,83.23426116842,83.71179914214005
764,75.5504870822435,76.26738408572083,77.63272504842722,78.94255037176163
765,73.30899737383415,75.90135938269935,76.2380910294293,77.04557038928469
766,77.10518545962626,78.2585634795474,79.22296637343379,80.49902153679638
767,74.96764374929865,78.7966427508975,80.50383311143241,80.6312539735993
768,72.45843507361593,75.48131566971234,77.70981473206959,77.94243887940574
769,82.0096700607968,82.80793508514088,83.1276612513357,83.54248231592163
770,76.6579838658498,77.88532149377218,78.13899885283658,79.69010790671977
771,77.58220382185148,79.65836532706477,79.76568289112492,80.16358156763638
772,69.70025888541807,70.24799516311599,70.45861822187894,70.54783811425236
773,68.48821631301716,69.62285573217316,71.56231921132338,72.7743442372512
774,71.56231921132338,73.31629670634186,75.57402174746788,75.74789323199917
775,76.63072932333817,78.795598472866,80.78360202843089,81.0351757621507
776,69.6356354391891,70.02914656892665,70.6013296381267,71.67592008064737
777,76.2376199668929,78.12753164281253,79.34939933764899,79.37731415153495
778,69.42833817445467,71.38111272721973,71.86138293610325,73.63442113015358
779,75.18447527703084,76.71723727886369,76.82002554954602,77.35671486164594
780,72.4687925285444,76.40335647683115,77.237753686706,78.16639043364611
781,73.35121397780324,75.4732184641527,78.43674609540507,78.63185712272913
782,83.27102770482406,84.94899284488308,85.76244148244906,85.93061720289714
783,68.26353991991641,71.54035713571123,73.64062578079705,73.87339770233281
784,67.56140100998151,69.91640143010072,72.35939446647903,73.36634498422556
785,75.23160718625113,76.13579688022014,76.59859209280059,76.76896258925285
786,84.26373876516617,85.04567730926247,85.87730275972392,86.34139770503423
787,70.44802301371021,72.87384631963228,74.58898935205053,75.69953804138856
788,81.00167970732049,83.03111711909416,84.2526484676796,87.41743599582479
789,71.05281007070309,73.72827289171359,75.23553355610649,75.65387610589204
790,78.3153092908737,79.11225593454985,79.22449019348326,79.52812667824277
791,78.8917797062295,83.88691151523864,84.35912596617216,84.57859941161686
792,72.64082100615947,76.24529824974994,78.0334899317618,78.50053765795742
793,74.33376700397247,75.12016595995073,76.67398537307633,76.93029440291633
794,87.08834412963117,87.47195856572408,87.60804114027349,87.7210778844135
795,75.72130331421884,82.77368472660547,84.14382592836105,84.6041161374283
796,70.35826746913686,70.53593991082438,72.14856270278179,72.8835876161189
797,65.90995054119902,67.94283222787702,70.69777893624169,71.22393205597491
798,75.62475083379734,77.26937978962549,78.0525354513182,81.82204562202854
799,74.73084697379663,74.74195111525529,75.76325767305914,75.80708667910359
800,79.2561670648293,79.62741447256235,81.00891247373247,82.05125626953763
801,69.47744954529088,69.79712425118183,69.80266535738266,69.96432312020045
802,79.30887645527211,80.25952571166026,80.31404193355408,82.05504862530994
803,78.2585634795474,81.57747912373148,82.66292441404116,83.43533777485577
804,75.46889334190692,76.93867586200946,79.16577634421341,79.48750354226469
805,66.62044729332764,68.48821631301716,68.59668956407526,71.1334589379866
806,84.55661083160629,85.2131101932287,85.39060720704354,86.45066528924559
807,74.2124150010752,75.01723773174429,75.62475083379734,76.76144109737272
808,78.62981820132958,79.33336999269841,80.42242393144029,81.81726021611853
809,67.09870256756832,69.52642054444473,70.98942553937944,71.19933652815097
810,75.0216812012801,75.96492447140805,76.10030162936143,76.90038326374271
811,67.00943392289864,72.21953775778347,73.76319298408538,75.34897070958182
812,81.52774370702339,83.45332692356482,86.39885746314188,86.75440688855922
813,70.6013296381267,73.78643834972864,73.90208261029787,74.75293051596101
814,72.18533286643601,75.1859484390399,76.47292545695402,77.37744024990752
815,71.97956885673635,74.57073618512229,76.59913102878046,76.97455383647484
816,77.91161114463692,79.54229453558386,80.87956675283755,81.26595956922056
817,72.32797992613885,73.97438183702872,74.06184657551339,74.84594225926121
818,77.16091722518367,77.17425332474483,78.8896155041758,80.52609287915966
819,65.23642456522168,68.94861779327806,70.12008280734157,72.12772905713327
820,72.59089969654912,75.1554082339341,75.17466997490538,76.17843658648687
821,79.52812667824277,80.2005534607461,80.33726164204745,81.18717944210691
822,70.38946321623271,71.43654250414588,73.1237695259229,75.18731847272863
823,73.5113226481452,73.54548946244319,73.73905266201605,74.10196454855026
824,74.0314344742329,76.93280958271474,77.2564847636343,77.33322841122036
825,67.42651103923174,70.08884546231748,70.5213993194824,70.56189142774454
826,71.86138293610325,76.3287720582097,77.72141634456408,78.14099414863209
827,74.96203578105488,75.03237116352014,76.31322868182001,77.00076264469703
828,64.64976356607657,66.24858736902272,67.55049729073156,67.6143280640982
829,79.11666766389466,79.55473312375138,79.92328728153528,80.33045153525825
830,78.03039998304162,80.72352120444657,81.3024090486993,81.9946390189914
831,80.11854467843065,80.84434469611853,81.58747735391375,82.38366127169286
832,75.68163575789647,76.23727946916729,77.88824217239717,77.94170407960372
833,74.8588750408959,76.2249485462195,76.24511229577361,76.91685341197422
834,78.6926274919971,79.11551623735097,80.17975828578403,80.47779949589034
835,70.27818936141573,70.41473579990131,73.00520906887445,76.65088175111214
836,82.03697063640483,82.58050502877094,82.62729061215988,83.45281110640943
837,70.70892483113468,70.85477735941316,71.7515475710694,72.34379071317176
838,75.6755354570329,77.50832476273735,78.35227841751022,78.42122734856093
839,67.63215367240002,67.69028821964292,68.25354677436086,69.08461996728879
840,78.36897714390115,78.80471122875957,79.82352977169516,81.37740391640565
841,82.60924643385489,83.10179233037098,86.08191377293866,86.32930766081898
842,75.0298600591415,76.16801138344935,76.38361741398003,76.6795985507324
843,73.17719495005656,74.07006992633228,74.48558339802439,76.74561615642345
844,77.26392353001232,80.96909046999195,80.97745772260313,84.0223299525365
845,69.53565858052494,71.16103480461463,72.38864181782989,73.55519783569183
846,71.05391997624585,73.19055251980087,77.35461893200262,77.5834735288544
847,71.58331457212341,72.33510916446303,73.13211509934217,73.32278370011619
848,70.49480381385675,72.80225779209985,73.15852770497857,74.04055772987486
849,77.76378167778495,77.92049122453453,77.99751010978349,78.74810256298333
850,71.66612073161758,71.96252002676134,75.9013290786176,75.94740121611373
851,73.46172471831032,75.46752887494965,75.52587451545632,76.36659628273429
852,79.23894517403674,82.32546608246763,82.7363819035547,82.77814407460419
853,65.90995054119902,77.1249581206507,77.47010070129463,79.42527142425224
854,71.59490355618634,71.97956885673635,74.20297927676874,76.32694302791695
855,70.84577182776788,72.46324761966775,74.55932527816377,74.65810365597473
856,79.72777425200925,80.6453366840335,82.24489775304642,82.24750649406347
857,76.68211207835492,76.87810531815111,77.370394849236,77.59338281114736
858,76.10030162936143,77.13138341795691,77.56851747233246,78.58779065540016
859,73.67832393522845,77.73184512663404,79.19525879445945,79.90027185447076
860,74.06157570177531,75.64792946346593,76.62408099887686,77.22788655665671
861,74.32926660643044,76.78531268151185,77.76436825386455,77.83353681121201
862,66.81694191147251,71.36442615683045,71.8022069412952,72.5787361566044
863,63.740302693232394,67.00943392289864,67.69028821964292,67.72109744980594
864,80.8560301705776,81.43012665655795,81.87094360290676,81.90010054670466
865,73.4141929544688,74.53991985134583,77.31418052731806,77.72141634456408
866,80.77457415649708,83.90372265357402,84.31385271770434,85.31344648135806
867,66.22142748079888,69.19446112206568,69.20870573386308,69.56536004966507
868,82.69468736753291,84.02123580637083,84.55840425832886,85.13483965398211
869,75.8202752753503,76.12698977867132,76.81951409757596,77.58879853338406
870,76.6954550021557,80.03722588466896,80.45300739820125,81.3419547129229
871,80.15549259388905,80.74761227716458,81.71826745864152,82.64000567489937
872,76.92886587695902,81.78187724632872,82.00834270423128,82.74012631527447
873,85.31048806787746,87.1617205162923,87.30667458990752,88.51111879521235
874,72.00158105358267,73.84883185931271,75.26950631500726,75.75416801489473
875,78.38209605179111,79.50761507851244,79.56426677585819,80.06834092501629
876,71.19341623583895,72.45843507361593,73.94862374544007,74.5329630039847
877,72.77496104434603,73.04477087386272,74.04192310199288,76.096277612602
878,76.64944355350518,78.75660363585182,80.31331469449235,80.52609287915966
879,72.93051388513513,75.57087374000928,75.86111738061804,76.93941821554093
880,75.56831936369977,76.1020694309969,76.4221829022729,77.0807776062824
881,75.00002037779117,79.80637027283201,82.87207596552311,82.92858213672574
882,70.21696628978387,72.36603125162132,73.04933422179587,74.1846130803811
883,84.71947519343678,87.80642889205733,87.89039381381816,89.42535900897637
884,76.39698814520972,82.90856975220782,83.46742276952513,83.93714078940403
885,77.53719949550258,79.06091937563369,79.39125136188046,81.38041644607186
886,75.0925311260096,77.72394870742147,78.37107294516933,78.96276286676952
887,65.06732084698757,66.82289153230857,68.08856957760256,72.46126222906148
888,79.50284359255964,80.21566458723555,80.32692784075573,81.16093275618678
889,85.01304409805611,85.58674345796277,91.78388960230627,93.22562578530336
890,78.94169655513417,80.67335346475696,81.50565237580899,82.45976196852996
891,73.40698866283562,73.77716270851137,76.28539529069441,77.51340313287109
892,69.09859240518786,70.2155573069332,71.40869989824058,72.15808620084032
893,70.88067762324856,73.25961993489251,74.21258716845271,75.91813688131488
894,80.96685952679069,81.37693479608988,82.01102446161624,82.61966589457221
895,79.6715036922779,81.3120736991663,82.89347006514697,83.65158528601745
896,79.47667570766039,80.56865295496573,81.46697542649213,83.00795282300966
897,72.7871736723559,75.49712359344149,76.29834632752701,76.85776473959915
898,85.4947096934295,86.62750735338626,86.89039922568858,87.32878029815768
899,81.07192020635449,81.48990615206702,81.90188191383889,82.98457306247502
900,67.3256438398549,67.63215367240002,69.45110963144063,69.93188221739595
901,69.82009417015922,75.85832631415873,77.66677595916119,78.83725579203141
902,72.48632196465955,73.92023512343285,74.42201101438707,75.63078412342297
903,79.7797091054527,80.077959964883,80.34742924221825,80.97038841831912
904,75.34221274729975,75.6755354570329,76.77069310157978,77.34571000501487
905,71.28981045442384,72.86421215094505,73.88175857882595,74.48558339802439
906,73.47339114281212,74.1022628540253,74.33171265359988,75.58675870781033
907,84.91073782110621,88.52567495004845,91.17407469278885,91.39698407790388
908,76.64893849777566,78.01655789586809,78.46018611350927,78.61096664105924
909,84.02735639177928,84.53665327311572,85.21345515956504,86.8175400071316
910,72.60319606641524,73.148818843213,77.00069446883994,77.26739064233468
911,75.31239517384975,80.83185968523267,80.83805070627103,81.90870583018791
912,75.16673621238587,76.7943834565664,78.0267913943154,78.07190581816954
913,76.7250276676756,77.01364547961619,78.94073550315498,79.656018268302
914,77.04271485517995,84.02594405811544,84.69305571012202,85.16355922172464
915,77.80770686271207,79.79280848062103,80.04985563100544,80.69850342932902
916,67.09558708183307,70.66581533057898,73.89456211972617,74.56438488101101
917,85.44983494576753,89.37798994094298,89.53606629855449,89.5629300998769
918,79.45526330350519,79.87542335795563,82.82582967217553,83.16110188117749
919,77.1242890925372,78.19238556840831,78.56009257588974,79.34302953945205
920,68.2800617307919,68.64427221244438,69.6356354391891,70.90111534162473
921,72.18533286643601,72.56658287451967,73.1989948748063,73.358591107486
922,72.03538793650596,76.1020694309969,76.98876198615382,77.35729014599194
923,71.5816975092192,73.54548946244319,74.85594160495732,75.96402686819057
924,76.37592295579232,76.70265825655694,76.74886194749473,77.20269981618894
925,70.25481251504638,71.50366273873308,73.40698866283562,73.69020895786505
926,74.84878769344746,75.00002037779117,75.3096257404531,75.88870078936154
927,76.88595914336464,79.46699042818506,80.81031754612262,81.36775612791013
928,74.29827674329367,74.75538747931537,76.73318799638977,77.21097133233668
929,79.44168364892907,80.11987235256547,81.84440845815807,82.28579503805372
930,74.88016338241793,75.6014182465313,77.61920803329757,78.23389555526227
931,71.56229085859535,74.07370980985796,75.21757138594708,75.30125633751435
932,74.44895552114343,80.38927993467641,80.65486332281955,81.00611952315798
933,75.75502982524633,75.90277033034769,77.63272504842722,78.26066152005563
934,76.96821891209211,79.93855723477608,80.81031754612262,81.12555588122969
935,70.49480381385675,78.78904927058035,78.84325941276404,80.00736785910618
936,71.50829905766257,73.16172294168346,75.39196627891167,75.68398456303048
937,76.64891138621199,79.16598136310527,79.41707221369737,79.50320156613138
938,74.33171265359988,77.97501392213118,78.06073987396928,78.37393705262188
939,79.98611432695463,81.04109337471691,81.51371996523908,82.38443611221236
940,74.86757174115955,75.78113781252478,76.16562710552671,78.25122641327995
941,70.69260258318607,74.06051774425156,74.54953125348781,74.59458345575656
942,72.60319606641524,76.70510896299196,79.63046672986698,80.58196213281661
943,74.85594160495732,75.03152895577013,75.30051054076641,75.30129495353204
944,77.27970169647786,78.958870251069,79.45947501520293,80.1831329316815
945,76.32592394160885,78.81662467047404,78.8940276631864,79.12396516028333
946,69.56536004966507,71.54062650938305,73.81495250784839,73.96116666638147
947,81.24799923864103,81.34568570036583,81.5337972820045,82.0402023130678
948,84.52280661322717,86.72828306571184,90.04767084237619,90.72657366254228
949,72.10889000193748,75.96184212166713,77.10251150956928,78.86227445033381
950,76.80691789937447,77.82056237888256,78.52808288993599,80.39072607839995
951,75.97016931012142,76.39202666495409,76.85939901557167,77.07859202268773
952,68.725624171769,68.98863136320307,70.03441394080197,70.6878520450197
953,76.25390636125056,76.66798495533483,77.03597351079641,77.31600291662822
954,76.1583388282601,76.88477842456315,79.72591886287806,80.39409639408349
955,77.9475536792786,81.18878301315263,81.82874238975938,83.00981556347304
956,74.99108281083268,76.13271679255054,77.11292804412717,78.8896155041758
957,69.51395652138255,70.21620456984958,71.03687055016711,71.16103480461463
958,82.7820811214941,82.84333594364175,83.37457937112826,85.63590432214288
959,77.75290049193367,80.12592384387396,80.44413333564145,81.55368923860516
960,77.18347647960795,79.52718725091745,80.346982734308,80.78452729164187
961,70.84945749361599,72.02062641073049,74.34237973137934,78.27533331765413
962,75.84400168223459,76.26280639281708,76.85776473959915,77.901392630467
963,70.73244202425407,71.80304787112247,72.74467182892388,73.5608865063204
964,69.71933352008314,72.89217342154457,73.50466241989031,73.5676725566184
965,80.15548534423039,82.01872656152547,82.11516024140586,82.58966369621555
966,74.00109305075289,74.22175329317668,74.73648245999851,75.08368729576107
967,66.4040544944663,68.94861779327806,69.08461996728879,69.18222014134176
968,77.87659996720272,79.15231159255536,79.61241643290819,80.64883914326516
969,76.92571805924985,77.03104776715229,77.70955341501893,78.47087584408942
970,70.04398854053686,72.77496104434603,72.91169090275109,73.0780854818418
971,72.4881179445132,77.25673450754594,77.9929529785526,78.74455573503269
972,81.42687311660326,81.50231226112463,82.33773744520757,83.33998764634853
973,74.44895552114343,75.81242851731413,78.29604836209299,79.53486355575791
974,77.12792558123387,78.46454066253729,80.29928827695154,82.45309299076384
975,80.57168825896727,82.23990877247667,83.48401405355003,83.68621160726833
976,72.25893821435939,75.01184218548791,76.63535791024339,76.7223047485065
977,69.65434700763592,72.78210725136003,73.25211550111173,75.28227017754821
978,69.29095779241116,69.95068086073618,71.11059330147596,72.99294585453765
979,70.21620456984958,71.40803092348054,72.09981949168245,72.6809688393077
980,76.87130877035781,78.23672449375813,79.18588316386692,79.29767568638881
981,78.53933154090005,80.26564780650018,80.46153816439103,81.94994226403941
982,72.79145685369704,73.30899737383415,74.16664329763401,74.6787019062067
983,79.43319927135478,79.78688349827182,80.44985243776473,80.51820866751386
984,74.14898133536975,77.67938376025018,79.7592061953245,79.88781750808727
985,64.97727498729537,70.73244202425407,74.16091532920964,74.31751978312485
986,66.81694191147251,78.75147975289218,79.43319927135478,79.6616699357453
987,79.71943825404212,82.62170103706765,83.2407645067356,84.36753301440805
988,81.68037818510602,82.12961998719875,82.46746009799236,82.5008303809666
989,72.00148020517472,74.866264668585,76.69411590051698,76.76986348723867
990,82.98353009206221,85.41226416753804,85.48556775523356,86.1256960301597
991,78.86873406452594,83.75282977364691,84.21027022595723,84.26301455979853
992,70.91432444087671,71.51827321666853,71.67592008064737,73.26464175014105
993,74.65810365597473,77.48998233749535,82.01594406727403,82.47140661369963
994,70.90224126945525,73.70512364349159,73.7459526016741,74.18676614243805
995,73.17249495660566,76.16680374847269,76.33261799482236,79.89031699981334
996,70.29092714489397,70.9189997579761,71.201676122237,72.28409469273667
997,75.17345108925757,79.2807511221262,80.1333889907403,80.66677418523165
998,73.62793057156924,76.82222535939785,77.96516996516722,78.30119389351653
999,68.40870397407804,69.09965851790832,71.0502959231615,71.62837766866595
1000,77.45611767513462,79.3856766446644,80.57786810661692,80.63364944392544
1001,82.5824569575401,84.64987388199346,87.61166234301776,88.147764819212
1002,63.16249832179115,64.97727498729537,67.6143280640982,68.13564103047389
1003,83.19294582534998,83.74247268238742,84.02130673833572,84.19042548491548
1004,61.99030945955739,70.84945749361599,71.28981045442384,72.80225779209985
1005,71.36085346116006,72.69118244223125,73.31375160083826,73.7891140984402
1006,78.22218534868026,79.49469007128172,80.18968795685083,80.32482119182058
1007,80.99715408199597,81.96751516072055,82.1945236876505,82.2354267144315
1008,72.2969147670738,77.18391582964318,77.26677951663852,77.27110299345331
1009,75.75003332354298,76.32137385434284,76.71939135541777,77.67899376676729
1010,72.02872756787625,74.26438937614256,77.22158945952442,77.82763115523892
1011,75.77315563224185,76.48519134728157,77.95176404125775,78.0713284805518
1012,72.24776542773873,74.6584621033638,76.60439295484767,76.67497589575517
1013,75.55236745648502,76.19052085896548,76.21137331185606,76.23506978288695
1014,81.38409876084124,81.84957774888824,82.33025058965069,82.60870935907543
1015,83.18829845632047,85.1887382686002,85.739304192774,85.79004423257922
1016,69.42833817445467,70.86071023770195,72.85176848893542,73.26381494305426
1017,79.22903186130978,79.42965607489066,79.57095938986544,79.72664449750411
1018,72.72382546560961,74.68865071284928,75.05436361483699,77.30012372507932
1019,86.68351032110219,87.10435700128136,88.5269050997999,88.7608227944388
1020,78.92047397465369,84.81966310971124,86.7192140985011,87.15436363930907
1021,83.13168205675453,83.53218976301716,83.95047727707933,84.35363933068909
1022,75.14139295379962,76.61422457434385,81.44341253808602,81.52823435024874
1023,70.73153604178944,71.1334589379866,71.19147757272702,71.19933652815097
