0,0.9995619485605841
1,1.0048689244670208
2,1.0019171823561874
3,0.9933436621010143
4,0.9965355048811195
5,1.003292824859801
6,1.0032250376371155
7,0.9955197716352584
8,1.0027803489708123
9,1.00166965638983
10,1.001556323927871
11,1.0020676990402317
12,0.9950193336623996
13,0.999130023282607
14,1.0023252916192804
15,1.0032250376371152
16,0.9963197043741037
17,0.9992262001976702
18,1.0022291193845512
19,1.0004671275218266
20,1.0052830484900594
21,1.0032250376371152
22,1.003225037637115
23,0.9956100963531811
24,1.0023252916192802
25,1.0052677853953407
26,0.9943371919058529
27,1.0017827657806764
28,1.0028426127125651
29,1.0050016989619548
30,1.0010356353751808
31,1.0046023343100114
32,0.9957501830243205
33,0.9954383514158917
34,1.0019171823561877
35,1.0080792566336392
36,1.003225037637115
37,0.9996442905376177
38,1.0021733609713648
39,1.0007112574757318
40,1.0029819872683972
41,1.0025947670607733
42,1.0017268551251899
43,1.0026700667779522
44,1.0032250376371152
45,1.0039176616705985
46,0.9990638775133696
47,0.9985503053103462
48,1.0032907554347683
49,1.0031262322359884
50,1.0008022397291019
51,1.0046802274674165
52,1.0023252916192802
53,0.989992021049139
54,1.0060888048289238
55,0.9890945169265277
56,1.0018984422075767
57,1.0019486951861638
58,1.0046023343100114
59,1.0017827657806766
60,1.001401415086715
61,1.0007024820203814
62,0.9990249662517029
63,0.9939289868248186
