0,1.1964124978278798
1,1.0866378389181384
2,0.9786542283140467
3,1.4014210262038245
4,1.0306507966376994
5,1.303468137665095
6,1.0021397232602183
7,1.069449187787579
8,1.1442751600843744
9,1.2377501211998325
10,1.030747620833368
11,1.1061733375803655
12,1.1640677629825291
13,1.6395506134577942
14,1.1993135971457054
15,0.9716409938456787
16,1.218881256770238
17,0.9579837614571203
18,1.043548628204905
19,0.9711686435283318
20,1.0078874799379947
21,1.2753601320134358
22,1.0494376381927841
23,1.0088630617475165
24,1.0158800857969812
25,0.9591960696426826
26,0.9590859594962302
27,1.0233534946183394
28,1.0923546727027382
29,1.2455192490862825
30,1.2972375828678082
31,0.9932410153493612
32,1.3091783223114528
33,0.9815532648201549
34,1.6822407979353007
35,1.014626488339244
36,1.1425124935915236
37,1.2196681454061995
38,1.0507659222762022
39,0.9724106612592749
40,1.051751737118695
41,1.2207364815977937
42,1.1817594118670898
43,1.0516654197723003
44,1.1350333417491778
45,0.9720888944402613
46,1.1728877924557641
47,1.0840627916583623
48,0.9903291271982047
49,1.008691777690341
50,1.1528886316416895
51,0.9617891944026076
52,1.266139366108307
53,0.9756239132747904
54,1.0290548962107642
55,1.0629603668388952
56,0.9516782637138235
57,1.1559819509449152
58,0.9729506156395743
59,1.1005233536208268
60,1.0664737004126312
61,1.0090224340873766
62,1.0124516817096372
63,1.2328084883789767
64,0.988981795304603
65,1.1315013275421886
66,1.0118520792893513
67,0.971962229492893
68,0.9711319918535943
69,1.2368867032891038
70,0.9873133424396628
71,1.0114784617622805
72,0.9834229990413179
73,0.9907774303922854
74,0.9820183409762229
75,0.9973765056791817
76,1.728627164852174
77,1.0330280283938118
78,0.9969980469878861
79,1.0207743437630303
80,1.082860246542169
81,0.9697569554224805
82,1.2706455470284053
83,1.0198390257000671
84,1.0166241558919897
85,1.2766336560369917
86,0.9688718510866864
87,1.0661391700096863
88,0.9945576082602379
89,1.037884587365597
90,1.1509770719112717
91,0.9953611746424653
92,1.4016889917171922
93,1.4170770830320003
94,1.0557597955949327
95,1.21286170148188
96,1.0378375044151176
97,0.9976339187043013
98,1.3936241100093663
99,1.1046994487687831
100,1.035123351744313
101,1.195963815683792
102,1.4343790388191826
103,0.9991946338631479
104,0.985224692046001
105,1.0191607021530917
106,0.9950722310668592
107,1.0354407099286198
108,1.0063719832908313
109,1.044526403614161
110,0.9811384704507506
111,1.1701960749668254
112,1.1922238126937739
113,0.9864994828707098
114,1.00599537902926
115,1.2957413885313045
116,0.9982459756152806
117,1.1797804949154758
118,0.974493619306954
119,0.9713708133821507
120,1.3513253903310547
121,0.9624127465543197
122,1.026869518502619
123,0.9671723152535634
124,1.22838765611078
125,1.4875422888048822
126,1.0099533335036173
127,1.1584533130817665
128,1.148607732305721
129,1.0847401139536252
130,0.9718042246738221
131,1.7212321281677185
132,1.2970334907492447
133,1.0505488529663036
134,1.2140307667262986
135,1.0490832555554181
136,1.00706659435225
137,1.3137266137551253
138,1.3288065733297525
139,1.0253548798821241
140,0.9660802297471822
141,0.963807812305697
142,0.9615829203367022
143,1.1219536403124957
144,1.3112423972719471
145,1.185370757918053
146,1.2196389106272303
147,1.0481866568702771
148,1.039240050652124
149,0.9710495073124302
150,1.2103524894534208
151,1.3821741768993514
152,1.078165954584831
153,1.1428068771111204
154,0.9540880345975802
155,1.3406734281736494
156,1.5710610616511682
157,0.9922855153709187
158,0.9876836572337944
159,1.1785826978436318
160,1.1726126893908044
161,0.9682254289767409
162,1.0990593038222216
163,1.3145422721243039
164,2.030228459524437
165,1.1469606979050286
166,1.1365341471734802
167,0.9833440970858959
168,0.9737832895985522
169,1.1208599049037202
170,0.977532386254946
171,1.3977762651182226
172,1.6097087032747803
173,1.0299183261886151
174,1.3028281474775418
175,1.0233198435011301
176,1.071683688070554
177,1.048467152443162
178,1.0974069338713117
179,1.0309161245950031
180,1.0371405431520442
181,0.979887516206193
182,1.3116667726889184
183,1.1761927855351137
184,1.508524222215105
185,0.9712507110010732
186,1.0062766039564965
187,1.2208989200960585
188,0.9834646209262619
189,1.0219815888414656
190,1.3853221932007842
191,1.017575578812538
192,1.0345109866262694
193,1.131701834053049
194,0.9961267790050654
195,0.9708799133763217
196,1.0557664681195686
197,1.165774106227805
198,1.0162195303853931
199,1.4477535287979253
200,1.2192227228325572
201,0.969110701600592
202,1.0334899613916386
203,1.022057895507715
204,1.2420610659759592
205,0.9989422043611766
206,0.9718246301742384
207,1.7551428391944393
208,0.973390826436776
209,1.3094490288123621
210,0.9722087068861343
211,0.9785776183178048
212,0.9725729840961628
213,1.0157031651082387
214,0.985791651936201
215,1.0498979042758951
216,1.3504892155935473
217,1.0275405773468331
218,0.9604196984700077
219,0.9639961248466393
220,1.2125488300122942
221,1.3800216556467038
222,0.9936749404377417
223,1.0002673335800951
224,1.2418378877808525
225,2.869375526756687
226,0.9837138194022614
227,1.02073869110719
228,1.0013836941511134
229,1.3519441950831064
230,1.0220421023413517
231,1.0470862986952243
232,1.0737914697653554
233,0.9771782687162706
234,1.09078489924749
235,0.9911060135604612
236,0.9803301745013258
237,1.0699908157057834
238,0.9748661397462619
239,0.9790729611848015
240,1.221505737327352
241,0.9705578449271682
242,0.9976627720757114
243,0.983263241057569
244,1.2628780687576935
245,1.3446291003458808
246,1.0318717166708051
247,1.0651366228456765
248,1.0318155622482597
249,1.3597919801098741
250,1.0592403221714073
251,1.0820535420734312
252,0.9843912171144737
253,1.6649855977842716
254,0.9649033651435165
255,1.1262193876660365
