0,3.038315102668808,3.159456107336054,3.1880121191598394,5.0395677136049875
1,1.6341608586477616,2.8153048880712244,2.8376944686454157,2.8714208612328496
2,9.534223698639002,10.694544486083634,10.807432026208458,14.531011528948056
3,1.3391893771176857,2.728404709530854,3.159456107336054,3.2694230998155134
4,2.94627883999843,3.777201728617609,4.35448460228289,4.859027922337336
5,2.587006080032479,2.5886564645851338,2.6377906166377896,2.7782379602901615
6,0.771575426416242,1.5748422922273346,1.6515537255039798,2.039415099063132
7,1.099522915222025,1.1740435443223995,1.21103517105723,1.5017070571351157
8,6.150755394370372,10.38234417869818,10.739450128703618,13.42424312465766
9,2.1207862547946563,2.2715737759399857,3.3390736648353823,3.751282026704352
10,7.466848532145118,8.181888981759643,8.253591888098716,9.099135221576645
11,1.6519095526289758,1.868220126955186,2.2390423094996974,2.2939815055314097
12,1.9901637245532726,2.0343945395446053,2.4996987640454846,2.598792570430451
13,1.6919982448694126,1.9649447302010485,2.527671845820665,2.672742187873964
14,1.1235901044918963,1.4522587879755993,2.4046263696286583,2.649582416217778
15,7.331162049755229,7.56212933545909,7.678592793233538,8.270282758577943
16,7.945109546508093,7.988195229170183,8.181888981759643,9.56015809315333
17,6.018991432009849,6.509116094925771,6.512023171835634,6.5450554422811695
18,0.5053951619266912,0.9501280590349646,1.620890378722051,1.6757769754285479
19,8.905557045332603,9.89887188116847,10.153513590328043,10.282235235596923
20,5.451897570794407,8.5907093412079,10.101014112380865,10.259430980594619
21,1.4764469569925445,1.9117962283455154,2.0671978735782215,2.203036956952371
22,2.128068043277231,2.822347583629847,3.3402472007949107,3.510394725814304
23,6.994082404103111,7.892571101597177,10.386709042069665,11.896566365705434
24,1.1400807485771176,1.2285914458190974,1.2379068826455244,1.2426108428452685
25,4.328932453762011,4.342822973900152,4.446073822506768,5.0395677136049875
26,3.0806813321908217,4.199885529566117,4.2425457926976,4.528766849241465
27,7.684147697759362,8.322885867700963,8.425268494592409,8.683670358360729
28,2.6726601447400915,3.4782447858182834,4.07573398442193,4.516786253185749
29,8.051740231382388,9.7162261500908,10.36364192983711,10.466341733694916
30,2.853348415137677,4.328932453762011,5.042705463656509,5.1924159739807525
31,2.5426113671533335,2.728404709530854,3.038315102668808,3.216732201945185
32,2.9849531191395524,3.078970008040002,3.331351898751858,3.442403970938988
33,0.9999611547497966,1.0581489758587983,1.2285914458190974,2.097218338159902
34,2.1238354688743772,2.540892377685891,2.5885381783775316,2.8411802808028086
35,2.42402515215768,3.5864125361172428,3.6028440316417027,3.6075932183801136
36,1.2426108428452685,1.5692325862453051,1.8292714080802155,2.097218338159902
37,4.550512159925449,4.714510022704882,4.739016534208738,5.358812842572895
38,0.9934225327638508,1.0393498830074512,1.5453939963427215,2.0990115418117163
39,2.0696088886742023,2.1080176752379707,2.180205910067915,2.1845447424524576
40,0.9707099259262056,1.6756058972393142,1.817346361049007,2.1080176752379707
41,7.203245718878638,7.87685860098243,8.384345600233862,9.01550801510864
42,1.3996787137814666,1.5453939963427215,2.2087951367073964,2.3304669673798046
43,2.757470889837223,4.360197019303028,5.314954858376227,5.3671628951099075
44,5.66124955832136,6.040406138337963,6.911535750798753,7.064205653844636
45,2.6823926341372557,3.0105686843401034,3.0923340423736203,3.3216882913385457
46,2.6845754955704146,2.7782379602901615,3.017852152551591,3.3303715050348006
47,9.534223698639002,12.063390400664277,12.862700376677262,15.389125294232564
48,9.836516834937383,10.30849755099053,10.8166230424033,10.925262509545968
49,2.1207862547946563,2.625222889399154,2.92702712990186,3.8344189360566654
50,1.107275851356812,1.5019944799579756,1.6757769754285479,1.6819326829821264
51,2.7681761692875027,4.551334847363616,4.729551256319537,4.86552273246691
52,8.630164108399175,11.152455144186757,11.44807972070758,14.308582624744483
53,2.1089420825378067,2.9535847604795182,3.153606528493765,3.221502612021241
54,6.01532960851151,6.6652171155140865,9.116880025381683,9.632403812260879
55,11.714580256623877,11.903532841528763,11.983189467996086,12.664918001294268
56,14.364290089314004,15.124369121858344,15.18492354537709,15.186756491927135
57,5.7232861602344896,6.522914238616908,7.557055695122012,8.073056510888222
58,3.902937386084129,4.076333155823448,4.076944624527522,4.194414927248683
59,3.839663732315548,6.177067783473871,7.340658163608575,7.493187487755965
60,0.9707099259262056,1.5961781425167378,2.0671978735782215,2.132245549134014
61,1.5288726214249497,1.6103873827287842,2.550045762275482,2.6522688396899077
62,2.822347583629847,2.94627883999843,3.208616809508464,3.27199197766204
63,11.983189467996086,16.230434791579086,17.66867948366825,17.943181258047932
64,1.5579670906140686,1.6148629486128252,1.8121505142061882,1.817346361049007
65,0.5609178336220775,0.9934225327638508,1.499502161268007,2.0545273054131403
66,0.771575426416242,1.7113466756329316,1.9701205911294783,2.1085765728647097
67,1.1323822353201594,1.6457619181336771,2.9849531191395524,3.3303715050347966
68,6.994082404103111,7.240418145587542,7.6326119059886395,8.5907093412079
69,1.499502161268007,1.6424385225912992,2.025047254043705,2.062158702702791
70,3.7021377629364496,4.098911923012202,4.0993688013223695,4.148872767793146
71,1.0073836654201531,1.1235901044918963,1.9343838326128884,2.039415099063132
72,4.199457122067835,5.016482739061344,5.033045974306075,5.732728736242336
73,1.5288726214249497,1.6449261604490513,1.7471365631248545,2.6743746520447824
74,3.0470788544207035,4.017375568700066,4.44500048180889,4.857492221345402
75,1.2291977906345966,1.2944845552108208,2.4635902979040245,2.515391832958193
76,10.621188503557173,11.226616116487252,12.070388216621232,12.302782323490156
77,2.5126527189410366,3.6116333196203825,4.219459998929137,4.26685565091508
78,1.2944845552108208,1.5736944590536643,1.801077719745711,2.8411508241475234
79,1.7377768846394759,3.237643635424719,4.033928076869931,4.343429873676041
80,6.062134853860388,6.263317237533096,7.61405064093689,8.139265806392823
81,1.8507724819683136,1.9117962283455117,2.1085765728647066,2.2453346523290434
82,8.141221359610775,8.49429695559621,8.511335374516097,8.94269398946397
83,13.926514417396417,14.654754678952404,15.50666679498945,16.63064105894402
84,1.7321556569326941,2.4996987640454846,2.5546256961649965,2.6377906166377896
85,1.4860828100245347,2.780745390835941,2.9799497711828926,3.3821500844418613
86,3.6832701761956423,4.955448476083366,4.98308907185138,5.1924159739807525
87,4.649379014036986,5.133248030471108,5.7232861602344896,6.317833346986775
88,8.032674183735637,8.392644141292925,9.091732624704498,9.750486082717275
89,2.412041912523125,2.757470889837223,6.10576496956434,6.3562404321809085
90,2.125458547178645,3.9439844256059895,4.35448460228289,4.44500048180889
91,3.3390736648353845,3.852140877361432,4.080029075944786,4.1669241359340745
92,10.694544486083634,12.063390400664277,18.138238225876762,18.19240368362456
93,0.5053951619266912,0.9644517280368479,1.6819326829821264,1.964944730201052
94,7.945109546508093,10.639355780538182,11.45560559671998,11.559177428307873
95,1.442464373131889,2.1929616677359247,2.330578394147684,3.128255105007839
96,5.451897570794407,5.911342709281867,6.516455000202402,7.079312399016954
97,4.541920124943575,4.623161166959194,4.8795720779172225,5.467746288350466
98,7.527725732571344,7.707405818516072,10.166045980680842,10.466341733694916
99,1.8729912371905217,3.2483158604308926,4.788785091252805,4.8795720779172225
100,9.083572730002546,10.550431087474387,10.78321286873329,12.554985643579737
101,2.9535847604795182,3.753260158422377,4.381624704129324,4.409004289068914
102,4.072422913310176,4.623161166959194,5.070510593183864,5.68646024196871
103,0.9501280590349646,0.9644517280368479,1.107275851356812,1.5461920376204843
104,1.9648517523316866,3.0291516032794688,3.206726999165463,3.4428328075248973
105,5.314954858376227,6.545214822955585,6.718330140550926,7.7789946560239365
106,2.853348415137677,4.342822973900152,4.989203327481805,5.591222813800829
107,8.683670358360729,11.59192341282014,13.054836712302823,14.322470668395395
108,1.7321556569326941,1.7377768846394759,2.587006080032479,3.7303163868147013
109,3.839663732315548,5.824701549579263,6.682506095194956,7.566918823988426
110,7.892571101597177,11.358013495040927,12.014915584404639,12.882029776256735
111,1.5578175003497454,1.6519095526289758,1.8349990440133874,2.040130593365541
112,3.086603676873449,3.331351898751858,3.692651558930669,3.9957432805571993
113,1.2414532844549193,2.1089420825378067,2.16515841163778,2.6240582325797197
114,4.017375568700064,4.123951187643272,4.506712546367952,4.859027922337336
115,3.0291516032794688,3.5037711697277074,3.690134033017995,4.602120898607074
116,2.7681761692875027,3.3455990088504874,3.5993946363855187,3.921013356445524
117,2.665218175372264,5.594318120611302,6.301428526960182,7.55471828474369
118,4.31210834039081,6.882349308694108,7.274825820034043,7.655459342311997
119,9.56015809315333,12.540619820910445,12.84623344900816,13.57310891022498
120,2.7454560822038228,2.8653818203536003,3.229333372545514,3.328056799200019
121,3.078970008040002,4.714510022704882,4.912033034784074,5.0764917172563875
122,1.6515537255039798,1.6895429603858823,1.7113466756329316,1.9343838326128884
123,2.5595503075805968,2.7512145061284485,3.0105686843401034,3.084779055920997
124,7.8013196032813665,10.180028219560935,10.450488907935673,12.964646242312654
125,2.429644377442956,2.8068450010721993,3.1618080120841423,3.3390992414626663
126,4.199457122067835,5.617597816387899,6.302480079189851,6.345303445207576
127,3.906342934649015,5.403802496456694,5.410834136429408,5.635528456890296
128,1.3996787137814666,2.5243168528119204,2.7123817957357654,2.8850880841817887
129,3.6829204705325638,4.1385909006346715,4.264733167753458,4.408724345127247
130,3.2949984906297933,7.377804639472765,7.605368784206364,8.098365146595382
131,5.59340838296758,5.993602289549612,6.062134853860388,6.301428526960182
132,9.308900351544207,9.560570331143605,9.814879183615991,10.164011376271004
133,0.757021493901972,0.9999611547497966,1.2379068826455244,1.5692325862453051
134,6.936130731932794,7.176354849198092,7.548612811676773,7.6807133104911856
135,1.1323822353201594,2.2630924776748698,2.68457549557042,3.442403970938988
136,5.56742541052743,6.3562404321809085,6.567918507296154,6.81864182012383
137,3.793899441146123,3.8371736618648695,4.1669241359340745,6.8431632449008175
138,7.313429812505755,10.164011376271004,10.248831129332467,10.408336189171616
139,2.412041912523125,4.360197019303028,6.875665570984132,7.176354849198092
140,1.1740435443223995,1.5075095015761961,1.5461920376204843,1.620890378722051
141,2.5126527189410366,3.2483158604308926,3.4650209518963497,3.519836910641494
142,2.2453346523290434,2.3686589502643587,2.774652850465517,2.79145357436758
143,1.5578175003497454,2.371449878664021,2.640310592128152,2.910933447969653
144,0.5609178336220775,1.0393498830074512,1.6424385225912992,1.976714454197169
145,1.4128345182230257,2.044852216153613,2.3363936876264595,2.5704301255508435
146,2.2715737759399857,2.625222889399154,4.080029075944786,4.589886789452513
147,1.0054738783857389,2.2569529887819857,2.3913493477456216,2.499134478367446
148,8.253591888098716,8.973360657199724,9.22431111817874,10.807432026208458
149,5.59340838296758,6.583819964664695,7.6807133104911856,8.13915248836756
150,3.906342934649015,3.969094308957747,4.0021194814440895,4.07573398442193
151,2.429644377442956,2.7817365240477288,3.6832701761956423,4.129307357091898
152,4.929292294923368,5.733528026859957,5.879903257695456,6.765971572811869
153,11.100842363757462,11.383373078449745,13.350345117927246,13.775537896313548
154,1.21103517105723,1.2632061912000896,1.442464373131889,1.9878714123956078
155,1.3391893771176857,3.1880121191598394,3.216732201945185,3.945577331306176
156,2.1845447424524576,2.42402515215768,2.742033894360533,2.996556016867145
157,4.020713817993172,4.232931516259072,4.4094578623383445,4.605973590964856
158,1.5019944799579756,1.5579670906140686,1.7585947503373462,1.8657964876757749
159,2.735382881848586,2.8376944686454157,2.9644398495800517,3.3837727194359113
160,1.0073836654201531,1.4522587879755993,1.5748422922273346,1.6895429603858823
161,2.1238354688743772,2.161059537537834,2.162446670249704,2.1707792869760767
162,1.099522915222025,1.2632061912000896,1.3890563827376543,1.7537910471213018
163,3.3402472007949107,3.8371736618648695,4.208087351757972,4.715533945911966
164,7.256904632694259,9.113807880330407,10.272848198545208,10.497680092946336
165,2.125458547178645,2.5885381783775316,3.2086168095084617,3.7772017286176074
166,3.2054495390458264,3.3892538780548715,3.453967696408671,3.7567367430331724
167,4.13096468023146,4.188876222892048,4.989203327481805,5.020369229533791
168,2.128068043277231,3.116461006735839,3.27199197766204,4.112538902496399
169,1.8507724819683136,1.949463131861143,1.9701205911294783,2.1135748773865197
170,2.5243168528119204,3.73154353013298,4.050862480729684,4.233897235147017
171,5.993602289549612,6.583819964664695,7.124277221431457,7.599170593969921
172,7.39521823046905,8.1348559520736,8.170664721644403,8.236418349723923
173,2.7817365240477288,3.1618080120841423,5.20785773843603,5.590069180524676
174,1.9901637245532726,2.8096508931825066,3.0701141498526923,3.116461006735839
175,2.025047254043705,2.3551849454759823,2.865465105001026,2.884902028516999
176,17.389907232962113,18.060587114218148,18.246749999773783,18.622970888109155
177,3.5993946363855187,4.692927474010725,4.976692847249401,5.1429269917103815
178,6.617372155722183,6.976567375034466,7.021179990939562,7.427782514463942
179,4.45032274502836,4.661460460058408,4.694469819692126,5.2864741505064865
180,3.2949984906297933,4.504264782219406,6.259909561294783,6.81864182012383
181,4.781539313765614,5.872868058923232,5.916618001334006,6.614413728551782
182,1.4128345182230257,1.8107619577761607,1.9370440341631152,2.074262767412235
183,1.801077719745711,2.4635902979040276,2.805496535235141,2.8068450010721993
184,3.3390992414626663,4.005028252320316,4.92240449431269,5.2732059281420804
185,2.665218175372264,5.140601913040077,5.872868058923232,6.194040023159695
186,4.692927474010725,5.016482739061344,5.450548611914579,5.545296521606515
187,1.4860828100245347,2.2939815055314097,2.6776278533705566,2.7523201194455695
188,1.0054738783857389,1.8121505142061882,2.04257855015013,2.2593808684282815
189,1.5926332589925927,2.1997675744217595,2.2357733820486594,2.2569529887819857
190,2.6726601447400915,3.7538261558429813,4.0021194814440895,4.499122282021972
191,2.7523201194455695,3.222083070701583,3.3821500844418573,4.212240442404461
192,5.467478612357448,5.510912599057681,6.6656458276959585,7.274825820034043
193,7.322510901158798,8.098365146595382,8.51041270705564,8.753954933192537
194,1.6103873827287842,1.7471365631248545,1.9648517523316866,2.472789864127332
195,10.282235235596923,12.514017562224666,13.382166155751154,13.405729403423166
196,1.5926332589925927,1.976714454197169,2.0545273054131403,2.3514971541752168
197,4.020713817993172,6.824012487729009,6.842419458270145,7.123184208274772
198,6.150755394370372,9.474029194342728,10.34566035763613,10.78321286873329
199,3.0806813321908217,3.1492032500449114,3.222083070701583,3.3404917487344763
200,5.280662613139219,5.414703706296787,5.621294890552696,5.891900040304906
201,4.5960648325259115,5.661249558321358,6.023510440668871,6.033535416414724
202,6.01532960851151,6.437834555756934,6.462284657375911,8.1348559520736
203,1.6341608586477616,3.558905541291389,3.678133642027537,3.8224076588823057
204,1.2414532844549193,1.6384842402602662,2.6823926341372557,2.7512145061284485
205,4.781539313765614,5.140601913040077,5.594318120611302,5.7971699059048944
206,6.852736112680751,7.190413317747645,7.606780626988303,7.794680099878972
207,4.005028252320316,4.31210834039081,5.435569579139677,5.467478612357448
208,1.3521377505787582,2.640310592128152,3.519836910641494,3.692651558930669
209,8.032674183735637,8.807784538783348,9.01550801510864,9.214326974300823
210,3.8631829303994,4.516786253185749,6.379040684583368,6.96494915130422
211,8.807784538783348,10.722412569384181,10.910274016806051,11.00575059473576
212,1.6449261604490513,1.8349990440133874,2.2390423094996974,2.5886564645851338
213,1.9878714123956043,2.02524375773478,2.0696088886742023,2.132245549134014
214,7.256904632694259,13.430179135730231,15.158825641102597,15.511753809404397
215,6.437834555756934,6.512023171835634,6.6652171155140865,7.7455999426997035
216,4.8574922213454,5.749621965506538,5.902521181265669,5.904711620022232
217,7.466848532145118,7.988195229170183,8.973360657199724,11.954616573794455
218,3.1820246239853125,3.7538261558429813,5.057979540785446,5.254242741342295
219,1.4764469569925445,1.5961781425167378,1.6756058972393142,1.949463131861143
220,18.475163283705506,19.674754948901302,20.304847926862607,20.700314724791756
221,1.2291977906345966,1.5736944590536643,2.062158702702791,2.1076354400990818
222,3.857426440530552,4.499122282021972,5.057979540785446,5.403802496456694
223,1.6384842402602662,1.8107619577761607,2.16515841163778,2.2593808684282815
224,3.1820246239853125,3.857426440530552,5.042705463656509,5.086977723900291
225,14.438404635834226,14.626547767814749,17.422727810748768,17.943181258047932
226,2.6522688396899077,3.0470788544207035,3.550208333899782,3.6368290622069583
227,2.044852216153613,2.5595503075805968,3.0603609310422404,3.1227287874902943
228,2.0644702044288588,2.074262767412235,2.1920198264944006,2.1997675744217595
229,9.083572730002546,10.950670651552613,11.845006149278973,11.945148287840949
230,2.5426113671533335,3.2694230998155134,3.945577331306176,4.065164707699876
231,1.868220126955186,2.040130593365541,2.371449878664021,2.872301471635744
232,5.545296521606515,5.617597816387899,6.17355065726238,6.795707374925258
233,8.472917916286987,8.52638489924258,8.546785180711069,8.661143196179333
234,3.793899441146123,3.852140877361432,5.661555859617898,6.087683148585662
235,1.5017070571351157,1.6483201335417375,2.0252437577347835,2.0840850080084303
236,9.632403812260879,11.549600833124863,12.190465870912451,13.41498101333417
237,1.6457619181336771,2.2630924776748698,3.017852152551591,3.475989440412976
238,4.065164707699876,4.649379014036986,5.608058590938544,5.855394648200344
239,0.757021493901972,1.0581489758587983,1.1400807485771176,1.8292714080802155
240,6.2463363223275365,6.516455000202402,6.614413728551782,6.935031484544481
241,5.9336214882015925,6.567918507296154,8.079414021360206,8.328241415730133
242,1.3890563827376543,1.5075095015761961,1.7807148670727715,1.8657964876757749
243,1.3521377505787582,3.081791552894405,3.086603676873449,4.21213961835921
244,4.076944624527522,4.279920408314349,4.42202585784621,4.427301267406198
245,3.4782447858182834,3.8631829303994,3.969094308957747,5.47723756496673
246,4.072422913310176,4.943514106221114,5.179455312751213,5.693645533812332
247,11.19985368356775,14.391727735462716,14.596906390072975,14.830752420545519
248,4.976692847249401,5.9336214882015925,5.95282833783211,6.794388435990241
249,8.630164108399175,11.903532841528763,13.028615727029155,14.438404635834226
250,5.510912599057681,5.742282604159347,6.213518488775041,6.633000883897116
251,15.187685063704427,15.208911707333883,15.440787801744207,16.591734348750705
252,4.726386146139859,6.113528704610082,6.243432985400511,6.308463225437417
253,4.504264782219406,4.516587997789989,4.568918100896147,4.7525848906120665
254,1.8729912371905217,3.4650209518963497,4.219459998929137,5.902521181265669
255,5.7971699059048944,5.911342709281867,5.916618001334006,6.194040023159695
