0,1.0835208612576377
1,1.166338484432603
2,1.0108722910276022
3,0.9712732086002669
4,1.0521412832349628
5,1.052094253731883
6,0.9845344583332021
7,1.0863480625067834
8,0.9978214833855805
9,1.0800749060812376
10,1.2793585298917773
11,1.1679696500080876
12,1.052080066046667
13,1.0613059391885877
14,1.02879596131201
15,1.0158610995419892
16,0.9989129529126273
17,0.9968462888465729
18,0.9888020924933796
19,1.0419310285831072
20,1.0862928614677299
21,0.9994288280742774
22,0.9977405550667353
23,1.2109569189808254
24,1.0098211222693394
25,1.0568687198201014
26,0.9996206118668116
27,1.0630164029823865
28,1.083043222976174
29,0.9808231177460391
30,1.0459216941895706
31,1.0535745382711434
32,1.180715285140907
33,1.089655168416487
34,1.0627091303623908
35,0.9845514341667716
36,1.0792381556439272
37,1.0655589495463578
38,0.9893143655694665
39,1.0895366060609295
40,1.1846660264222861
41,1.0534287080217808
42,1.0172564189013933
43,1.0984808036810034
44,1.0532410464020567
45,0.9874167989209934
46,1.0873773637630997
47,0.9936853651842255
48,1.0429368323504327
49,1.0647353647551632
50,0.9895575489439775
51,1.0856950545698218
52,1.020723962061092
53,1.016605005946822
54,1.0735810785709132
55,1.2150506110005894
56,1.0365907225940696
57,1.1019738737903455
58,1.1332388243890434
59,1.1282651049763435
60,0.9954765377053281
61,0.9911882479920218
62,1.0059600078259057
63,1.0867868630093853
64,1.122481060564779
65,0.9904522112496861
66,1.0454038362178961
67,1.0568644073700586
68,0.9972545116979443
69,1.0256345233892956
70,1.0539891421100807
71,0.9826199842291458
72,0.9797349613881079
73,1.0811784268467575
74,1.045627945626857
75,1.0442372625348475
76,1.0361275674667254
77,1.102170309698991
78,0.999124604903998
79,1.015229733459745
80,1.0321028538372141
81,1.05219476583625
82,0.9964982961614479
83,1.0372312717103802
84,0.9888245143899046
85,1.1001100985438423
86,1.0468240616667766
87,1.0474535110291807
88,1.0688380019334736
89,1.0056863279211086
90,0.9756839550100613
91,1.0068056476528517
92,1.040447482428082
93,1.0629912352130946
94,1.0126596548033513
95,0.9779659373558096
96,1.0790439612962521
97,1.052141161273212
98,1.1290677284855355
99,1.0303266422206079
100,0.9918843322895822
101,1.13857201549799
102,1.0091459145307078
103,1.074176531354163
104,1.050155296649998
105,1.0236374007088362
106,1.1784166423655096
107,1.2410377492998004
108,1.0301545410700674
109,0.9912610744004847
110,1.059372931789484
111,1.0370674385935055
112,1.1399751050173554
113,1.0180510648168757
114,1.0527092688232547
115,1.0301178642069868
116,1.0093288397533873
117,1.0072776147732396
118,1.0131534070251833
119,1.1190368739027414
120,1.0500200409516163
121,1.1216203914775051
122,1.0192550211852986
123,0.9855097621328088
124,1.1135596826295795
125,1.1192679273902564
126,1.0020791515759786
127,1.0196892999851044
128,1.0457395014610813
129,0.9952558026086367
130,1.0808403075118578
131,1.043026660801383
132,1.085849541823951
133,1.1367337419912042
134,0.9950551501082052
135,1.0093171560645324
136,1.0043935527947716
137,0.9823330388441867
138,1.140113977783618
139,0.9856184893333709
140,1.1484351836075029
141,1.0487133923654741
142,1.0822040584857455
143,1.1646539083380563
144,0.9761122986159896
145,1.0370186877194638
146,1.0435672394983837
147,1.0172604207473184
148,0.9948379626210083
149,1.021527019018521
150,1.0070886870966902
151,1.080256043269424
152,1.0391084921232259
153,1.0622985243346645
154,1.0079793544701672
155,1.0152859705773312
156,0.9735925321627018
157,1.0430623160069028
158,1.0114797580153378
159,0.9744525805838978
160,1.0707885611838432
161,1.0145841041180672
162,1.0321355471100033
163,1.1809836317543736
164,0.9808778209630491
165,1.056225720502793
166,1.05193122446018
167,1.022741088342304
168,1.16547928298727
169,1.200451189018494
170,1.023810258471213
171,1.057683236936894
172,1.0023872992624798
173,1.1106787868143362
174,1.0912500779396965
175,1.0680856842326283
176,0.9948246035677223
177,0.9956207171199982
178,1.0377762386874383
179,1.0392435775619298
180,0.9984144865215476
181,1.1641235567502695
182,0.9930988650968037
183,1.1111083370316717
184,1.0588712341131403
185,1.1752218942447794
186,1.0467529680033891
187,1.193639912655175
188,1.0378939686814284
189,1.0412480118080318
190,1.1028806468678847
191,1.102002783534878
192,1.0590799169624465
193,1.2791111971549394
194,0.9827597222859557
195,1.1065782266852962
196,1.086280954487633
197,1.0013896948548924
198,1.1730632559936014
199,1.0924178316494806
200,1.0207924331037983
201,0.9967084456801268
202,1.0254959404116128
203,0.9916006866955919
204,1.0509644261830031
205,1.0366145461825345
206,1.0400805317861685
207,0.9919058527360866
208,1.0395781234665007
209,1.0878771198592019
210,1.0424905406210492
211,1.1405035649883377
212,1.0495941817464907
213,1.0940643464335618
214,1.0252153184622883
215,0.986560640560597
216,0.9771160390386431
217,1.0519181227057386
218,1.0219057305805586
219,1.1577727530382902
220,1.3182280387026006
221,1.1292149361579424
222,1.1167971783844097
223,1.0341332248845134
224,0.975419089464454
225,0.9852372137328929
226,1.0436363800758175
227,1.0360384813948051
228,1.0213237735312015
229,1.0954416686161332
230,0.9976719182019189
231,1.0815944686180825
232,1.1013630967164727
233,1.0804662745151328
234,1.0061842824221467
235,1.0201842063487856
236,0.978787019315629
237,1.0345191879390883
238,1.0890993070332142
239,1.035057925167599
240,1.1857157590364926
241,1.0014402540987308
242,1.003687454841287
243,1.0170042563287827
244,1.0938189277844637
245,0.9950966203580252
246,0.9959915994791482
247,1.023673501651907
248,0.9835891214317838
249,1.0129519578041246
250,1.036896341250912
251,1.0024787349807476
252,1.0808920496150494
253,0.9871193029446644
254,1.0846286862681356
255,0.9938402776426797
256,0.9987993019678642
257,1.0466914862834154
258,1.0598274916504646
259,0.9950324656206101
260,0.9970259523570572
261,1.1182316989253915
262,1.1108182558619961
263,0.9842725116020405
264,0.984858147728185
265,1.0676198801847834
266,1.0263363100757585
267,1.0600272960366972
268,1.0881085023019783
269,1.0000500038374411
270,1.0063189491990359
271,1.1517715866877607
272,0.986643257784919
273,1.1168189781315512
274,1.1025966612812663
275,1.0513522071403505
276,1.0204331629527257
277,1.0097096195546245
278,1.0374784099379997
279,1.0812000483904058
280,1.0130567120774674
281,1.0310650305611881
282,1.0714033578986142
283,1.045301150009838
284,0.986549998858175
285,0.9810418715901301
286,1.1071200970862547
287,1.0250481029014933
288,0.9864205609319716
289,1.0824153920257373
290,1.024455687269732
291,0.988907960276683
292,1.0346296085069073
293,1.080895217501608
294,1.0929448627878695
295,0.976539289264607
296,1.1286599639870918
297,1.0057317177100713
298,1.006894220398517
299,1.0829970698704678
300,1.0097366216094241
301,1.0205944904744098
302,1.0204276980944114
303,0.994003578440969
304,1.0536712778594821
305,0.9920833390979834
306,0.9925113288209599
307,1.0201695325910678
308,1.0061346806738252
309,1.0085310000681798
310,1.151861515736953
311,0.9746735171529248
312,1.0912119376706548
313,1.0503617538578485
314,1.0668953008373956
315,0.9942817621258153
316,1.0105628241308273
317,1.0275664014942898
318,1.070788317182687
319,1.0782037112672633
320,0.9905773406998551
321,1.0260232357678079
322,1.0838209262833136
323,1.0163342800036466
324,0.9974364578724719
325,1.0746180627602573
326,1.0806398552378305
327,0.9937598456204588
328,0.996388927936087
329,1.0432984643799612
330,1.0064471267121908
331,1.1635498188770153
332,1.0141312379052203
333,1.079772074741087
334,1.1955861070378169
335,1.1440158557436741
336,1.0587768654412484
337,1.0814299925820772
338,0.9907067418535834
339,1.2240264882087555
340,1.0528756534324528
341,1.1282582863558785
342,1.1311934627505194
343,1.027818067165893
344,1.0164609877974344
345,1.0450347134909777
346,0.9844265747016209
347,1.0485800421250415
348,1.1098337765171502
349,1.1919814376959708
350,1.043530923839718
351,1.060758875621492
352,1.1058809634481164
353,1.0595138743554828
354,1.016211357950526
355,1.1407550569843763
356,1.0121116442823412
357,0.9606157650889642
358,1.1692002517273261
359,1.0142528588259159
360,1.1467065174348896
361,0.9831757782953918
362,1.0082169156867298
363,1.1465448565422367
364,1.038648665900987
365,1.0288560989684565
366,1.2041592786466482
367,1.109119658271518
368,1.1053162047951792
369,1.0226738729173235
370,1.01554789740125
371,1.145710168967466
372,0.9831470317779816
373,1.0512213959008916
374,1.0320114172766253
375,1.0355683039294123
376,1.084428374651599
377,0.9816547065678092
378,0.9764583415197384
379,1.0746975363858073
380,1.0382430413800354
381,1.014495678685812
382,1.0121240553077162
383,0.9725113207659919
384,0.9923169799801488
385,1.0290813061891706
386,1.0465598159972314
387,1.0767278559520113
388,1.1118163983197848
389,0.9963963829102207
390,1.1607140541049863
391,0.985652012480751
392,1.0025283922930948
393,1.1226212381801721
394,0.9923996454301559
395,1.0165535236601682
396,1.0778082375953733
397,1.0659505487767404
398,1.055741461034807
399,0.9982790012015688
400,1.0025383123687652
401,0.9853439617378894
402,1.0208239282817666
403,1.124479141339265
404,1.2174135989358543
405,1.0254230231011852
406,1.0723288500496422
407,1.0663698494226042
408,1.0042674115938772
409,0.9744113232255556
410,1.0769238035332493
411,1.0295077659243632
412,1.0502735386223334
413,1.0426784803594875
414,1.0442084167549237
415,1.0067482101490217
416,1.0361567963878069
417,1.037625184458785
418,1.0614045461519708
419,1.166482407099386
420,1.0202400763194985
421,1.007182137962249
422,1.1324319959747369
423,1.0176837068588092
424,1.1571988663194874
425,1.0145874012659069
426,1.0092896284990298
427,0.9878133674581255
428,1.0270100123884849
429,1.0992331546972438
430,0.9866926203522567
431,1.0257960059526625
432,1.0791425290071026
433,1.0056342671775922
434,1.0248214726148033
435,1.0731331666237813
436,1.0192636761812208
437,1.1810130089259578
438,1.300867630830545
439,0.9863946299301614
440,1.0056058044890197
441,1.0188502865076114
442,1.0427605786314689
443,1.0174278827472838
444,1.0549820662715348
445,1.090736432268191
446,1.017222789430502
447,1.0626595109192971
448,1.1223118129728185
449,1.1754786368329726
450,0.9611496886160602
451,1.0218050540093992
452,1.0140230658228413
453,1.008548913787318
454,1.0497030087027925
455,1.0046385425066644
456,1.1185389829132173
457,1.1020436427747597
458,1.1128870872634824
459,1.0098215956374914
460,1.195457181632458
461,1.0230782660297308
462,1.0215857933935804
463,1.075302952165857
464,1.0033655534806727
465,0.994232416016404
466,1.09217722882881
467,1.1598051925707216
468,1.0689543906479662
469,1.1896965503776882
470,1.0146921205615043
471,1.0023959356365544
472,1.2730926960879994
473,1.0833865725030347
474,1.049258870008886
475,0.9909903375982647
476,1.014580833427889
477,1.0110119141139686
478,1.077229052497945
479,1.054790759632279
480,1.0185548673857814
481,0.9885552719312287
482,1.0672248059940044
483,1.0108674671504958
484,1.028939357392315
485,0.9883600247096935
486,1.1975313092085407
487,1.0603704835325798
488,1.00612896381476
489,1.0300856051101706
490,1.0701236113074115
491,1.0073660985048267
492,1.0214158262535917
493,1.08703053398232
494,1.060782907433374
495,1.0025508101053473
496,1.125845137081991
497,1.032803150315279
498,1.021343699322876
499,1.0111719524345681
500,1.011966034689504
501,1.12823745812695
502,1.009034443415982
503,1.0104263053864908
504,1.0505382531832033
505,1.058953108761334
506,1.0129364641056526
507,1.0075180174509688
508,1.0021398785731641
509,0.9886269726449719
510,1.1219695418951576
511,1.0630444877187015
512,1.0809389655621844
513,1.0308616152111507
514,1.053618929492581
515,1.1658422037917173
516,1.0322016096217927
517,1.0165680704275912
518,1.014939724747704
519,1.0370618535809466
520,1.091704208211815
521,1.0247925359791683
522,1.002112570576018
523,1.0172411038624605
524,0.9913318606737945
525,1.061499022784841
526,1.0203299590737396
527,1.0713737647484631
528,1.0285326630726184
529,1.0312502648924209
530,1.0046685286298724
531,1.0301907385786582
532,1.1004544637323466
533,0.996266208272101
534,1.042956419405646
535,0.9823042928833443
536,1.0748888084417771
537,1.0834893778856864
538,1.1896116206470013
539,1.1184987851573156
540,1.0660135251034089
541,1.0135030937516143
542,1.3952821284736827
543,1.050527844012897
544,1.03834527134082
545,0.9735821857178815
546,1.0016581222412229
547,1.1033453050259836
548,0.9980451132710757
549,0.9898038614298783
550,1.0333290934460875
551,1.0139514399228327
552,1.0460229380348447
553,1.0843532838921401
554,1.0873066321653295
555,1.0018045394882193
556,1.0133988456216354
557,1.0121778626826181
558,1.077120623008462
559,1.1276000460271298
560,1.0397599175918675
561,0.9953782702862115
562,1.0130077797897301
563,1.0497780062542934
564,1.0133606330384914
565,0.9994845928294154
566,1.0631175657061642
567,0.9985142536161977
568,1.0035171041874524
569,1.0250680140081034
570,1.0168883762730645
571,1.0041590142033572
572,1.0036623831065044
573,0.9931568546098597
574,1.034528085527489
575,1.0002780500778816
576,1.0952456615011996
577,1.0210659805542543
578,1.0274100114768419
579,1.0308045504633638
580,1.1363136132763971
581,1.0079658307580295
582,0.9977512442601536
583,1.0817955062994282
584,1.2444596763133933
585,1.028041075444364
586,1.039094737724116
587,1.0913120232251765
588,0.9972591312526476
589,0.9877832652397516
590,1.0223332395594362
591,1.1299715612940187
592,1.002915126396687
593,0.9844904167560418
594,1.0092151182846165
595,1.009754072375005
596,1.1505227323647604
597,0.9947325637647679
598,1.0472692857794392
599,1.115103876222642
600,1.1428658757277508
601,1.0781012147005824
602,0.9918918840483051
603,0.9926118517926737
604,1.0502108981163745
605,1.0605031182474218
606,0.9893717270936369
607,1.033345307043859
608,1.0652694878534341
609,0.9930384956520486
610,1.051707908900997
611,1.0172042213397257
612,1.0211861093110355
613,1.0641257149600896
614,0.9805017365456268
615,1.0872209843391618
616,0.983970416423165
617,1.1054102238790746
618,1.0403531217865432
619,1.0031385518211473
620,1.0477133685098612
621,0.9816518193804812
622,1.0185079057672035
623,1.0245415792407626
624,1.0099411550941186
625,1.0989805122448988
626,1.0870668718100975
627,1.0416847939935407
628,0.9919292631706165
629,1.0249830125001005
630,1.1589766959304166
631,0.9812087638735383
632,1.014151292346435
633,0.9927283370204112
634,1.0462833311612354
635,1.1911502411693573
636,0.995571804597652
637,1.098824725867222
638,1.0672989680120961
639,1.0436307581955404
640,1.0853873879791935
641,0.9980580961064237
642,1.0058277212420415
643,1.0172546457347633
644,1.2334418893054502
645,1.0498889880929438
646,0.9880469861039236
647,1.0335415473382423
648,1.02216625090691
649,1.0195626158559694
650,1.069017556575437
651,1.0659617648858877
652,0.9890824072110802
653,0.9760535583961544
654,1.169818192890888
655,1.036115705868949
656,0.995147245842168
657,1.0201711213775975
658,0.9966788016547468
659,0.9886565615133763
660,0.9797112326998805
661,1.0303324971848153
662,0.978362244050184
663,1.1007920908100153
664,1.0385520544529445
665,1.0156830829886256
666,1.0431700869720495
667,0.9945972677417728
668,1.0194830241855826
669,1.0477679037484187
670,1.043956007194339
671,1.0644167426911735
672,1.00248136629844
673,1.1149059559811314
674,1.043723856004282
675,1.0027268488059544
676,1.0189553574445476
677,1.0072903902088508
678,1.1597915862900776
679,1.0169417029489711
680,1.1493766861341859
681,1.045040131388888
682,1.1065463069219301
683,0.9786018374895691
684,1.006562578845573
685,0.9736139841482303
686,0.9979031695766123
687,0.9980551952267632
688,1.1737098782461466
689,0.9851963914199637
690,1.0027002545063766
691,1.0188791359952232
692,1.086624376234858
693,0.9933022359325271
694,1.0675991811643355
695,1.066606313235301
696,0.9868855894184508
697,1.0329778158523812
698,1.0355823766857384
699,1.0153815027296447
700,1.0832502059210918
701,1.030382691424276
702,1.0796808572192957
703,1.0064583080886793
704,0.9873360838409195
705,1.0610850144602786
706,1.0024534488247434
707,1.0052347348729376
708,0.9762598208093307
709,1.1449032667252785
710,1.0973177568167154
711,1.005112277966821
712,1.032345677397423
713,1.0871929995275682
714,1.0094048990871092
715,1.0627867739956414
716,1.012524358406838
717,1.032093315036703
718,1.0115779985703492
719,1.123849586290474
720,1.077797396072105
721,0.9790544023563954
722,0.9763658123286688
723,0.9877966745988923
724,1.1437087197085278
725,0.996409928315381
726,1.1270634349516913
727,1.183365174127483
728,1.0637879294402537
729,1.107397539318644
730,1.0059798556817054
731,1.044886602207392
732,1.18497042670356
733,1.0015038365396167
734,1.0308946391985856
735,1.0255264772785608
736,0.9866922745243287
737,1.0146388276988585
738,0.9850477110117088
739,1.04679619879732
740,1.010572008996749
741,1.0301425118684295
742,1.0749232426979272
743,0.9961754743624873
744,1.0364391174564127
745,1.026387992891818
746,1.007375181527134
747,1.026666862564284
748,1.0374038328708592
749,1.1122763104590483
750,1.0698784662146767
751,0.9854053560535061
752,1.0230452276839488
753,0.9902875111131487
754,1.051606956753707
755,1.0165597721161863
756,1.0007525871399487
757,0.9985715108290409
758,0.9986091881221896
759,0.9921373921045111
760,1.011865669124196
761,0.9817858703879514
762,1.0523524943246867
763,0.9918821404440985
764,1.0583689595011
765,0.9952493534024727
766,1.014944013039203
767,1.1699209149723337
768,1.054518188634641
769,1.0466920761571485
770,1.0712303539437613
771,1.0140102597985696
772,1.0360235488593108
773,1.156343913699783
774,1.0728489980934515
775,0.9985237477909455
776,1.0343226028526542
777,1.0242624214831269
778,1.057510628383974
779,0.99821999907158
780,1.1030640904282754
781,0.9989901868384472
782,1.0436416845102154
783,1.0189213985325267
784,1.0568366583411297
785,1.0961704383897815
786,0.9908895173765777
787,0.9827999611967609
788,1.132497461079196
789,1.0264772043016852
790,1.0424239791636065
791,0.9818329884140766
792,0.9780095070627816
793,1.0125819524338826
794,1.0828183976144887
795,1.0806863619602578
796,1.1222986544301001
797,1.002527143796945
798,1.1200700760141256
799,1.0005145418387658
800,1.036620550612973
801,1.0759990326966329
802,1.066882611380804
803,1.0027113461104036
804,1.016611452150992
805,1.1460215509096556
806,1.1087399846922579
807,1.0176277159448497
808,0.989735740096262
809,1.0189798586665244
810,1.0024512711954963
811,1.04505754728271
812,1.0378767389728722
813,1.0734072273434516
814,1.1080221300987243
815,0.9892164474672839
816,1.0553822682935436
817,1.2187259779120458
818,1.0862046436242998
819,1.0851338442346388
820,1.0500476755033876
821,0.9804051968902822
822,1.0329580397560603
823,0.9919591009687365
824,1.0209635811618445
825,1.0062381935900633
826,0.9866575512872381
827,1.008502295727802
828,1.0132157447483388
829,1.0631678259336363
830,1.0225623834619628
831,1.0163524596437603
832,1.0892555982335546
833,1.0097170456973932
834,1.0825802972923717
835,0.9835421915393767
836,1.088491315637512
837,1.0164939461475164
838,1.0574968856232358
839,1.1224465881721553
840,1.0407933731462033
841,1.194295905652007
842,1.0214643952329894
843,0.9885084754871222
844,1.0352035481621988
845,1.0847891003395445
846,1.232479507405702
847,0.997973706544107
848,1.0871247174492922
849,0.9927426176231249
850,1.0741954919271088
851,1.0066716841418755
852,1.203968121292213
853,1.0210923378746863
854,1.0361558275541007
855,1.1928577806558276
856,0.9801283348675048
857,1.0772544951939829
858,1.0451218697975277
859,1.0099338306240535
860,1.0219167370231004
861,1.208380463298598
862,0.9979726648267235
863,0.9836732084331793
864,1.0491864578902523
865,1.0293513236533482
866,1.1025611757079035
867,0.9789756388485463
868,1.044569798077982
869,1.0559796864989175
870,0.9940474019796572
871,0.9843584154253542
872,0.9870331286406533
873,1.013057764923575
874,1.0583523201073795
875,1.1759286773418274
876,1.0567290715420337
877,1.105054791559033
878,1.0733359396592563
879,0.9845761517820835
880,1.0248295127888571
881,1.226778819282235
882,1.1677605943265976
883,1.0666027208505278
884,1.0431136516206005
885,1.013765553304577
886,1.0025131533861549
887,1.0345286632876785
888,1.0035741335908022
889,1.0458030033884218
890,1.0298669644029932
891,1.170335932615833
892,0.9818520752554919
893,1.0971580982891236
894,1.0280857970298787
895,1.0311067095634239
896,1.0015897269145195
897,0.9837277824557745
898,1.1981158599369928
899,0.9846827411233388
900,1.106616840108599
901,1.1526718439431045
902,1.1181354242939698
903,0.976183893182283
904,0.9752689826842877
905,1.0702531949519607
906,1.115111113427849
907,1.055315530396307
908,0.9830970374544362
909,1.0003850403453225
910,1.0497551087987937
911,1.005030598631047
912,1.051605123999314
913,0.9611987361118017
914,1.0005261424277472
915,1.1639484089093357
916,1.009150989067435
917,1.0416708268790842
918,1.0142267504123557
919,1.1655392291363187
920,0.9920315954832755
921,1.0443919269675477
922,0.9892132176403471
923,1.1274092526803914
924,1.0770189846464235
925,1.021504659555332
926,0.997847795766035
927,1.0056860863135
928,0.9870138764816618
929,1.1732126067377373
930,1.0237152990268945
931,1.0129684096274403
932,1.0569986631172024
933,1.0024152629657657
934,0.9798963770348519
935,1.002692621350327
936,1.0626517568500193
937,1.0064445306555603
938,1.0232490996609611
939,1.0795097739015125
940,1.1324864782911346
941,1.0869459041867362
942,1.0122436780986797
943,1.0430954955828229
944,0.98054736791257
945,1.1034875568792883
946,1.0780539827247906
947,0.9952794394675304
948,1.0273365222540478
949,1.0171100524658558
950,1.0320436023096122
951,1.07246465652584
952,1.000704259942673
953,1.0062275806524794
954,0.9942899095720548
955,1.0532958788917024
956,0.9863810924083897
957,1.0249334687029634
958,1.0332772370307184
959,1.0894227333486026
960,1.0715701678365568
961,1.1309537964764176
962,1.1465811453076988
963,1.0473299911559584
964,1.1041412222933902
965,1.0349441691703953
966,0.9951184566641498
967,1.0342603038505058
968,0.9850803633287961
969,1.1051120077171455
970,1.1070621849624636
971,1.1040810462185553
972,1.00447833466306
973,1.0300283539671693
974,1.0110231786755057
975,1.0359690971711535
976,1.017756000235504
977,1.0837592787863988
978,1.0064042790984415
979,1.013341472189616
980,1.0457779954152842
981,1.116370582579572
982,1.1425019150524791
983,1.0471161841070133
984,0.9933432982248507
985,1.1519063309472872
986,0.9798829702761795
987,1.0751324314856157
988,1.0565759980598606
989,1.1091269311323946
990,1.0160627731532885
991,1.0098209751550271
992,1.0244054963444382
993,1.0697299875691155
994,1.01500335677638
995,1.0480654722049563
996,1.0884634892360223
997,1.0143621673986516
998,0.9742160584735629
999,1.0934396526194765
1000,1.068850348665244
1001,0.9979560153555493
1002,1.0456742355746917
1003,1.1407625442114604
1004,1.0746713668879657
1005,1.016623411561421
1006,1.1376451705315136
1007,1.021358634474133
1008,0.9971103125175842
1009,0.9953509759352841
1010,1.1150508939815524
1011,1.075378138242307
1012,1.0517715683986286
1013,1.0532059151963096
1014,1.0419363289791455
1015,1.045826092536434
1016,1.0353530547431056
1017,1.0454916248468122
1018,1.0724720810537782
1019,1.0706007512277602
1020,1.0077600280119254
1021,1.0085704036446987
1022,0.9856299810374769
1023,1.087996363757123
