0,219,636,228,588,928,323,354,284,981,182,847,557,136,763,320,25
1,1000,189,435,731,890,552,488,853,689,982,513,375,885,279,415,691
2,45,797,394,430,205,90,285,155,545,71,875,653,551,916,595,50
3,994,62,903,129,568,683,656,631,892,29,401,72,619,346,573,715
4,810,114,757,207,998,164,697,642,711,411,856,380,613,668,1007,300
5,622,954,976,659,750,426,998,944,131,579,100,376,18,159,207,405
6,90,652,400,71,551,835,439,849,616,567,916,263,394,603,765,518
7,791,571,212,418,326,491,928,840,610,158,776,925,721,968,46,48
8,806,649,298,68,277,641,84,569,662,870,1001,565,180,156,528,328
9,214,71,722,797,430,115,90,109,652,45,567,664,2,263,439,872
10,536,781,967,445,93,54,896,603,651,848,836,71,722,276,803,262
11,593,293,447,533,969,201,431,91,632,291,892,453,401,708,994,236
12,887,381,252,642,622,987,309,864,1019,159,117,60,698,338,684,843
13,132,365,273,744,903,991,401,986,530,665,619,465,501,851,458,507
14,860,603,621,607,127,567,71,661,15,896,518,519,375,897,263,19
15,567,415,277,897,565,430,394,641,14,216,689,518,803,122,37,516
16,575,440,642,103,100,52,272,498,305,658,392,555,332,856,541,379
17,577,633,928,667,452,888,934,588,255,826,459,791,284,947,246,162
18,998,944,976,164,1009,740,622,787,886,843,332,448,117,338,578,225
19,93,528,375,462,896,124,276,22,389,56,156,900,807,765,485,603
20,478,548,86,751,892,75,447,72,606,531,492,533,241,201,451,871
21,968,633,38,242,911,918,821,707,771,685,74,372,1010,297,391,425
22,807,485,253,513,662,285,689,735,835,180,120,280,400,984,34,68
23,201,730,465,556,236,593,215,357,431,270,351,44,535,53,507,82
24,734,327,78,793,968,351,690,911,928,266,330,934,774,452,402,947
25,928,783,588,793,934,48,491,418,535,660,979,487,977,1012,320,947
26,450,903,832,357,72,593,311,142,994,675,165,451,683,619,582,730
27,957,346,260,556,631,753,965,3,388,903,465,270,624,47,573,676
28,354,934,660,893,1008,427,535,979,997,633,325,234,947,799,791,525
29,295,291,65,619,278,311,450,683,863,632,3,436,522,129,236,137
30,589,78,351,535,500,647,292,410,720,791,264,459,913,627,996,685
31,269,911,549,336,330,237,74,78,755,134,323,481,968,909,926,913
32,156,482,967,262,377,628,439,46,721,826,849,589,216,432,504,913
33,577,605,491,592,17,995,246,667,999,888,826,464,479,46,564,162
34,880,513,285,714,22,120,68,394,897,862,545,807,485,488,373,37
35,815,926,693,792,464,549,302,913,739,771,330,899,158,255,746,197
36,787,976,843,289,886,864,378,440,225,998,956,409,808,18,597,248
37,880,714,565,870,688,641,285,595,662,15,400,488,34,747,50,170
38,21,911,391,899,968,918,633,1022,78,475,242,660,821,88,771,913
39,225,576,245,393,856,378,49,114,998,52,164,758,42,931,956,272
40,235,914,412,505,356,382,251,748,863,675,614,529,582,800,756,646
41,381,206,150,768,289,613,52,856,433,622,12,697,200,18,174,157
42,658,477,433,659,150,257,60,775,225,217,907,272,873,399,931,52
43,254,236,655,790,357,44,602,478,681,450,708,271,344,283,210,812
44,283,357,602,822,236,795,655,788,43,72,666,871,53,201,753,210
45,664,50,872,285,545,2,90,214,439,653,722,689,277,595,430,616
46,721,149,383,926,327,1015,704,238,840,755,144,452,316,777,78,999
47,656,291,573,295,570,694,992,957,260,556,517,743,930,29,548,646
48,643,928,888,240,320,792,525,25,264,679,847,228,783,571,947,793
49,856,576,844,114,758,225,332,958,39,508,1003,578,998,1021,164,559
50,285,689,45,639,733,722,870,524,430,595,653,649,69,761,306,545
51,877,389,122,603,279,1005,807,263,900,961,19,6,375,253,889,268
52,498,658,225,16,381,305,1007,942,252,42,938,668,146,272,659,103
53,871,753,137,812,708,357,311,465,788,927,561,795,507,625,865,631
54,691,761,967,853,973,834,482,722,386,574,171,836,802,71,524,424
55,556,370,606,287,65,937,29,311,499,137,712,229,501,868,260,943
56,90,567,6,765,652,430,45,19,714,93,68,439,462,233,528,1016
57,573,656,669,965,957,3,295,683,202,708,903,401,676,47,129,329
58,256,700,399,421,60,787,864,338,884,932,160,944,357,166,658,441
59,895,858,856,958,700,174,828,956,399,642,41,650,153,904,768,300
60,864,944,942,659,159,757,912,658,248,421,426,309,808,256,300,922
61,998,757,159,737,811,810,421,164,684,920,804,1009,440,944,204,100
62,675,3,646,582,683,129,756,548,235,91,594,786,990,412,754,573
63,78,685,996,500,979,284,911,30,799,716,425,459,74,793,589,690
64,812,478,983,708,795,790,602,420,72,535,871,44,187,199,346,913
65,868,29,291,129,401,986,311,974,606,614,287,646,241,743,786,593
66,189,90,186,439,651,6,71,400,377,889,722,375,897,156,180,967
67,203,307,502,263,389,897,722,84,653,603,230,148,908,171,216,385
68,885,485,306,662,471,833,8,689,807,488,285,1005,545,513,455,835
69,870,50,701,653,524,439,285,733,519,276,128,156,1001,761,689,454
70,568,675,786,492,251,3,665,29,634,65,683,823,572,447,311,829
71,722,621,263,897,430,567,90,439,6,652,216,394,524,651,860,9
72,903,451,172,994,465,357,602,708,676,270,26,753,3,683,236,215
73,687,108,129,548,382,62,990,431,91,395,656,914,529,517,957,3
74,242,21,911,470,31,427,826,237,968,934,134,610,778,24,979,1010
75,868,820,282,420,431,260,683,86,187,428,451,573,91,676,937,72
76,464,500,361,723,78,755,647,504,425,926,913,826,149,144,197,134
77,903,282,420,829,75,676,369,72,983,572,265,606,346,530,428,60
78,589,913,177,330,425,968,1022,911,327,24,763,791,585,95,30,383
79,947,934,979,354,847,693,325,588,284,763,78,791,330,729,928,182
80,783,685,372,481,667,151,690,592,347,17,948,113,721,633,459,374
81,920,208,426,975,998,207,757,873,116,954,131,248,506,261,597,164
82,105,666,863,593,370,295,215,556,813,708,359,236,657,561,631,343
83,401,453,754,991,293,974,176,324,329,986,614,865,631,489,786,708
84,298,488,653,933,870,761,978,722,455,306,280,321,8,285,689,714
85,259,704,590,537,741,315,723,535,948,264,721,809,660,249,383,546
86,816,451,304,72,363,617,522,602,20,75,859,598,172,868,994,82
87,984,223,502,480,874,653,894,908,417,789,674,765,978,67,203,706
88,38,475,771,297,660,1017,707,113,899,330,391,825,139,815,968,249
89,792,303,564,320,746,562,695,141,935,723,588,264,464,660,934,926
90,652,6,430,653,377,439,616,123,400,722,71,394,984,621,897,216
91,665,743,646,990,311,786,62,108,548,829,572,950,431,65,619,754
92,416,971,442,223,328,203,415,735,179,736,966,353,495,148,701,565
93,19,389,896,462,603,216,56,544,122,156,263,872,439,689,445,722
94,741,264,721,104,383,609,351,926,158,888,476,461,78,791,397,228
95,899,997,746,660,78,847,867,792,633,791,693,690,264,284,177,526
96,392,541,100,366,613,830,333,440,192,642,16,305,258,248,166,555
97,161,825,315,746,581,391,660,899,243,249,647,799,383,38,177,952
98,418,238,550,78,361,926,173,708,934,1022,777,284,968,913,535,491
99,157,931,921,951,289,399,700,938,408,152,309,604,407,511,150,118
100,440,998,392,575,944,272,258,757,904,1020,16,856,844,159,642,61
101,562,660,581,590,935,259,315,779,612,264,746,476,704,1023,97,741
102,272,117,658,225,766,207,145,118,945,421,426,998,787,907,850,775
103,16,305,575,52,658,379,440,392,477,864,190,555,168,498,604,60
104,94,842,197,549,264,826,721,612,647,340,926,1023,136,799,815,315
105,215,82,800,937,708,760,484,287,813,863,593,423,556,288,247,384
106,305,856,904,208,16,604,873,828,408,555,586,150,257,433,575,850
107,958,248,42,762,856,166,192,818,224,596,433,305,1003,993,225,878
108,91,129,548,73,823,665,990,130,62,743,624,991,687,3,522,892
109,797,521,430,318,214,722,524,285,90,439,761,567,718,180,652,686
110,514,146,100,443,622,1020,895,613,976,200,692,922,153,698,810,642
111,480,966,862,179,984,725,569,377,509,608,442,90,422,641,328,653
112,188,128,1001,454,653,69,967,276,156,439,362,835,607,389,781,589
113,776,571,690,821,475,960,402,934,303,771,610,660,38,948,212,913
114,856,286,998,164,378,49,4,1003,576,409,357,39,559,658,147,757
115,628,722,263,978,318,216,621,772,9,230,385,897,123,890,71,214
116,659,248,597,408,224,944,998,378,159,956,757,381,907,954,787,207
117,102,622,1007,752,272,658,18,766,146,225,426,575,16,737,976,1009
118,931,856,102,378,775,392,511,886,200,245,225,272,620,902,146,998
119,562,476,792,779,387,842,679,139,609,158,612,234,780,647,1008,926
120,298,22,34,747,373,485,540,545,253,285,84,653,641,569,111,1005
121,624,507,202,265,694,914,428,594,823,800,484,282,795,505,708,606
122,854,216,524,621,389,900,263,123,519,51,462,285,889,848,701,870
123,216,263,203,90,377,253,897,722,731,691,674,862,471,603,71,616
124,19,662,870,68,156,807,900,544,714,877,122,528,831,377,22,298
125,992,594,883,800,484,570,548,624,137,573,282,598,727,47,213,346
126,311,683,450,465,582,499,914,756,992,602,561,346,531,534,505,712
127,263,908,415,897,313,216,223,14,973,518,745,603,789,123,71,471
128,761,853,156,524,69,389,84,521,1005,112,386,662,870,973,860,680
129,3,65,892,823,62,573,29,656,241,291,632,606,683,108,669,278
130,990,548,108,751,62,594,602,522,624,687,382,991,436,91,492,646
131,998,873,164,446,697,5,408,81,921,100,258,944,152,208,411,638
132,13,273,665,401,530,65,851,572,501,861,619,295,632,29,903,986
133,256,409,944,286,787,856,338,922,904,114,597,850,308,102,350,248
134,361,821,427,464,303,703,879,909,391,778,571,194,792,934,685,481
135,743,489,443,974,291,631,903,991,568,384,614,657,344,290,751,646
136,826,588,1008,557,636,640,481,461,228,464,888,178,783,182,609,234
137,311,708,484,871,606,572,172,497,295,29,288,291,927,53,570,991
138,757,409,314,224,159,884,399,931,317,248,60,147,309,672,659,553
139,464,194,899,249,315,792,297,723,949,255,134,980,243,825,391,926
140,1023,549,410,589,535,1008,647,707,326,791,660,671,294,1010,815,935
141,935,588,590,535,89,320,720,934,777,557,303,259,264,879,315,695
142,26,529,631,357,950,986,215,593,730,813,345,465,72,53,368,994
143,202,356,606,572,822,44,431,507,357,694,72,730,184,310,883,593
144,685,194,721,481,667,755,926,464,315,327,316,913,459,255,723,799
145,225,102,272,945,217,759,956,477,922,118,775,672,248,938,392,226
146,658,357,740,629,281,117,176,18,511,118,440,110,602,322,338,52
147,884,317,752,711,164,672,684,856,159,998,392,642,775,810,578,843
148,736,897,203,933,872,616,653,910,502,722,307,328,170,706,216,483
149,926,999,755,723,577,721,995,259,909,479,549,742,1014,704,144,46
150,830,208,433,658,586,920,696,399,856,886,378,42,477,248,408,272
151,255,459,80,685,690,372,633,867,963,824,243,374,948,707,899,315
152,217,392,157,887,399,314,191,99,904,604,757,131,638,998,717,975
153,200,698,987,895,642,696,856,514,904,697,672,759,409,843,998,645
154,188,908,1001,745,503,471,781,807,156,967,607,276,280,509,661,90
155,415,725,1013,2,747,803,509,728,565,862,90,45,797,313,400,518
156,377,662,362,276,870,781,849,90,306,616,439,641,253,1001,628,653
157,289,99,407,638,938,152,700,645,150,604,866,951,658,225,281,41
158,925,791,383,461,249,78,95,35,792,899,94,840,1022,926,139,763
159,757,954,659,944,808,998,658,207,61,60,248,843,920,1007,555,378
160,740,1009,379,408,256,645,944,705,998,787,441,932,204,810,217,700
161,315,546,97,779,952,825,243,581,259,383,792,194,899,249,255,177
162,515,134,481,703,838,577,427,685,799,633,824,17,721,323,985,197
163,673,567,516,587,621,9,532,318,90,430,6,652,915,518,56,603
164,998,672,446,787,147,684,317,843,18,409,61,668,856,956,904,225
165,26,184,283,675,3,822,568,352,434,236,210,356,869,492,994,72
166,248,738,672,998,787,956,256,762,164,409,922,225,399,696,224,944
167,721,953,269,947,481,144,826,588,461,246,237,320,643,577,928,17
168,637,555,381,103,477,766,920,942,659,682,972,648,635,60,272,597
169,931,956,164,672,811,392,224,317,118,785,131,775,768,858,904,856
170,653,454,90,880,148,362,275,933,835,50,714,608,601,872,84,870
171,933,910,262,853,894,148,736,188,67,321,1018,524,908,616,223,154
172,451,288,72,324,434,137,619,534,892,346,561,624,823,950,492,994
173,918,1022,550,38,771,968,960,98,1017,78,425,926,840,724,177,911
174,895,976,1020,856,440,904,944,18,392,843,555,998,539,36,338,409
175,735,307,400,897,569,889,567,337,736,15,835,277,747,661,209,528
176,291,236,708,974,602,930,986,311,631,444,863,357,414,614,227,65
177,78,589,899,315,913,391,952,355,1022,926,95,968,627,383,144,456
178,464,481,815,693,136,801,228,763,557,323,913,549,1008,792,899,716
179,223,569,111,442,769,416,92,417,8,203,971,966,649,480,495,725
180,984,662,485,718,521,966,90,400,439,616,280,22,849,109,156,455
181,642,100,579,206,613,668,305,622,987,828,752,248,272,976,697,96
182,588,320,237,354,947,609,234,934,913,685,535,134,1008,589,476,500
183,291,694,533,743,428,369,665,47,656,517,65,892,91,646,827,129
184,572,497,356,165,823,129,431,675,91,606,251,822,492,26,65,522
185,998,18,944,225,579,976,843,684,711,954,884,749,941,409,578,117
186,66,569,513,439,277,189,471,415,375,90,509,45,1000,8,394,897
187,75,20,64,414,77,420,820,523,892,790,602,631,676,388,917,27
188,607,154,781,1001,967,908,112,706,276,78,198,896,156,439,171,389
189,66,471,722,400,186,394,377,488,285,22,513,439,435,253,854,6
190,757,392,538,159,441,659,477,575,1007,684,998,166,954,752,103,944
191,604,392,152,477,717,378,272,575,225,757,245,42,217,998,659,931
192,392,856,958,378,858,272,993,904,596,575,758,752,555,96,16,1021
193,529,202,288,364,132,29,632,760,845,215,530,683,869,57,584,26
194,255,144,667,139,315,464,459,867,564,723,792,134,913,633,949,297
195,384,489,614,395,517,570,837,656,712,863,1004,756,827,401,235,800
196,256,705,922,843,308,740,759,810,18,944,912,642,164,261,338,332
197,577,926,826,721,842,792,452,703,264,397,104,612,35,879,779,383
198,188,607,1001,803,154,277,263,203,889,518,706,216,509,415,92,127
199,357,832,822,903,344,26,631,369,450,791,465,420,91,657,619,974
200,272,381,811,737,998,153,118,642,697,922,498,956,645,308,164,61
201,743,291,236,384,431,748,215,533,593,871,357,708,270,751,606,863
202,364,708,655,215,72,903,530,760,656,443,288,570,137,210,986,236
203,263,502,216,123,148,67,897,765,706,835,230,483,803,307,722,603
204,919,61,740,281,998,421,932,405,18,159,200,696,976,954,843,811
205,595,306,797,2,936,978,45,455,653,109,68,628,725,485,362,90
206,642,164,759,41,768,945,150,272,922,856,405,622,843,208,758,717
207,920,810,159,998,102,787,954,944,658,659,1007,922,757,668,506,81
208,150,586,248,81,738,873,922,956,920,658,207,904,226,998,399,828
209,216,263,889,836,122,880,835,276,93,653,803,536,175,502,897,170
210,655,611,344,443,582,202,283,822,634,450,602,311,530,364,126,903
211,871,794,346,839,625,247,444,892,594,213,241,788,795,994,478,172
212,960,952,1022,909,550,953,113,690,361,791,7,158,926,78,925,968
213,531,594,751,523,992,573,346,708,837,702,859,137,646,871,287,883
214,45,109,9,652,664,430,722,439,567,872,803,521,318,90,71,180
215,760,105,708,529,357,236,970,295,82,291,986,863,530,288,465,937
216,897,123,263,203,377,621,862,689,90,71,722,471,122,890,253,691
217,145,152,1009,645,42,575,102,938,904,998,477,433,225,379,272,408
218,315,899,481,913,685,952,776,821,867,372,707,825,546,1022,239,113
219,0,588,136,826,323,636,557,947,427,928,464,1008,182,354,303,234
220,144,995,799,564,249,773,194,926,149,723,161,721,581,562,479,577
221,784,284,17,913,815,481,35,693,197,926,464,327,703,264,302,577
222,332,856,147,421,658,1009,433,281,226,711,810,642,697,828,956,272
223,179,87,319,789,127,92,701,706,203,502,417,480,416,307,908,471
224,944,904,399,757,998,856,411,301,256,409,248,672,956,116,759,843
225,998,938,856,102,145,272,305,52,248,378,164,658,1009,39,494,578
226,248,586,102,658,208,759,956,498,150,305,433,629,272,145,421,52
227,712,646,865,708,176,311,863,687,970,573,444,974,614,126,62,287
228,847,264,693,588,136,888,178,0,94,928,763,783,793,947,315,464
229,401,708,712,573,974,311,657,227,930,414,669,287,329,602,83,365
230,722,733,203,897,71,263,835,502,285,90,232,439,653,216,803,115
231,557,323,234,647,427,284,746,292,178,693,934,685,779,459,633,792
232,230,621,733,71,216,701,524,849,285,263,736,722,860,897,628,445
233,652,90,628,123,686,616,587,400,862,155,56,115,1000,6,714,216
234,934,842,588,182,826,609,636,746,427,476,792,633,136,231,821,935
235,623,619,62,395,382,683,914,582,675,412,756,29,800,65,677,665
236,708,357,283,602,295,863,291,465,871,450,176,414,986,903,215,681
237,182,134,500,323,31,557,721,481,685,167,320,487,734,74,826,470
238,452,98,397,840,925,425,46,926,633,94,838,78,461,302,655,968
239,327,815,899,867,911,1022,953,784,879,144,481,801,372,255,549,218
240,48,988,928,643,847,167,947,953,481,461,571,888,667,1012,144,7
241,324,533,892,453,568,129,871,291,290,65,823,743,29,903,3,172
242,968,633,21,918,934,475,74,427,374,38,821,134,707,294,879,470
243,315,459,255,690,139,259,161,144,177,685,1022,1017,952,95,899,721
244,825,899,707,671,292,815,746,633,1023,627,391,95,231,1010,660,323
245,998,378,944,808,931,787,411,225,409,956,506,61,118,597,164,102
246,643,934,928,605,588,316,704,303,809,947,491,113,284,264,777,259
247,871,343,708,863,236,444,346,283,172,288,561,883,356,573,105,324
248,956,696,998,597,922,378,787,904,305,166,159,586,409,642,224,116
249,525,537,464,139,259,571,792,463,158,995,739,799,267,723,809,161
250,338,944,856,300,332,622,575,922,659,658,886,494,830,159,555,1021
251,593,646,356,572,1004,863,730,606,260,556,496,623,82,665,447,70
252,12,224,52,613,766,117,737,856,642,16,309,864,759,843,976,398
253,377,849,699,862,641,22,123,216,306,156,689,485,736,68,807,662
254,43,812,343,708,478,905,201,236,492,863,751,457,748,271,871,743
255,459,867,194,315,824,633,151,667,721,464,815,948,139,144,949,243
256,944,922,338,308,441,787,629,224,738,399,58,409,975,658,954,60
257,658,873,42,332,494,975,856,150,433,553,305,272,998,1009,993,300
258,100,392,440,856,844,512,378,904,131,405,998,16,850,164,717,668
259,704,723,315,721,85,562,809,537,249,581,264,926,741,525,149,913
260,270,937,606,631,573,465,859,837,346,27,619,683,499,47,957,311
261,81,975,554,922,206,738,196,818,474,164,256,858,920,558,998,586
262,853,171,967,32,835,71,1018,733,781,836,276,445,731,216,524,321
263,603,216,203,772,123,71,803,502,389,127,897,765,567,973,722,621
264,948,590,581,779,792,721,94,228,660,464,315,259,926,592,383,1014
265,369,812,708,820,751,428,507,983,892,443,743,291,324,687,121,871
266,1012,585,793,776,78,690,928,934,24,968,791,774,633,535,589,876
267,249,821,463,842,707,980,571,139,792,826,995,255,89,372,633,158
268,852,552,503,263,123,673,417,90,6,973,978,66,313,890,216,916
269,31,913,695,704,299,320,926,481,952,549,167,911,78,284,721,953
270,260,753,72,384,937,561,423,201,465,568,631,473,517,675,556,837
271,357,236,523,708,871,414,254,457,43,657,24,176,478,863,135,602
272,766,102,433,856,658,922,200,225,775,145,100,117,759,622,378,16
273,132,593,13,501,401,986,760,969,950,863,215,65,619,572,82,666
274,293,499,384,547,619,401,568,814,786,324,83,195,329,631,561,670
275,353,337,170,955,307,328,880,416,608,483,735,148,385,502,933,540
276,781,156,1001,439,653,802,69,154,872,574,19,618,188,277,50,180
277,415,509,8,45,835,1001,15,50,831,803,726,495,285,569,68,641
278,29,291,632,522,295,129,656,436,65,62,241,450,236,687,683,669
279,123,51,263,731,253,849,962,691,216,603,686,772,699,641,1005,203
280,285,455,298,84,180,488,22,853,761,722,154,662,8,689,641,156
281,684,146,338,553,440,312,204,579,18,150,931,622,409,856,407,398
282,77,75,820,428,531,420,823,903,727,346,943,753,611,957,827,829
283,236,44,871,822,165,247,210,561,126,602,465,311,357,863,53,606
284,354,427,934,763,660,361,459,928,764,500,78,799,979,95,588,476
285,50,689,733,722,870,545,524,880,280,439,45,714,109,68,22,298
286,114,711,856,409,884,133,272,225,998,256,1003,378,775,944,147,904
287,708,800,606,523,65,573,105,324,401,137,687,712,986,646,291,868
288,172,295,845,927,236,708,215,602,137,72,29,343,994,677,82,561
289,157,99,36,938,41,407,150,146,864,658,52,225,956,408,700,682
290,663,568,346,794,241,324,751,384,135,547,329,453,614,670,715,871
291,743,295,29,65,708,656,614,986,236,533,687,311,930,47,176,201
292,997,589,791,685,847,372,30,374,323,947,693,867,95,1023,78,231
293,453,274,401,83,814,384,994,11,324,631,905,568,533,786,632,291
294,979,242,707,21,685,372,934,325,981,821,326,427,729,292,791,589
295,29,291,656,236,986,288,632,708,82,215,47,863,677,845,401,137
296,642,752,757,613,941,147,987,697,737,684,843,408,392,668,96,16
297,571,968,316,771,139,925,949,821,475,633,1017,302,667,194,21,391
298,84,583,455,120,8,662,488,280,870,371,285,540,641,545,714,689
299,269,913,953,704,481,327,952,303,361,402,113,909,144,546,491,690
300,856,1021,873,332,944,250,60,658,904,956,575,224,998,757,895,958
301,224,954,757,159,944,922,60,658,510,810,421,207,256,843,775,907
302,926,35,703,771,297,481,968,742,995,815,667,959,913,464,571,197
303,89,821,934,134,935,588,562,427,746,320,564,879,246,949,113,685
304,86,657,816,370,295,868,215,29,930,619,451,82,708,994,443,176
305,998,248,225,541,856,555,972,658,830,16,942,808,873,408,159,758
306,689,595,68,205,328,978,156,628,84,736,253,565,455,722,285,545
307,400,175,835,706,735,203,67,148,722,263,502,621,50,897,230,90
308,922,256,642,944,775,409,629,759,843,672,399,224,381,272,904,912
309,787,380,737,597,408,956,864,60,446,998,440,757,804,942,895,642
310,1004,356,251,800,105,593,82,863,606,137,343,287,883,247,548,572
311,602,974,450,382,522,29,291,137,619,634,126,753,65,708,357,683
312,281,578,338,399,224,895,248,514,642,308,750,409,787,922,256,856
313,127,471,155,342,285,890,885,375,908,415,722,916,897,394,769,973
314,951,152,757,138,301,931,964,224,99,60,408,399,856,131,638,157
315,913,779,383,899,546,721,243,589,255,259,723,161,194,867,177,218
316,571,925,297,144,928,704,246,934,667,799,821,826,643,605,303,721
317,672,147,684,164,446,159,668,843,740,811,248,659,224,717,398,998
318,109,532,908,115,714,214,797,567,984,430,967,589,535,521,978,542
319,223,123,701,471,569,518,468,860,276,835,92,179,375,71,849,203
320,1008,182,269,323,89,588,562,315,847,792,481,303,557,387,783,660
321,482,731,84,686,653,933,689,662,628,328,761,362,544,894,439,377
322,873,998,757,750,146,281,100,658,1009,964,666,511,787,166,305,944
323,481,320,1023,979,636,685,847,792,679,427,134,237,182,557,1008,231
324,241,708,401,172,291,871,751,368,453,384,533,786,632,434,892,614
325,979,79,934,947,354,671,242,294,21,28,427,968,821,997,799,793
326,791,633,21,425,776,716,946,934,979,7,660,294,679,610,158,925
327,734,24,913,78,953,239,144,721,481,716,402,784,690,500,815,269
328,736,641,833,955,483,306,442,933,725,849,509,416,966,203,616,148
329,570,669,401,965,573,499,137,83,290,346,712,753,859,871,892,708
330,78,771,968,693,913,911,336,425,35,31,926,452,791,24,372,113
331,997,463,249,949,139,549,643,340,255,264,821,799,403,928,347,267
332,856,1009,705,494,972,658,575,300,998,711,508,474,828,18,433,250
333,956,248,224,808,944,642,510,338,904,256,954,159,922,16,843,856
334,878,922,810,248,711,272,554,642,575,586,954,658,975,477,659,159
335,700,1009,737,309,864,164,431,921,498,593,868,906,118,61,357,72
336,771,330,391,968,31,911,113,879,1022,78,913,610,38,21,909,815
337,275,971,353,307,416,608,328,175,92,179,569,735,148,540,835,203
338,886,250,256,944,856,830,843,922,658,555,998,18,578,696,248,150
339,977,863,311,708,959,523,741,351,592,236,965,137,535,602,202,730
340,679,888,609,452,780,997,94,838,636,104,476,284,826,264,928,461
341,447,751,251,937,837,423,384,1004,646,523,86,743,665,70,304,556
342,524,313,686,628,722,306,978,603,445,745,870,285,413,674,860,797
343,247,236,632,863,82,72,288,3,708,356,869,492,254,434,295,522
344,602,655,311,450,991,420,681,786,210,135,582,619,708,443,598,91
345,606,357,311,497,950,26,53,451,832,172,634,974,786,530,137,260
346,892,624,594,871,823,683,561,290,903,619,751,499,573,965,3,568
347,1008,893,640,667,80,783,588,264,320,89,685,255,464,481,721,592
348,648,405,378,766,225,938,668,506,541,52,717,305,36,477,41,828
349,1012,953,777,599,418,461,299,704,327,246,988,24,546,402,491,588
350,696,904,409,684,392,248,405,672,164,998,555,514,305,406,944,843
351,30,734,94,24,78,968,633,730,452,470,592,327,136,535,784,888
352,666,359,356,165,82,593,822,357,53,44,283,236,72,677,572,273
353,275,416,328,253,870,337,736,92,84,483,307,649,735,933,641,540
354,284,979,947,79,182,934,28,427,764,320,609,928,325,660,588,997
355,177,500,78,327,953,315,755,504,383,626,589,1022,913,952,144,926
356,593,251,869,863,606,675,572,184,82,343,708,914,730,683,871,288
357,236,986,530,677,465,215,602,450,291,903,72,593,631,311,708,871
358,256,944,166,474,338,508,738,159,884,58,250,886,160,658,998,494
359,677,582,82,666,619,572,623,593,822,927,357,675,657,26,352,602
360,746,500,78,720,913,391,361,926,177,30,292,879,626,476,95,791
361,134,746,925,909,926,284,913,1022,879,763,934,500,791,78,723,792
362,156,781,454,870,662,924,653,439,872,686,170,551,563,1018,896,595
363,86,72,288,816,451,270,20,260,561,676,75,937,917,423,3,994
364,202,72,708,903,655,443,683,210,420,859,965,760,611,983,343,573
365,465,13,903,832,631,770,556,957,370,865,753,619,744,676,937,561
366,96,856,844,758,114,904,398,392,409,174,399,828,164,100,14,19
367,857,203,894,422,483,321,328,87,389,984,455,725,616,653,853,171
368,324,137,65,453,287,291,986,631,533,172,241,905,401,497,369,708
369,507,265,892,624,533,346,484,137,871,291,903,991,47,556,743,730
370,82,666,556,937,619,423,677,631,304,530,827,991,357,365,311,215
371,298,285,455,545,565,689,280,966,662,488,8,2,430,84,439,870
372,685,821,589,374,879,899,707,815,791,867,693,934,913,968,78,690
373,569,298,120,455,1002,862,8,641,280,84,34,503,417,782,179,699
374,372,963,242,867,876,633,589,292,459,475,791,255,997,707,17,266
375,19,415,982,518,22,14,854,122,263,66,313,186,513,189,6,216
376,976,1020,555,697,856,5,766,159,622,405,804,18,332,16,378,100
377,253,90,156,216,662,849,984,807,123,628,862,641,621,394,652,835
378,998,886,245,856,248,920,904,541,159,717,409,697,225,696,956,931
379,698,16,160,555,659,1007,998,575,103,696,944,217,658,305,713,740
380,309,737,956,787,766,944,100,828,998,810,856,440,920,409,904,61
381,698,659,200,998,642,976,41,555,12,225,308,116,52,713,60,757
382,311,602,770,582,683,235,655,990,851,423,215,756,687,619,665,548
383,704,315,721,926,1022,899,779,546,723,78,867,158,581,94,953,264
384,837,751,937,863,568,324,871,201,708,614,631,346,270,260,274,646
385,897,216,203,513,653,545,728,689,328,955,872,735,115,565,263,714
386,853,781,524,916,807,560,603,908,761,263,471,961,128,803,745,616
387,779,320,590,315,792,562,1008,546,139,119,264,161,89,383,899,643
388,556,631,493,865,27,311,465,753,53,790,283,646,670,871,357,523
389,908,603,896,263,781,616,973,93,653,122,545,803,462,203,689,51
390,697,717,150,281,378,541,440,272,856,987,433,157,41,153,579,553
391,38,899,177,911,968,134,1022,315,913,589,867,879,361,746,21,336
392,856,717,904,684,192,998,575,100,785,440,96,378,405,555,844,477
393,604,39,498,99,131,682,856,164,378,866,998,576,717,620,768,648
394,641,90,2,471,71,430,916,862,6,377,435,1002,439,216,415,897
395,827,914,837,235,611,683,614,748,656,800,687,573,517,675,29,62
396,430,797,2,664,439,653,566,874,50,415,595,725,761,180,45,524
397,197,647,926,264,259,94,476,238,633,791,809,577,780,89,723,452
398,446,281,856,164,317,684,804,668,378,392,895,887,409,406,931,672
399,904,224,408,700,409,256,856,150,787,642,956,308,944,99,922,887
400,90,6,307,509,889,835,180,735,897,652,722,849,803,175,565,22
401,83,632,708,324,65,903,986,291,3,295,656,293,329,619,687,453
402,690,953,113,776,327,913,899,793,546,24,610,774,535,590,734,269
403,643,821,948,526,255,949,17,899,667,303,588,997,347,372,934,867
404,164,131,740,998,873,810,207,844,954,658,208,257,18,629,322,5
405,804,622,648,392,843,579,696,998,904,717,684,350,944,61,248,100
406,668,843,100,409,378,904,811,392,350,684,164,613,398,696,446,61
407,157,638,281,309,951,99,956,887,289,150,787,164,18,740,700,804
408,399,787,309,904,116,998,597,642,956,856,768,305,150,440,932,757
409,904,944,696,931,856,998,758,787,514,399,248,224,357,1020,164,256
410,815,913,549,879,30,926,1014,35,80,264,197,481,140,372,959,589
411,998,944,810,224,441,245,757,61,164,207,378,843,904,954,856,737
412,756,675,914,683,62,235,593,29,582,382,65,356,863,606,311,251
413,490,854,203,123,628,890,857,722,691,772,603,389,916,853,731,377
414,236,357,814,930,657,176,974,450,465,676,291,708,986,523,790,602
415,641,277,509,966,565,471,155,127,560,15,725,375,885,1001,394,897
416,353,92,328,483,442,179,933,203,502,955,275,148,641,223,307,736
417,480,503,984,223,179,569,87,874,111,154,725,268,862,769,415,373
418,777,934,98,491,741,246,704,947,928,361,25,535,7,791,94,925
419,871,986,137,236,812,708,329,53,507,484,201,606,570,247,465,632
420,903,983,72,892,129,655,344,602,75,786,291,683,450,428,522,3
421,61,60,102,159,658,864,426,787,808,944,956,440,301,204,100,648
422,862,111,678,203,367,480,955,725,1000,328,123,674,641,442,654,966
423,937,370,215,357,82,561,270,382,611,683,72,602,105,556,666,530
424,603,524,71,772,263,386,54,1013,628,148,722,1018,706,616,543,896
425,78,633,791,925,452,968,585,330,21,838,158,38,76,284,934,589
426,658,787,622,60,975,102,81,944,421,920,256,117,18,441,305,998
427,934,134,284,821,242,826,303,799,459,354,763,685,633,464,391,255
428,751,531,820,443,517,624,548,534,708,282,265,694,420,827,533,743
429,443,457,748,708,619,492,530,665,384,675,623,291,505,614,534,382
430,90,652,439,797,71,109,621,2,50,394,567,285,601,45,214,524
431,201,606,291,743,91,593,75,676,26,357,129,529,72,892,517,903
432,71,6,652,90,439,621,722,848,148,551,872,651,567,686,889,56
433,272,856,150,828,956,972,762,42,332,904,958,768,248,1009,586,575
434,492,172,568,675,72,324,994,241,702,632,343,823,983,165,903,3
435,916,394,1002,471,691,189,439,6,90,482,123,854,875,890,641,819
436,683,29,675,62,522,176,291,751,447,632,278,568,863,65,401,346
437,796,354,347,847,893,588,947,928,48,997,640,783,320,979,695,80
438,105,270,82,1004,837,859,356,937,384,247,53,800,310,863,260,215
439,651,652,90,662,430,722,834,71,285,6,872,45,967,156,653,616
440,100,541,16,512,392,920,904,61,378,998,976,737,856,830,309,668
441,944,810,256,411,998,60,757,954,224,159,426,61,843,338,912,738
442,725,328,179,92,416,966,111,649,736,569,8,509,180,306,485,480
443,655,135,708,903,530,291,751,72,428,429,210,202,492,619,346,364
444,917,247,708,176,863,561,227,712,719,927,236,602,384,790,871,288
445,628,733,722,524,71,603,93,285,621,156,896,686,691,342,232,432
446,164,998,317,672,843,309,921,787,398,697,131,737,684,804,740,597
447,496,646,436,251,341,384,65,593,675,62,11,751,863,756,548,20
448,18,1020,338,886,409,281,929,696,902,998,357,843,804,558,648,405
449,904,380,810,956,998,152,16,828,131,804,164,200,224,856,100,768
450,311,974,29,26,786,236,291,619,465,357,602,126,683,903,675,344
451,172,994,72,917,86,602,816,26,522,950,311,288,561,497,593,606
452,838,791,633,425,17,826,197,968,703,78,934,238,330,928,1015,284
453,994,83,631,293,754,871,241,324,927,568,295,3,950,401,786,172
454,362,170,870,662,653,649,521,156,8,84,563,298,69,112,50,835
455,298,488,280,84,306,68,984,485,689,180,253,583,662,205,857,714
456,383,177,899,315,546,139,158,867,589,840,1022,97,504,78,391,723
457,708,812,201,429,53,176,871,863,254,357,905,614,215,236,743,572
458,903,137,501,730,13,822,572,851,199,986,530,507,311,676,369,357
459,255,963,633,867,243,194,284,685,427,949,144,799,824,667,315,151
460,714,84,978,628,298,488,455,936,115,915,253,797,490,120,532,342
461,826,636,888,158,609,136,693,491,94,763,167,679,928,792,588,913
462,616,896,19,966,389,93,900,90,908,439,122,603,803,872,653,216
463,249,995,267,537,331,926,723,739,158,925,1017,643,149,139,809,259
464,792,481,139,801,134,824,194,667,913,178,815,679,249,549,35,826
465,865,236,365,357,631,744,753,450,670,72,903,681,260,215,126,311
466,632,593,3,568,683,29,863,260,903,715,436,343,675,447,611,573
467,626,764,182,461,418,612,361,952,323,838,144,76,799,1022,947,237
468,277,726,518,574,71,516,319,66,186,651,276,569,175,415,664,375
469,894,725,874,789,916,560,706,736,947,483,263,127,79,51,966,354
470,968,734,78,633,242,589,74,21,491,327,721,610,888,24,237,911
471,890,560,394,68,415,216,1002,189,1001,154,123,854,641,853,495,897
472,182,320,612,562,767,315,387,909,237,467,269,952,535,913,953,847
473,270,126,756,611,675,346,493,431,260,496,531,20,548,283,751,646
474,658,508,332,1009,225,494,498,998,856,1021,1007,944,956,906,738,975
475,821,242,113,968,633,879,297,934,38,918,791,372,690,88,21,928
476,926,609,746,284,182,647,809,764,361,234,427,94,269,660,723,303
477,659,42,506,555,392,648,696,150,658,248,684,998,1011,498,378,145
478,64,20,795,254,790,983,602,344,43,44,492,359,871,617,719,283
479,464,577,721,149,1014,953,995,255,824,815,980,667,481,327,948,792
480,111,984,736,417,203,765,966,87,148,654,862,894,725,502,223,835
481,685,464,913,144,323,571,269,218,320,792,693,178,134,327,667,821
482,321,913,90,377,156,616,716,439,574,71,216,589,967,721,916,6
483,955,540,328,551,203,545,849,641,416,502,933,1005,674,148,894,789
484,137,570,624,800,992,708,369,105,556,827,883,202,753,215,311,517
485,1005,68,984,180,22,528,807,725,306,253,455,849,641,567,328,569
486,127,92,701,375,223,735,897,232,216,674,203,122,263,123,319,415
487,879,734,690,327,237,592,557,491,113,303,588,610,25,402,80,913
488,84,298,455,68,662,782,849,718,722,565,285,280,253,180,689,641
489,594,992,614,135,991,570,291,743,656,708,195,83,744,851,290,681
490,413,691,890,628,389,115,731,385,552,772,857,545,718,978,84,551
491,826,888,777,577,928,934,879,633,588,968,605,461,246,361,704,610
492,434,675,748,751,72,786,172,443,343,70,983,568,823,702,531,602
493,311,602,388,126,646,473,523,634,805,790,582,27,917,992,135,382
494,332,225,856,474,257,658,250,433,145,300,575,272,508,1009,858,192
495,1001,649,701,689,641,565,285,50,471,277,8,415,298,607,870,253
496,251,447,646,62,473,70,990,665,617,91,3,346,991,823,730,572
497,606,137,522,184,871,29,345,311,201,451,602,172,291,572,593,65
498,52,658,604,972,942,16,272,998,200,474,433,477,956,164,1009,102
499,619,346,126,624,561,260,786,274,534,329,172,670,827,859,712,570
500,996,755,720,78,626,284,361,144,30,76,913,182,327,459,315,237
501,273,986,458,13,132,593,903,619,730,295,657,287,401,65,800,631
502,203,263,653,148,67,230,483,87,123,897,216,307,803,728,223,872
503,803,154,807,908,616,509,90,417,978,389,471,268,521,536,673,781
504,383,315,589,755,792,779,76,911,704,464,612,78,913,177,799,161
505,708,687,126,215,450,465,760,681,939,382,614,800,357,865,770,202
506,998,248,477,1011,956,920,648,659,245,378,207,766,597,787,637,886
507,369,730,572,871,556,606,753,53,137,625,892,665,201,346,822,593
508,856,1021,474,904,332,998,956,225,944,758,409,305,1009,844,392,759
509,803,400,641,415,616,966,277,503,328,833,90,569,155,180,835,154
510,301,333,440,697,787,408,904,881,956,256,922,642,338,110,146,174
511,931,118,658,102,146,42,477,498,668,99,225,775,409,954,357,998
512,440,648,766,258,828,100,668,392,604,164,904,16,506,150,615,575
513,22,68,385,34,186,689,735,285,455,189,400,862,569,216,673,885
514,895,409,110,539,692,843,613,1020,904,153,944,224,759,922,350,1019
515,162,564,577,838,703,824,799,685,197,721,459,17,633,134,667,778
516,518,706,781,860,1016,519,567,603,362,154,19,618,468,664,765,15
517,827,914,291,756,533,47,694,428,683,215,957,656,260,395,270,126
518,516,603,765,6,567,1013,263,706,375,155,14,71,803,860,127,1016
519,860,701,524,122,69,621,516,14,870,661,439,430,1016,745,188,607
520,954,256,944,808,659,658,159,60,338,248,426,922,5,554,597,830
521,109,180,807,978,718,761,908,984,214,454,781,485,503,154,156,662
522,602,311,29,497,278,708,548,137,3,994,129,436,451,683,751,62
523,800,943,646,657,287,863,573,708,937,730,556,384,82,135,251,572
524,870,285,860,761,733,722,908,519,853,50,701,109,71,639,621,978
525,249,259,799,643,48,840,571,704,316,773,315,581,161,660,320,158
526,660,935,899,95,746,303,113,315,535,588,546,934,690,403,643,1012
527,659,912,672,787,843,159,954,922,907,248,426,381,309,1007,224,998
528,485,19,966,735,608,68,8,984,180,22,90,765,833,806,653,662
529,970,215,957,986,142,656,687,760,260,291,676,465,431,72,903,47
530,357,986,827,903,215,291,677,443,851,295,743,202,614,619,370,29
531,702,428,213,751,611,126,346,534,823,837,282,675,172,492,606,548
532,587,936,318,621,661,109,978,848,897,115,430,797,714,216,536,686
533,743,291,241,369,324,892,72,201,295,517,903,453,172,656,748,428
534,914,619,172,126,499,531,428,624,675,346,548,786,324,384,871,751
535,660,589,935,791,913,934,588,141,590,315,633,30,78,182,690,671
536,803,781,908,574,897,503,978,263,653,661,616,90,214,389,209,216
537,249,739,259,723,463,85,926,158,89,264,792,35,660,397,913,344
538,190,160,757,752,322,932,152,314,301,224,392,684,296,61,954,379
539,514,895,309,856,578,114,174,642,1020,380,559,60,409,944,338,998
540,483,298,50,120,307,649,835,545,253,765,849,595,551,674,84,430
541,555,440,378,305,808,248,830,956,942,16,856,100,96,886,972,1020
542,318,31,24,78,136,967,330,911,589,913,826,996,532,549,863,269
543,803,714,362,524,616,551,587,870,908,686,781,545,896,462,567,389
544,870,689,84,714,545,298,662,321,285,389,93,686,8,872,653,362
545,285,870,689,733,45,722,653,68,524,306,389,483,628,662,50,2
546,315,953,161,704,383,899,643,581,259,562,913,194,952,402,721,526
547,568,614,290,274,991,827,384,619,324,863,401,656,329,903,13,986
548,990,646,624,751,743,62,992,708,91,130,311,602,522,108,687,428
549,815,926,792,464,755,824,35,911,31,842,913,879,269,104,481,78
550,926,952,1022,909,212,383,78,361,723,721,953,98,173,177,626,149
551,849,6,483,662,652,718,722,835,686,2,910,362,524,71,628,761
552,803,263,890,603,1013,268,916,973,123,772,389,490,503,6,616,413
553,281,620,576,856,257,558,225,658,42,272,750,711,248,100,775,579
554,920,658,810,207,738,256,922,261,159,975,248,520,166,474,81,944
555,541,659,696,1020,942,856,159,808,998,248,830,305,392,477,944,1019
556,631,666,937,753,82,370,730,388,465,311,507,47,593,744,260,27
557,1008,588,136,320,464,792,237,323,231,481,182,734,783,879,826,178
558,225,629,938,922,18,281,553,308,954,164,775,684,912,157,578,998
559,798,357,114,256,603,856,166,787,49,474,738,539,658,865,578,18
560,471,415,725,203,890,386,328,916,853,789,736,565,127,701,641,495
561,346,619,631,657,937,82,917,357,465,126,72,499,423,172,270,903
562,259,704,303,320,89,612,721,315,779,792,546,383,387,119,926,264
563,870,833,545,362,156,649,8,1001,736,924,966,662,565,454,68,306
564,89,464,667,194,577,303,792,643,809,320,134,949,259,779,721,605
565,641,897,691,689,415,735,306,495,722,15,8,488,90,37,400,880
566,797,874,396,71,430,916,973,725,482,15,313,417,890,1013,789,516
567,71,797,664,15,722,263,430,984,6,1016,765,56,439,618,603,908
568,290,3,631,70,786,715,241,434,384,29,346,837,903,453,547,675
569,179,726,8,373,509,835,186,485,769,111,277,649,400,175,68,641
570,753,484,656,992,47,329,137,965,489,624,291,708,820,202,594,986
571,113,297,481,316,249,134,464,776,685,821,792,303,320,704,934,302
572,665,823,507,137,730,251,593,184,359,646,829,606,822,356,903,91
573,57,669,656,683,859,129,260,47,346,965,903,291,892,708,863,3
574,803,781,616,618,872,276,482,536,653,71,468,802,908,1013,503,924
575,1009,16,392,856,332,100,1021,998,272,659,305,300,873,117,642,828
576,49,225,39,553,114,620,150,423,856,844,884,257,998,42,378,578
577,197,592,149,667,33,17,721,564,491,926,479,162,995,888,264,999
578,886,225,338,18,164,579,998,642,312,843,147,976,150,856,248,684
579,697,998,711,248,405,378,578,207,281,976,750,164,225,856,622,787
580,682,309,380,920,757,904,116,698,81,738,506,597,956,659,408,998
581,264,704,259,383,546,660,809,721,989,799,161,97,315,840,643,562
582,683,62,675,359,602,382,126,869,655,311,619,235,26,3,914,210
583,298,455,933,84,857,8,649,280,662,782,180,984,545,718,601,540
584,210,395,530,827,484,619,505,429,614,137,861,364,382,914,939,202
585,78,266,793,425,911,968,21,633,791,776,95,671,1015,589,946,24
586,208,248,150,818,856,597,972,226,920,433,878,956,696,942,998,60
587,532,543,233,714,686,900,462,621,15,318,115,90,122,430,389,890
588,947,934,136,557,182,1008,847,535,141,303,640,320,609,935,234,928
589,78,535,30,315,177,372,627,791,292,913,647,968,867,685,391,633
590,264,660,935,141,535,592,948,977,387,85,259,315,741,888,588,320
591,670,969,753,453,83,991,744,507,465,624,754,841,293,62,489,346
592,577,1014,721,888,264,590,1008,948,977,783,80,327,481,734,491,113
593,251,82,356,606,357,730,756,572,26,236,914,215,675,273,295,863
594,346,992,991,489,213,62,965,624,656,573,823,137,646,570,871,892
595,306,205,50,649,747,45,285,664,870,689,524,686,2,109,68,362
596,650,758,192,856,850,752,272,759,508,96,642,399,958,658,993,474
597,248,998,696,956,942,309,808,787,116,408,944,555,920,659,60,804
598,681,602,82,795,753,72,344,708,86,820,865,891,816,813,992,443
599,1012,928,228,626,989,0,774,78,847,418,349,793,690,763,988,952
600,887,392,804,830,159,147,810,944,405,301,338,152,987,441,12,843
601,430,90,170,439,662,652,835,722,377,230,216,71,394,608,933,203
602,311,522,236,708,382,344,357,683,176,582,72,655,450,790,288,44
603,263,896,389,518,203,765,6,123,567,908,14,616,90,216,803,722
604,498,393,972,392,433,16,191,440,99,152,575,157,998,52,408,856
605,246,491,928,316,643,464,33,704,564,667,934,303,571,194,826,723
606,871,260,914,345,497,137,593,892,287,65,823,311,291,356,572,346
607,188,1001,896,701,14,781,154,495,860,908,277,198,127,897,661,216
608,528,170,111,835,275,833,337,728,966,394,569,601,862,540,735,641
609,633,679,588,888,968,947,476,461,182,94,791,234,636,136,1008,354
610,113,491,21,402,470,1022,968,911,879,74,776,571,336,24,78,487
611,683,634,675,837,827,395,531,210,914,702,423,859,823,943,72,937
612,315,562,721,926,383,197,842,779,741,909,792,952,723,913,361,704
613,642,514,886,252,96,698,378,41,668,110,766,787,4,248,922,856
614,291,863,646,743,851,65,489,708,29,656,986,384,324,568,137,176
615,998,477,811,408,392,207,116,956,506,440,575,668,301,411,904,100
616,462,90,803,509,653,725,389,872,966,156,503,439,6,203,148,574
617,86,602,75,816,496,72,311,70,473,478,344,832,77,598,20,382
618,781,872,567,722,574,689,276,439,745,285,154,400,71,156,45,1001
619,623,29,683,311,950,450,235,786,346,499,827,561,359,172,3,370
620,856,553,785,118,164,392,921,225,281,576,668,409,844,99,146,717
621,71,216,90,430,722,897,628,889,263,524,122,377,661,285,14,123
622,976,5,117,426,405,272,18,100,944,250,308,843,766,281,642,922
623,619,235,29,359,675,568,837,251,62,311,582,683,863,665,3,927
624,346,892,369,548,484,594,499,172,570,823,619,428,753,534,990,108
625,871,53,507,730,839,794,201,384,453,251,369,606,497,812,631,593
626,500,467,78,550,1022,323,182,599,952,104,144,911,383,968,799,1015
627,589,815,899,177,690,535,825,95,78,372,315,30,913,374,244,330
628,115,984,686,978,377,306,621,653,156,545,689,722,90,797,616,285
629,922,256,787,308,146,775,740,558,272,658,102,164,409,150,944,650
630,658,217,975,42,705,575,850,408,426,103,300,60,301,907,117,474
631,453,465,556,568,986,260,357,657,903,3,865,561,82,176,991,384
632,401,295,278,291,29,129,343,324,708,72,3,760,656,236,288,65
633,968,791,21,934,242,459,425,255,609,667,17,475,918,949,452,38
634,311,611,683,210,65,675,126,786,26,606,851,70,903,29,450,914
635,766,886,758,648,305,378,864,168,49,920,749,658,114,856,814,332
636,826,928,792,461,136,693,0,464,588,609,323,182,234,888,763,867
637,506,766,682,597,207,168,998,920,381,658,60,300,873,411,81,116
638,157,407,873,975,998,381,152,912,131,586,757,309,658,18,314,887
639,733,50,870,285,524,722,880,649,306,69,8,761,545,595,689,563
640,588,136,1008,347,557,783,893,464,535,660,264,947,928,89,228,609
641,328,565,833,394,662,415,862,509,933,699,253,849,1001,835,736,156
642,759,922,904,308,248,16,856,408,296,206,381,100,399,272,164,768
643,246,928,704,48,546,564,383,525,315,320,403,139,303,581,792,660
644,972,942,998,305,257,586,286,920,658,508,433,637,904,61,864,648
645,740,921,1009,217,200,938,157,160,309,787,153,99,61,204,164,998
646,743,665,614,62,251,91,548,851,523,863,311,291,751,572,65,606
647,589,397,361,476,30,76,799,746,791,182,660,763,231,500,315,104
648,766,405,477,506,998,804,844,100,512,392,61,164,348,938,433,272
649,8,495,50,595,736,306,298,328,569,454,563,641,540,442,583,849
650,752,164,711,642,856,629,423,596,975,272,498,147,200,659,575,810
651,439,967,71,66,652,90,722,482,803,230,6,432,835,430,574,468
652,90,439,430,6,71,835,803,214,377,551,616,109,651,400,45,984
653,872,90,984,84,170,616,502,736,781,45,908,689,545,50,439,897
654,480,894,678,984,111,916,87,1000,203,819,422,765,6,849,417,367
655,210,602,344,443,582,202,382,683,420,43,364,72,903,44,450,236
656,47,291,573,295,57,3,957,863,965,570,986,687,129,708,401,614
657,631,523,708,561,304,82,295,414,677,619,135,357,359,863,602,903
658,257,1007,474,102,42,159,272,150,426,998,498,332,52,856,60,1009
659,555,159,944,116,954,808,381,477,998,60,757,248,1007,225,922,698
660,535,526,935,913,315,95,934,284,590,264,746,899,633,825,320,38
661,860,897,621,781,71,14,524,154,722,889,307,908,519,263,607,532
662,718,835,377,439,156,641,180,807,298,68,849,870,362,22,984,488
663,290,346,794,329,715,568,624,859,384,247,260,570,137,547,369,3
664,45,567,747,214,595,50,430,984,872,396,765,653,277,485,90,516
665,91,851,572,646,829,743,991,823,108,132,507,990,382,251,65,311
666,82,556,370,359,352,572,357,730,593,423,677,215,44,863,137,530
667,194,144,464,255,577,633,564,17,703,481,459,297,316,80,913,934
668,406,811,164,378,317,440,697,207,931,717,61,100,200,248,956,672
669,573,712,57,329,129,859,260,656,47,287,687,278,227,241,892,395
670,465,865,126,453,346,871,499,743,290,591,450,786,570,624,892,260
671,979,535,589,793,660,898,244,1023,934,325,585,78,791,292,79,690
672,317,164,740,998,684,224,166,409,159,248,787,752,446,147,843,308
673,400,163,503,90,513,268,807,862,109,485,216,735,714,616,528,430
674,765,123,789,483,203,978,984,797,263,772,389,253,545,90,603,628
675,914,683,756,62,492,786,582,412,611,434,619,593,869,356,346,29
676,903,72,986,730,465,357,937,236,573,529,431,291,957,414,631,215
677,357,927,359,295,619,370,530,602,311,236,29,657,215,288,82,593
678,772,422,819,654,862,916,962,725,367,894,552,480,469,890,674,263
679,792,464,609,888,340,323,461,249,636,89,633,452,693,48,481,564
680,860,701,128,524,607,961,156,781,69,908,896,253,853,389,353,171
681,236,465,708,865,598,344,357,505,602,744,489,215,295,443,992,365
682,309,637,580,506,81,920,597,956,99,208,52,864,393,668,659,378
683,756,675,914,611,582,619,573,29,62,3,346,602,903,859,827,126
684,843,392,317,164,672,61,281,954,886,147,409,998,921,740,405,350
685,721,481,144,372,799,821,459,690,1008,934,315,134,464,21,867,847
686,722,628,872,616,870,439,90,321,689,551,362,849,109,524,567,653
687,291,743,708,820,656,73,401,529,505,602,548,65,712,62,382,990
688,880,37,170,714,34,870,689,595,641,608,285,565,120,833,2,897
689,285,306,50,722,870,545,216,565,68,653,495,45,544,22,253,156
690,113,953,402,899,685,95,847,960,243,372,78,535,266,1012,327,776
691,890,897,565,123,216,490,722,471,377,488,641,731,90,854,699,54
692,738,912,514,944,672,810,1019,696,110,922,998,166,698,248,787,441
693,35,792,763,913,847,228,464,372,481,79,78,928,95,636,330,178
694,47,517,428,914,800,183,548,593,656,708,523,431,606,215,573,291
695,269,89,320,95,284,643,588,354,167,928,792,141,926,264,303,660
696,248,555,409,998,350,904,597,150,944,378,956,738,856,698,477,886
697,579,378,810,811,668,856,200,446,717,998,131,248,642,768,4,159
698,381,659,696,555,379,153,642,998,672,757,597,408,944,956,613,309
699,253,641,1001,849,862,377,807,216,22,471,691,565,415,836,189,488
700,399,335,99,164,157,956,58,858,357,1009,166,224,856,59,407,146
701,860,519,495,524,69,607,223,50,122,319,1001,285,680,745,154,232
702,531,837,751,611,675,434,492,213,346,683,859,869,247,444,172,823
703,134,742,302,667,826,821,197,464,162,755,926,879,452,968,549,633
704,383,259,721,315,269,546,562,777,926,581,723,643,913,741,316,246
705,332,1009,196,858,575,658,18,117,426,160,408,1007,873,740,998,810
706,789,765,908,203,516,307,263,745,781,148,603,803,616,223,518,188
707,821,372,1008,899,21,815,242,633,481,685,134,867,824,980,255,391
708,236,863,291,871,215,324,602,287,137,401,176,202,812,295,311,687
709,958,1021,956,786,508,944,245,474,808,904,856,864,738,409,998,311
710,555,1020,200,696,405,159,648,954,998,204,944,810,697,248,922,804
711,856,147,810,332,286,579,272,998,642,225,658,575,650,16,1009,1020
712,669,227,573,939,126,687,708,859,176,287,329,917,444,311,570,974
713,381,684,941,843,60,998,698,477,145,61,696,659,886,379,740,506
714,870,285,37,880,84,543,90,298,653,34,544,170,567,689,389,455
715,568,837,3,290,270,663,260,823,466,751,859,748,492,70,62,346
716,876,928,913,793,327,988,78,685,763,867,690,144,934,464,459,734
717,392,378,668,405,697,164,804,684,317,191,998,390,206,152,131,446
718,662,180,807,849,439,551,109,782,488,156,521,984,802,6,835,280
719,176,444,871,53,236,754,708,356,602,227,478,357,812,795,788,434
720,500,459,926,141,30,746,284,723,913,361,315,815,784,360,78,255
721,685,383,315,144,704,259,953,926,909,167,255,264,913,197,592,327
722,71,733,285,897,230,870,524,689,439,90,50,761,686,115,621,216
723,926,259,149,315,704,383,779,194,139,537,792,144,721,361,89,255
724,960,1017,95,840,46,695,690,78,926,243,585,173,1015,269,581,459
725,442,616,797,966,874,328,155,641,485,306,736,862,111,415,894,560
726,569,277,468,509,50,396,503,186,966,45,430,417,835,803,439,400
727,837,282,827,346,751,611,125,859,573,531,428,594,395,624,77,27
728,747,155,502,385,735,897,653,955,872,111,689,862,608,641,513,565
729,693,876,79,934,928,78,979,791,294,452,374,372,793,947,24,821
730,507,572,863,593,556,251,676,631,903,236,606,26,666,82,871,351
731,123,321,216,263,691,203,285,279,22,328,280,836,253,413,849,699
732,954,308,256,117,843,252,922,752,301,659,12,642,944,684,527,622
733,285,722,870,230,524,639,545,50,880,1006,689,71,897,439,761,69
734,24,327,470,351,487,988,793,784,716,592,557,888,269,481,690,237
735,175,747,565,307,528,22,400,897,971,485,90,513,306,415,253,92
736,328,148,849,966,910,933,653,894,641,306,480,897,616,203,725,253
737,309,61,380,200,843,976,164,440,998,811,932,18,810,446,117,944
738,998,920,692,944,873,787,166,256,922,696,248,810,208,956,757,658
739,537,35,792,249,723,549,926,139,89,746,158,264,463,255,95,925
740,645,672,787,160,18,164,1009,998,146,944,629,810,317,684,204,446
741,94,259,704,977,535,590,612,809,777,721,418,491,609,149,85,315
742,703,926,149,302,134,372,755,723,391,879,549,550,361,144,842,197
743,291,646,751,533,91,687,614,201,851,135,665,548,311,357,748,656
744,465,865,13,556,991,236,863,507,365,813,992,489,681,851,369,730
745,154,908,706,524,860,628,439,616,156,567,722,872,306,618,984,127
746,361,95,899,763,792,660,89,303,913,360,476,879,926,526,391,97
747,735,595,664,728,155,306,45,120,415,978,485,483,307,565,725,328
748,751,492,743,201,395,863,533,291,548,614,837,215,384,29,429,443
749,370,937,245,998,164,578,976,814,409,225,787,304,18,864,766,61
750,976,5,579,622,322,944,964,16,305,18,100,440,409,281,856,629
751,743,384,428,837,748,291,548,708,324,346,646,492,531,443,573,201
752,147,159,117,856,164,672,650,392,642,575,954,757,944,975,16,272
753,311,465,570,556,270,53,865,72,631,507,859,260,602,137,624,346
754,83,453,786,969,62,91,401,3,675,927,324,568,991,646,492,65
755,149,926,144,500,549,464,703,76,504,911,327,742,31,269,913,723
756,683,914,675,412,593,62,517,126,311,382,606,346,235,582,548,260
757,159,998,224,61,944,60,659,100,138,301,810,248,411,808,738,441
758,409,856,759,378,164,798,248,225,508,305,766,958,931,886,696,907
759,642,922,856,904,758,956,272,248,224,308,843,766,409,206,145,164
760,215,236,708,863,105,465,529,986,291,632,202,401,295,201,505,288
761,524,128,870,722,84,853,109,797,50,439,908,298,285,733,521,781
762,958,922,248,433,272,738,166,378,856,920,208,100,904,613,1011,586
763,693,746,284,78,913,361,928,791,427,79,660,636,934,952,716,158
764,284,354,361,476,427,763,467,461,182,934,925,234,746,799,158,838
765,674,706,203,263,603,567,90,518,6,984,835,45,123,485,480,789
766,272,102,648,856,378,759,117,100,380,758,635,506,512,1021,426,622
767,647,792,95,779,589,94,383,158,182,361,177,119,504,320,723,926
768,408,642,904,206,433,164,697,41,828,378,856,392,887,998,399,717
769,179,569,806,277,415,155,565,513,735,831,313,747,8,417,68,725
770,382,311,365,602,26,450,683,974,939,215,687,505,530,753,582,655
771,336,968,330,297,302,21,35,113,38,913,959,88,821,926,911,815
772,263,973,123,203,115,216,962,678,819,674,691,603,413,502,483,230
773,249,643,525,704,840,161,383,546,952,799,194,97,571,297,463,926
774,793,266,690,24,989,946,402,928,78,228,776,599,899,960,1012,585
775,931,272,998,308,378,248,118,856,944,629,922,409,658,256,102,907
776,793,113,266,402,571,690,372,946,218,934,585,481,24,979,899,685
777,704,721,491,383,418,588,741,246,888,94,141,953,643,167,577,826
778,134,464,685,821,824,980,949,799,707,74,237,427,303,21,571,162
779,315,792,387,264,383,723,464,562,161,721,867,320,255,612,194,197
780,609,340,94,461,636,397,476,741,888,89,764,679,119,643,246,588
781,908,276,362,872,188,618,156,389,574,653,803,154,616,896,722,516
782,488,718,641,722,298,807,68,84,565,377,203,662,455,8,471,831
783,1008,80,320,588,977,136,721,660,25,685,592,947,182,347,893,557
784,327,926,879,703,239,734,221,815,918,549,968,667,35,17,953,464
785,392,620,931,164,668,409,921,856,1021,752,684,118,766,672,904,811
786,675,450,619,568,311,91,754,324,974,62,492,743,65,499,453,260
787,998,944,956,164,408,409,309,256,738,248,426,597,920,36,740,207
788,53,44,795,871,356,137,927,602,582,507,822,283,992,869,359,38
789,706,874,223,674,203,765,483,908,524,978,127,725,894,263,560,747
790,602,974,465,450,865,311,176,43,535,917,344,126,478,414,236,444
791,633,968,934,535,158,589,425,78,372,925,452,95,947,926,292,361
792,464,679,89,779,913,899,636,693,35,549,264,926,139,746,320,481
793,776,24,928,979,716,266,774,585,690,946,847,78,734,402,25,671
794,290,241,172,211,663,625,453,346,871,892,568,994,795,343,624,533
795,53,598,44,478,344,126,64,822,582,788,548,708,602,871,531,288
796,946,776,793,947,707,475,979,437,928,266,354,325,934,997,242,821
797,430,109,978,205,2,725,567,936,761,628,524,984,653,84,90,9
798,758,818,944,559,409,856,1020,256,357,787,508,597,907,998,248,338
799,685,838,427,809,928,459,284,144,721,525,249,315,979,581,316,383
800,287,105,523,484,992,708,395,137,215,914,863,694,235,82,530,202
801,464,996,980,178,899,134,481,792,239,815,879,557,685,391,372,144
802,1001,276,849,439,718,733,574,551,618,1006,230,967,870,641,156,662
803,509,263,503,616,574,835,1013,908,203,536,781,652,90,552,543,389
804,405,998,61,555,648,597,392,887,309,972,920,446,878,696,942,717
805,135,743,790,712,493,270,974,126,820,423,291,865,602,176,311,570
806,8,769,277,528,68,649,569,179,19,565,509,415,831,495,833,971
807,22,662,831,718,503,485,377,835,68,1005,885,154,521,984,913,253
808,659,944,159,597,245,555,248,920,998,60,378,541,757,305,421,942
809,259,799,840,633,581,246,476,564,721,249,741,935,704,21,926,968
810,411,944,441,207,998,61,159,711,4,920,757,697,922,738,164,740
811,668,61,200,697,737,317,164,998,810,615,956,1009,902,406,757,931
812,708,254,64,265,53,865,457,871,465,201,236,905,72,753,507,369
813,82,105,382,619,215,744,598,370,295,556,365,142,991,3,708,950
814,414,357,443,293,384,236,465,533,201,517,291,274,593,561,135,631
815,35,549,879,913,899,464,372,239,410,926,627,315,825,255,792,178
816,86,451,304,72,631,172,994,786,598,453,75,820,617,344,370,602
817,887,399,407,586,738,818,929,696,152,856,99,281,409,804,873,998
818,586,248,798,597,873,116,659,907,81,944,998,956,208,224,42,131
819,1013,71,772,394,862,916,678,263,216,480,6,415,616,435,123,552
820,687,75,428,265,570,282,420,47,573,598,369,708,656,624,72,533
821,934,303,707,134,475,372,427,685,21,113,928,1022,464,297,899,703
822,357,572,44,283,359,236,210,582,903,871,199,602,507,165,26,730
823,572,346,129,606,892,829,914,665,108,172,3,675,241,624,137,594
824,255,464,549,949,459,707,815,427,1008,162,633,481,778,17,134,842
825,899,315,97,815,660,139,161,464,867,244,913,255,935,746,194,707
826,636,136,928,934,197,842,464,491,461,427,721,452,703,234,588,792
827,517,395,530,683,914,619,611,903,346,943,370,561,29,823,573,291
828,856,433,904,332,956,164,958,873,575,380,272,642,100,998,512,1009
829,665,823,572,91,129,77,903,431,507,420,70,983,108,892,184,851
830,150,856,993,555,338,658,305,541,440,16,920,696,248,378,886,944
831,807,835,50,285,662,277,430,298,68,8,122,782,503,45,854,524
832,26,365,199,311,450,345,561,465,903,619,357,126,344,786,634,790
833,328,641,966,68,509,563,662,545,835,616,565,415,880,528,277,400
834,439,109,686,967,180,722,872,1006,616,628,718,54,761,156,618,321
835,662,6,203,803,807,307,641,722,90,652,400,831,277,849,439,230
836,216,209,699,731,967,400,263,230,607,93,897,722,321,691,835,280
837,384,859,751,611,395,702,568,715,260,646,937,675,531,623,573,683
838,985,799,452,162,425,284,182,340,647,979,791,633,826,76,144,104
839,871,625,346,451,593,892,172,384,606,534,675,211,497,20,756,453
840,809,1017,704,925,383,158,581,259,525,249,633,643,660,238,425,721
841,137,484,311,744,753,507,591,236,295,556,29,986,991,965,283,594
842,826,234,549,197,792,867,104,391,612,267,427,255,926,194,815,315
843,684,944,976,954,998,886,159,164,378,405,338,224,904,737,308,759
844,993,392,100,164,856,49,648,998,258,508,758,332,378,338,828,150
845,288,295,994,236,29,3,72,401,343,903,215,905,677,82,632,708
846,415,1001,890,885,127,689,699,471,375,154,462,982,14,389,495,973
847,947,588,228,693,320,95,79,685,690,292,899,997,372,793,481,323
848,621,897,889,122,430,90,880,432,733,532,71,722,216,285,714,439
849,253,736,551,662,377,6,641,156,699,718,328,722,835,485,488,483
850,102,440,904,856,658,907,408,117,426,272,808,759,596,258,208,766
851,665,743,646,291,614,311,530,382,572,863,683,687,91,751,903,573
852,268,216,890,123,897,691,263,552,127,503,889,154,122,90,661,973
853,128,524,386,761,890,973,471,280,722,916,262,894,285,84,849,171
854,122,471,413,890,439,285,691,375,524,733,853,189,216,1001,377,831
855,332,711,16,131,204,152,998,972,604,5,1009,257,964,804,18,157
856,904,300,332,1020,998,114,1021,378,392,508,956,409,944,711,272,224
857,984,367,628,455,583,413,636,916,389,894,589,321,490,294,298,718
858,956,856,164,224,672,332,192,993,399,705,998,59,759,1009,408,166
859,573,837,683,260,346,753,611,311,708,669,712,619,675,624,72,499
860,519,701,524,661,14,71,516,745,761,680,722,285,1001,607,154,518
861,132,800,863,13,851,530,614,401,273,547,137,82,708,986,202,287
862,111,216,641,253,699,123,377,394,897,725,155,415,485,203,488,480
863,708,236,82,614,29,656,730,646,291,384,215,760,295,247,356,523
864,60,309,976,421,786,61,676,409,932,998,426,36,12,18,944,659
865,465,744,753,631,812,681,227,53,670,790,388,311,365,126,83,236
866,938,157,99,164,433,217,150,931,645,768,393,586,399,907,39,152
867,255,899,997,315,459,194,372,383,95,374,633,685,589,842,928,144
868,65,29,75,260,304,683,291,827,530,129,529,619,287,401,903,687
869,356,582,675,3,683,343,62,863,288,165,29,859,359,914,611,247
870,544,733,524,285,545,722,689,639,69,156,761,84,50,362,298,662
871,708,892,236,606,346,247,137,625,324,53,357,453,507,241,384,291
872,653,45,781,618,439,616,148,722,924,686,984,870,803,689,90,567
873,998,738,975,944,257,300,958,131,856,305,787,208,1009,904,224,828
874,789,725,894,87,566,797,396,417,916,653,908,978,706,984,442,469
875,2,394,430,435,439,733,797,488,298,230,641,1002,601,662,285,396
876,963,716,374,928,867,297,821,475,729,266,911,372,21,242,78,585
877,51,389,19,603,122,900,908,128,807,854,124,896,377,961,831,263
878,248,334,887,998,804,378,586,696,159,810,775,711,477,972,555,942
879,815,372,134,899,361,475,913,549,746,303,791,968,391,78,491,821
880,285,688,34,37,733,870,714,897,170,689,565,641,639,50,722,653
881,510,752,333,296,856,613,668,164,174,181,110,843,976,378,642,758
882,176,631,304,229,370,930,365,868,436,974,414,657,937,83,65,195
883,606,137,570,484,247,871,992,125,800,202,531,573,213,346,708,827
884,147,998,159,409,248,245,392,944,338,61,684,775,672,856,887,224
885,68,807,285,689,415,890,471,565,389,488,313,155,513,485,306,1005
886,378,338,843,578,998,18,150,920,696,684,248,555,118,159,758,541
887,159,12,856,555,672,804,642,399,152,248,878,998,150,757,659,954
888,609,461,592,928,491,17,588,679,792,136,633,826,48,636,340,94
889,897,400,621,90,216,848,122,209,66,6,913,253,661,71,835,175
890,691,471,216,853,916,854,616,885,552,897,123,490,589,413,389,560
891,443,598,655,708,82,681,202,43,582,602,215,72,344,505,382,428
892,346,624,871,903,369,129,241,606,823,3,291,573,533,324,708,172
893,347,783,28,934,660,1008,979,633,640,947,354,679,588,234,464,48
894,736,469,984,874,653,725,933,849,483,660,480,853,87,321,535,171
895,514,59,856,956,174,904,409,1020,153,998,309,224,300,539,642,312
896,603,462,908,389,1016,607,616,781,156,870,93,19,524,362,14,745
897,216,722,148,71,565,203,90,691,263,621,123,230,889,653,661,736
898,671,1008,292,294,140,1023,244,589,783,136,320,981,979,535,28,182
899,315,825,95,815,913,867,792,177,746,372,139,391,1022,38,879,383
900,122,462,19,15,587,877,603,51,124,377,621,90,567,14,216,1016
901,757,904,152,81,399,100,580,60,224,940,301,887,642,922,150,810
902,118,811,931,684,164,61,886,378,648,448,245,843,200,998,204,317
903,676,72,3,986,892,420,683,401,291,236,357,26,346,465,530,631
904,856,998,409,399,224,956,944,392,696,248,759,642,378,350,1021,828
905,708,453,927,812,324,254,83,176,236,215,295,863,288,293,845,82
906,164,1009,102,272,256,474,787,922,498,998,810,166,335,738,956,308
907,945,102,775,116,758,787,42,301,225,658,956,527,224,850,998,248
908,389,781,984,524,154,706,745,896,978,503,803,653,127,263,616,567
909,550,361,721,134,913,952,926,212,1022,78,149,953,612,259,925,704
910,736,148,849,551,733,722,171,71,628,897,933,230,649,1018,307,328
911,968,38,21,78,31,391,1022,549,815,330,867,269,74,239,585,1015
912,954,60,224,527,692,308,944,922,672,256,441,659,998,810,638,887
913,315,78,815,926,481,660,792,899,327,269,535,464,177,952,589,361
914,675,756,517,683,606,412,395,827,593,126,534,619,823,611,346,29
915,567,978,686,595,233,714,747,532,56,485,205,342,621,163,603,306
916,90,394,6,435,890,123,797,616,2,471,853,725,386,377,263,628
917,451,561,444,311,602,994,974,712,176,937,790,859,26,675,683,606
918,968,242,21,38,633,475,173,459,1022,703,134,911,391,78,879,771
919,204,61,281,645,740,951,147,684,811,18,964,146,407,629,159,737
920,207,738,998,932,378,150,159,944,787,61,810,808,81,440,506,886
921,99,446,645,164,684,931,620,843,737,131,648,740,785,309,118,18
922,308,256,944,629,248,759,642,954,272,787,904,762,738,338,659,810
923,956,248,904,164,810,224,506,993,998,597,922,380,333,856,378,858
924,362,872,653,781,563,328,833,276,543,880,574,156,736,170,616,180
925,158,361,791,425,316,297,1017,926,840,633,763,1022,909,704,571,78
926,149,723,35,913,550,302,755,721,952,549,383,197,361,144,476,1022
927,288,677,453,137,863,619,295,871,53,82,708,29,359,311,236,905
928,636,643,934,826,716,246,821,793,17,888,947,284,588,78,316,48
929,281,409,895,448,398,804,407,357,350,378,696,514,817,558,886,856
930,291,974,176,311,986,414,47,215,743,304,708,851,687,865,602,556
931,775,409,118,99,245,511,378,856,169,904,956,164,248,668,392,758
932,920,998,737,61,408,864,204,757,787,904,159,399,378,976,309,440
933,84,148,736,641,328,483,321,170,725,171,894,583,565,416,298,653
934,588,947,821,633,303,427,79,979,928,791,242,284,826,968,535,660
935,660,535,141,303,315,590,526,588,934,89,913,1008,825,809,746,899
936,797,205,978,532,90,1002,109,628,123,455,913,2,84,984,674,482
937,423,260,384,556,105,215,370,561,631,270,523,837,676,465,943,593
938,225,998,157,558,648,1009,645,99,956,217,52,289,864,42,658,145
939,712,215,450,708,72,451,505,602,311,126,172,770,499,683,465,288
940,956,392,399,904,858,248,433,300,224,895,696,873,659,856,116,407
941,684,713,159,100,843,1007,338,642,61,884,811,987,296,147,392,102
942,972,60,597,555,498,248,659,305,159,808,541,998,757,658,309,52
943,523,573,957,827,937,260,606,683,611,903,561,631,75,634,837,593
944,998,256,224,954,441,409,922,787,159,411,659,904,843,856,808,338
945,102,145,907,206,759,308,922,843,225,272,758,118,117,629,642,659
946,793,796,776,774,266,888,326,1010,585,21,707,610,113,928,690,633
947,79,588,934,979,847,928,354,609,182,791,325,968,167,997,246,633
948,264,255,590,592,113,464,815,660,315,667,80,89,643,1014,403,35
949,633,139,297,459,824,255,303,464,194,685,821,564,867,778,17,427
950,619,311,172,91,453,345,451,26,142,786,65,677,994,357,593,382
951,99,314,407,697,204,964,157,931,301,921,511,118,737,932,131,645
952,1022,550,926,177,913,212,909,953,383,315,78,269,161,899,218,144
953,721,546,690,1022,327,402,926,899,383,952,913,167,144,212,269,299
954,944,159,659,998,843,912,922,5,301,207,256,224,520,684,672,248
955,328,483,641,275,385,502,416,933,728,203,833,747,111,298,653,170
956,248,998,904,787,856,923,597,759,433,224,858,895,164,309,378,508
957,656,529,27,47,3,260,943,903,517,365,683,573,676,465,57,556
958,856,762,873,1021,709,956,758,828,433,904,378,248,192,116,225,998
959,771,302,633,35,815,609,330,549,968,888,592,913,879,452,410,535
960,113,212,690,1022,724,953,1017,475,840,24,173,246,952,383,704,78
961,1005,807,386,51,253,68,781,389,560,894,328,641,789,849,680,156
962,772,279,123,253,691,674,890,849,471,916,483,678,413,853,216,490
963,459,876,374,633,867,21,372,255,1015,297,968,685,242,470,667,824
964,314,750,322,951,697,281,658,511,131,579,222,407,159,146,18,553
965,656,346,573,594,570,329,903,57,892,27,3,624,364,290,871,753
966,111,736,833,415,725,509,528,616,180,984,328,90,653,462,662,442
967,651,439,188,71,154,156,781,482,230,853,262,722,834,276,54,836
968,21,633,242,911,791,78,918,771,934,1015,297,475,330,391,38,589
969,754,863,591,675,83,593,401,11,927,273,632,201,62,447,905,614
970,529,215,227,986,760,863,687,423,176,974,868,291,65,937,930,382
971,92,735,337,179,569,22,442,966,353,416,528,111,175,307,223,415
972,942,998,332,498,305,433,920,856,1009,61,586,604,597,150,804,541
973,389,772,263,853,761,908,127,603,890,1013,552,797,84,54,566,482
974,311,450,176,930,65,291,786,135,357,986,790,414,631,83,602,453
975,873,256,426,81,944,658,1009,810,257,998,60,757,752,224,650,441
976,622,843,18,5,944,998,737,864,381,440,750,100,174,409,61,904
977,590,783,741,592,339,535,264,94,25,402,660,609,320,1014,24,776
978,797,628,84,908,306,936,524,653,90,205,521,115,123,503,674,109
979,325,934,947,354,793,79,294,284,323,671,799,847,981,685,928,182
980,464,139,792,707,801,315,879,372,899,267,778,134,815,571,89,479
981,979,427,284,354,0,323,294,242,63,778,231,1023,707,934,244,320
982,375,1000,22,6,807,415,439,394,835,641,699,189,552,34,1001,662
983,903,420,572,492,72,786,344,434,64,892,265,478,602,364,443,829
984,653,180,628,908,485,87,90,377,662,567,966,480,857,111,894,872
985,838,162,1015,452,703,427,284,481,799,144,685,755,636,626,182,826
986,291,357,295,903,236,631,530,65,401,215,656,176,529,29,614,676
987,153,642,1020,622,12,711,16,100,405,392,856,696,338,555,941,147
988,716,734,588,947,928,888,847,136,240,685,228,470,953,327,491,17
989,581,774,383,763,704,228,546,952,599,264,327,78,94,926,928,269
990,548,91,130,62,743,382,108,646,665,687,311,624,753,756,786,73
991,594,83,619,137,665,631,489,3,135,344,311,346,13,453,370,744
992,594,125,570,489,548,484,800,126,47,656,708,137,573,871,883,624
993,830,856,844,858,150,192,392,766,904,998,958,257,923,378,118,272
994,453,3,451,72,26,631,845,172,522,288,295,434,903,917,568,401
995,149,249,463,577,926,302,999,667,723,35,479,464,267,194,703,571
996,500,801,78,63,372,911,685,30,815,327,178,464,589,879,134,74
997,95,867,292,928,847,947,791,633,1008,588,685,255,354,340,693,331
998,944,164,378,411,245,18,904,225,956,1009,61,248,787,856,757,738
999,149,1014,577,995,926,723,479,33,755,704,46,592,302,327,953,742
1000,415,155,485,394,862,984,982,186,513,233,111,885,90,34,45,509
1001,495,154,699,641,607,276,471,156,188,439,277,8,415,802,860,807
1002,471,394,435,936,90,455,373,862,488,641,298,890,691,84,545,699
1003,114,856,49,998,286,1011,378,972,711,844,474,944,758,411,305,508
1004,251,863,310,384,523,556,82,356,837,646,593,573,756,247,800,656
1005,485,807,68,377,156,483,849,641,662,835,253,389,961,22,128,885
1006,733,722,834,802,870,230,551,545,285,445,628,639,910,849,232,439
1007,658,159,117,659,207,954,998,52,886,555,381,102,810,225,474,498
1008,320,557,136,588,707,315,685,347,464,783,640,481,182,1023,592,935
1009,998,332,575,658,18,164,225,61,740,474,217,972,944,956,645,705
1010,21,1023,946,74,824,815,685,707,244,690,292,1008,911,294,879,242
1011,506,378,100,477,272,159,658,648,207,541,998,248,762,498,972,766
1012,266,588,928,690,934,599,847,349,95,526,79,643,947,535,793,475
1013,803,155,518,6,552,819,263,71,973,574,616,797,567,772,603,916
1014,592,264,464,792,479,721,149,327,999,481,948,410,577,913,815,590
1015,968,78,911,372,452,963,330,926,302,703,867,791,144,985,374,481
1016,896,567,516,870,524,908,603,706,362,518,45,745,765,389,860,1005
1017,925,840,297,38,459,243,771,960,633,1022,88,475,724,425,660,255
1018,781,362,171,910,967,318,188,803,574,148,454,262,214,543,872,170
1019,555,659,60,843,12,692,514,250,922,338,506,698,248,381,886,159
1020,856,555,944,409,378,100,998,696,174,392,448,895,710,159,541,376
1021,856,508,904,300,958,944,998,575,272,332,392,100,766,224,709,245
1022,952,550,78,899,383,953,926,911,821,361,212,391,38,177,144,968
1023,323,1008,140,707,292,1010,671,104,244,609,979,320,660,182,947,549
