0,8.594329127727217,9.71989533490023,10.280640989968932,10.430784453829512,10.591382809861223,10.995663597976248,11.197495175016833,11.347728499231216
1,8.45074885820225,8.700575696341325,10.283623846765073,10.6986345940447,10.92883860972602,11.669501333522096,11.691473359734445,11.881354290909345
2,7.7790043112507865,8.387169120572565,8.629693023950882,8.888660275231523,9.834142123848677,10.588189720377212,11.272394466279547,11.454258857869114
3,8.247061595087903,10.328495662787153,10.805051689162717,11.60336924414879,12.329579035141183,12.458814733831225,13.242190483399133,13.593047633391425
4,8.159577623161015,8.484683843441395,8.73077799921112,8.739704429914608,8.957713584652844,9.0445133063193,9.05881621674612,9.562656757980662
5,3.8517446480416853,5.665385356361785,5.819143654908154,6.129603625801588,6.740762356185852,7.731438312833068,7.813369365589798,8.04872209258784
6,11.423388220416186,14.570879745154537,15.810420993479205,16.359709007063735,16.711877217570002,16.865526827596383,16.956006770284404,16.967511220106154
7,7.008346106173743,11.83634478894504,12.741081502902432,13.287589859596837,14.408851701797447,14.53663219559601,14.53911270201877,14.687835502261992
8,8.866055910647928,11.133042659584484,11.591132286480736,13.056610001860559,14.119818956314885,14.173396863853753,14.34780200598182,14.388011752853163
9,4.844649042420156,8.402313530214771,8.876373240744721,9.831792060322883,9.898742223599681,10.413117062445737,10.922389288891335,11.018037321932283
10,5.827642535218588,7.251874247710258,7.892039327076072,8.126430385905245,8.626308367388289,8.851731084054574,8.928715404542878,8.96721876115407
11,4.731778414330915,5.837138537496142,5.923448805849538,6.678604919045716,7.155861564906762,7.830722471636721,7.936312290590409,8.788889686439632
12,5.228611008016433,6.909859712275021,7.361660658015862,7.878251395536023,8.421365230465192,8.494088204101615,8.542645227075946,8.622751023281861
13,5.343157996280239,6.3203909593985905,6.4653387665981406,6.528728342939454,6.608156452351308,6.901494526874418,6.928839600269076,7.063988269414718
14,5.057568750313671,5.485442271554562,6.510805646332479,7.072778489824117,7.646940203592526,7.7956601770286476,8.092947722526311,8.435948970154378
15,9.350021456823724,9.771157444067322,9.981470837320849,10.634767636978097,10.710966325839776,10.72558139942292,10.733804399572488,11.072948645657021
16,6.158045797818385,8.415360127971356,9.336594241430733,9.740419368833555,9.780297514557546,10.104545212849347,10.42593434123743,10.675093471128019
17,5.777802921853405,7.675823741987139,10.682247112593966,10.827159422311446,11.084838058290083,11.172074810312495,11.50714387400737,12.975956623520034
18,4.600214138820541,4.920587801097812,6.060879791269823,6.314910128241535,7.3919574525122,8.321325323019085,8.493153496817753,8.577300021814947
19,7.091257848876841,7.265423111424749,7.405167682140909,7.555964949630695,7.911048326897085,8.218888875179298,8.80647228439552,9.020058122387203
20,5.516334900137851,9.637784026331472,9.688894766366674,10.03377053343075,10.08571295505533,10.592171247359113,10.634658269952705,11.013771645498334
21,13.056610001860559,13.868027131436836,15.479265311574443,15.974009793855839,17.169442077743984,17.53898306646128,18.26346182909571,18.82093593070084
22,7.520428511022992,8.135977131339628,8.61928219461857,8.784916406793128,8.874879394923926,9.210978668487696,9.278184050611024,9.4890478985941
23,7.448632016998748,11.08145632454153,11.090463045637394,11.4147781362825,12.811210008911496,13.30760105079658,14.171439963336725,14.995539687276617
24,9.444055546155825,11.259922819268263,13.03365662752269,13.686680591660128,14.315533840168372,14.504233411040296,14.560253155545869,14.669902538042974
25,4.00571153989797,6.535536902668656,6.848726166646858,7.311996569138019,7.706190905004519,8.126430385905245,8.159577623161015,8.218888875179298
26,10.319672649285005,10.769545905193525,10.771922038781492,11.861864056254205,12.032422577356138,12.487673893278998,13.20527103125324,13.205913830047745
27,4.612694592236673,10.024526265074947,11.081804307716292,11.194035116593007,11.995918580898145,12.048571307437308,12.053978090945478,12.46041674061034
28,3.1988346912054237,4.082305996655062,6.060879791269823,6.111776846292988,6.865016175382534,6.968712292939992,7.384562679090166,7.648228116125734
29,4.245555801406016,4.466661773764198,4.98465705918884,5.3972560663633535,6.844636022410422,6.901494526874418,7.665941227732551,7.817221243380441
30,9.721777712650885,9.790889511119792,10.452387614877559,10.978454355861729,10.992879629049085,12.005759863934422,12.088811706662252,12.094617801790223
31,6.209541511323414,8.333331535469709,8.867785842368033,9.496676924474091,10.108373273017584,10.830594845596364,10.883359014362462,10.925726196462227
32,6.353460373996005,7.830008955824394,8.971673741606937,9.482873159394218,9.487270380517026,9.803978210700595,10.927152841564633,10.937230612727896
33,4.845918707076831,5.731243659170988,6.784466929425424,6.849444141834655,6.894017562580477,6.9714274899966195,7.292538815893765,7.421679096159533
34,8.730294593543217,10.229993062070934,10.686607288570126,10.805051689162717,11.362164639359296,11.534864846825412,11.57275334923639,12.404901155400255
35,8.203194219107095,8.54389771407124,11.00992237855197,11.597308129972031,11.62274546714679,11.730001670961956,12.232502728792179,12.721618101854514
36,8.579081717121932,8.939860624860286,9.882508422993252,11.537096219482121,12.04239429158437,13.09125499386128,13.162648276308985,13.228899642238561
37,6.3593789042310425,6.720606881813319,7.934168721125236,8.764700829181967,9.776448038267665,10.112407570170182,10.254392543275499,10.27296959617487
38,7.58626986357837,7.829122034049099,8.324269418854605,8.571551937761937,8.949608131587265,9.230669195058736,9.635908184240801,10.126930108129208
39,5.717346620860541,6.537983839455218,6.976318238572539,7.159600801569814,7.4662320374908555,8.150693722201849,8.186124637561305,8.18766594489188
40,4.625430544312391,7.403262406496041,8.538465113074562,8.910040168606262,9.33805289925905,9.805845379238887,9.90921790645905,10.136908983914706
41,8.866509193043644,10.851141728522482,11.006330660338113,12.087967246732223,12.68231498757423,12.802866133754163,14.032826522480407,15.1032550233832
42,4.625430544312391,6.266217592093533,6.3980012243160695,6.9441074952748,7.0015904836002525,7.3442641344369,7.419492339788378,8.408248760949835
43,8.632714125478405,8.726365505515222,9.980132076151921,10.3604991015487,10.463512239359254,10.944846092394023,11.403706391265978,11.479579903945472
44,8.2470615950879,9.318286951862568,9.978335060383792,10.15548566303634,12.562523996659966,12.690748211431426,12.886306226253891,13.082545938194878
45,5.485442271554562,6.25003176789889,6.436775196482915,6.587204077819066,7.894180237971794,7.98918816125485,8.45232467579693,8.579575355754745
46,4.4969713583261886,4.730875734360053,5.876417068238227,7.054889028331821,7.803118096037305,8.215478291650681,8.267917783281273,8.37207561743865
47,3.3297630390379704,5.7627516390946525,6.386286275441743,6.944107495274801,7.155692794986691,7.4501464214811275,7.679975889344422,7.878251395536023
48,9.245816552114208,9.373624969115685,9.524299051534053,10.335213715615662,10.584441352562427,10.678855675356509,10.729471451422013,10.967261073105854
49,8.144953381082644,9.209108966478576,10.186419922743179,10.319584965878374,11.441067592078872,12.445124706642005,12.744293940848271,12.977243766022516
50,9.202172613501812,9.438321870127588,11.830220221258246,12.098172492219101,12.528601855512525,13.069103752877576,13.385344206297942,13.5631744531818
51,9.677332814832647,11.316194160211184,11.347841711089194,11.677970237198014,11.844492919429833,12.027374098167199,12.0957679280088,12.097397463023423
52,7.554926538755863,8.949608131587265,9.402071609920567,9.411844356533367,9.441488628752804,9.665017705279062,10.657615759421503,10.796788912597618
53,4.409906661017648,7.867179324436021,8.537646385603242,9.249543656804,9.58219734673831,10.565494566834646,11.73356590250813,12.831782599449438
54,7.622022302163102,8.10056980775167,8.533078402417937,8.958881282076694,9.232960440997067,9.745360848430822,9.758880185912714,10.024998646219307
55,7.176921164566318,8.807660841272702,8.906666840907134,9.264683355178033,9.386513021500434,9.737947193117689,9.748897595049927,10.103368439970419
56,9.26668085031127,11.33560217773064,11.63755541825198,12.13406431211162,12.23166892276979,12.565122815471357,12.940889796519985,13.226239371712316
57,8.680923094470497,9.777028210784264,10.16188361345157,10.570828007051608,12.741164947176841,12.74825634394978,14.24521819664708,14.272417877205692
58,8.281826144479616,8.57239008870328,8.677390174920701,9.067068920032256,9.219086783324085,9.336594241430733,9.476994514296196,10.22819287389312
59,5.591912137503336,6.9576638239565325,8.424290101228632,10.775653927150751,10.88158860611987,10.917647584083593,11.053075985005993,11.20041013925591
60,8.568382810552997,10.43277281486348,10.656221148391756,10.66611466484163,10.776102837850749,10.785382780997129,11.666233238068607,11.895393721594695
61,8.010772275027907,8.654003080428803,8.665786217788302,8.957713584652844,10.242779104207962,10.419286650678355,10.45228229383674,10.89188471691079
62,8.255736936952651,10.067006633338842,10.759001469516114,11.241199703667498,11.298748015210831,11.50176426557058,12.018545156123254,12.29711471746163
63,6.955485025884493,8.424954503449978,9.72629409693642,10.434142098858937,10.486675575526435,10.529307873909229,10.726058310759122,11.392292145603802
64,10.44408209370293,11.26676794954843,11.347647372242776,11.597308129972031,12.151023196196418,12.399729857789161,12.531043424676836,12.996137374210562
65,8.415360127971356,9.688758463734807,9.980008505175052,10.304044356293039,11.259485566806942,11.442689160866196,11.64575725981875,11.999969593833777
66,5.869506015654375,9.202172613501812,10.268356681628863,10.497043560468086,11.139782920978694,11.806519704864106,12.104866722587275,12.951920484786557
67,10.314244107631296,10.453223467263998,12.650334298465127,13.154152218716163,14.306987799598527,17.496030012079363,17.858626580672865,18.193390302591787
68,6.812849418113299,8.697918143873773,8.78480623942961,8.911983084099312,8.916118039187273,9.299971388957031,9.341332715735394,9.897197564447564
69,9.740125364095189,10.259620388980977,10.303307730481903,10.591860379043418,10.639048205103375,11.229854674300674,11.50714387400737,11.602529775171138
70,9.024013618695127,9.671887622983618,9.86211283632281,10.289284233640021,10.35913470472146,10.483181770496527,11.070961644564122,11.269853358631304
71,5.273384093636942,5.573207283261826,5.6927928916538875,7.135774104276386,8.43340293840053,8.51648162434642,8.728737216703061,8.980828491742361
72,8.514128460135387,11.68556004534716,12.13995353196136,12.647479908049913,12.88461411587212,13.09625404355855,13.84298905845921,14.863179113338907
73,7.478488819687307,9.293029574266983,10.25739607032248,10.660576244816497,10.999859757882948,11.171551241436275,11.221135505465806,11.27571106436693
74,9.768351939272947,14.317061173489805,15.069764297629247,15.357667762853263,15.381348249658293,15.635930843017402,16.500377271861925,16.606894730356768
75,7.118872663886905,9.747880078145062,10.42840393131143,10.65961478095781,11.85427456938173,11.864575478557013,12.274563056886231,12.360346913498955
76,4.731778414330915,6.25029166602624,6.312536666296942,6.510753845017414,6.510805646332479,7.527059443300844,7.812661727844013,7.863487804716551
77,5.052990337835676,7.145158183913395,7.678184546834346,7.936312290590409,8.611852468933616,8.61234638511781,8.704434007771543,9.066851753878284
78,6.270314707829769,7.7415339665425345,8.072353760798517,8.940803429106527,9.682575594852308,9.895481734077705,10.148751921853233,10.605977767229108
79,5.6927928916538875,6.120705095602114,7.5891826057944085,7.980660458416974,8.187343588771421,8.539916575420243,8.610239041862465,9.051851769389028
80,8.542645227075946,9.20539630694114,9.798875507231404,9.839423646574332,9.874050298771825,10.044384954077094,10.342640209502012,11.018581323171812
81,7.332156142154984,7.650690519538291,8.647993309296938,9.76772246060853,9.819484731491615,10.126930108129208,10.148751921853233,10.177939575425171
82,6.5904309727397274,9.606323002515209,9.99970107092577,10.21366913899013,11.91757189235943,12.176557448455696,12.488267763951079,12.55986772683317
83,5.366689863199474,6.502056258141724,10.92883860972602,11.676242635372496,12.164544568416089,12.288474067647059,12.647479908049913,13.07729001832872
84,5.573207283261826,6.8406142224510615,7.544600372457698,7.847344039462511,8.008663714366268,8.187343588771421,8.494088204101615,8.794368885245463
85,5.366689863199474,6.410204215176231,8.45074885820225,11.016567087020306,11.417311734890411,11.68556004534716,11.68980304778847,12.331535380137517
86,6.7787717978533495,7.261449293112068,7.497661714186316,8.15185695036639,8.19265262320258,9.361590305171818,10.246754977831836,11.121606628761706
87,5.462918602543111,5.818146309416406,6.429623581829526,7.395907172788736,8.607169723512813,8.637146837344842,9.129738459752966,9.46485362882976
88,7.72234726146725,8.777085547151191,9.489700632681181,9.669999294039526,10.364962487779561,10.908025197343086,10.937230612727896,10.951381533893407
89,9.219086783324085,9.3447990580444,10.303307730481903,10.511656279131646,10.529475362716912,11.78517297830058,12.330315909599227,12.37236338908031
90,6.377109733214068,8.751589240029785,9.504104094211433,9.669999294039526,9.824291687358423,10.391983396194982,10.987558581666372,11.017567122663214
91,6.741781013612948,9.747880078145064,9.915423465466366,10.05724921147161,11.055648008666127,11.347647372242776,11.403212126709551,11.67096174335102
92,7.08004135373515,7.709183500795619,12.730074466260898,13.011623815153639,13.788638535134554,14.11281852473305,14.321548774764135,14.911649708385616
93,6.675343997889033,7.054889028331821,7.555964949630695,7.706190905004519,8.54153820761914,8.654003080428803,9.052489203192303,9.05881621674612
94,9.126743041585852,11.819161950118422,11.985573908267929,12.185297775751577,12.327082906392755,12.644734750419856,12.644866190469688,12.657408282529751
95,10.314244107631296,15.125821595148949,17.579644955542467,17.85384180362538,18.033542211129713,18.554209423380534,19.15634060002295,19.17075093395194
96,8.61291538517904,8.66106810206879,8.686522267597896,8.778627171205901,9.125233078861944,9.140681714667195,9.952746445259022,10.167144104060085
97,6.410204215176235,6.502056258141728,7.179527805214699,9.522848274543634,10.283623846765073,10.614582766194255,10.762119319874058,11.049978905642392
98,8.185310652249647,9.765123089441705,10.29594726623602,10.470979221314018,11.059721729004954,11.512766907181545,11.545305780450732,11.850450000095881
99,7.116653220270259,7.428018424354031,8.885805587007342,9.451412267169315,9.606323002515209,10.223278139111805,10.320341958135614,10.95699542141997
100,21.885811782764673,22.29514143103508,23.15712566901679,23.178080418549612,23.72977727076212,23.808218429861622,23.950514463312402,24.066125985389817
101,8.703169278982568,8.899246484098084,10.983631013698236,11.397237490506368,11.516469723158345,12.299042511888898,12.449122471635002,12.640622725490328
102,7.0015904836002525,7.229734196491429,7.460783201228623,7.7390372049067615,7.750428585083456,7.787956757338854,8.22037612473692,8.24657670053536
103,4.7034578865047765,5.753412979451951,6.392390076060876,7.2613298280611165,7.371918732297783,7.722574525381414,8.149980341214457,8.264962407660962
104,8.15268404448651,8.74736557235729,11.301730145758539,11.567509434952573,11.67453537004275,11.725795105018005,12.440083708676248,12.527889032279072
105,6.295853212929102,6.428390037032517,6.909859712275021,7.34574524406112,8.164623503071041,8.400436372734344,8.452209034893261,9.23681448590622
106,6.812849418113299,8.765809814290336,10.738096601605298,10.985665559032421,11.027301127944348,11.520555974716927,11.524215195303833,11.777380936364185
107,4.082305996655062,5.20260308799449,6.049821484871175,6.963472040017932,7.101141178068917,8.049695812124236,8.431873110155061,8.70979378257587
108,7.923175424108014,8.094149747361335,8.757743680492306,9.20539630694114,9.211733985925838,9.357125180070776,10.08589211268767,10.099365410145092
109,7.114336796008591,7.35626275647565,7.814741741516514,7.998512745886716,8.149980341214457,8.231418135005224,8.239021162123079,8.243740564158411
110,14.076648231089228,14.128068888547224,14.508191063652852,15.063148815160478,15.992377306927228,16.249033162657216,16.39414138717931,16.48830164881644
111,5.458622679401093,6.386286275441743,6.480620828262276,6.753793601910886,6.8406142224510615,6.9714274899966195,6.977143234306166,7.135774104276386
112,6.246993007820461,6.4653387665981406,6.921049113344308,7.240148868114146,7.3938781836397816,7.645746671842927,7.664748698529324,8.18707917736206
113,4.929103301823319,7.904415039944416,9.283559929156363,10.908025197343086,11.011771439218954,11.017567122663214,11.119705410906738,11.424426573432077
114,9.631154675848512,10.620628089043095,11.206261662319926,11.656182094584198,12.197005954971365,12.26675498995357,12.343842258161594,13.593047633391425
115,9.920852837419805,11.117044715499693,13.74654404683808,13.978165108086936,14.110526156041114,14.130987290082725,14.269991888726592,14.342653561129259
116,12.606298913124462,14.65897345424174,15.911701587782408,16.28052449064834,16.46762643362357,16.678770948320484,17.129102900464602,17.466564707843748
117,8.703901443848437,10.361309387482326,11.006330660338113,11.819974442619106,12.343842258161594,12.428737552806705,12.65614900159644,12.79011236747717
118,8.906666840907134,9.654348226537717,10.502800979426732,11.489115278607585,11.540314432652481,11.668229085206432,11.801753176055954,11.955246872576524
119,6.73924153997423,8.305497906175002,8.308814301165416,8.438562326533996,9.655447430302427,9.721777712650884,10.262378079066647,10.29902298832284
120,3.8517446480416853,5.393866241823191,6.209696477577667,6.381077075829896,7.1844123115602985,7.232827912431995,8.10942100108059,8.339607940380496
121,5.758602264477164,6.80900812040242,7.645746671842927,7.813936974928223,7.891954612637147,8.665786217788302,9.851654779201985,9.978742147341672
122,6.667194902122569,6.685471026015337,6.759867539244803,7.395907172788736,7.863128438951736,8.411181800490242,8.763137630557434,8.941619832594595
123,5.4984867218384625,8.144953381082644,9.541276420345234,9.88859429670075,10.866230734590369,11.249345659042291,11.2573351442745,11.824810973486487
124,9.69517606611999,10.954642950141759,11.015103125788462,11.039903278370057,11.247701742224708,11.783975550556706,12.202509477402351,12.330395304313665
125,12.65867715957855,12.693768590225117,13.082545938194878,13.179187449135997,13.273284025514297,13.686665901336417,14.193175966923624,15.504242282501329
126,11.081456324541527,11.687998824933763,12.0957679280088,12.376679726647668,12.583639833655768,12.627026763052893,12.821896519973848,12.982995157312981
127,4.483804355444786,9.21278872521128,9.38095862275937,9.92347507813224,9.978957467843186,10.698559541909015,10.853023461417878,10.921821580637806
128,9.326046691055037,10.230637894713317,11.081804307716292,11.778104306239184,12.08808824262095,12.356518904844165,12.628164764299285,12.953655880029348
129,9.023555618155017,9.067068920032256,9.625080652037896,10.11838338303961,11.018117113400507,11.47454839535981,11.654665897711126,11.905584571619826
130,7.459595597406444,7.744942273754809,8.431873110155061,8.708479965878645,8.955157175054763,8.976442947475135,9.086219979254631,9.535669187136637
131,12.538512952501168,13.086969913349039,13.324692894420426,13.629032412016908,14.627744403469963,14.700683825144257,14.746038691276683,15.013190955656286
132,8.56801001353729,11.801753176055954,12.842870231066769,12.923336064779969,13.273139163781574,14.168493357838392,14.350833652395417,15.558664302270095
133,5.285280119219835,9.00248394451054,9.181495841635765,9.211693700410327,10.684821547701395,10.917916006063829,11.090202700079974,11.695251652537696
134,14.288804360754693,14.8664231259058,14.921937380631507,16.9362192045036,17.93147962828479,19.014078489899212,19.11844952078941,20.345371668923747
135,7.971731334042196,8.888660275231523,10.024526265074947,10.562453115456226,10.870405762817244,11.77803489082906,12.08808824262095,12.47177981397052
136,8.611044992460107,9.846186694516645,11.61106872722351,14.053314518744777,14.49657055758685,14.570879745154537,14.59345675460365,14.918215521832208
137,4.876900724573699,5.384621506071608,5.827642535218588,6.25003176789889,6.324543595584233,6.458613927830959,6.462132897979696,7.184036126058824
138,11.60252977517114,14.906387633755736,14.993060564898123,15.156008066338314,15.488186552116492,15.516209947567154,15.826174962555795,16.347108336359867
139,7.346499459056503,7.371918732297783,7.478488819687307,9.006564441961778,9.018953950609335,9.406433120194945,9.658231684621978,9.718115148217395
140,7.8221615999270995,9.677469878792364,10.3604991015487,10.404291141088738,10.455151280621852,10.516210108657754,10.950268134212545,10.963254942470405
141,8.54389771407124,11.576231208675742,12.666373030138326,13.168059937172284,13.24124789109026,13.588190402060162,13.659602116365042,13.962255417557964
142,6.043052349693965,6.324543595584233,6.7715448690227324,7.6053085165591385,7.679776331231952,7.679975889344422,7.871115857253421,8.049695812124236
143,6.73924153997423,7.294780843017796,9.648912416135861,10.226627584144108,10.259620388980977,10.549749908687275,10.827159422311446,10.941357312443504
144,5.186047487209267,8.866773727802421,9.487270380517026,9.530235998758524,10.260904268712931,10.660006806952506,10.693305860552526,10.78172934161382
145,5.622050970388479,5.665385356361785,5.677722762393614,6.03853271819528,6.209696477577667,6.279698441010002,6.31897149737635,6.568149654816191
146,10.882745223487431,11.89501544713265,13.350967768892746,13.395217558852469,13.518926438359037,13.752925187191229,13.884187214732234,14.223861639434471
147,5.4984867218384625,8.38912627578696,9.264683355178033,9.74986078366671,10.186419922743179,10.29057564630928,10.752323444043572,11.194035116593007
148,8.514128460135387,9.682038695812091,11.916810268639608,12.716322091106798,14.025416271850439,14.079405048666315,14.25619858930289,14.466233806332252
149,6.158045797818385,8.763137630557434,10.22819287389312,10.544178441447556,10.595122305048033,10.673967567473575,10.993444276208688,11.06326626364254
150,5.753412979451951,6.224958037848556,6.288131512828253,6.499387082527303,7.130030198752735,7.229734196491429,7.3344492983602265,7.582965540787796
151,8.45060927305178,8.647993309296938,9.906164933761465,9.982284223643969,11.15624902018365,11.867656992280596,12.263037975440186,12.418080713263539
152,5.876417068238227,6.464692156047473,7.2967702320914665,7.727181949372162,8.92573758851547,9.801734337769707,10.979698697088214,11.25938496196555
153,4.9575654477620406,6.594177023885515,8.185310652249647,8.899246484098084,8.961085985862908,9.702201822561882,9.825159999710703,10.908290219507627
154,7.665941227732551,8.290129469150486,9.240836279294887,9.266609439765228,9.528303092408905,9.592391031810289,9.954882140855371,9.96083069013955
155,6.328673864976697,7.013153807692539,7.193900734565735,7.544600372457698,7.597247214317908,7.980660458416974,8.22037612473692,8.264680253429965
156,8.98736306886904,11.172074810312495,11.576231208675742,11.677870976267785,11.690124038086642,12.232502728792179,12.404337569111416,12.697517632014636
157,5.052990337835676,6.819262073593177,6.966807544628771,6.9800238622494,7.155861564906762,7.527059443300844,7.635441955972881,7.9847558521299
158,11.073347211190047,12.199923967408616,12.831782599449438,13.027442814841622,13.179684924223467,13.238462283262109,13.373674127778806,13.775096965631175
159,5.869506015654375,12.528601855512525,13.173208313600187,13.627255031641864,13.638956565419848,13.690177145228875,14.240268968345239,14.352354028126562
160,7.949918423555284,11.573178832969658,13.045829092775291,13.765002043221049,14.318338794893906,14.419033541096137,14.597832101519659,14.863895017178614
161,7.538182661035013,7.788011493055505,8.130384279011027,8.51242792294212,8.95807826432538,9.260740646116675,9.7133809773208,9.747279168367664
162,9.58219734673831,10.90340042258713,11.42609650741443,12.005759863934422,12.338430858122852,12.393156268159665,12.451276476008738,12.466694285281614
163,8.690928961093865,8.95807826432538,9.891317855138212,10.081787998855123,10.260904268712931,10.440625169406209,10.779893141324203,10.84638339743251
164,6.328673864976697,7.1711470982050365,7.7390372049067615,8.684306850967795,8.924156356124502,9.125304475761538,9.65922503089597,9.787909427508652
165,7.814583724292059,9.12435648619411,9.890371213360899,10.562084234294252,11.40198576698172,11.646532671001506,12.725353231784307,12.831443906231073
166,7.419492339788378,7.718846990809947,7.722574525381414,7.750428585083456,7.998512745886716,8.08169322913955,8.583432638228075,8.760060104905309
167,7.797861173861737,11.049978905642392,11.59940686842523,11.666491827239813,12.01655145899878,12.03367854933608,13.227002707097034,13.66237614890384
168,7.8221615999270995,8.726365505515222,9.329890869226771,9.390510153803042,9.524299051534053,9.675258772253088,9.751248252203304,10.110850457548944
169,7.4144740163887874,9.731760578407956,10.455151280621852,11.185883806137248,11.20222993829752,11.397506082379529,11.574137969921841,11.669501333522096
170,7.531834414828749,8.736335528603636,8.866055910647928,9.386513021500434,10.423751048745329,11.574137969921841,11.878098609122258,11.955246872576524
171,11.717928093910109,12.296696324734036,12.404010042175813,13.632928602720916,13.974110860048086,13.986871279689625,14.075775753833296,14.335043528826883
172,12.548771020396037,13.867105895267613,14.586729122817374,14.598690196698962,15.292677615507992,15.442066027841646,16.703243678126533,17.604323711037804
173,7.818512111389853,8.452375001555344,9.126743041585854,9.13134121412568,9.604049452014406,10.470713474282782,10.836222759916268,10.881847769517535
174,9.189204901638842,9.326046691055037,11.1077738661025,12.623421907260115,12.754293780058957,12.964382530972355,15.02125361404098,15.599105897902993
175,8.939860624860286,10.843662233050585,11.185883806137248,12.766396259455304,13.155262373951304,13.78396760994859,13.825726190236754,14.27957402932239
176,11.274730570112629,11.830663379310138,11.981849441243572,12.208390315842744,12.291366182268478,12.667547818839935,12.935989679150904,13.08460133830543
177,7.581649706217713,8.629693023950882,8.857002884198067,9.748897595049927,9.91341843854173,10.319672649285005,10.43277281486348,10.802500824500049
178,8.196165400233046,8.328775141070578,8.686522267597896,9.438321870127588,9.86211283632281,10.190347926352729,10.268356681628863,10.45156878920767
179,5.186047487209267,8.453083817865055,8.971673741606937,9.211693700410327,10.081787998855123,10.536593423813867,10.998678512718916,11.084668098608653
180,6.303701330812813,8.424290101228628,9.330021528479106,9.55687768341134,9.7133809773208,10.210460945545728,10.327708530618866,10.47720149629854
181,11.397237490506368,11.4147781362825,12.81946087524955,13.981984262363273,14.23295168328483,15.016918900553417,15.237370491672735,15.716864048213415
182,10.69330586055253,11.051005207413182,11.541445310232314,12.960200553105043,13.09125499386128,14.206975520763086,14.582128352636538,14.73232864452906
183,12.60834037844469,14.193175966923624,14.699330240858195,15.356682354558925,15.54190589534234,16.103172071881485,16.440266261193237,16.44421045731764
184,9.012161656136655,10.794959977732262,12.449221884681293,14.549619952823354,15.510711950928105,15.624859125239718,15.664056472066168,15.71366219546087
185,9.444055546155825,9.88859429670075,10.752323444043572,11.02251774379187,11.405707977164381,11.753460163965022,12.232030676341367,12.564802532434912
186,6.610483021686958,8.530613737168174,9.14528431192182,9.895481734077705,9.982284223643969,11.590481810701057,11.622340614660448,11.693373709951546
187,5.220134194204717,9.611769345325044,9.919763730235417,10.099365410145092,10.23366023453324,10.84990757660776,11.695231745655873,12.057669721014264
188,8.66106810206879,9.371394536371396,10.182124973683111,10.87069310112567,10.991403935438974,11.128868847656657,11.341213005901963,11.367361852298115
189,5.791754723165903,6.678604919045716,7.694258883044804,8.435948970154378,8.792525365955472,8.970532899233012,9.240836279294887,9.4501519463837
190,8.943254009061988,9.357125180070776,11.142695944395768,11.144575002475444,11.265693969952896,11.342348052099217,12.14159303352345,12.273290871504194
191,9.902461457190169,10.614582766194253,11.916418244472013,12.631609598295242,12.686897178050714,13.112418977408057,13.542201458135688,14.516520628044349
192,7.0831553253742,8.627967861358119,8.637146837344842,9.057321420812166,10.165374033476267,10.584441352562427,10.875273885063073,10.898614167089844
193,5.832029139843126,5.871297064648185,8.161453969988852,8.416907029634663,8.533078402417937,8.921604821767792,9.015610783112987,9.20591849546392
194,8.486526018382875,8.537646385603242,9.541795275066411,10.60440113362632,11.961684266103182,12.393156268159665,12.454802320849524,13.109904838324743
195,8.202896120825239,8.639755452908195,8.916538555818468,9.313097021326715,9.730496792813115,9.913027124696749,9.919763730235417,11.631970832499443
196,5.28528011921984,11.970814995892116,12.09155150643628,12.657077738492823,12.78330301622118,12.824817878158354,12.877544956549404,13.022816675341064
197,8.579081717121932,8.710099153034314,9.10133662656069,10.391983396194982,10.794959977732262,11.142923096326415,11.487677984946526,11.541445310232314
198,8.452375001555346,8.504139097333233,9.584095616858923,9.613921380246639,9.654348226537717,9.695565363745866,10.03377053343075,10.481739146967767
199,7.520428511022992,7.564401878234292,8.53118399345065,8.556669982325305,9.41673854642145,9.920453766535855,10.187751145942336,10.207046809591644
200,7.818512111389853,8.586703259281007,9.229962951906206,9.454021941965038,9.458740167048353,9.695565363745866,9.751248252203304,9.979941396964113
201,10.43054251806532,10.565494566834646,10.625021716906339,10.657615759421503,12.413371646950447,12.824817878158354,13.109554384224477,13.484618592185877
202,5.9759588863281,6.288131512828255,6.926226785733666,6.957437355218286,6.963472040017935,7.259536685764868,7.332544740991475,7.4662320374908555
203,5.591912137503336,6.3037013308128085,8.017713847797904,9.987809225945622,10.271756219078615,10.481739146967767,11.254934509854605,11.417467630665548
204,7.114109287416515,8.094149747361335,8.777693797632494,8.867785842368033,8.906692377727166,8.916538555818468,9.772786194679599,9.839423646574332
205,7.326047598774658,8.296399783894287,8.677390174920701,9.831792060322883,9.920852837419808,9.981470837320849,10.039416050872248,10.37063669006057
206,8.19265262320258,8.4006711641444,8.55998804135108,9.050136525278068,9.605208680637118,10.21366913899013,10.320341958135614,10.56843600621
207,7.056643807317694,7.788011493055505,8.611044992460107,8.690928961093865,9.10935893747284,9.55687768341134,10.271756219078618,10.812733517545295
208,8.71620752274132,10.733322279333752,10.911997617610877,11.328669869689879,11.504047932681296,12.430279249455936,12.672843326670721,13.17606041297049
209,12.908715624542902,13.385344206297942,15.013190955656286,15.614767695316406,17.342815692435853,17.47144308899056,17.675975528463933,17.70841641058069
210,10.449352317465856,10.67892433393661,10.882745223487431,11.90249236503831,12.03204188103133,12.080884937021564,12.325886830272205,12.458157653419459
211,7.204712278331924,7.866242129168863,7.8849768746043125,8.019220005688183,8.135977131339628,8.778627171205901,9.655021742025514,9.758880185912714
212,8.187772697371841,8.515835291784082,9.64983258329661,10.778685393589983,11.509909788702606,11.837381511367282,12.07082711399018,12.347104549588718
213,6.748438603329212,9.579911855079366,9.933805730265531,10.766506081033345,11.198100049446976,11.495072096844837,11.591665483639575,11.62783436991033
214,7.554926538755863,9.437060583208778,9.866609425707411,10.041870063227238,10.381871081195154,10.618784373826426,10.981388934381966,11.06485016574202
215,11.05684091918521,12.174416739743638,13.739875279454138,15.411145923539724,15.712579913673148,16.727348480357474,17.533122077104657,17.903705114539324
216,4.119304362700792,4.99960871957753,5.5247564830355484,6.428390037032517,6.753793601910886,7.189360634160512,7.315621200932988,7.361660658015862
217,7.597998103392938,9.611769345325047,11.365858877186499,11.631970832499443,12.67991180422213,13.414634437733557,14.141702624722312,14.644732120283026
218,6.049821484871175,6.926226785733666,8.158943770889442,8.723343405505675,9.176312777374328,9.718115148217395,9.830662660939698,9.973857448727522
219,5.82287589671077,6.279698441010002,6.849444141834655,6.957437355218286,7.589044928224537,7.744942273754809,8.278248372225953,8.322964385550467
220,4.612694592236673,7.971731334042196,10.230637894713317,10.588189720377212,10.974982123769196,10.983803841158721,11.639334715865722,12.13272601064335
221,10.040406402870188,10.431175260427008,10.605977767229108,11.67453537004275,11.778211781678618,13.035111574149466,13.440076384064534,13.531821107853542
222,8.38912627578696,9.217858729294965,9.388283239825768,9.513522603611591,9.765864855568658,9.904065420457421,10.00929247306755,10.320906521464506
223,4.802271421046531,6.220123572073424,8.196165400233046,9.140681714667195,9.371394536371396,9.583695116044899,9.682724177282475,10.145422367736437
224,7.013153807692539,7.4985683353441175,7.576547741822587,7.621169856009784,7.761884557884436,8.102461861980148,8.10942100108059,8.164623503071041
225,4.375094212289433,5.505448377030528,5.603352575603192,6.03853271819528,6.129603625801588,6.381077075829896,6.783251254444171,7.189360634160512
226,7.448632016998748,9.491495110708795,11.90472494075964,12.590558615281592,12.8247839122161,13.229507053032162,13.392819838441595,13.492509304984376
227,4.802271421046531,5.8016920739720845,6.758445718298278,7.645599132366524,9.717461062306986,9.952746445259022,9.992564119228824,10.182124973683111
228,6.9576638239565325,7.1893375870436715,8.781716388858174,8.930825532247637,9.457031263779474,9.457609993565383,10.509186970801553,10.919951566712074
229,8.372925200828737,9.348154847929562,9.373320331577226,9.81819810443423,9.913027124696749,10.615022783406534,12.184895501963922,12.350610665906594
230,11.674586683250036,15.646559373615819,15.82987560686271,17.37725667316599,18.60830082301181,18.973905685002524,20.055658051285572,20.251322444215614
231,6.7739292701103455,6.784996506524931,7.78869021525693,7.811666805683169,9.915423465466366,9.936826697326264,10.44408209370293,10.518189131953555
232,11.944000433162188,12.868947886450053,13.810386070030804,14.738471265729482,14.92216768225538,14.93112594767815,15.039318889699038,15.103061601699919
233,6.856502451042951,7.281979904434927,7.2967702320914665,7.803118096037305,8.83270610835473,9.177997129037843,9.467571610572085,9.64983258329661
234,5.511523675027056,5.829266729792369,7.326047598774658,7.614867952751517,7.950496856524516,8.019220005688183,8.222144428937698,8.281826144479616
235,8.74736557235729,9.37571023015154,11.24739018694507,11.468026054687423,11.49619425932027,11.530444582273011,11.650165318156338,11.67096174335102
236,15.917753932254593,16.119786311151525,17.64526172324369,17.701908439966648,17.745263891410264,18.280324349092634,18.324695565451403,18.449116315441742
237,4.876900724573699,5.057568750313671,6.244978919756307,6.436775196482915,7.159600801569814,7.692906263355301,7.892039327076072,7.963545566572573
238,7.193900734565735,9.368417726148172,9.392312588116855,10.28171845866962,10.304248316932302,11.065642938447052,11.090348684696638,11.169894147262506
239,7.116653220270259,7.261449293112068,8.4006711641444,9.09714817408076,9.149157305447964,10.499627149611694,10.57452778642112,10.877988845407602
240,5.123873876278127,7.78869021525693,10.290979039718353,12.220429604085997,12.670806029018058,13.386568974346174,13.413531340800677,13.745446615673737
241,10.969779535699328,11.725795105018005,12.373427299314896,13.43459910808027,13.745446615673737,13.87544415250311,13.889013788192466,13.964745536032515
242,7.582965540787796,8.883337663211291,9.132570527937881,9.14615406365889,9.455376129655749,9.553932632202633,9.628681403908221,9.76867777294893
243,7.675823741987139,8.438562326533996,9.272343225452738,9.648912416135861,9.71161519612607,10.412025048316561,10.992879629049085,11.229854674300674
244,9.613921380246639,11.87964118099201,12.10922054167547,12.17714464347002,13.53293786885394,13.742092555451553,13.813985834919773,14.022106214707541
245,10.499627149611694,10.778657152441374,11.136195859217946,11.15624902018365,11.269853358631304,11.305694475913336,11.567515947273439,11.60049263761979
246,5.871297064648185,6.171517600839871,6.780455344849574,7.400016686753538,7.564401878234292,8.506844235058455,8.591474642102376,8.784916406793128
247,5.516334900137851,9.24581655211421,9.584095616858923,10.157315806106018,10.202577748334324,11.01063586841109,11.121169634381637,11.128868847656657
248,3.3297630390379704,5.228611008016433,5.951104649333627,7.18723617071668,7.315621200932988,7.34574524406112,7.847344039462511,7.874750281649927
249,6.499387082527303,7.4810635645118735,7.786723643851721,7.787956757338854,8.14797459857674,8.418980110750685,8.89385166477482,8.965581014258092
250,5.784093463359921,5.818146309416406,6.486495319464059,6.667194902122569,6.7941788166773165,7.650690519538291,8.324269418854605,8.35899902569621
251,7.278808260004929,7.316959892662428,7.6053085165591385,8.493153496817753,8.736217213933203,8.773796369928542,8.817199165035328,9.037968376708665
252,7.281979904434927,10.559276828977593,11.453642865378193,11.496567908104884,12.07082711399018,12.081335360695977,12.092913030297016,12.694460919506684
253,16.701242376946496,18.028122645925404,18.6408627150186,18.673861392114826,18.966716660126636,19.009445990377426,19.386238216087758,19.706625059939686
254,5.384621506071608,6.244978919756307,6.6113310988724905,6.7715448690227324,7.091257848876841,7.180679493956285,7.311996569138019,7.557931118397691
255,9.373320331577226,12.864856792440175,13.389283317609195,14.014831307818266,15.009156788869701,15.5632841875546,16.42118441290868,16.64993123069853
256,10.169256279017997,11.806519704864106,12.646116994138302,12.66931560764703,13.123995107149103,13.423121484723707,13.729291499173021,14.183855051459945
257,8.680923094470497,10.25776749810477,10.43235135114439,13.238079486699254,13.301772742392766,13.915571390128056,14.038521324006465,14.064619485796173
258,5.82287589671077,5.9759588863281,6.395906716148312,6.894017562580477,7.072778489824117,7.563173157436643,7.621109825755787,7.71596937857106
259,9.599451387247667,13.296767445234147,13.875360853918046,14.183855051459945,14.34642232539833,14.78872983698037,14.920538255274723,14.983181616229128
260,7.0831553253742,9.599309321753237,10.326381741050247,10.509186970801553,10.687218172612107,10.775653927150751,11.295928482565754,11.717928093910109
261,5.5477681026519035,5.829266729792369,6.171517600839871,6.694387915722391,7.130090921860988,7.817691091530031,8.53118399345065,8.701268074942764
262,11.350979271026535,11.691473359734445,12.01655145899878,12.061063235394592,12.19941840807915,12.470266524578687,13.855340237309063,14.065998150173911
263,7.022468564902544,9.289850849319983,9.388924382023449,9.458740167048353,10.066401370843895,10.078397865898763,10.335213715615662,10.674227180953817
264,6.710586040291869,7.114109287416515,7.923175424108014,8.37292520082874,8.639755452908192,9.522848274543634,10.044384954077094,10.09937029172165
265,9.318286951862568,11.249345659042291,12.602596458435137,12.65867715957855,13.9219813894359,14.006484637620021,14.056024574789115,14.463696512497892
266,10.29594726623602,11.703716119689,11.780961824376686,12.785131154442682,12.899421589362579,13.21927275282796,13.37966505836595,14.58442912491378
267,6.642608432532686,8.492585748987333,10.229993062070934,10.950268134212545,11.565738187434594,11.88714205451925,11.972802267619272,12.063325230653213
268,5.777802921853405,9.272343225452738,9.3447990580444,9.732611074015733,9.740125364095189,10.42840393131143,10.549749908687275,10.676431273777391
269,9.313097021326715,9.978335060383792,10.317362309006564,10.328495662787157,12.057669721014264,12.627673927444603,12.902607800806338,12.915956843128729
270,9.1595790372022,10.08571295505533,11.724583446918073,11.790689778548591,11.838588981805295,12.305225199663603,12.307687512216907,12.382087388341276
271,10.131254320901652,10.753129988636465,11.512766907181545,11.51943304853699,12.847966864300384,12.881989609146155,13.25462684674662,13.322229865195355
272,7.811666805683169,8.203194219107095,8.939903279983564,11.533973085290304,11.691379006090758,11.82794233669657,12.220429604085997,12.52634714081661
273,9.777028210784264,12.796688504440937,13.238079486699254,14.253301377336763,16.526712705913226,16.663801865458193,16.680557042885297,16.741816467352866
274,7.557435267937592,9.731760578407956,10.319584965878374,10.700353758634819,11.213757346478854,11.2573351442745,12.036104386703977,12.209497280519837
275,5.8016920739720845,6.220123572073424,7.568782895293659,8.615023368771736,9.625080652037896,10.057976394375258,10.45156878920767,10.569358295470922
276,13.062278409535564,13.296767445234147,13.423121484723707,13.440141277205447,13.599644136292996,13.629032412016908,14.425980411653688,14.738471265729482
277,4.119304362700792,4.555674423369609,5.017840120423044,5.393866241823191,5.819143654908154,6.295853212929102,6.568149654816191,6.783251254444171
278,7.72234726146725,8.710099153034314,8.751589240029785,9.310243174708557,9.482873159394218,9.882508422993252,10.379267643390637,10.54371983575585
279,4.555674423369609,5.3086693414997415,5.458622679401093,5.5247564830355484,5.7627516390946525,5.951104649333627,6.312536666296942,6.395906716148312
280,7.911048326897085,8.595888810785285,8.849970710921461,9.225736793990093,9.977706822549985,10.108378287544554,10.390494062925583,10.599364278896008
281,5.758602264477164,6.0848270879603925,6.27246088161012,6.921049113344308,7.184036126058824,7.251874247710258,7.506045442952953,8.010772275027907
282,9.144958412724408,10.546072714461665,10.60440113362632,10.978454355861729,11.028086684729383,11.328669869689879,12.249759124409705,12.50548873646343
283,8.571551937761937,8.71733584371323,9.476994514296196,10.226627584144108,10.529475362716912,10.667059935678962,10.681269470633561,11.123445624990703
284,9.117664419447738,9.211733985925838,10.54371983575585,10.847302814283438,10.987558581666372,11.350979271026535,11.487677984946526,11.527869797998314
285,4.00571153989797,4.908976020270479,6.838662322728576,7.180679493956285,7.238180888218888,7.240148868114146,7.934168721125236,7.987958053071286
286,7.1893375870436715,8.232260924213564,8.894947270813459,9.26668085031127,9.427306857681952,10.2202321938237,10.43235135114439,11.73356590250813
287,8.511865721401396,8.951279325546922,9.249543656804,9.427306857681952,9.457031263779474,9.71989533490023,9.724621198269599,10.25776749810477
288,7.829122034049099,9.441488628752804,9.655021742025514,10.240302130045587,10.595122305048033,10.618784373826426,10.804694445280788,11.334093861526036
289,8.282691124889249,8.492585748987333,9.631154675848512,9.677469878792364,10.599846753955172,10.686607288570126,10.772202261623566,11.266668548506559
290,9.732611074015733,11.78517297830058,13.251972333480971,13.4239097793188,14.211691472263345,14.884043407952644,15.262303441816263,15.833686059587848
291,2.9685151370501863,4.920587801097812,6.27246088161012,6.608156452351308,6.80900812040242,6.865016175382534,7.593441440041652,7.664748698529324
292,8.387169120572565,8.857002884198067,10.785382780997127,11.077313194822686,11.120376742948318,11.256155236093766,11.842059892681307,11.919234392831099
293,7.4144740163887874,8.736335528603636,10.861021972251246,11.213757346478854,11.354102712129665,11.591132286480736,11.91289215587959,12.14380103405178
294,9.348154847929562,10.08589211268767,12.136631100616121,12.174775276419146,12.19941840807915,12.440339377185088,13.07729001832872,13.265490510553015
295,7.557435267937592,8.862786593908165,9.209108966478576,9.318909233797912,9.541276420345234,9.74986078366671,9.906153971387033,9.958768456789839
296,8.85396501509397,10.018153560263892,10.387460080311751,10.899630353100187,11.633427096796563,12.063882844655266,12.470973177338035,12.815402638198222
297,10.993847327394667,11.862044930875086,11.901723545120424,12.318125327469938,12.945749642597901,13.228249263960011,13.31078949762421,14.309571760345959
298,7.35030060718798,7.459595597406444,7.8028201343747385,7.871115857253421,8.606397725461711,8.781427689153158,8.907117288099196,9.56459059524979
299,6.858779130461336,8.8076608412727,9.189204901638842,10.781270333064302,11.639334715865722,12.032422577356138,12.356518904844165,12.46041674061034
300,9.230669195058736,9.411844356533367,9.893617259390972,10.167144104060085,10.23921984785428,10.61527280214917,10.950623966092804,11.187935398306932
301,14.766182933705098,15.29856853940558,15.646559373615819,16.595440812221273,17.553461545733448,17.68889041399269,17.840961869605717,18.59054126373217
302,8.24901653085984,8.568382810552997,10.427518335127724,10.620628089043095,10.772202261623566,11.810403839329423,11.86532531876617,12.789978863456225
303,8.781716388858174,10.430784453829512,10.676983713088312,11.992274897171457,12.692897474231788,13.827183135260151,13.830390351492207,14.163948409751168
304,9.184575227925848,9.283559929156363,12.656314419847506,12.671573780697639,15.350335634244727,15.409252013870404,16.10033999907594,17.466639042814634
305,8.632002896807942,9.529486188440348,10.811653438290541,10.954642950141759,11.051005207413182,11.070120831394545,12.160492144201148,12.184532099592058
306,6.486495319464059,8.322884514809711,8.676943569848811,9.125233078861944,9.596619122255474,9.819484731491617,9.965996931710443,10.19503494455377
307,7.039917784363375,8.697918143873773,8.991991155567323,9.005325334624683,9.216832090574053,9.927183754848226,10.777187604787262,10.976356979989419
308,12.174416739743638,13.645992381254727,14.866423125905804,15.660639342209409,16.20752692274747,16.449516234684552,16.82301816424878,16.91127040701171
309,6.408510707854743,7.091448926756323,8.15185695036639,8.56631826855658,9.330021528479106,9.91635863010125,9.93606916986525,10.95699542141997
310,8.649799797177485,10.00929247306755,10.136018653840246,10.348528927805507,11.120614532473056,11.156544936808162,11.31866310124862,11.872047721808162
311,7.056643807317694,9.846186694516645,9.987809225945625,10.690688542982505,10.967622384533216,11.711545684721056,12.17714464347002,12.682447155403178
312,7.265423111424749,8.637835658123134,8.663330134716986,8.910040168606262,8.934818332643951,8.977114217998453,9.076216456306565,9.0947322852695
313,7.294780843017796,9.642051945413902,9.677332814832647,10.201607156728514,11.111680483997281,11.358704211450823,12.627026763052893,12.648894871649201
314,6.65998171919254,6.951159337038554,8.161453969988852,8.701268074942764,9.105378248988448,9.278540449465202,9.289850849319983,9.513522603611591
315,11.60336924414879,11.656182094584198,12.60834037844469,14.330992005646804,14.44143432275214,14.818688994706303,15.455542246326559,15.681443428475875
316,7.5891826057944085,8.750867381305715,8.765809814290336,8.916118039187273,10.562084234294252,11.517775304027147,11.572605442777787,11.91083796504034
317,8.187772697371841,11.495072096844837,11.628049534843653,12.43459065692551,13.08460133830543,13.112569729049875,13.37613137842239,13.572773958015523
318,8.017713847797907,10.47720149629854,12.10922054167547,12.554170228592003,12.570662888696845,12.682447155403178,13.701445271126529,13.72298073728579
319,7.329759945263679,7.467592708324437,7.586497313964391,8.118895232925285,8.268313217807062,8.555175763148364,8.707959990287783,9.348123715148757
320,9.217858729294965,9.302752839845523,10.005934199647198,10.041870063227238,10.596507338074957,10.900028929970853,11.31866310124862,11.46263981811453
321,11.1077738661025,13.035533300758816,13.227867346151246,13.62705607856498,14.629078568704633,14.986133729016686,15.010116431193197,15.173841358557722
322,10.092940080124285,10.42593434123743,10.544178441447556,10.638620012097057,11.039903278370057,11.588820250593688,12.681204076661787,12.78860980441263
323,14.658485788756334,15.599105897902993,17.29779053904323,18.444318110848332,18.732699461834237,19.616112086372706,20.420758036018793,21.172622213229484
324,4.730875734360053,6.016452007134215,6.464692156047473,6.856502451042951,8.530284469944103,8.812565058152908,9.310232696623583,9.564927970493267
325,6.377109733214068,8.700575696341321,9.117664419447738,9.489700632681181,9.772786194679599,9.874050298771825,10.09937029172165,10.379267643390637
326,7.497661714186316,8.56631826855658,8.930825532247637,9.129894959691528,9.153650000583186,9.46485362882976,9.47862900718163,9.599309321753237
327,4.98465705918884,6.270332981980674,6.528728342939452,6.6105498742202204,7.324213525268862,7.701170782174906,8.351021369565466,8.387813976758876
328,6.246993007820461,6.580082778738906,6.748438603329212,7.007143099265319,7.063988269414718,7.238180888218888,7.7698762026526165,8.424207710426444
329,4.9575654477620406,5.656212833602786,7.04728174092782,8.43116129752505,8.462568553927664,8.885805587007342,9.538827824905216,9.747279168367664
330,5.998541285670664,7.583360228395557,8.509962816779513,9.803978210700595,9.866609425707411,10.779893141324203,11.011771439218954,11.013771645498334
331,12.606265877941784,12.943770329879706,14.408078855940698,14.89848102209503,14.927552624164631,15.367501748005784,15.638779085806945,15.664056472066168
332,6.224966572275809,8.941619832594595,9.265999282077198,9.782677696617974,10.236249826544217,10.570828007051608,10.606389183451897,11.334093861526036
333,18.89158279568903,21.383261982018126,21.550287942202377,22.207846610169348,22.86221574790128,23.177812162577364,23.687701104693204,24.093313754810616
334,8.862786593908165,9.329890869226771,9.388924382023449,9.706260033881373,9.980132076151921,10.23473441959128,10.404291141088738,10.740518227001582
335,7.260198809731723,8.730294593543217,9.13134121412568,9.806353879597287,10.103368439970419,10.66611466484163,10.91229760677033,11.266668548506559
336,6.741781013612948,7.118872663886905,9.494188716101316,10.62913363852304,10.932391619980482,11.089374490339075,11.26676794954843,11.282410053822566
337,8.350908736770455,8.431316529828628,9.491495110708795,10.817047672080728,11.567515947273439,11.7549207883171,11.88260239474823,12.036185986865153
338,6.65998171919254,7.022468564902544,7.8849768746043125,8.200248653078917,8.556669982325305,8.586703259281007,8.874879394923926,8.90123553429416
339,6.194057126929689,7.538182661035013,8.462568553927664,8.67243913871292,9.10935893747284,9.825159999710703,10.690688542982505,10.77223236163761
340,9.599451387247667,12.221394651947001,12.84784230540103,13.599644136292996,14.248890697509859,15.615841762862946,16.075380035821194,16.238577826616783
341,8.506844235058455,8.876373240744721,9.058887331825225,9.108702521902357,9.311705180243846,9.489047898594102,9.793355989446383,10.422111708103838
342,12.70119177146221,12.719608867072745,12.820027562292003,12.935972233800532,12.98984603230586,13.119347452926144,13.605267364086323,13.815825270111965
343,7.583360228395557,8.299840285047221,11.170256472172873,11.210107707380637,11.301028940555657,11.914519941151262,12.02607584458777,12.136441319955534
344,2.9685151370501814,4.6002141388205375,6.084827087960391,6.096747032512058,6.111776846292985,6.320390959398589,6.462132897979696,7.891954612637145
345,10.700353758634819,12.977243766022516,13.129122922248511,13.152046920344045,13.267535817209154,13.273284025514297,13.732757190542257,14.056024574789115
346,8.333331535469709,9.99185541372548,10.41071181520239,10.454014325915336,10.819595436719606,11.018581323171812,11.120642661721153,11.144575002475444
347,9.692893489000195,9.834142123848677,10.562453115456226,10.634658269952705,10.642662747996775,10.983803841158721,11.365858877186499,11.437968518615168
348,3.1988346912054237,5.20260308799449,6.022038459208977,6.043052349693965,6.096747032512058,6.314910128241535,6.458613927830959,6.587204077819066
349,11.674586683250036,13.492048053379504,15.944784108707246,16.226475028169613,16.896948363070805,16.96908901292079,17.25754459197281,17.314868365029167
350,12.95149156348459,13.839270266902119,15.44928524552968,15.64935362952884,15.705562172564962,15.85962640717864,15.963843660843237,16.304368806028787
351,8.328775141070578,9.605208680637118,10.246754977831836,11.541971084487635,12.455556048014623,12.455952932782127,12.488267763951079,12.59413572255277
352,9.1595790372022,9.688894766366674,11.417893991009363,11.541971084487635,11.635593125173044,11.696787798200685,11.989302101378067,12.285577336301314
353,9.311705180243846,9.538827824905216,9.702201822561882,10.418726254876571,11.293384268945934,11.702367342537087,11.978350469373616,12.027177328834721
354,9.765123089441705,10.70861583228113,11.090463045637394,11.51943304853699,11.818822855490852,12.498721486984921,13.15783923693496,13.594046466887969
355,12.95149156348459,13.001489482574412,14.296035082233713,15.525726511827164,15.788735621241708,16.227953920818315,16.349493446078785,16.371420697321515
356,11.918042571627206,13.209531757135151,13.62705607856498,14.220961658683592,14.363045587617476,15.133117303925541,15.64504115043999,15.744310304818143
357,9.768351939272947,10.75529685946726,10.885162022256175,11.246150471507702,12.028276710933444,12.37934495481978,12.452417007983327,12.71368705771922
358,9.530235998758524,9.57433272977379,9.69517606611999,10.638620012097057,10.917916006063829,10.927152841564633,10.998678512718916,11.193722928914923
359,8.902999663368806,10.23473441959128,10.244326296730868,10.626116709923899,10.727942002063907,11.265693969952896,11.426215752633114,11.674575841456154
360,11.133042659584484,11.259922819268263,13.577770803737934,13.868027131436836,14.072985852228449,15.493264138750618,15.864330115170798,16.34343779635884
361,3.800725290565158,4.245555801406016,4.4388631495910325,6.093676367447642,7.324213525268863,7.339843296149494,8.290129469150486,8.624198335834114
362,11.503381113804299,12.470973177338033,13.492048053379504,13.74654404683808,14.328817988186215,14.91564884174771,15.705091530502978,16.05820788427814
363,7.768072656869129,8.203293926581804,8.411181800490242,8.511865721401396,9.181495841635765,9.265999282077198,10.280640989968932,10.625650360908999
364,8.703901443848437,9.179096520679208,10.423751048745329,10.769545905193525,10.851141728522478,11.607199385086997,11.707716896896214,11.807969494367143
365,5.758021260228532,5.791754723165903,5.923448805849538,7.2613298280611165,7.3344492983602265,7.61140589782597,7.786723643851721,7.909400464945638
366,7.008346106173743,8.653355777713589,10.057976394375258,10.591860379043418,11.438802395536225,12.115638954516253,12.24973436997419,12.330315909599227
367,4.132938481532621,5.603352575603192,6.31897149737635,6.703243097528109,7.678184546834346,8.686957374521212,8.707959990287783,8.796554044955242
368,8.780771703273068,10.261080702612444,10.396186882182528,10.777960601224605,11.06943117970428,11.779297866467763,11.861612893505493,11.981849441243572
369,7.332544740991473,8.34872099466523,8.919294309323663,9.140808561531763,9.14615406365889,9.270344610290875,9.387953279336042,9.826712729719693
370,3.800725290565158,5.128763432728744,6.844636022410422,7.15242180167053,7.61140589782597,8.32854141683156,9.2329053352758,9.266609439765228
371,5.123873876278127,6.7739292701103455,8.084013978905165,10.045136230965655,10.623913159313336,10.66902895507535,11.028086684729383,11.82794233669657
372,8.627967861358119,8.866773727802421,10.536593423813867,11.083017451267935,11.213441621594162,11.357798398377499,12.325490193929078,12.641541949100349
373,5.414876819557452,7.4501464214811275,8.239021162123079,8.906078697377332,9.246549551903344,9.305918093139843,9.434617263400874,9.496676924474091
374,10.546072714461665,10.90340042258713,10.911997617610877,11.716388600124569,11.945017915047274,12.796688504440937,13.109904838324743,13.133195484885837
375,4.542488406622963,5.677722762393614,6.703243097528109,7.329759945263679,7.591231999315719,8.473857718828937,8.611852468933616,9.053916892261668
376,5.699588836722712,7.028452609154959,7.645599132366524,8.207874844060388,8.375653199642034,9.583695116044899,10.003601859844599,10.62551715275765
377,8.322884514809711,8.61291538517904,8.813518010544428,9.373624969115685,9.390510153803042,9.671887622983618,10.516210108657754,10.62551715275765
378,10.453223467263998,17.579644955542467,18.601225601182826,19.899266034578506,20.617099245841654,22.180049902895494,23.687701104693204,23.692666903566998
379,14.114671206608392,14.983181616229128,15.260906005993247,15.615841762862946,18.05505570564868,18.766546553383552,19.504222654127883,21.536227303991573
380,7.172868780049582,12.239623608965145,12.840598189039063,13.123995107149103,13.560258829525143,13.627255031641864,14.012627220951089,14.073839610717219
381,9.229962951906204,11.818822855490852,11.819161950118422,12.83659985297321,13.231872129226407,13.557058447105595,13.742517404876343,13.969832076120452
382,8.350908736770455,11.580557259263978,12.181707483431179,12.18498688480767,12.928389719629383,13.123736905470523,13.96736526792847,14.055511568010491
383,5.3086693414997415,6.266217592093533,6.480620828262274,7.291420019396793,7.403262406496041,7.545160881373574,7.761884557884436,7.977408398479981
384,5.414876819557452,6.3980012243160695,7.155692794986691,8.538465113074562,8.849970710921461,9.157948171856612,9.431811803084205,9.534630904724269
385,6.270314707829769,9.494188716101316,9.936826697326264,10.05724921147161,10.431175260427008,11.359407887826775,11.666592219734875,11.691379006090758
386,8.866509193043637,15.290142342057557,16.014897654466733,16.56775530590554,17.108314227557948,18.224196905598767,19.49673737422391,19.730997622050978
387,12.658045890103338,13.872376396436717,14.199095715074641,14.210509560005962,14.597832101519659,15.061007902127658,15.127419752279781,15.424740650795336
388,7.176921164566318,7.531834414828749,9.179096520679208,10.771922038781492,10.781270333064302,10.963254942470405,11.489115278607585,11.678240671137614
389,9.637784026331472,10.255116915032263,12.632243893287848,12.899842852101816,13.154152218716163,13.323786186938001,14.30345668563482,14.885832350855454
390,4.4388631495910325,4.466661773764198,5.128763432728744,6.270332981980677,7.507126778472149,8.334319465312761,8.560819456596159,8.583432638228075
391,7.987007406146416,8.24901653085984,8.282691124889249,9.806353879597287,9.902461457190169,10.762119319874058,11.206261662319926,11.534864846825412
392,6.758445718298278,8.207874844060388,8.615023368771736,8.632714125478405,9.904065420457421,10.030519498121127,10.079877839244052,10.156876405905594
393,4.132938481532621,4.375094212289433,4.542488406622963,5.622050970388479,7.586497313964391,7.733473453512382,8.041214528571036,8.444625029156134
394,10.187751145942336,10.587884173590716,10.615345314498851,11.008751524705877,11.168785667212463,12.156243410559842,12.302508810430586,12.430209891914204
395,9.706260033881373,9.745360848430822,10.835576925223275,11.261571469163636,11.83899527672967,12.03648021265617,12.175517323804952,12.295304854021026
396,7.091448926756323,8.576225486796073,8.837687063969087,8.894947270813459,9.260740646116675,9.45760999356538,9.47862900718163,10.210460945545728
397,6.046936035691766,7.709183500795619,11.24448402164445,11.357798398377499,11.56630995552608,12.523547046566891,12.680129643752347,12.795858580465902
398,7.316959892662428,8.482179742900007,8.560819456596159,8.592379123096869,9.111037161999235,9.112068467115774,9.193749975214242,9.21278872521128
399,4.929103301823319,9.008062212372398,9.184575227925848,11.02047617896197,11.289108958473852,11.375283632868216,11.54550558518363,12.951764832255977
400,9.824291687358423,11.659705037381627,12.448480173852284,12.671573780697639,12.676130227734374,12.951764832255977,13.659814159937472,13.687155936292239
401,5.832029139843126,6.545553873150609,6.780455344849574,6.951159337038554,7.130090921860988,8.200248653078917,8.222144428937698,8.61928219461857
402,7.581649706217713,11.488879597305678,11.71282945457324,11.919234392831099,12.20192123105168,12.966357825316502,13.073129013898683,13.233159069102138
403,13.268924662995865,14.141702624722306,15.604651917789122,15.828723814823253,16.704994497697584,17.022146919078544,17.903429647396536,18.358172487843444
404,11.397506082379529,13.561372625734958,14.11281852473305,14.470575173346148,14.705369177841813,15.206755610762809,15.813601638334514,15.95816280364598
405,4.908976020270479,6.3593789042310425,6.6113310988724905,6.848726166646858,7.007143099265319,7.727181949372162,8.215478291650681,8.218649785236812
406,8.45060927305178,9.14528431192182,10.62913363852304,11.18619712069621,11.735991926150984,11.787204269388791,11.93821853025859,12.119827161237943
407,12.278812948297219,13.290811722812368,14.756513330204992,15.483658847687552,15.914416358381041,16.27015702478205,16.360744227434118,18.45544525573087
408,4.4838043554447795,10.000839922965525,10.900333123913704,11.10840784314597,11.813634912004614,11.955198894822557,12.231193968944739,12.53069821964667
409,5.5477681026519035,8.320796683789782,8.521417026453996,10.463512239359254,10.527228002410219,10.627634431740029,10.675093471128019,10.747688063862302
410,13.62923901612006,15.64504115043999,16.620399258672226,16.63821728023253,16.96156704034209,17.207800220796976,17.572371549662876,17.664903181897113
411,9.057321420812166,10.687218172612107,11.213441621594162,13.03365662752269,13.221898982642577,13.577770803737934,13.948369928283672,13.959092100780994
412,4.4969713583261886,6.016452007134215,6.675343997889033,7.3938781836397816,8.83270610835473,8.92573758851547,8.991770932148055,9.109339628199132
413,6.0777367946182395,6.281893467212294,6.976318238572539,7.1844123115602985,7.2536389273716715,8.144357784449495,8.78659127592739,8.89385166477482
414,11.580557259263978,13.631465793413502,13.821000597108918,16.522397596515045,16.67647811968922,17.421315160109046,17.423502763549013,17.569254699359586
415,13.123440364663693,13.582885087623094,13.948044463466308,14.576537914673223,14.969544123747623,15.534074719509642,16.085903369745395,16.20385435363807
416,6.610483021686958,7.7415339665425345,9.331317531534172,9.71161519612607,10.139075290256528,10.220431873778006,11.045971022879465,11.236735573252023
417,12.20497246667928,12.606265877941784,15.614826355832314,15.73052494518397,16.366770245797067,16.424743619816574,17.413139918679583,17.706712815048302
418,4.409906661017648,8.232260924213564,8.294698327973522,8.486526018382875,8.951279325546922,10.625021716906339,11.63755541825198,12.203570376365649
419,6.535536902668656,6.838662322728576,7.986243780970656,8.851731084054574,9.595276409818029,9.771055759045092,10.115913820769533,10.555094637096975
420,8.515835291784082,11.628049534843653,12.17177343694149,12.588771825203736,13.190155761038287,13.305089434873288,13.913957847446895,14.70475165757726
421,6.784996506524931,8.084013978905165,8.353552524294123,8.71620752274132,8.75874318982159,8.939903279983564,9.144958412724408,10.290979039718353
422,6.408510707854743,6.7787717978533495,8.32601232672873,8.576225486796073,9.149157305447964,9.99970107092577,10.168729268529704,10.223278139111805
423,6.720606881813319,9.340437678801347,10.720088970915715,12.540741897226043,12.657300115619789,12.800023774771997,13.110314949727739,13.280785528478173
424,8.431316529828628,9.050136525278068,9.09714817408076,10.473574430340365,10.505812035889413,11.305694475913336,11.507397866474346,11.901723545120424
425,5.998541285670664,6.353460373996005,8.299840285047225,9.437060583208778,9.57433272977379,9.625314426118264,10.207046809591644,10.660006806952506
426,7.405167682140909,8.663330134716986,10.108378287544554,11.119103113916408,11.227927964806767,11.255276936804773,11.866274651415596,12.033570810542544
427,12.631609598295242,13.98634790694314,14.270998642610014,14.448285242790503,15.072023818270608,15.673850772180804,16.062685524833633,16.190421191544324
428,6.194057126929689,7.04728174092782,8.51242792294212,8.961085985862908,9.220087104571679,9.266824577014674,9.451412267169315,10.470979221314018
429,11.916810268639608,12.741441777139745,13.8105740877795,13.84298905845921,14.652304963985932,15.167356247064363,15.43623269710665,17.380557384372455
430,9.682038695812091,12.02933992991244,13.374476416208738,14.257577456208129,14.494858230859755,14.705369177841813,14.863179113338907,15.836468895243726
431,6.5904309727397274,8.55998804135108,10.505812035889413,11.589913211601337,11.813799653710705,11.88260239474823,11.948086036141872,12.332844391094913
432,12.656314419847506,16.45278872178089,17.31404740234135,17.43907324043536,17.805859069445795,18.65043517571553,19.866486865782488,20.792179602552128
433,8.700538570184602,9.454021941965038,9.91341843854173,10.1693693136317,11.051713463344912,11.24607099880781,11.345166272195264,11.414575179159424
434,9.529486188440348,11.417893991009363,12.116477282938504,14.114072527548478,14.513436640487157,15.564049362532264,15.807249200154523,15.98248448893668
435,10.002971264728236,10.040406402870188,11.650165318156338,12.221394651947001,12.418080713263539,12.832387626136141,13.560258829525143,13.742826250141821
436,5.462918602543111,6.7941788166773165,7.825915211995171,8.213490585065099,9.047959664229491,9.153650000583186,9.724621198269599,9.76772246060853
437,13.948369928283672,14.085362068674305,14.62930713152114,14.822670281617553,14.991924315623391,15.291224606113973,15.669572294376557,16.49650460957824
438,7.953018977543084,9.131073680428313,10.13601786063996,10.455071154455796,10.763640041525623,10.776102837850749,11.120376742948316,11.245942664836189
439,7.1711470982050365,7.460783201228619,9.308836528456917,9.354011356262301,9.90921790645905,11.636846141663566,11.6518052247072,11.73847812823972
440,8.53061373716817,8.653355777713589,9.331317531534172,9.906164933761465,10.003601859844599,10.157857558846093,10.42876845348223,11.011816207683516
441,10.497043560468086,11.84358556941815,12.274563056886231,12.731739421478055,12.740600113796845,12.748968602933518,13.196353951720077,13.196578017625571
442,9.980008505175052,12.107811029903635,13.06059424519561,13.435667728898713,13.641620684796923,13.647188782882221,13.827337816544041,14.856048920083865
443,11.423388220416186,15.016265301859676,15.237370491672735,15.539696506932446,16.742549429143622,17.95623171907114,18.072538760263672,18.087299084441057
444,7.618383099748322,7.950496856524516,8.10056980775167,8.85396501509397,9.422206100819732,9.504419561158667,10.122292955799406,10.217820956793732
445,10.473574430340365,10.817047672080728,10.993847327394667,13.08196398761602,13.290811722812368,15.643020385518497,15.953758799362852,16.140029025467157
446,8.607169723512813,8.632002896807942,10.002971264728236,10.875273885063073,11.24739018694507,11.567509434952573,11.696787798200685,11.737947436730014
447,6.710586040291869,8.202896120825239,8.777693797632494,9.18156389176605,9.81819810443423,9.958768456789839,10.15548566303634,10.317362309006564
448,6.046936035691766,7.08004135373515,11.259485566806942,12.719608867072745,13.238462283262109,13.384442877131512,13.607443651929156,14.034416112458352
449,15.912428809987734,18.12559354025464,18.824304750002224,18.829773788320207,20.25764981467606,20.71334804560369,21.209463388374605,21.44710794526464
450,11.654831977699668,12.428737552806705,15.1032550233832,15.104453933589687,15.43623269710665,16.334019586789132,16.684306384394578,16.73078844115762
451,10.483181770496527,11.81219736017793,12.404010042175813,12.886450120601559,13.238282995194027,14.382003785260526,14.760521815898985,14.981933585628
452,6.551358772275002,7.286960444398791,7.812661727844013,7.8307224716367205,7.992806480968905,8.700538570184602,8.792525365955472,8.894118725705278
453,8.305497906175002,8.71733584371323,9.790889511119788,10.304044356293039,10.412025048316561,10.807116221822575,10.883704867204383,10.995832950372629
454,10.861021972251246,12.283371540659513,12.331535380137517,12.52930066182261,12.596194392085613,13.112418977408057,14.317053143281978,14.34780200598182
455,8.500514007389897,8.575416494330955,9.003427531390868,9.292536512253632,9.515076667713934,9.776448038267665,9.956584811891759,10.278875929419367
456,5.784093463359921,6.685471026015337,7.332156142154984,7.58626986357837,8.308814301165416,8.59805575118874,8.600773084356895,8.67694356984881
457,5.699588836722712,8.813518010544428,9.024013618695127,9.37571023015154,9.571852547654665,9.717461062306986,9.772395196672447,10.145422367736437
458,7.797861173861737,13.103632879697745,13.636225596928053,14.026354854324865,14.026920911529249,14.846765420742308,14.952097022529765,15.00131578904003
459,9.131073680428313,10.727942002063907,11.822785181431275,11.83899527672967,12.061525941805154,12.619534656023436,12.661659395803383,12.745138227808493
460,7.768072656869129,7.863128438951736,8.594329127727217,8.59805575118874,8.634001787478878,9.655447430302427,10.205287429453499,10.222923527410655
461,5.731243659170988,9.058635994396,9.327463056815382,9.615096148945229,9.949521435036862,10.08964658172707,10.139979280171405,10.22675660982121
462,7.949918423555284,8.453083817865059,9.002483944510539,10.440625169406209,10.8014253492228,11.970814995892116,12.208140220963545,13.865671975526789
463,9.796225703059878,11.689702033652981,12.01122703036621,12.463350278585287,12.516569615463485,12.693868203685629,12.725353231784307,12.87795820429511
464,4.844649042420156,5.487418639857395,8.296399783894287,10.66926604720223,10.695873813026555,11.19217739051348,11.22278902354927,11.46974944433197
465,4.7034578865047765,5.213813457911133,5.758021260228532,5.837138537496142,6.224958037848559,6.25029166602624,6.966807544628771,7.076405349019087
466,14.271966119785315,15.56826675882329,16.401113733058185,16.715403972518246,17.92763425766649,18.278935873181982,18.357918898977587,19.416152350970684
467,10.361309387482326,11.654831977699668,11.833307502053517,11.916418244472013,12.164544568416089,12.426214667169438,12.606298913124458,12.741441777139745
468,12.468013027503133,13.455486183380277,13.466241579095332,13.809842835972098,13.919305290643875,13.948044463466308,14.178591333802315,14.275702930737811
469,8.213490585065099,9.129894959691528,9.361590305171818,9.748551133087798,9.93606916986525,10.099802342611607,10.617372521532356,10.9079391631621
470,11.590481810701057,11.787204269388791,14.53911270201877,16.29891794442931,16.52760019396283,16.629591435863155,16.740698588249007,16.847761948745394
471,4.845918707076831,6.510753845017414,6.819262073593177,7.023182844264893,7.076405349019087,7.35626275647565,7.7916276766960575,8.157386639178553
472,8.56801001353729,11.861864056254205,13.51628370942118,14.512714511546413,14.532498463402902,14.550867956357234,15.395228297304271,15.633055170662157
473,11.05684091918521,13.645992381254727,17.833355545198085,18.545477537791225,18.894945138203877,19.209282631562754,19.84144808773225,21.244270599850807
474,7.987007406146416,10.427518335127724,12.197005954971365,12.627631899018288,14.268902302257832,15.07510739401616,15.855221288709096,15.903918139526779
475,6.545553873150609,7.614867952751517,7.618383099748322,7.817691091530031,8.921604821767792,9.216878717019828,9.642051945413902,9.793355989446383
476,10.370636690060573,10.511656279131646,11.117044715499693,11.503381113804299,11.942279321654738,12.9051969179803,13.262719612992063,13.980422176993875
477,8.353552524294123,8.98736306886904,10.262378079066645,10.452387614877559,11.084838058290083,11.1234456249907,11.42609650741443,11.583993463871714
478,7.101141178068917,7.130030198752735,7.259536685764866,7.2749814721014685,7.346499459056503,7.4810635645118735,7.648228116125734,8.367684848158472
479,7.204712278331924,7.568782895293659,8.649799797177485,9.023555618155017,9.232960440997065,9.682724177282475,9.992564119228824,10.156876405905594
480,7.172868780049582,13.062278409535564,13.422010825900243,14.114671206608396,14.192323311653288,14.60877457081064,14.69981784417015,14.742184569674837
481,7.028452609154959,10.812877932712292,11.15926986916289,11.227095693980651,11.438802395536225,11.864575478557013,11.97609200770415,12.034547140815667
482,6.209541511323414,8.757743680492306,8.902999663368806,8.906692377727166,8.943254009061988,9.216807744827982,9.318909233797912,9.798875507231404
483,7.260198809731723,7.7790043112507865,8.504139097333233,9.692893489000195,10.24641686215297,10.29057564630928,10.83622275991627,11.061026870339262
484,7.830008955824394,7.904415039944416,8.509962816779513,8.777085547151191,9.008062212372398,9.10133662656069,9.310243174708557,9.504104094211433
485,7.15242180167053,7.339843296149494,7.817221243380441,8.334319465312761,8.360158523077285,9.00433265921666,9.018953950609335,9.075448012013387
486,7.179527805214699,10.6986345940447,11.219673975444517,11.417311734890411,11.666491827239813,11.676242635372496,11.86532531876617,12.060310707418584
487,10.595268550113467,11.09385008393969,11.169987632937925,11.797267205777562,12.02607584458777,12.77178242597011,12.850980681484993,13.26390179971347
488,12.54005040691774,13.284986181814558,13.665725795859835,14.440531495228344,14.50456159373005,14.759774496878117,15.182396857828346,15.204491537279996
489,6.858779130461336,9.737947193117686,10.502800979426732,10.974982123769196,11.429793675323953,11.678240671137614,11.71282945457324,12.027338940766345
490,8.375653199642034,8.57239008870328,9.765864855568658,9.772395196672447,10.11838338303961,10.136018653840246,10.74633867440169,10.812877932712292
491,8.32601232672873,8.837687063969087,9.91635863010125,10.2202321938237,10.9079391631621,11.810220672649988,11.995517961863827,12.13406431211162
492,6.224966572275809,8.203293926581804,9.131768595985758,10.16188361345157,10.596507338074957,10.673967567473575,11.019829690104004,11.096020180559554
493,5.273384093636942,6.120705095602114,7.039917784363375,7.814583724292059,8.750867381305715,8.911983084099312,8.945638481882986,8.948552657730117
494,8.130384279011027,8.43116129752505,8.67243913871292,9.266824577014674,9.891317855138212,10.092940080124285,10.429137870872704,10.799386029941607
495,10.255116915032263,10.592171247359113,11.797267205777562,12.285577336301314,12.382087388341276,12.650334298465122,13.354792995999343,13.51243676884173
496,15.425282290951998,15.82987560686271,16.857151791596362,17.314868365029167,18.03356439512746,18.102098360807926,18.876384359978267,19.010358029024946
497,5.220134194204712,7.597998103392938,9.18156389176605,9.730496792813115,10.195684296444878,10.836868489630291,11.36752247273364,11.713528724117378
498,6.429623581829526,6.759867539244803,7.825915211995171,8.15268404448651,8.35899902569621,8.600773084356895,8.634001787478878,9.682575594852308
499,9.012161656136655,12.935056058548183,15.401048880497628,15.487217757177337,16.331488776926122,16.665964528209194,16.997876361518617,17.233435190363977
500,7.867179324436021,8.294698327973522,9.541795275066411,12.23166892276979,13.379840660599736,14.569524540366256,14.911498307483878,14.959925033178218
501,5.511523675027056,6.694387915722391,7.400016686753538,7.622022302163102,7.866242129168863,8.320796683789782,8.416907029634663,9.210978668487696
502,8.072353760798517,8.75874318982159,10.220431873778006,10.32546886537685,10.518189131953555,10.614778442384853,10.623913159313336,11.00992237855197
503,5.213813457911133,6.392390076060876,6.551358772275002,6.9800238622494,7.023182844264893,7.114336796008591,7.421679096159533,8.385347980263182
504,6.642608432532686,11.676553741721303,12.55571115027866,12.628847029165884,12.931137289470898,13.317701291970048,13.543551349733455,13.610603114239094
505,5.487418639857395,8.402313530214771,9.688758463734807,10.48249516461249,11.146938056204098,11.786233386289691,12.160619508356495,12.325720769783782
506,6.0777367946182395,6.331469271142874,6.537983839455218,7.963545566572573,8.575416494330955,8.582287580882868,9.111224683633377,9.4501519463837
507,5.717346620860541,6.281893467212294,6.331469271142874,6.88384035068838,7.692906263355301,7.7956601770286476,8.345622783694532,8.518754703711789
508,5.656212833602791,6.594177023885515,7.428018424354031,8.703169278982568,9.22008710457168,10.418726254876571,10.77223236163761,10.799386029941607
509,4.99960871957753,5.017840120423044,5.505448377030528,6.740762356185852,6.955485025884493,7.232827912431995,7.733473453512382,8.232290904202355
510,5.343157996280239,5.3972560663633535,6.022038459208977,6.093676367447642,6.580082778738906,6.610549874220218,6.968712292939992,7.507126778472149
511,7.953018977543084,10.466187535652107,10.697648398480359,10.925726196462227,11.621452140735116,11.822785181431275,11.832087129427343,11.842059892681307
