0,0.04747178569491811
1,0.07284353824633853
2,0.06561724246563051
3,0.05119366840730498
4,0.052685702356537155
5,0.055994752439691604
6,0.045011860956885474
7,0.058067940685676306
8,0.05322781715173579
9,0.07177498889088504
10,0.041475794770328346
11,0.0678543309008307
12,0.04761678593365129
13,0.053046014147940884
14,0.050071516660728926
15,0.059390831568008465
16,0.04411311779693917
17,0.052298735247610834
18,0.06023216277745077
19,0.04669320715089171
20,0.050269701020420346
21,0.05378288091519731
22,0.05376241118276076
23,0.05272134432743955
24,0.04868135919761543
25,0.04845984179103582
26,0.044150550828975385
27,0.045955366283096453
28,0.052951433429558
29,0.06674010042243565
30,0.041204275826771705
31,0.054623189037869536
32,0.04499396060271856
33,0.04338206295573182
34,0.039269673848212866
35,0.046752191112218726
36,0.05272721521717277
37,0.04526686084364106
38,0.049552650011596026
39,0.04777995136827119
40,0.039715172968694985
41,0.05390267102639892
42,0.054673038835721006
43,0.05354755239360908
44,0.04914839805055062
45,0.040934288586500854
46,0.05230057050796504
47,0.05547833543935996
48,0.05598200619543757
49,0.048478607406301055
50,0.052903968251925663
51,0.049101550969139214
52,0.052215265180706544
53,0.04207305701952236
54,0.045380685806252645
55,0.04300028789127057
56,0.05259955783133133
57,0.04894293474763316
58,0.07209432521896295
59,0.06568478766957625
60,0.045806327016671713
61,0.07329960507276545
62,0.04007712791871272
63,0.04712543648855045
64,0.07466626423679047
65,0.05231424444186847
66,0.061680406957375616
67,0.036526666560308174
68,0.04667476014317364
69,0.038630609766588456
70,0.04491866556382229
71,0.06829726970943664
72,0.047419722174489524
73,0.047321866689599715
74,0.05310743271303086
75,0.0666513084606248
76,0.07058725100176864
77,0.07301500451236026
78,0.04215519932697525
79,0.07121075232229594
80,0.0455852364788111
81,0.05097598681004166
82,0.07182010272971572
83,0.07460936912637173
84,0.05217118456186931
85,0.06402207542056672
86,0.04952578221915987
87,0.03956747756759468
88,0.06686981625322687
89,0.05002325266716096
90,0.0473227637408607
91,0.07368205615922585
92,0.07289382020099877
93,0.03719230772594367
94,0.053484997216995164
95,0.05006019788350906
96,0.049228290332639243
97,0.07334130468049492
98,0.04571602579892102
99,0.04128476056686193
100,0.05159780154879479
101,0.04956910965575537
102,0.05027533219171071
103,0.0463592921502233
104,0.047363537738757004
105,0.05680904462784186
106,0.05390166822802667
107,0.050585892068874025
108,0.05399996075556383
109,0.043153824529745595
110,0.04393543602687301
111,0.06701496519408168
112,0.05074991313927095
113,0.05029099915237437
114,0.051742055476816366
115,0.046812508288478195
116,0.05170306167903606
117,0.047043657842231676
118,0.060430821168357
119,0.06069894440932118
120,0.07151055143623988
121,0.050959395865410796
122,0.07370388465270579
123,0.055987656604946735
124,0.04309456904493457
125,0.0747251305199202
126,0.05026804173528288
127,0.07540998065025142
