0,34.16171515403311,34.47493350708325,35.79812932116172,36.522641524429616
1,32.87901309161441,37.26818969603897,37.35797748763056,37.633872214549264
2,32.52615337547993,33.659043358061176,33.926777499006775,37.084528308791114
3,30.72625940286836,31.834627704199765,32.28722699101507,32.87942323810134
4,28.722137504232478,36.22053690540782,36.51141661584758,36.72901692766748
5,28.979601609908435,29.27492687311881,29.853057266281066,30.134140051569336
6,31.78620623064674,35.145601952403716,35.85734911241457,36.412555955876854
7,27.372534869626506,28.382197706812132,28.459352507853207,29.162024662831715
8,35.42635191182465,36.32841788962388,38.96267311642777,38.9988993007184
9,32.882603115702246,33.627661645470326,33.62847655584627,34.01638377135629
10,32.030173422533956,33.48934677585567,33.96920821356596,34.11806411483948
11,32.55412470830649,37.41996986393472,39.77654281062559,39.81722688279004
12,33.819805977379126,36.11437391742397,37.235958099565025,37.3373675187374
13,30.28261451980373,35.27914069355041,35.32186648018596,36.01350018351003
14,31.843085708655405,33.33301834278946,33.456708616214286,36.51141661584758
15,35.518347086266225,37.490407093380284,37.52901197464499,37.83038712164817
16,37.46600703086213,39.151748911139485,40.076250987520005,40.424035502806575
17,29.274580851981256,30.01364684823591,30.45434951881735,30.762835636907305
18,26.93107551780715,30.115884969529525,31.705150047421547,32.37784280893503
19,31.221059294825515,32.34479125955358,33.56950780698904,33.82397456552749
20,28.03625195334623,32.29105963998895,32.842813077184296,32.9815783758347
21,37.78287400373939,39.33425010955136,39.56980918434139,40.00178446590712
22,30.39219734871145,35.27675834395213,35.58845264175743,35.59622632553295
23,29.077358262067,29.99200923633904,30.8543864562664,31.534267069534916
24,30.55667112635123,31.733013301352,32.35384981150602,32.86349322025008
25,31.983665378355585,34.04145947743491,35.25022754074539,36.18991284895566
26,35.8903579726555,37.39967315197307,38.278816341265824,38.4452059613336
27,35.60869446657317,36.215249454158844,38.27329487098456,38.60438571739262
28,34.90877797005781,35.34330420811499,38.48027295655073,38.9921400571351
29,32.58807609243021,32.60555435553897,34.588090846648555,34.74129518251674
30,33.41871139368183,36.4586073605543,36.814027100976084,37.1877935963152
31,33.40197806858064,36.038557326914585,36.76862069712463,37.26558338576968
32,25.0621282676714,33.24776255618711,34.825833926643604,36.2568622009572
33,27.456575880279747,27.836007904670048,29.35784524242517,31.10481352665122
34,27.104025768745128,30.798820920109726,30.923559505484608,30.955178031140296
35,31.675461915402952,32.89100849051619,34.81640296714009,34.90692883043707
36,31.274758108560434,31.785792385871286,32.43078437666748,32.807412877660155
37,29.165508723017467,29.27196176819441,29.378775328658584,29.518852031004783
38,37.42271205472714,41.43158585964831,42.373605067383906,43.549737222735125
39,28.111282382321164,29.1261368465272,30.12848809173234,31.464609586219773
40,36.15660493740383,36.75040214844545,40.914203431966605,40.95512605535592
41,29.770018855509743,33.250843091146976,33.56950780698904,33.90333579088103
42,33.59673207196014,33.60918605860502,35.24448105473083,36.43011659310236
43,34.200077356492876,34.52787957084106,35.88887456207703,36.647408930593016
44,25.540095389037383,26.622835726474605,27.27149478644287,27.50277670618348
45,24.804982107267485,26.573574418554436,26.874994650154896,27.572275364713473
46,36.151665142646046,38.14110507935213,38.848761636402,39.699929404376334
47,34.26681095431953,38.71821463385325,39.74807821732948,40.73797980429455
48,29.48258507590247,31.57150666251502,32.18853258158235,32.79926729614806
49,29.366408567316217,32.39839917388417,33.259783152369494,33.87778174917883
50,29.61425517269397,30.348312863599972,31.35704501052169,31.993460171887094
51,32.66932426037323,33.497965904821626,35.20644101023826,35.36179039591893
52,30.346020188463758,32.74828558900606,33.486252788591656,33.71596031849459
53,27.554610783962545,28.059018515087523,28.762619179893353,29.477522495573858
54,26.849514847893733,29.690342244996106,30.60603627784669,30.65495494461181
55,27.27149478644287,29.802958416376104,30.18322908783094,31.963823699637707
56,28.490305803854483,30.649723170151052,33.795166353017535,33.868152192984184
57,26.67685083146571,32.02108911555992,33.338410326166034,33.56501686877638
58,33.32359120941922,33.468117255808565,34.106391203419285,34.759599854143445
59,31.5480576394583,31.557343595085367,31.70305283149378,32.419033315324356
60,27.638166995579986,29.52075151985068,30.367364988422842,30.826658053839363
61,30.112744151763692,31.874077716356982,32.1846316872186,32.32930629388412
62,23.949879303648984,27.701550554549854,29.42346598061216,29.509375947914915
63,29.975070358594806,31.419300233295463,33.0557003098627,33.37514349514888
64,26.051308804711365,31.586317728707325,31.982876543873434,32.76602911594512
65,27.238933350187576,27.52960140568069,28.242396239935314,28.45783588741776
66,42.212240663233416,42.871277568151,45.95602351273672,46.16317242189641
67,33.10115966184801,33.26197940617994,34.23058007287707,34.587091325459355
68,30.11479385258699,31.78620623064674,32.26616653219865,33.458536689047854
69,26.471009820374814,28.085768647416725,30.449676765756198,30.935046390249422
70,24.695622724845204,29.99549094297618,31.80667103655571,31.987816623561347
71,37.5005535442896,38.9019431639297,38.90621293020324,40.91978073001726
72,26.519330041734623,27.411752570677724,27.89592967206815,28.085768647416725
73,30.831910445465873,32.028048100029224,32.03238488168075,32.13199966023835
74,34.29711435337418,39.44361496690712,40.3805608644609,41.86396228740068
75,29.101461886888355,30.187599888053615,30.409653177525417,30.899966540207476
76,26.998040190854724,29.426877641839774,30.647973349965593,30.71204943710588
77,28.16867827760461,28.293268823535943,29.041413178399967,31.300725192763405
78,28.329275129227167,30.49677156444169,31.35142535693654,31.41132228037676
79,27.59467986310828,30.001943304599774,31.525881696751323,31.557496840659326
80,33.9712012437418,34.2085199233341,34.88117065029974,36.433749304966724
81,39.35454830313928,40.595795268111296,40.92585899462746,41.13899130497684
82,24.617477061452274,25.442794175026588,28.021098410548813,30.296750878481074
83,30.16984100812669,31.42308227510281,31.735587033723753,32.344297032705356
84,28.242396239935314,34.1317185824256,34.409631388971825,34.57874172381493
85,30.95436700298807,32.141070396700634,32.92841160892018,33.65502632426012
86,28.16867827760461,30.776091776140582,31.37792588183576,32.09094834513328
87,25.26739330760879,27.01615095044883,27.56809201577086,29.55663232581997
88,27.01615095044883,28.27177263395927,28.355084982375093,28.748088383056874
89,30.819488425138367,31.92171255070302,34.78949931120687,36.376571580049756
90,26.227062194913525,28.337826901294953,30.09793724436703,31.43957420214167
91,33.34906923703598,36.17796883625019,36.71029131582974,37.14274632647558
92,39.25254506853703,39.661509766716385,39.733834430563064,40.60949417395416
93,37.380856967690754,41.06100374973246,42.20845255855407,42.28511872524717
94,31.45578595793506,31.517729789002278,32.19283601459827,32.952116045753264
95,25.047762642553906,28.607640914328865,29.14038731902224,29.267298770926658
96,32.508753973873155,35.833555992667435,38.73959692190253,39.05870809395524
97,36.43154982142161,37.343650142131075,38.307125282607494,39.678492815532486
98,24.079793628703055,29.031559571077842,29.466104302916758,29.50508089340684
99,29.68631280745435,30.800885903038445,32.567900252163994,32.619594908609784
100,33.38396981856737,34.434353538923254,34.81657052885906,35.01252531938187
101,23.954209461890354,24.372054176448188,24.438147469203745,26.519330041734623
102,26.248044349768236,29.827780132807803,30.003460465773976,30.794423619561094
103,29.73051807625175,32.782076229088325,34.941788679814536,36.58586826937543
104,41.279763091536836,46.15989592461146,46.24220183755167,46.719735332853475
105,30.201483462878237,31.50208370876104,32.174620766060585,33.974556942013855
106,39.808504583575335,42.4286153400895,44.09370554369378,44.20365148566809
107,32.55187780563463,32.88532832828013,34.785280762709554,36.49807590236233
108,25.97451460008038,27.883257065514602,28.49675135156999,30.00997781286193
109,38.64827860501079,41.200501598675,43.65443487132092,44.87369492597873
110,32.49403311149799,33.31643773852019,33.3788006496857,33.45267124340527
111,33.725575417579975,34.71611322945684,35.87399576502099,36.96921020175463
112,38.91785916792461,39.4427880591891,39.74942840322996,39.77358664359136
113,33.7091245871111,34.3335572612774,35.80089507908597,36.004289043007645
114,27.370644863137166,27.70734239354339,28.965267651705794,30.776091776140582
115,32.412890178268874,32.792986967229645,33.26159909583259,33.54168061946415
116,35.21023116091919,40.32397930459015,42.60553907161608,42.93908843948633
117,29.059664661739426,32.25670582905633,35.12761495883585,35.57596875542532
118,37.94208430077472,39.020868534640414,39.13208587766644,41.11319939107417
119,30.798820920109726,32.545837581142386,32.92925645008184,34.37380349319957
120,28.4211494535,30.73800876383438,31.682474007787544,31.70781701727854
121,26.80968564699297,27.06272440509641,27.088493625638897,29.322729603245484
122,31.834627704199765,33.93678756244753,34.26032456466571,34.470424857394995
123,34.042471422524535,34.58560933246555,36.54382149985658,37.17926346940837
124,31.948093814970512,31.990360590998858,32.28035785463898,32.612583492255816
125,32.09231981357983,33.116429190293836,35.5646858826955,35.700287529190135
126,32.482089458628785,34.908756319127995,34.95253650623143,35.7548342530698
127,34.29059193136669,35.832436269178906,35.92276225349273,37.19018981024878
128,39.047851621162735,41.51398258004464,41.79939694377899,42.45978157026839
129,29.98585540871164,30.235852851537516,30.421506073666283,30.540993703208425
130,43.41291779334901,45.45597847757839,46.327917497628945,46.48758144071831
131,28.867839385398696,30.58213340132022,32.3634494655463,32.94340810892137
132,36.844009921063666,37.12417022712728,37.743579509405485,39.00833713511661
133,33.130751413327694,33.48572969524818,34.12698859885681,35.530415207949034
134,25.987338234061124,28.81964979046374,28.875416941624422,29.52136559898199
135,32.164943085623854,33.38288570294069,33.963745774912894,34.11135709912026
136,30.28423939274193,30.6730736847997,31.597343583248666,31.944290622100148
137,28.555250226804787,34.833344026617446,35.72186654406923,36.41528520267493
138,26.504575897219816,28.723735984422895,29.08801085623445,29.5829795516644
139,31.444811193871875,32.35437251904288,33.23109720969614,33.2682814672539
140,24.73324961193448,29.626064174333067,29.704636199673093,30.77483720500977
141,32.74615505429608,33.19515745005863,34.30085886940407,34.41589526135284
142,32.33705016787453,32.74615505429608,33.218367250460375,34.823177197248555
143,38.929976208391025,39.03270981250148,39.51487331330129,40.14836346153024
144,33.05197787044904,34.36202472959431,35.39562932112318,36.12037161236677
145,28.71800294560381,30.697036328001143,32.17700830295777,32.423902137967296
146,33.26761622838239,34.519543913017834,34.57591303681639,35.24449654330011
147,38.93954455055653,41.384072435206235,41.5243895630654,41.9307113116359
148,32.084915066015505,36.441843646394936,37.63288924270712,39.33929810962089
149,27.523010343101724,27.651018001419132,27.96631506817075,28.614720479181745
150,34.867704305515254,38.426379110549334,39.33799490420452,40.003284080660315
151,29.889032498515743,30.065206014837457,30.81362519420058,31.33539905831273
152,33.718849259346996,34.08722244807235,36.336567616028695,36.59208607259521
153,32.35700666230697,34.83322539206582,35.01641587679941,35.938472076630305
154,22.15698136418909,27.315867627171464,29.525786252679183,29.567717487163886
155,30.492751139834894,35.387744386731725,35.679748233301225,35.75122098172679
156,42.953263170644675,43.78002130595437,43.79548568303704,43.97721135529899
157,41.372568680658524,41.66909630517044,42.07598850076069,42.41952061792075
158,29.983152738398577,32.71460202120423,33.31287515320495,33.48744176622296
159,23.705224377672256,27.924471967581933,28.355084982375093,28.35957839116029
160,29.54232628125956,33.75391463532872,37.42271205472714,37.67044776144335
161,28.501129159855864,31.45578595793506,32.28755462437864,32.32844870456495
162,40.96347289818873,41.34655577567602,41.501345500636134,41.82264924182751
163,32.75477810639122,33.024514270836455,33.6523172371515,33.725575417579975
164,28.902722133074487,30.69314965084949,31.715874544160783,33.253238767016356
165,31.6954466443609,31.993460171887094,32.73173644477229,32.99757509585459
166,34.35322070952885,38.59033935713113,39.30764889602072,39.46393830025333
167,27.50956425651963,29.042379063086727,29.645122621497222,30.481588453672252
168,26.839047369789856,28.150061503169326,28.397314017522348,29.578441616077026
169,44.852386049320934,45.279951506297095,45.61053034887609,45.725014410577465
170,27.59467986310828,31.04142979616966,31.82817526950501,31.92180177042204
171,33.16924163901453,33.2246890768941,34.90258686111301,35.23609507985741
172,27.813050231398694,27.924471967581933,28.45783588741776,28.7389341222948
173,32.08616745436253,40.63712385798354,40.7440339239411,40.814734907902064
174,25.028614005485075,26.48371630142606,27.010506664221737,27.5664578805455
175,35.07849550794368,35.20512785825754,35.23566789986336,35.3626662107539
176,38.15184293115846,38.945669065567216,39.99165493514758,40.13941293892297
177,36.60627754109846,43.54930001634828,44.47665182215652,44.49617743233185
178,27.450195069062854,28.748088383056874,29.82858911971029,30.06242303979664
179,18.11181041730785,22.18734310292673,24.975583682917684,25.540095389037383
180,35.88978566803894,37.25880942841158,38.84030017837728,39.40340874097505
181,36.13434014170468,36.425750030398554,36.6411266427589,37.113886512202626
182,25.975862866458566,30.290601658978915,31.66543384790177,31.70684416451601
183,29.078997482662864,34.242951720378464,35.03570164777556,35.3980552131593
184,30.378811944050703,30.91988216230958,30.97230332722573,32.684955604418036
185,28.301595603168362,28.720274402958808,28.762619179893353,29.211613401416592
186,30.600272556524484,31.74643107036499,34.100498444692604,34.70309449447659
187,30.64520369089839,32.76483613631043,34.623534107685174,34.8254684115346
188,27.370644863137166,28.997900801010815,29.121930154133715,29.815669702060557
189,21.78929724967903,22.18365180902724,23.542703071908043,25.469476950441962
190,33.598243468325,34.49287938071307,35.05232243026466,37.65323594125614
191,24.640195170803256,26.455755850287897,27.010506664221737,27.260573204304915
192,33.01526136459933,34.48206693761416,34.769226684523964,35.04964994502847
193,35.89221204338686,35.99910149241875,36.4959101980031,37.15475348983533
194,30.938490460824383,31.145067927491645,33.048079208200804,33.85600289923135
195,34.3277204556238,34.510956152055655,34.54307746416152,36.20444145204221
196,24.89040837118764,30.079262569300802,32.545841747480374,32.85898682199229
197,36.99849022023286,38.0660489617995,39.758824227025,39.837397538329995
198,26.471009820374814,28.174625623239983,28.823571853155876,29.016575388567414
199,22.479192523349152,23.73247865879081,25.037702550975773,27.505302728264034
200,33.20023799810191,35.47084292535537,35.535970538218656,36.65871852901485
201,32.78484477129623,33.5404327143665,33.856790736004115,34.17551925649927
202,26.374698242616855,28.459352507853207,29.12552762868888,30.895310661093085
203,33.9712012437418,35.20277634188937,36.17872054122779,36.552000723982175
204,29.801256276419494,31.389018985718543,32.62523699728981,33.2648158288802
205,26.2174874164734,26.611220696032195,26.67525649600398,27.43463256571831
206,35.21023116091919,35.42635191182465,35.523137409921624,38.21760558937327
207,35.501468714837465,35.57396709050365,35.67295549913279,36.055358918741085
208,31.442972513717372,32.707098720876544,37.26675329257866,39.70718961952967
209,27.35974525195609,32.121584211663176,32.35848844098684,33.548443954441055
210,28.971514693417173,30.078383213431874,30.10953274138377,30.622875744221904
211,41.38915306063776,42.46902992495457,44.67310118083481,44.76647845762551
212,30.93620432360245,31.229602361595123,31.68621320421613,32.29412473078233
213,43.22568424516686,43.93624967371618,43.976589759760195,44.15038976380196
214,28.912621359067632,30.127153409517554,30.187599888053615,30.421506073666283
215,36.66664033284269,38.062761524837526,39.72799016846497,40.059931539924285
216,34.222345027040184,34.52500728989584,36.30349700474811,36.8557530547781
217,31.405872063837478,33.444806753133534,33.62100288816603,34.61312071342575
218,35.11291089784385,36.10274230305662,36.43521306539552,36.49835227457016
219,28.14935436918168,28.470316878428243,34.29711435337418,34.51595816994996
220,27.61078898744441,28.98094811931798,30.452443448810314,32.13199966023835
221,34.90639009393681,35.85785681062375,36.01713257034435,37.25608847752666
222,26.093626865287895,27.47878357655954,27.52189518290386,28.901465117474757
223,29.025669231221645,31.628004280304822,33.52463998183361,34.86220949326664
224,35.513637818753345,35.94564018119743,35.964306128399535,36.35111843637991
225,32.133897304137776,36.78285685142714,37.45485671560341,39.76957410980354
226,31.25478768575364,32.85865447642198,33.22307362959692,35.78424465932274
227,32.09115780974335,34.440336363269246,34.7193176787624,35.65602401436694
228,26.404801371831155,29.42242061572196,30.409653177525417,30.42236406431135
229,31.57187485452889,31.6279730396807,32.202310269786985,32.579432965851815
230,32.84979044779771,34.79000257323457,35.64045411799834,36.16269608769184
231,32.27827029164716,34.057498129968316,34.58985191403566,34.85765825000476
232,39.91281860182985,41.11136868889723,41.635086281042845,42.485273834733555
233,25.987338234061124,28.571644498742426,28.83195415490162,28.88918726700208
234,24.617477061452274,28.51077313820891,28.537864946033405,29.02739265975842
235,35.91774276339878,36.22967802268534,36.86534730067608,37.56443361662274
236,29.64464154652786,34.360884568096495,34.55659835912412,34.65008975524797
237,35.06525037411306,36.01611216294847,36.17182281431337,36.71388623546599
238,31.010575344743962,32.975321931391534,33.02445764546071,33.20631891432677
239,35.369311222438114,35.488662679883774,35.699510196042255,35.759375726298245
240,27.420255472065957,28.704156106463635,28.721236267786775,28.82049371852685
241,29.646904994786468,34.14899972718223,34.79228833492378,35.1729985880727
242,24.87674761691803,27.554103953784267,27.847834140819465,27.93469954749829
243,28.70644293711075,29.45459901962367,34.370207978090704,34.40147404629061
244,29.994181540290693,31.517729789002278,32.07316706379316,32.75436334404812
245,32.71460202120423,33.4871038895023,33.91394870781297,35.227053138783596
246,32.32713653574188,33.989924860900906,34.42539437740633,34.6976461329137
247,33.88147258569024,33.88620368623651,35.17913784482866,39.04645724983307
248,29.947321787039677,37.17375716718012,40.06551707864843,40.13932025806845
249,26.343609853076075,30.557981600825304,30.99067110598372,31.070981018365483
250,37.676654084179034,40.27913477974616,40.48378827076539,40.800101294062024
251,24.164428630705444,26.136948205654143,29.293538310117714,30.590268969370275
252,37.87514254182684,38.49839530877216,38.67827238467512,38.679400343065765
253,37.793117874759325,38.78666015887685,39.11950452709578,40.28669792278745
254,33.27808210124503,33.57788759861617,33.74898298771361,33.853019157860956
255,30.08279077051698,30.963755891139105,31.70684416451601,33.44077477933191
256,28.15362381657494,31.099543997273294,31.24079588535807,31.750344606422274
257,27.342996984589895,28.851232539149358,28.8947782839443,29.423184493776652
258,33.79849920667507,35.635227531831084,37.2252879397786,37.296573620100105
259,27.359937421299783,27.396221009794786,27.411752570677724,30.589085023941095
260,28.75312196041342,28.864522864965604,29.361408616519334,30.11479385258699
261,33.75391463532872,39.34663497067782,41.2274386331132,41.32278270164921
262,31.370708253670795,31.97380037086883,32.122227378144245,33.508530182867034
263,28.43771528390625,28.825056786779555,29.382977759258782,31.285510888294457
264,39.50108034517296,39.56160675912906,39.75267434875668,40.41410849464827
265,30.06242303979664,31.756421977926507,33.85003303713365,34.057498129968316
266,28.70267529885452,29.637991359167476,30.67379776241827,30.946682081066665
267,21.11298777678842,26.611220696032195,27.23661957839563,29.357268961618608
268,21.954461400307437,23.25917818499089,25.499076915680362,25.8688798419507
269,38.27945388913094,40.265421836632534,40.30695704166197,40.547896858219
270,40.22832683812808,41.92325808357799,42.99218617298487,43.28356672818667
271,27.113609282033394,27.500458817511056,28.1124332856239,28.497836886468072
272,34.06358602770806,35.833555992667435,36.85883192527781,37.18874954422705
273,39.34722660915009,41.31438066940122,44.45852721224136,45.08101390507751
274,29.849850067946996,31.879110716826933,31.894974617827724,32.06517918407872
275,29.064215634422162,29.795380884129546,31.444811193871875,32.3571535584313
276,29.704636199673093,29.768525851670717,31.048337310586987,31.247050574794457
277,24.763623560612917,27.51817825117712,32.6532730363673,32.77730347916404
278,32.2561521524826,32.49846489352747,32.67951512856552,33.64702628499302
279,27.44695849159935,27.639793188274908,28.69197673301766,29.033894973151437
280,33.82367290039658,33.92434528927689,34.34885630453567,36.19620614394723
281,33.55596663542273,34.1097265204462,35.19749205906287,35.26602228031388
282,28.176081899469928,29.044716194934573,31.516222411589624,32.56963294987306
283,27.550621928571754,28.293268823535943,30.62277096496362,31.09873358908148
284,34.93400250065205,37.172636487457666,37.27798724918474,37.577992524336196
285,34.12931734597874,35.25022754074539,35.37215354934708,35.58679876858296
286,28.40291764385321,29.91500788479798,33.105047761355245,33.99674161818106
287,45.67723183857549,46.39327745693138,46.54339201395821,46.87002376998789
288,28.699452697757433,28.886470762637867,31.92180177042204,32.22774526174078
289,27.420255472065957,27.479373116474306,27.68388193515829,28.58403264612034
290,39.99431510824677,40.293022683601144,41.821493781194505,42.6661828531159
291,28.58481157049696,30.00997781286193,31.49100654191451,33.5674340983249
292,30.89835744935331,31.265570571569956,31.370708253670795,31.66543384790177
293,28.345545401780452,29.916454620056427,30.320210362171753,30.387573219830255
294,38.07583798104755,39.64854044955476,41.52224299873213,41.71224219212938
295,32.48324702691622,32.648513776195415,33.284961358260354,33.29187899107518
296,35.37215354934708,35.42725668565755,36.56701543232539,36.61625141870922
297,28.4211494535,30.476293677826042,31.46501695866011,32.20171689603901
298,42.67501861449551,44.685381013953986,46.25197259579918,46.61424431870665
299,30.684659867588554,32.25670582905633,32.37784280893503,35.558718040818135
300,29.078997482662864,31.449135932740734,33.32599453950504,34.69766520227768
301,40.918509231838684,42.860048292247185,43.43196784058177,43.58797925222716
302,30.97230332722573,31.83185632175923,32.137171382149965,32.35466128819119
303,34.031128800120165,37.053905294020154,37.145326661061596,39.75897540091847
304,35.51023073398698,35.94156902530316,38.104553028435625,38.299485225774255
305,25.776952852387563,26.51038903106595,26.893098029264483,28.397314017522348
306,34.534813473513054,34.690765599431884,35.73537747705654,35.75263149049523
307,34.871038488693195,38.73959692190253,39.93793064518374,40.48053656827308
308,22.15698136418909,26.56927892341041,27.811512751228964,28.43747014655748
309,30.226745621639775,30.70449948303397,31.588003040599546,33.17243224346685
310,27.355014445812667,27.500725242373402,27.505302728264034,28.021058778484257
311,39.58470567710211,41.79754141622297,45.282921005224544,45.3382697011889
312,27.134294373754837,32.93984421071314,33.283355592362355,33.407265882568
313,32.53060998527532,33.980707470990176,37.00548844846076,37.227880266158124
314,33.83033807072837,34.260167793857676,34.5364864618465,34.62476300830194
315,31.262816926322497,32.5750718285419,33.639849681393756,33.69603260331659
316,29.796269359734826,37.60990619766071,39.173451210052015,39.23114815858134
317,37.5005535442896,38.18223006215615,40.25941713111422,41.12311847173238
318,31.449135932740734,32.907549156200886,35.22024201929487,36.23782969494663
319,25.724670350478846,28.065212502189848,29.12552762868888,29.758115365003125
320,31.028582416092256,31.73572178693509,32.28258423456374,32.62466340656516
321,28.900727453123288,32.3981317105064,33.4097833027888,34.1124445896379
322,26.076331027604816,26.359586009943648,28.69590451109403,28.718490112835784
323,31.220723516697078,32.5604431908887,32.62486190353809,32.86698154559869
324,25.0621282676714,28.71800294560381,32.07946714736594,32.37491742625879
325,41.346291586643936,42.2252100056747,44.360489240023774,46.117308785544004
326,30.483019893154612,32.14483590162028,32.2139162684574,33.05895200905097
327,36.2969725814814,36.64720241963257,38.2283298026587,39.66405590442553
328,36.77204782708545,36.92195223883938,37.81365247257459,38.341714267468994
329,35.0519615309286,36.06551748847367,36.089760828419166,36.201707298119324
330,28.329275129227167,28.778723523894268,28.97323768403426,30.500939929730674
331,40.16652488729585,41.393007239861305,41.83862001959776,42.16243484939567
332,30.40112676827699,32.293560352754376,32.43134836976564,32.93205459058531
333,33.29187899107518,34.508632916034294,34.52818457008638,36.33264188644477
334,32.309395197791915,32.49287290657257,32.66277207496737,33.35879349521797
335,38.038938227221664,39.48592370383747,40.65243371477431,40.85672079645488
336,27.334469871390485,31.94898187294396,32.37994828953907,33.10891492647266
337,28.377204012503256,29.632249916687503,30.692539134379413,31.727654773635912
338,24.609190395183003,24.73324961193448,24.80488222399674,25.23821172961325
339,28.547891780545267,31.218735881836512,32.14678817244894,32.90357405175018
340,28.69590451109403,28.89098467834082,29.510337255645734,29.783258389136197
341,34.411441819704635,35.09039741162099,35.81672407621332,37.07433854507397
342,27.890990144006416,32.775163755717635,33.53468266959764,34.133177515558195
343,25.518369897119655,27.034078528737293,27.25721194205149,28.70267529885452
344,25.620454290330073,26.930448940503066,28.750417449229136,29.369442574729028
345,28.975547347222157,30.93508651329523,31.20194092009156,31.455283389435127
346,28.943708334419124,30.46283834317457,31.43206182529454,32.09294995737536
347,32.816744400177576,33.013847090411694,33.11154703204971,34.93548845113672
348,39.08960552417614,43.325276324538684,43.46931853487443,43.56335293922888
349,34.29469981915775,36.12979451885231,36.45245550290204,37.56390413663185
350,32.5045192317331,33.60918605860502,33.80848213181512,35.610028411154886
351,29.540998667791783,30.91816535103359,31.08184097635528,31.211340171189512
352,28.470316878428243,28.950795724024633,30.4901692776474,30.910805378762436
353,28.323962795384293,28.63482353523916,30.231285545775624,33.03781121628064
354,24.438147469203745,29.356336591704157,29.857733386407283,30.397199505884895
355,33.78200731203967,34.39022905759699,35.171659428308395,35.850180786927915
356,42.64137218293173,42.654645781382136,43.21209742325689,44.2802759758017
357,26.613643487098273,27.238933350187576,27.313222514916532,27.72994911138275
358,29.35446519842545,29.916454620056427,33.106210789196375,33.63831215740426
359,28.752201667191812,28.923946268426104,29.044716194934573,29.289851555035582
360,28.490305803854483,30.41900633880645,30.995711053685234,34.371201604739966
361,29.618415345096505,31.27538712312279,32.117753603445095,34.31835664180927
362,32.43879665611848,35.305089539850876,35.7124245906335,36.23525226026468
363,32.508753973873155,33.990704219457896,35.61862212811925,36.129260216816895
364,34.973359819897425,35.67519706148233,36.357484936370774,36.63200289054517
365,25.44360798745827,26.524900565950308,28.562862435573866,28.9842605000229
366,23.789751341199988,25.641137583208984,26.5442656282169,27.303431766162927
367,25.26739330760879,27.79532725447202,31.516222411589624,31.642957676462068
368,37.02155932393806,38.7881357107063,39.064471884248285,40.33952902621176
369,26.425252637008782,29.981439749142996,30.51572665477985,30.641852081184986
370,34.836048177045,35.12525715762133,35.61974305226483,36.650348577870574
371,28.43771528390625,30.007787427780823,31.240390763831407,31.931380680098876
372,28.578227806990693,31.878329581346982,33.096682471088656,33.58099595414929
373,25.357436061630903,28.296503418024397,28.38137269274345,29.293538310117714
374,28.21168782548181,29.25636919080106,30.125326939534517,30.150613864037208
375,31.56241212495395,32.76602911594512,33.98411230124774,34.585108799920306
376,29.445699577775823,30.794423619561094,32.02108911555992,32.43704743141849
377,26.034207373851675,26.58698840816958,27.93077029989425,28.424183945164604
378,36.08407700186389,37.02933855138433,38.14816564324347,38.37676254007097
379,29.24491498637274,31.703150688526684,32.18655823139245,32.56084539349432
380,31.442972513717372,40.524671278938825,41.824806464885675,44.24298775272826
381,23.954209461890354,26.5442656282169,28.900579870797575,29.14977190661881
382,31.090051001970433,31.80597422217887,31.836574430547966,31.963217548572487
383,33.87056624620689,36.13992588084048,37.365309324978384,37.761499520485316
384,47.75744451241962,51.90060591463052,52.0527784276518,52.42893795588148
385,33.259783152369494,34.26681095431953,34.81640296714009,35.42340817503748
386,32.87865691420957,34.346767881355426,34.48206693761416,35.41662145103457
387,29.73051807625175,29.833178005272718,31.868317140534515,33.36793573199539
388,30.51550877283279,32.8284858215097,32.86698154559869,35.1457974090956
389,40.20628365539284,40.21354329019621,41.83782566345412,42.06701906031159
390,28.626864019047183,30.491611148399688,30.622144799102614,31.04142979616966
391,24.372054176448188,26.37715550153676,27.500458817511056,28.127594152247607
392,25.787820035183326,28.088225901126883,28.763869771364142,28.890041510800167
393,31.866578883095134,34.103744920384806,34.95708925573265,35.86363343224821
394,34.97498876336873,35.007167477195345,37.6298576123856,38.619751507714795
395,35.488662679883774,37.06487495793733,37.6283040745141,38.364784758190815
396,35.94764319461397,36.22292405913383,36.786545932544925,36.88434142021692
397,38.407827962579084,39.35413129598018,39.60991770542099,39.67333982750112
398,29.833178005272718,34.30450681112198,34.976540396405426,35.58298074487444
399,38.02359417541823,38.46775431701976,40.3820353102117,41.42357019247341
400,27.313222514916532,27.813050231398694,27.836007904670048,28.825056786779555
401,30.43688352596421,30.624392203780804,31.06014336664063,32.100728659112946
402,38.243526015783445,42.26766155580616,42.940872920394014,43.026692170504255
403,27.740465258636785,29.336563063369418,30.449676765756198,32.01325274640616
404,31.090051001970433,33.87778174917883,35.168623268835276,36.10670284549922
405,27.554610783962545,29.101461886888355,29.24313843388992,29.26812890447182
406,29.23082765336966,29.720477997022236,29.973773488023237,30.40112676827699
407,30.824741964655495,33.75761611559302,35.247978196261315,38.70222780026447
408,28.715437995612934,29.814443476418923,31.060056652660585,31.062038659119953
409,20.602568697614966,24.777397039438746,25.133183977257826,26.458520234435653
410,37.38535339124727,38.645783698568025,38.75496157621691,38.84113684732438
411,31.12561938495914,31.195655723357774,31.48531761016717,31.672801751644872
412,37.45888774527002,37.79006887467915,37.865694478170056,39.01076202872664
413,27.334469871390485,29.450385170113087,30.451799149764195,31.268440437230314
414,35.523137409921624,37.408589471602454,41.087197413433636,42.725102618718225
415,32.3724029259846,33.17639538542656,34.1512884753609,34.52803708180325
416,28.715684552277725,32.06823971812888,32.718046474503296,32.75838431567952
417,21.954461400307437,24.87674761691803,25.205992755209685,25.518369897119655
418,25.23821172961325,25.54659789974009,26.7464243766277,26.874994650154896
419,33.20358452478639,33.33318634269544,37.131312800952166,37.32456904468031
420,29.5314155812067,33.55534842374444,33.79432302573305,34.14305808340785
421,29.60065415095151,31.353532765039603,31.736413033712616,32.3875859547801
422,30.824571669515215,31.427352399185,32.77730347916404,33.440416656990465
423,33.31287515320495,35.01217616777205,36.74355954587107,37.47187656601318
424,36.182979910087184,37.18608527448126,37.7595365593299,38.98919280638231
425,28.574474990385575,29.846137384394076,30.45434951881735,30.654282369025246
426,33.38396981856737,34.10589490881849,35.028690685012634,35.9362799973336
427,27.134294373754837,28.47064839354192,28.81043437989912,29.510389369811204
428,25.357436061630903,26.034207373851675,27.049678428163197,27.816479139057854
429,29.103078581616472,32.74828558900606,34.50714288449689,36.485671425277474
430,24.571562372802198,26.504575897219816,27.816479139057854,28.114923256368673
431,36.56551062298743,37.330224612453975,37.415094431918966,39.16002639641341
432,27.35974525195609,27.61078898744441,28.029335624064952,30.581140258970564
433,35.9729205737352,36.29218776176649,37.19078306606872,37.67934095247465
434,27.368213888891443,29.24491498637274,30.736015179159597,31.5652815482088
435,35.86701559267789,35.871968009358184,37.203922079498064,38.086661489100635
436,26.942537762984564,27.96631506817075,28.900727453123288,31.062170047575798
437,33.83033807072837,34.77793406406401,37.51299260976898,37.77221604612872
438,34.630981067009635,34.99892592372679,35.12350772167414,35.9968289885183
439,31.504884436469688,32.49722186140829,32.834932543950714,32.93283290638966
440,29.894708425867204,30.16729507169293,32.20931197773341,32.94559103207326
441,32.04281832130708,32.62970868090088,32.97074415848443,34.26452297643817
442,27.52960140568069,29.08801085623445,29.688284793730784,32.123762836492375
443,28.720274402958808,29.45459901962367,29.62780851681212,30.248490585412874
444,36.30546154000903,40.76932823189411,41.20378664794555,42.69167140061663
445,26.56927892341041,28.950795724024633,29.894708425867204,30.204576732363112
446,29.90087089654944,30.66339708123422,32.54466893410119,32.85176993309142
447,24.640943195160567,27.952364431726174,28.40291764385321,31.006604333370003
448,29.366408567316217,34.80105121105215,35.40471646973493,36.38386453053872
449,29.795380884129546,30.57151798285083,30.61536084737942,36.257787435518516
450,27.088238836243757,35.66830951959319,35.81681169943723,36.335903874212434
451,22.981806803354164,27.396221009794786,27.48571141608999,29.186047243827076
452,33.09095836876155,33.33352270121493,34.03787499004388,34.04832596069174
453,29.889032498515743,30.09391311478072,30.577706146066422,30.965049522233336
454,29.378775328658584,29.473346335177393,30.32115269086467,31.657504457966855
455,31.254943211409678,31.851085418292286,32.48025181538681,34.06358602770806
456,29.666717700917793,32.971467412266065,33.29017571979934,34.94177651068026
457,34.79357522167696,35.580478258173954,35.805668267608716,35.838641163636304
458,32.39103745183996,32.536864912247765,33.94216432266054,35.22033325680666
459,35.63950058025347,36.419868531498786,36.76053769393132,36.967117263330614
460,31.6232112167025,32.231444764146815,32.476679503493465,34.42443929798585
461,29.42836175502654,30.447009188055745,31.662315382883637,34.11147632163007
462,28.873752309655693,30.280770407813314,30.41657474081453,31.959640397850404
463,36.47562684019593,36.921446626198176,37.49666049037644,37.81000324944886
464,29.83147093698336,30.24174222513582,30.777624244693442,31.642957676462068
465,32.55412470830649,35.326080816881436,35.986551664832604,36.92152858318569
466,41.18893571174745,41.94631766434953,43.89897613230508,43.95213249477538
467,28.752201667191812,29.340948674291862,30.12848809173234,30.820160915116674
468,31.37792588183576,31.881459168000553,32.30831806465919,32.99178419530468
469,29.797490823316863,30.24174222513582,30.467914687826287,31.686543616639437
470,25.36355510207531,25.620454290330073,26.48371630142606,26.608703556052397
471,32.49816558314959,33.75208054074678,34.50060886423838,34.50396612783725
472,30.492751139834894,33.84510417112645,34.09899500972549,35.106931334503386
473,35.42810144035661,36.48168652274851,36.73402732053272,36.74396067822695
474,29.83466556332711,30.20304206529189,31.39678081382254,31.597343583248666
475,27.218603022057227,30.697036328001143,33.32553303428271,33.71407471190006
476,29.603978439363406,34.34099450535951,34.71716159384923,35.4072968980374
477,28.805800231532537,28.80996665767189,31.726571171126114,32.04274150737651
478,34.80105121105215,35.56917924704814,35.930543069043416,36.504217400957636
479,29.110359711714583,30.423914507038752,31.691515054868603,31.753430318956376
480,38.39858700715796,41.45124496851714,41.68008751534225,42.056523897836556
481,45.1921203684327,48.18378872071694,48.534824878497695,48.63703798171039
482,29.52136559898199,30.913977717181197,31.648288760949598,32.16095104757828
483,29.634612508575458,29.758115365003125,30.483019893154612,31.40740711461653
484,37.25608847752666,37.29006737926334,37.82634758651058,38.880704371729074
485,35.32787480057993,38.582652018344696,38.93938456309105,40.213130536013196
486,33.743126684988816,34.65561964178661,35.449326859404,36.537270789643216
487,29.162024662831715,29.286394788761054,29.431705910993813,31.229602361595123
488,35.93922258972444,36.28562852202182,36.503452208440464,36.71318041937718
489,35.97855344716122,39.45522265847696,41.485115992980504,42.60847408441892
490,28.382197706812132,30.544649892098043,31.428286545849534,33.02658056771763
491,31.6279730396807,31.657855622853848,32.44379024335926,32.93935772453279
492,24.804982107267485,26.186525160515835,27.554103953784267,28.120851892497686
493,31.793617602106114,32.9061761553079,33.68219635832403,33.73096412445332
494,34.0336794165942,36.994744069354994,37.359346021284374,37.592834792582195
495,33.01353704831843,35.72836247022193,36.20421319206277,36.30851983149326
496,33.88620368623651,34.63599313198412,34.95708925573265,35.25717811298794
497,31.356756402257425,31.705150047421547,31.836574430547966,34.680679329630664
498,31.23159721931787,31.615774275934957,32.48639899241747,33.10487845191072
499,35.853548872942405,37.32068373527341,38.422303027770724,38.79101455399606
500,45.03534564001837,48.10883842914069,49.25282417373677,50.528655985402246
501,25.043775751297936,25.44360798745827,25.499076915680362,26.076331027604816
502,33.18214494046889,34.39728073895361,35.63917609218237,36.95148806755073
503,22.929583832630062,28.15362381657494,28.886286440745767,29.131361116607383
504,28.176081899469928,30.577176300682094,32.48415585323173,33.86147933758325
505,34.01627144877323,34.464108583893896,36.483254690612995,36.81330604045888
506,38.67491035959067,38.79865573521524,41.24129569095494,42.65511741734768
507,37.494163188415875,38.41283709285242,38.89905033774636,38.906745084318445
508,42.20118747147482,43.38427460523107,45.80004172497417,48.444653670003376
509,26.860824561482026,27.450195069062854,28.53910608440563,29.636881542093647
510,38.96053023872363,41.82621436162777,41.90408986495796,43.91270013349376
511,32.87901309161441,34.15965677906926,35.44664037852117,35.778391739060694
512,25.903171513112447,26.248044349768236,26.67685083146571,27.315867627171464
513,33.38470762838896,36.38237740799466,36.64987036314801,38.26823800498054
514,27.544359050578215,29.12197937586916,30.125326939534517,31.006098909111838
515,25.948891301950148,26.966487847348045,27.104025768745128,27.93956361891237
516,34.799190233255814,36.69023626932364,37.045468447354295,37.14568597465516
517,38.243526015783445,40.55580625162787,41.01136899334554,42.338572276268074
518,30.024072741054567,30.804132817188748,31.15742139353708,32.97074415848443
519,21.11298777678842,26.2174874164734,26.29669688103163,28.71436873706131
520,38.51703325778499,40.947053081056985,41.51861636864657,43.01658039336523
521,28.872424471075128,29.312187138323846,29.955229741949672,30.210981588220328
522,28.623432855055277,30.654282369025246,31.753163971930288,34.437035479717814
523,29.233906702540644,30.080165153305014,30.327020480435657,31.403458604736457
524,29.846137384394076,30.833411472737772,31.353532765039603,31.43570603868029
525,24.640195170803256,24.975583682917684,26.608703556052397,26.679355913376327
526,33.63488022880079,38.72164760741719,38.78260534506071,39.45492034879049
527,34.83681550218672,35.650267872617675,37.33738984605413,37.436509682374556
528,36.964904333507064,37.86039836281531,38.485987506004875,38.752025822320405
529,34.730281709040796,36.64084472310163,36.999928607123465,37.99248357033787
530,34.453194759824385,36.11187129344938,36.90101457350125,37.186483994856175
531,36.81422581643517,37.108920326034436,37.47143095130455,37.729868445272025
532,35.85284640690838,40.14810069544489,40.88365168663234,41.12463247543083
533,28.851232539149358,29.271508537839583,31.281575373315647,31.849730144601914
534,21.54445224573043,24.725403128942553,25.442794175026588,27.98509394342603
535,28.345939105589252,28.830166333163703,29.9700271467583,30.8543864562664
536,37.163497536553926,43.13809621702919,43.243091463166806,43.53736962424165
537,30.95226402955522,31.24476075336596,31.635460281613845,32.51967319046414
538,25.835482028158612,27.639793188274908,29.9700271467583,30.18322908783094
539,24.75769949302018,25.180823075465867,27.073237209436225,28.359830558867163
540,32.632499012439304,34.952765017165554,38.2008529491868,38.33731190311181
541,23.8946432813001,24.80488222399674,29.03886261841748,29.298148540745085
542,28.065212502189848,28.97992344040552,29.025669231221645,29.027018470126276
543,30.325148799381978,32.47177393028218,33.17243224346685,33.47960121996718
544,35.11899906278238,36.398506254121045,37.13410558292513,37.58208490647728
545,34.26887295438284,34.3277204556238,37.215660630468854,37.73504084414043
546,38.960938722959575,39.55239534505663,41.02305301322761,41.40812679048818
547,33.219096925548776,34.510956152055655,35.43067342421832,35.56495255508031
548,32.27150255733697,36.29355407227351,36.53800812972976,37.07433854507397
549,31.559081841082094,31.864805218589783,32.582473849597626,32.716797639131265
550,37.8426568184387,38.23919621157709,39.96214616896926,40.33623236879388
551,30.4444671809112,33.30794494976045,33.897591979554264,34.94594728276693
552,31.22748280366462,35.84613103138709,35.85626965028497,35.941862340488925
553,31.25478768575364,33.137984845119036,35.42725668565755,36.6320621691911
554,36.71463959223461,37.80850574132214,38.087001241056846,39.344550138790524
555,28.130811153181043,29.941546524721375,31.62217078229307,31.686407639282077
556,24.609190395183003,26.415262575921187,27.06272440509641,27.10214902945256
557,34.62737376449009,35.595410324247894,36.21473095342019,36.749432602132856
558,24.702286359993547,27.77240183689034,29.431705910993813,30.581585539445904
559,37.381944189649204,37.47143095130455,39.333195575130425,39.74979302933721
560,35.40471646973493,35.41256944288586,36.81592950708333,37.1223275632516
561,28.883569061174846,30.01364684823591,30.56656273210845,31.66750503920955
562,30.824741964655495,31.851381801672737,32.6532730363673,33.74203095222933
563,26.186525160515835,27.572275364713473,28.707308982302916,29.372890935812386
564,34.94570436839576,35.900327593876284,38.810732342428494,39.89026407818416
565,28.867839385398696,30.255009897539605,31.975262533877416,32.79961460509224
566,33.4249360412492,34.3335572612774,35.374968537240676,35.5895905505651
567,27.004717535955642,27.066931753586356,30.791987755146636,30.877340291230492
568,30.106049876403493,30.772819224169485,31.057406094546682,32.100728659112946
569,28.825091249410313,29.897307547312312,30.74392066869393,30.783686573937302
570,27.94197564705979,32.85176993309142,34.03572553589461,34.26856496278162
571,29.980232484715092,31.58797647918314,32.19069723518222,33.26542924302748
572,29.314236491328316,35.130788861959495,35.434003651870526,35.48124419668932
573,29.618415345096505,34.36342369317515,34.86808808761236,35.139165339466224
574,28.20476658011566,28.553499874296023,29.760996641806766,30.474433253406414
575,26.948882176816486,27.31154750637736,27.72994911138275,30.841834220489403
576,35.71897362399184,37.05936521048547,37.32840774953625,37.626159881687606
577,28.88918726700208,29.150892949800593,29.283055092988853,29.307672578301023
578,24.66399548315285,26.404801371831155,26.77919640663277,28.08651180371799
579,42.544310945089684,42.86930615432897,44.06197720789168,44.127882154539606
580,29.720477997022236,33.07111172879726,34.21514976392595,34.99167434638809
581,31.268402679891086,33.48431900877817,34.249955829000655,34.55544277718171
582,31.221059294825515,31.286019753597365,32.87410418030991,33.06838471371529
583,37.148491455365864,38.83523163035994,39.42820816452944,40.265421836632534
584,28.14935436918168,30.4901692776474,33.94978645324502,34.30918808699697
585,18.11181041730785,25.028614005485075,25.36355510207531,26.455755850287897
586,31.876888091063243,33.82148913875571,34.26933178418842,36.03898103924931
587,37.8199170343221,38.038938227221664,39.56287030193251,39.743629099034145
588,28.567156132199766,30.325148799381978,30.741259609526125,31.040956701351885
589,33.27027438545084,33.63247829676756,35.27959873098539,35.71370580651434
590,36.00205480622606,36.579771279538186,37.01172490811406,37.59017439848249
591,29.445699577775823,32.0600952449549,33.63220231130697,33.77455495956695
592,28.345545401780452,32.59544303759138,33.439542892197146,34.45570718818717
593,33.10981939797135,34.07557061570816,34.08156548243428,34.22757680551636
594,26.350699868654207,27.061405002439656,30.577176300682094,32.462114474257504
595,31.878329581346982,32.2151724001869,32.35848844098684,32.54055649998952
596,32.35700666230697,33.04665857610892,34.108117659738724,34.6000391798895
597,30.115884969529525,31.254943211409678,32.14907691603502,32.97736247317141
598,28.029335624064952,28.699452697757433,30.634941840486587,31.473482254147296
599,30.159949667488906,30.54575569261881,31.441188989119844,31.876888091063243
600,34.928599215899425,35.44826944308191,35.59753213109984,35.8472575161096
601,26.67525649600398,34.062121871618814,35.007167477195345,35.238675045627204
602,24.406206546885386,25.903171513112447,25.975862866458566,27.82870239663423
603,28.578227806990693,33.7402510164843,33.928012360461096,34.71441291591156
604,32.80234655107859,36.36339335855914,36.763190590409266,38.794955374266856
605,33.137984845119036,36.19303192717909,36.65871852901485,37.52869761791161
606,31.119054381817627,31.276081119915776,31.75235754121336,32.07890555924093
607,27.004717535955642,29.150892949800593,29.571266722642104,29.918150720991562
608,38.95311246110087,39.45845953997289,40.128067070798906,41.085103192614966
609,30.95483605196424,34.697506942261484,34.769226684523964,34.79312891481374
610,34.81890849275662,35.34842596137514,35.61474180254728,36.30851983149326
611,36.26884726557782,37.21617861399098,38.18751880432727,38.60313123557985
612,29.35784524242517,31.8581564184555,32.43231918425223,33.17804093783552
613,23.93346835670776,24.406206546885386,26.939826454858622,29.131361116607383
614,29.49513844975454,29.77003094021697,32.269765502162315,32.41065448940769
615,29.267298770926658,32.159900608747755,32.69297485837781,32.99139823361619
616,29.91500788479798,29.96104372126258,30.079262569300802,31.01880646246653
617,35.930543069043416,38.086661489100635,38.278816341265824,39.46207555420861
618,29.26812890447182,29.533340296600485,29.616987419358917,30.090661465024017
619,34.680679329630664,36.81937502475908,37.60285249997585,37.88700086248112
620,33.59673207196014,39.04201703494549,39.46999065274295,40.3765716165261
621,30.356564077548697,31.6820753187709,31.766124667494285,31.966678703199513
622,28.997900801010815,32.482374127854726,33.84830672313285,33.951584422485915
623,28.623432855055277,29.02739265975842,29.27177668897015,30.628614339725726
624,25.925403294803868,28.175101230898825,28.634353785806645,28.821935041871217
625,29.692035986870597,29.693353881218737,32.06349580816207,35.20560820361274
626,22.981806803354164,27.657584141891032,27.98509394342603,28.361386119424225
627,34.152229654617535,36.03898103924931,36.216456390576866,37.56965764743447
628,26.675474878244664,29.27196176819441,31.068268938582683,31.66655405008533
629,35.610028411154886,35.862422841113634,35.86701559267789,35.93151320845859
630,25.835482028158612,27.93956361891237,28.010114170939755,30.523644429878022
631,32.48324702691622,34.508632916034294,36.15955923002102,36.99729090855921
632,26.29669688103163,27.066931753586356,28.291138267210343,28.668228608824414
633,35.58679876858296,36.03807079934951,36.484932932030986,36.64379174442689
634,34.19702965528141,35.70765762620524,35.72186654406923,36.67170490483074
635,33.20023799810191,35.19749205906287,36.089877563104,36.20180974624536
636,28.70644293711075,31.003799915389628,31.20194092009156,31.297512701516712
637,37.888268535486326,39.186508013635226,39.251934839292005,39.678993527184524
638,25.49238610033169,26.77919640663277,27.103785928253405,27.489785317338285
639,22.929583832630062,23.93346835670776,27.51817825117712,28.456561190747156
640,34.52309025584966,37.3248798372379,38.479044196956046,39.618060054811025
641,35.17135005216738,39.244847466727585,39.75057124996448,39.99368398352625
642,40.39190058794196,41.753335846342004,42.21795548699388,43.31605791388413
643,24.695622724845204,25.680674562179647,26.286025582098574,27.776590917343857
644,32.89787593962857,37.803055858470266,38.85323408225191,39.612395251253474
645,29.67691835795079,30.63223590559277,31.256121809914653,31.61093474398425
646,28.864522864965604,30.783686573937302,34.692401340091756,35.55024177889628
647,26.227062194913525,27.40670019814864,28.88589449928303,29.366403246097253
648,29.491022820119813,35.89003355268735,35.938156388702794,36.96526568101994
649,29.059664661739426,30.684659867588554,33.22124119947308,33.96663642491367
650,31.92171255070302,33.87056624620689,35.48339797494476,37.46600703086213
651,39.09731635390855,39.78471288671295,39.85634854032728,40.19010368496236
652,27.523010343101724,31.597783435590603,32.43078437666748,32.84218090466552
653,33.23397025171887,35.14327026448545,35.75443744318733,37.00814609715153
654,34.492324500679445,35.077939716528526,36.538587799716225,36.95552361022999
655,37.293843349309235,40.30866679676699,40.33952902621176,40.342248231555565
656,30.425587051852496,31.423692491049923,33.18147425968976,34.56191793622816
657,33.00553022077536,35.59192852711633,37.439516999497215,37.46235739115523
658,32.724146169556825,32.866821890270195,33.06122291256998,33.119906869247366
659,37.99901670190153,38.229639285068856,39.235640136065314,39.496376877740346
660,28.70485514256348,29.118828377506354,30.823742469622974,32.47721531109426
661,38.22920682855944,40.95410471875548,42.965405005398516,42.980367980683845
662,36.192554553736464,36.26549401736192,37.24163221941754,37.84995510850692
663,31.72008517395111,34.773808991684184,34.94825681024935,35.255136655674434
664,29.994181540290693,30.647973349965593,32.164943085623854,32.19283601459827
665,34.1717059276319,35.58824683378234,36.47555371428096,36.967117263330614
666,27.79532725447202,30.4444671809112,30.87560175837071,31.39788618577732
667,22.18365180902724,23.301301819644078,24.878772664746258,25.173829307400563
668,45.3066971757156,46.71252320603996,47.158992422316885,47.98822047185113
669,36.202648372962564,37.39695632190781,37.73119830531482,38.407827962579084
670,28.75637731824965,30.823742469622974,30.985387675907134,31.107857370287356
671,34.453194759824385,38.82455430765107,43.02011948882619,43.25314187709206
672,28.174323976131703,29.661467900606937,32.21416476826927,33.974556942013855
673,30.814905194827112,31.006732159893797,31.152183669595207,31.1657246413417
674,29.28031843906901,31.057406094546682,31.364512950727168,32.51191513342861
675,29.366403246097253,30.54575569261881,30.75156049726353,30.910805378762436
676,28.917347603765485,31.301654020392895,31.37168591301722,32.23902747942046
677,35.632460827268076,37.64118770982307,38.25459016233965,39.235640136065314
678,24.172192634983332,26.17099104546289,28.372799630456782,28.445372181994806
679,32.74017363052804,33.22124119947308,35.56917924704814,35.981758545170095
680,34.29053961684231,37.00634994572232,37.14950976323718,37.29042716653061
681,31.74554100128042,33.06109390879613,33.12175793358618,33.22035278520041
682,21.78929724967903,24.878772664746258,26.093626865287895,26.614435313460433
683,26.998040190854724,30.462337504871744,31.218735881836512,31.390228936614065
684,25.792176077042196,26.614435313460433,26.67482434486267,28.269501470546558
685,32.39068546966115,32.66932426037323,33.7746805788277,34.713029644054565
686,32.61189847522024,34.40147404629061,34.76935732043517,35.09838833799294
687,35.867994351159616,38.0004330516996,41.56986862507511,41.76861394096351
688,33.65994462527989,33.93275135099415,37.07291803838831,39.07006286826737
689,28.175101230898825,29.99200923633904,30.984371305432347,31.990360590998858
690,30.238138156149937,30.507105949032077,31.142914525820437,32.087903806777994
691,29.855671835005612,31.34750188163861,31.389018985718543,32.53989342149987
692,25.680674562179647,27.638166995579986,28.021098410548813,28.943708334419124
693,32.40301474752676,33.188810465758365,33.819805977379126,35.25717811298794
694,28.75312196041342,28.825091249410313,28.968180065631515,29.975070358594806
695,33.94216432266054,33.98754624780963,34.1466556368247,34.692484149299275
696,23.301301819644078,26.67482434486267,26.68011013224003,26.9902446548486
697,36.500952391255595,37.49777146697937,38.07066346625932,38.67089856553085
698,23.642428468186612,24.570104971570395,25.133183977257826,27.049678428163197
699,33.188810465758365,34.958866137393215,36.6320621691911,36.81422581643517
700,37.408589471602454,37.45861390086596,37.73081866173131,38.21197833943846
701,27.368213888891443,33.32359287742951,33.33976288821227,33.74123148371405
702,37.060984469315926,37.96813264914185,38.127335698573525,38.432425303554155
703,28.54021944942108,34.70463487465289,35.17485247499882,35.92389285369822
704,33.27838222814994,36.25181556277024,36.466117891961204,36.46938647464103
705,26.948882176816486,30.93797383613763,31.252449562621564,32.12671374802495
706,30.881572361312,31.390228936614065,31.518670241113586,32.65478413457705
707,28.971514693417173,30.68054881319216,32.46556635858693,33.670559081758164
708,28.269501470546558,29.487541827643735,30.632607685232813,30.706341303594193
709,27.995611159398184,28.009844315153128,28.237680849816,28.553499874296023
710,30.842079956937322,34.404770093919105,34.428419970041396,35.40477892798153
711,30.92835152798867,31.42140121953883,33.689227081856856,33.77991603600352
712,28.08651180371799,28.445372181994806,28.97323768403426,29.24313843388992
713,27.95094913823736,31.686646775117822,33.386515178964004,33.501353892737995
714,34.54800315533101,35.78985660036309,35.861662474314016,36.193240300792496
715,28.55158069647218,28.89098467834082,29.336563063369418,30.059732257586017
716,31.268402679891086,35.13571791854877,35.85284640690838,37.148491455365864
717,35.42619753773464,36.480448888858895,36.776333141657084,37.03595088219367
718,33.54995252197309,35.73537747705654,37.29577603659413,38.124049319948774
719,29.61648582320185,29.87457921651602,31.00904268803013,31.404701628963497
720,27.776590917343857,28.1124332856239,28.251737001901347,28.57856753053401
721,29.947321787039677,30.378811944050703,31.373833826701656,31.402626657719
722,28.93316439037658,30.577502665029815,31.419567033364288,32.14483590162028
723,37.235958099565025,38.18223006215615,38.60313123557985,38.9921400571351
724,29.796269359734826,30.544649892098043,31.518670241113586,31.705735877768834
725,28.43747014655748,29.367543245606445,29.567717487163886,32.0740746533776
726,30.92581446877409,31.66674690888226,34.89172926009798,35.59433852402377
727,30.77483720500977,31.0454505017035,31.361780528138983,31.470087786518896
728,39.637673810488124,40.1633946827894,40.54630625561694,40.852885279647474
729,39.08960552417614,43.038302606625535,43.12302594281561,44.261108292649446
730,28.808629914079056,28.97992344040552,30.08279077051698,31.24079588535807
731,28.57581552865603,30.220716861399712,32.16164258500277,32.57253664868822
732,27.204246903800286,28.76799469931522,29.30087386404252,30.600272556524484
733,30.71204943710588,32.95682557364704,34.001265012958974,34.109361182058464
734,31.95477874576256,32.39839917388417,36.18991284895566,36.335903874212434
735,32.83095311798643,34.13623981022818,35.22632960862403,36.12353589284365
736,33.33909910287725,35.0836594335958,35.19769538666777,35.20512785825754
737,32.98400459190204,35.346995426148055,36.11944182928829,36.53616380312079
738,28.021058778484257,28.892033086730798,30.833411472737772,31.064434282545058
739,39.51110886140885,39.51451318412133,39.60005982650298,39.85768235242137
740,27.148244933371185,28.10913554108302,30.417739446547017,31.527839763399026
741,26.58698840816958,27.905657490793388,30.451799149764195,31.70781701727854
742,27.883257065514602,29.367543245606445,29.63475482409165,31.502086754058706
743,33.45980052905017,34.737430522974975,35.94258029620187,37.584218255689215
744,20.602568697614966,29.983152738398577,30.150613864037208,30.20016840337841
745,21.54445224573043,25.54659789974009,26.204133895061428,27.10214902945256
746,39.3726895958182,40.018906248002196,40.85313193906816,41.305423544291536
747,37.30650229410542,38.26274382742418,38.27945388913094,39.26446491349622
748,27.44695849159935,31.00648698471579,32.218787602785056,34.01608261380837
749,36.59086984430625,39.83639633247178,40.16258540095583,40.42324395244063
750,24.725403128942553,26.75486726408382,29.653400769898507,30.043216875117235
751,30.408469765144037,30.817220942954147,34.30823052171801,34.421747339307295
752,27.056328894875616,28.114923256368673,28.298141453333148,28.424183945164604
753,37.49964059713894,38.44346385034003,40.82215670573904,41.24611815981392
754,28.555250226804784,30.52533200853753,32.62951669258666,32.68137716351903
755,31.981749883082923,32.587158936830626,33.92429916870119,34.17182852968061
756,32.901103098161386,33.01590263890513,34.2653946669019,34.36174446825843
757,27.95094913823736,30.10953274138377,30.28543959697773,34.46707896848826
758,32.97736247317141,33.281123935710504,34.61699078544628,35.159112805902154
759,28.38137269274345,30.476293677826042,30.73800876383438,33.26044096777593
760,30.317619558729323,31.61093212988529,31.666440065981835,33.71695163167602
761,27.973074317280663,28.010114170939755,29.783258389136197,29.795753179795064
762,33.26761622838239,33.47275474174074,34.747554179006734,36.29042196873852
763,36.5440821825969,37.060984469315926,37.5051161392656,37.7648982437587
764,26.950523339930815,28.668228608824414,30.195544401394457,30.394092470842033
765,28.98094811931798,30.824571669515215,31.1759655169395,31.705735877768834
766,31.868317140534515,32.26616653219865,33.93275135099415,35.225279764886835
767,30.49901159075129,32.669393183470916,33.12872290000807,34.80719199192901
768,32.782076229088325,37.71528524949975,38.582356581606376,39.23455202408407
769,28.88589449928303,34.91558488022903,35.93453868380123,36.44927895932769
770,24.89040837118764,26.613643487098273,26.860824561482026,28.121171909362214
771,40.01740456851214,40.09262785991133,40.57022518250852,40.692353671223906
772,36.497209749341636,37.36163810469789,37.52339266382859,37.76436266972817
773,35.58387389259068,35.68319834916856,40.300040575140876,41.46721620741283
774,28.05024557914689,32.78486801742384,34.51068814781037,34.949441292759595
775,35.986551664832604,40.45662304657645,41.38462012708786,41.79209927918532
776,29.692035986870597,33.86466994588175,36.58598732194721,36.808258130632495
777,29.54232628125956,31.419300233295463,34.1717059276319,34.52484926930828
778,36.621969588493485,38.64962567774138,39.01372744801116,39.199267019548756
779,34.63599313198412,35.78424465932274,39.50933368853448,40.021646544303394
780,25.724670350478846,27.82870239663423,28.93316439037658,29.80898663989122
781,28.886470762637867,29.035421204490838,33.39374175957668,34.197031617574396
782,32.15738239264207,32.559502663936456,32.576176989145225,34.88780450580137
783,30.15167012958446,30.719262504634965,31.088676385200973,33.863592700127114
784,32.765199317106216,33.125871554391075,33.66636318078809,33.82641334573519
785,36.137446713679644,36.669477821305556,37.20259000613238,38.31864472517971
786,31.1759655169395,32.163155826131,33.411251608137725,36.665430478314605
787,27.204246903800286,28.63482353523916,28.69197673301766,28.75637731824965
788,34.53311244514017,36.77534154670362,37.10525751298571,37.265125074531724
789,28.58481157049696,30.39988964660989,30.87424175850128,32.2759037210249
790,33.459597702466006,34.145270963270484,34.52566728964497,34.934335455071945
791,26.425252637008782,32.53546695701121,32.761331487765396,33.125871554391075
792,25.469476950441962,29.12493887505859,29.50804867096836,29.67166609762556
793,30.408469765144037,34.26933178418842,34.579062848550095,35.00062434600033
794,28.079930553959333,28.569039997972233,28.817174227720045,28.92694162397774
795,29.621597578892974,30.22525845530989,30.523644429878022,31.224691017471034
796,36.59320653975521,38.318142413601606,38.79635263670856,40.20382718998308
797,37.94690485779259,37.98996954318945,39.24958750741018,39.60597725760045
798,31.63591045221025,32.56661515381183,32.80436789201176,34.3641724249372
799,41.47265926029452,41.96833952317947,43.12302594281561,43.16987905900966
800,40.822649982434264,41.92252847509153,42.35529753154469,43.216318557069584
801,28.804824514908393,29.423184493776652,29.729590871565893,30.69314965084949
802,29.534943794006438,30.4195424383567,30.552507011836394,30.706341303594193
803,28.298141453333148,28.879986828546965,29.314236491328316,29.540998667791783
804,29.426877641839774,30.255009897539605,30.462337504871744,30.84750741390697
805,34.5364864618465,34.77793406406401,36.87456302137095,38.62818692701139
806,34.703416339605546,38.44073874563478,39.05569032870643,39.15233846931556
807,38.403848650579434,38.987993464894195,39.06335714745754,39.49646011769171
808,39.25942353747644,39.786440485466656,41.91700899526317,42.22814728353971
809,33.549218374268875,33.63944388993102,33.740700895963414,33.92720573858377
810,32.53662096593566,33.51534128705694,33.664989826408444,34.69644961868254
811,36.262758608293886,39.157907285069236,40.340226499439595,40.68779276624269
812,32.08616745436253,33.33976288821227,35.34842596137514,37.425504153193664
813,24.164428630705444,27.4999200510945,28.296503418024397,30.515055131165983
814,31.561235248446884,34.1973839211123,35.06525037411306,35.3010980500024
815,30.890661711902933,31.843085708655405,34.78840549768631,35.12503008157705
816,25.047762642553906,29.626064174333067,32.99139823361619,33.165015266273244
817,27.088493625638897,31.83830039662493,31.941134458923038,32.01392244330028
818,29.016575388567414,29.20550696517196,30.95226402955522,31.314288944855495
819,38.43100798659167,38.84097948653703,39.01123520494828,40.58869156888317
820,24.702286359993547,28.857865680597552,29.6054518095015,30.001943304599774
821,30.03054601414152,32.3571535584313,32.84389148956323,32.95734199842265
822,28.547891780545267,34.889273097835954,34.934335455071945,35.0849170122795
823,25.180823075465867,26.942537762984564,28.301595603168362,28.574474990385575
824,32.450467356210595,32.46431077743437,33.88660529272883,34.936808200520346
825,40.69258305985237,41.76169133527726,42.674579314849915,43.17803009293435
826,31.3863861067691,36.29218776176649,36.95820561958968,37.6996496326855
827,29.255207390209787,31.63237552687576,32.43699186991909,32.656164038677005
828,32.75256395762543,32.89787593962857,34.16306141981649,37.43891394438269
829,38.25288633450355,39.34632634142093,40.142191208386976,41.18873918235109
830,29.74546748524003,30.987704783029788,33.47370961941718,33.79173388197797
831,23.400685598569495,24.7134305109854,25.043775751297936,27.4170019721587
832,29.666717700917793,30.16729507169293,30.935787856005973,31.56890038864171
833,35.007315976275855,35.247978196261315,35.26766449145153,35.357849402244305
834,30.87424175850128,31.078316950923277,31.08815574230662,31.416000518997183
835,31.167975510551933,31.473482254147296,33.31643773852019,33.99969938422715
836,31.356756402257425,35.136785439789286,35.9729205737352,36.415465955067354
837,31.228438446913984,31.61093474398425,31.845264342305043,33.048079208200804
838,31.159372494606142,34.05986956060496,34.27397872539212,35.15309324214587
839,34.6229975814321,35.662933135041534,36.74095834902066,37.93732384153717
840,28.857865680597552,29.634612508575458,30.374783752935546,31.114202713017114
841,32.49722186140829,32.737765964732944,33.357041711785044,33.85600289923135
842,43.16592694072022,43.59640769165139,44.64059641436263,45.70196201263673
843,37.28470352431545,44.277929265288584,45.79113680963398,45.96976361210632
844,28.49675135156999,31.40740711461653,31.657504457966855,31.932789918605465
845,35.263709718425396,37.49666049037644,38.01405481905916,40.28377679284163
846,39.12548293458513,40.070312215562964,40.34105288739896,40.861433888496514
847,22.479192523349152,25.205992755209685,26.976215840516822,27.93469954749829
848,38.49657760514045,38.79693436101214,39.33255077178371,39.74470079795545
849,31.42140121953883,31.703150688526684,34.85467801232835,35.53096975082835
850,28.05024557914689,30.881572361312,31.088676385200973,32.1640023233179
851,29.76022585363419,30.700279354596294,31.08815574230662,32.28493571488429
852,33.96663642491367,38.43768497050091,39.05258359024686,40.37319380954555
853,32.07218884022605,32.33260304317571,33.7769436022438,35.73231717567985
854,29.509375947914915,31.333790298415316,32.37105508023178,34.09210348677787
855,33.281123935710504,36.03807079934951,36.2655205894796,38.163592514625115
856,44.034288823779704,44.345494007477576,45.165949094458455,45.39002698550664
857,35.632460827268076,36.05329732220777,36.6564399739141,38.10403965726766
858,35.27952071731821,35.57724479390804,35.8903579726555,36.73781939707607
859,29.28031843906901,30.106049876403493,30.81362519420058,31.24038760027674
860,26.136948205654143,28.804824514908393,29.29892095004368,29.83147093698336
861,31.95477874576256,35.09009502482222,35.97855344716122,36.19303192717909
862,25.846728252477366,26.415262575921187,26.80968564699297,27.657584141891032
863,36.04074251733751,36.10104513238617,36.58768615755035,36.78016529089595
864,28.210687842977126,31.646871691158015,31.866639572546,32.012601046945996
865,27.456575880279747,29.55505192224003,30.658197165200818,31.334392113991445
866,31.49100654191451,38.29601855026995,39.40615575646902,40.82077775828403
867,31.41600472200721,31.518974525237592,32.85865447642198,33.80848213181512
868,37.36445743960615,39.717843539256144,39.76694328512172,39.916595632703796
869,31.10481352665122,32.23709632478379,35.56495255508031,36.835900327730634
870,24.7134305109854,25.173829307400563,26.646455610385928,27.52658609428125
871,23.949879303648984,26.22027170009824,27.622205454911814,28.576902080939355
872,25.60700299625666,26.849514847893733,27.333362380159805,29.322729603245484
873,35.47967107001912,36.19620614394723,37.49031964940085,37.552989570536106
874,26.930448940503066,27.457505879336626,29.58327602429598,29.669055640636437
875,26.93107551780715,29.361408616519334,30.74392066869393,33.32599453950504
876,28.121171909362214,30.68054881319216,30.730194730743825,30.737814289879598
877,28.833360381205523,30.66339708123422,31.006098909111838,31.403194275279766
878,26.75486726408382,28.32693156861568,28.910469352023547,29.259071520451382
879,28.54021944942108,31.364512950727168,32.32713653574188,32.988261592763436
880,28.59307702838078,30.40144885375493,33.56678644084255,34.453498985306126
881,27.995611159398184,29.38901747850163,29.44787623985616,29.67166609762556
882,28.21087878582542,30.249278971520685,31.24476075336596,31.78826112009881
883,35.159112805902154,36.2655205894796,36.94542063701627,38.301172733311915
884,27.061405002439656,30.06178655849028,32.03680224934865,32.55284219879651
885,32.31611784141665,33.50048964258844,33.79551195754666,35.078029135037035
886,35.60360238449303,37.18118173773415,39.54185494103141,39.88592972234454
887,28.337826901294953,30.6845792601192,33.099763868962576,34.18798528964215
888,27.4999200510945,28.95758490927364,30.320028586494182,31.95063356878176
889,33.63678524153993,34.72025662534657,34.941788679814536,37.71528524949975
890,42.02320691568799,42.994313311314706,44.19283595066049,44.226151870762315
891,37.594338612170446,37.60382906104137,38.191606434550195,38.35681703235262
892,34.04145947743491,35.61862212811925,38.26274382742418,39.73900519654386
893,35.24448105473083,40.23765020755596,41.474257681381545,41.57680545132126
894,31.55369970376024,37.4915130130307,38.68422219912789,39.243889348238746
895,24.763623560612917,28.456561190747156,28.886286440745767,29.518852031004783
896,33.77991603600352,36.131238633860285,37.83651422374119,38.865894994144355
897,28.808629914079056,29.286394788761054,30.159949667488906,30.39988964660989
898,35.42211450939845,35.54678179363572,36.12115531498782,36.92054445180132
899,31.922398245376765,32.263048555043945,32.522582504571844,32.72319845048132
900,32.15827220276706,32.66613613531418,33.169593675721735,33.39374175957668
901,23.84361674800243,24.640943195160567,26.051308804711365,26.350699868654207
902,25.97451460008038,30.889160525466767,30.895310661093085,31.596413497984393
903,29.901628391078575,31.162752145351824,31.31355932652458,31.43570603868029
904,31.35704501052169,31.630524775402275,32.23828239830072,33.04659079561505
905,36.1959992535595,37.45239201156315,37.81522201242955,38.01203811105118
906,38.759627762598384,40.54135240608492,40.66268640378547,40.829469293623845
907,28.873752309655693,33.00553022077536,33.08051574264843,33.34906923703598
908,27.404614304523598,27.50956425651963,29.230474605982927,31.982876543873434
909,30.589085023941095,32.65911463755781,32.90729284482513,33.29580358609512
910,34.86808808761236,37.692857124934505,38.26823800498054,39.327361286374206
911,29.68631280745435,31.18632644890943,32.54975126269371,32.62608411243159
912,37.25114939883263,38.29061103615587,40.18300379269779,40.8628131590755
913,34.020662013149,34.49472244669215,34.645244450190006,34.83508533475419
914,34.38948875851047,34.61699078544628,35.535970538218656,36.13992588084048
915,31.27538712312279,31.648288760949598,32.82821366238635,32.948019202289174
916,32.083797533153735,32.62486190353809,32.92758702423912,33.46851717456598
917,30.736015179159597,32.1105430854053,32.18655823139245,33.32359287742951
918,27.018776834545108,27.148244933371185,31.08272073606216,31.621109556780667
919,28.50646205021097,29.221467799077992,29.30087386404252,31.311353592775507
920,27.68388193515829,27.859039495462756,28.21087878582542,28.823571853155876
921,25.49238610033169,27.073237209436225,27.676918298985566,29.211613401416592
922,34.1973839211123,39.661509766716385,39.71675913392888,40.14919988064398
923,34.16461464860105,34.45155450220724,34.68265890679201,36.2298824789021
924,30.331597802129945,31.111082293574245,31.874077716356982,31.893102980076982
925,26.645285915675128,28.974383736565706,29.09280933288415,30.893415880217454
926,28.68953450670549,29.255207390209787,30.842079956937322,30.904643428597968
927,27.113609282033394,27.388521431526797,27.48571141608999,27.524391771398893
928,23.542703071908043,23.8946432813001,25.037702550975773,26.998993483479737
929,34.34517885852474,34.88690841643372,34.90692883043707,35.50141747564185
930,25.948891301950148,30.693881467449476,31.7601909877882,31.922618557064187
931,28.81182649210879,32.22084076842766,32.587158936830626,33.29533043126954
932,27.303431766162927,29.216474110498726,30.57236480494228,30.733163238077992
933,26.939826454858622,30.07409341531376,30.622641823919636,30.92581446877409
934,30.201483462878237,32.07218884022605,34.22272684044176,35.8481290536512
935,41.18094763406475,41.2311736649784,43.27489906329246,44.33560745784663
936,34.30450681112198,34.90877797005781,36.32841788962388,37.40959159011299
937,30.57151798285083,33.30794070304077,33.50944081967755,34.13150236040042
938,31.3863861067691,31.983665378355585,33.63488022880079,34.78949931120687
939,29.370800218643282,30.955178031140296,31.164208133807335,31.262352052359986
940,27.31154750637736,28.286819718759343,28.35957839116029,28.651654799268922
941,24.66399548315285,29.164483076119442,29.372890935812386,29.487541827643735
942,39.02171567292319,39.679067869092385,40.36976169111974,41.51048526980666
943,27.928774476204207,31.865383803366285,32.28561929831664,32.70212670594329
944,22.18734310292673,28.130089508666497,29.370800218643282,29.43643605138346
945,32.82806213069989,34.27395550638901,34.45048196748288,36.02326845661996
946,33.37514349514888,33.689227081856856,34.16306141981649,34.976540396405426
947,30.15167012958446,31.91588431168076,32.35611867653354,32.81640543158024
948,27.89592967206815,28.127594152247607,28.99857219987448,30.274455797813207
949,31.3606504652257,32.63716008851911,34.287594836264766,34.476139395513094
950,28.875416941624422,28.967150273390672,29.544544195431556,30.039241765543032
951,27.859039495462756,28.917347603765485,31.55995676606633,33.573288897209
952,35.759375726298245,39.81063332157648,39.83639633247178,40.01997850899258
953,28.009844315153128,28.140921165111244,28.20476658011566,30.179048150377206
954,27.342996984589895,29.77340083917732,30.577482109612422,31.83203472275236
955,31.80597422217887,39.27322790059086,39.91281860182985,41.676638089907485
956,27.088238836243757,32.43943075210787,32.762215388801465,32.936092056494374
957,33.048560842509254,33.548204565908826,33.945535293174956,34.08252515276388
958,38.85666652649825,39.45342500965554,40.14461901391025,41.389403467965536
959,23.84361674800243,24.570104971570395,24.777397039438746,26.950523339930815
960,27.811512751228964,28.210687842977126,30.701622016498327,31.185500126022067
961,31.167975510551933,32.307924918649874,35.17621943376721,36.71463959223461
962,32.92998669375664,33.69364004793855,34.30823052171801,34.49402998036896
963,37.778202877441096,38.313499906892716,38.41283709285242,39.75655629520542
964,29.897307547312312,30.819488425138367,31.5652815482088,31.963217548572487
965,32.06349580816207,33.97630170553622,34.54400274437047,36.62552316707767
966,29.876798917285697,35.409358645337406,35.625235012259694,35.87790724236015
967,34.55667527115363,34.97373142021388,35.580478258173954,36.017262804030075
968,41.57680545132126,42.21707068179277,42.274562091766384,42.47346038961113
969,26.374698242616855,30.387573219830255,31.95628990204058,32.105135710353444
970,28.32693156861568,32.724831035371984,33.06976128479432,33.13080642900657
971,33.789274469794954,36.577365842638244,37.85547342670451,38.25407840692689
972,31.15742139353708,34.33055145895029,35.28031717660635,35.50565136824008
973,29.05570449370615,31.006604333370003,33.182772106241885,33.596163964896405
974,24.079793628703055,27.359937421299783,29.14038731902224,29.259071520451382
975,30.668203667077165,31.98210584071924,33.55596663542273,34.26324156996964
976,23.642428468186612,26.458520234435653,28.569039997972233,28.57581552865603
977,38.01363310843608,39.06487718755344,40.335672564418644,42.09861914402853
978,28.59307702838078,29.356336591704157,29.974835403239116,30.64458088098448
979,45.23181241836394,45.89621275307178,48.069009767077645,48.08539963572497
980,27.372534869626506,29.661467900606937,30.953881465581038,31.365119774020993
981,31.828328262621945,32.656052057553616,33.332303765208025,33.702891722739786
982,28.174323976131703,30.622144799102614,30.953881465581038,32.49403311149799
983,23.789751341199988,24.75769949302018,27.489785317338285,27.676918298985566
984,28.68953450670549,29.76022585363419,30.213587996442186,30.75156049726353
985,30.003460465773976,30.420139391665952,30.831910445465873,32.98400459190204
986,23.25917818499089,25.75645620385816,27.528072567820942,27.95629765233677
987,37.28470352431545,43.17088260684006,43.80834012029064,44.32065318818619
988,34.871038488693195,39.87715498757987,40.28189582295042,42.958210669671615
989,35.25953204753722,36.75334383839453,37.622697606363324,37.6518598998749
990,23.705224377672256,24.571562372802198,28.27177263395927,28.63740296586375
991,32.10665053970575,33.19542022690722,34.0084570461989,35.28759613508226
992,32.8568256261181,33.07217991595824,33.566219048091185,34.12804384846136
993,29.63475482409165,30.320210362171753,30.374783752935546,30.452443448810314
994,37.054648610704675,38.044019963106166,38.61406217563145,39.23455202408407
995,36.669417426082376,38.030117807405446,38.290536434559634,39.22147186000703
996,48.27018997872411,49.076512802667544,49.254059805449415,49.50926866456107
997,26.68011013224003,29.249139815037807,30.231285545775624,31.500001977257547
998,23.400685598569495,26.646455610385928,29.674930152113753,31.20514790175097
999,32.27150255733697,32.907549156200886,33.36793573199539,34.411441819704635
1000,32.427114344853145,33.10981939797135,33.47275474174074,34.04466709975353
1001,24.172192634983332,26.343609853076075,32.21825033128274,33.1625398331902
1002,28.96818006563152,37.293843349309235,38.423729767001085,38.481213286453126
1003,28.626864019047183,33.3788006496857,33.63831215740426,33.905810890600186
1004,29.064215634422162,30.85234436925756,34.202783920581076,34.71560728332306
1005,32.84979044779771,35.99377865886749,36.01046104817547,36.06283588223872
1006,26.675474878244664,31.051330175474153,34.031128800120165,35.28063628207816
1007,41.01957035859504,41.26653812466276,42.0851111323502,42.37033362854019
1008,38.06361503384011,42.80062459975102,42.989514155051154,43.11619051186672
1009,44.82630891692028,46.08824548656512,46.217502500913234,47.23351238866465
1010,35.59622632553295,35.67500959449581,36.078992822631506,37.17209351656468
1011,28.723735984422895,29.103078581616472,29.688284793730784,30.210981588220328
1012,29.618822325078316,30.688147135131818,31.002805678786487,32.07546769331203
1013,27.333362380159805,30.913395181579247,31.048337310586987,33.13651447461064
1014,28.03625195334623,33.57788759861617,34.32382545533377,34.69098736641391
1015,23.73247865879081,28.607640914328865,30.403559686771914,30.91449415734539
1016,30.85234436925756,31.068268938582683,32.3378284182292,32.66342721540769
1017,28.872424471075128,29.1261368465272,29.168566595990377,30.20016840337841
1018,26.08722628028551,26.286025582098574,26.524900565950308,26.573574418554436
1019,32.07363661940383,32.16164258500277,33.54995252197309,35.05377068234854
1020,33.01353704831843,33.74681410308661,36.17149250065481,36.247897645041796
1021,27.056328894875616,27.218603022057227,27.905657490793388,28.25326721171695
1022,28.237680849816,28.830166333163703,29.973773488023237,30.209184579665905
1023,34.199156996382676,35.87472069092699,38.74935207466863,39.14219278237619
