0,1.0069426987176946
1,0.9912620637548031
2,0.9923048159800645
3,0.9974962770437988
4,1.0416657758313836
5,1.0124109696761645
6,0.9975024183361928
7,1.1052792019299011
8,0.998952302426512
9,1.008887096030454
10,1.0045221338941084
11,0.9992882941266094
12,0.997042825693021
13,1.0031353933796119
14,1.017198026590485
15,1.0127467858334844
16,0.9909837524058606
17,0.9946597150394373
18,1.012064839330858
19,0.9916626350575612
20,0.9970332898726287
21,1.0275425102038092
22,1.0185989895776908
23,0.9989247904654872
24,1.0310201995035242
25,0.9929512686624874
26,1.0590793572709578
27,1.003534958461397
28,0.997686136116527
29,0.9933973272095576
30,1.008747800980374
31,1.0099011864075984
32,1.1123900638650581
33,1.0023546311233313
34,1.0800346546602975
35,1.0192121485024404
36,1.013581449769699
37,0.9968487724049226
38,0.9962578988121846
39,1.0165343947920142
40,1.004022718312595
41,1.0172846831927913
42,1.0071436574310113
43,0.9928509167159141
44,1.0043571103038182
45,1.0063848769102035
46,1.0259574504625095
47,1.0045839964308465
48,1.0102282190662295
49,0.9978667338408675
50,1.0265449236398836
51,0.9975676618904292
52,0.9985020893015899
53,0.9972966109409787
54,0.9935842429344568
55,0.9999511945760651
56,0.9897164821672215
57,0.9974913286412692
58,1.0083844341507118
59,1.0382950045670758
60,1.0036234526037058
61,0.9949388549886409
62,1.0318675738662964
63,1.0352073683935348
64,1.0112172383583378
65,1.0472659952191066
66,1.0211197614562422
67,0.9930040362199495
68,0.9945308702711154
69,0.998477154464815
70,1.0165281721773956
71,1.0141013702851351
72,1.0115368234009288
73,1.0168689920804184
74,0.9908604782334653
75,1.0310553378533525
76,0.9977462419362544
77,1.0209017717161726
78,1.0012878402555643
79,1.0111134416612064
80,0.9963227990807513
81,0.9953315985522813
82,1.0138116316302865
83,1.003793617617413
84,0.9890919975750145
85,1.006861944626985
86,0.9973840188124404
87,1.0005996596027569
88,1.0151472313153784
89,1.0081025610012677
90,1.0189122878542918
91,1.0478001731136297
92,0.991679129279837
93,1.026186967142173
94,1.0395519521464913
95,0.9982735987213087
96,0.992903774881717
97,0.9902069462696053
98,1.0047417642036494
99,0.9955307782040408
100,1.0607065857615465
101,0.9965126580637709
102,1.0096261114430294
103,1.0126588502137404
104,1.0057676426168283
105,1.1178859154179648
106,1.0010269211759435
107,1.0048054783244496
108,0.9955607827109366
109,1.00377566242791
110,1.0232589885301224
111,0.9979907157013344
112,1.0744667308044242
113,0.9924057381136748
114,0.9916205873290163
115,0.9983469013311818
116,1.0107355442318087
117,1.027954016330701
118,1.0369819305651973
119,1.045245088014366
120,0.9902733711054549
121,0.9967255479950319
122,1.0023786857425947
123,0.9941627609482169
124,1.0018263233309785
125,0.9960660288570313
126,1.0259537827515075
127,0.9966145721942433
128,0.9925233892203166
129,0.9906938719023032
130,1.0245482482149073
131,0.9976249741342669
132,0.9989993792119326
133,0.9950080851921626
134,0.9970711780923325
135,0.996782552518635
136,1.0126410477428083
137,1.0118389642609396
138,1.0096713483111799
139,0.9929448939120873
140,1.005512196163713
141,1.0016806868323598
142,0.9953270627563965
143,1.0065162959649119
144,1.0216275916059285
145,1.0084226985075784
146,1.022371339082453
147,1.0130196575736103
148,0.9937054631775659
149,0.9998927388102168
150,0.9980757660151794
151,0.9954258702890442
152,1.0552035431786733
153,1.017956609166145
154,1.0069159566107635
155,1.0391294789071777
156,1.032209401578878
157,1.0195722823483289
158,1.006841627670042
159,0.9918999833341497
160,1.0129082831693348
161,0.9965088994930568
162,0.9948519060572194
163,1.0423306807368815
164,0.9874881431621518
165,0.994686774279298
166,0.9965151499010763
167,0.9918805629053543
168,1.0339767640236157
169,0.99842923384454
170,0.996793477377244
171,0.9947151193975775
172,1.086996689351463
173,1.0218902625013455
174,1.001924075168167
175,1.0443410563914575
176,1.006522387314608
177,1.0271204312705207
178,1.0091330734380795
179,1.0344906343300577
180,1.0157676426035238
181,0.9960392637034405
182,1.0377642561901368
183,0.9974146314343026
184,1.002235571389643
185,1.0145236368194617
186,0.998779324899285
187,1.0068160982568801
188,0.9927673020316927
189,0.9910411902589144
190,1.0443323636688373
191,1.0029582783403383
192,1.035555152416245
193,1.0222682160583163
194,0.9950440628909708
195,1.0242176496371325
196,1.046777131693414
197,0.994885244725626
198,1.128669720855103
199,1.0129889605584934
200,1.018146845285512
201,1.076215748386511
202,1.006934938954517
203,1.0611689636768444
204,1.015877453060088
205,0.9964099619108454
206,0.9972758172778837
207,1.0071745092505857
208,1.0024909099642212
209,0.9950782314913202
210,1.002529767658547
211,1.0129317176792831
212,0.9939774138488926
213,0.9948196129449499
214,1.027426567513971
215,1.0235652705105835
216,1.0042185727077162
217,1.0323401028353345
218,1.0158421037623655
219,0.9999284002503712
220,1.0233235321609877
221,1.0071851373215948
222,1.0272142825900215
223,0.9940791440790904
224,0.9952113713617816
225,1.0312236260188512
226,1.0079276363835148
227,0.9945285524843412
228,1.097743071903662
229,1.0067895001751168
230,1.055872069217905
231,1.0412441078586947
232,0.9953149782413613
233,0.9940689291426096
234,0.991936246789769
235,0.9955879002959591
236,1.00183275971921
237,1.0035262508869307
238,1.0343944653929387
239,0.9975779083049059
240,1.0483410787177323
241,1.068313210997809
242,1.008572039717186
243,1.0008348015913815
244,0.9954059648670869
245,1.0148893093362965
246,1.0395695705813053
247,0.9969314023605134
248,1.0014541737990612
249,1.0098526838229085
250,1.0123679056805333
251,0.9924005244094279
252,0.9960963637469937
253,1.005541707353812
254,1.0174886359319482
255,1.0244935666915307
256,1.0132957271837717
257,0.997683477514045
258,1.0163072683490404
259,0.9991425157385303
260,1.0225377029076501
261,0.9873266343798472
262,1.0012072788837045
263,1.0396111561054326
264,1.0644186304497096
265,0.9927068375350652
266,1.0542284350610258
267,1.0035648652000804
268,1.0019579649333172
269,1.0425881957541137
270,1.0128780628963137
271,1.0191209700390644
272,1.0347161171848906
273,1.0054300046650793
274,1.0206920973930798
275,0.9968944902181995
276,0.9912174712176471
277,1.0097718745640425
278,1.0291438794286836
279,0.9914979716530459
280,1.0655421392519864
281,1.013035194179762
282,1.0335333953593056
283,1.0147974790033816
284,1.0485654741267563
285,1.0008558418240554
286,1.0173444461253922
287,0.9970702474134278
288,1.0243867851385748
289,0.9957486911470428
290,0.9957237234079177
291,1.0103150369867897
292,1.0010049766694924
293,1.0010217878664858
294,1.0319425549396821
295,0.9978290565388388
296,0.9970643122897898
297,0.9925226601696756
298,1.0204753451590838
299,1.0823948616686183
300,1.0371260585620279
301,1.0351154421754123
302,1.0002498559215254
303,1.0383106319417184
304,1.0010656081649383
305,1.0117340166752549
306,1.0110101626662338
307,0.9922491704943233
308,1.0238607845283334
309,1.0507742120796177
310,1.0936281586433432
311,0.9921136154730278
312,0.9941092016520263
313,1.0606188509527716
314,0.9981658239448477
315,1.012841389603526
316,1.0000212448165784
317,1.0230804399636626
318,1.012805579416613
319,0.9902153533082625
320,1.0016361435715355
321,1.0259438859588277
322,1.0062857161891494
323,1.0153864287707672
324,0.9890209868841273
325,1.0048359727247043
326,1.0025738541979758
327,1.0089869291627562
328,1.0125619152607817
329,1.028638911325026
330,0.9922352829665229
331,0.9962200839474457
332,1.044775332907066
333,0.9973826062257493
334,1.0028909753533763
335,1.0610744109067185
336,0.9938393103644064
337,1.0368967968821634
338,0.9988273871160334
339,1.0262528275869516
340,1.0073428370926645
341,1.014883504429445
342,1.0174685967321333
343,0.9931173793463471
344,1.0170164192363993
345,1.0155034518676005
346,0.9991261731410012
347,1.000200136005823
348,0.9978154868244822
349,0.9970608349699337
350,1.0609788156980184
351,1.0014958986551803
352,1.0214338291757707
353,0.9959282402704503
354,1.0022729490684148
355,0.9959155809446518
356,1.0063240609145936
357,1.0015632222637076
358,1.0317361997583576
359,1.033418353005697
360,1.0141704898710893
361,0.9940533953861694
362,1.0145617522260135
363,1.0191071860279022
364,0.9905515876403542
365,1.024585152254557
366,0.9974686716032052
367,1.010338040772381
368,0.9992913576597138
369,0.9982373023068272
370,0.9989618081311344
371,0.9978148523490771
372,1.0477549520678124
373,1.05174179908541
374,1.0304213225350005
375,1.0021029290386618
376,1.0042625218274384
377,0.9939284325606652
378,0.9995140931313369
379,1.0350502390319813
380,1.0452933760603933
381,0.9999851224266068
382,0.9938208132306625
383,1.0065804141907129
384,1.0279942541714613
385,1.0067946395511866
386,1.041025927223324
387,0.9916372112203575
388,1.002664768027172
389,1.046088339710376
390,0.9966956921511171
391,1.056497587294969
392,0.9929039845475447
393,1.0032367109062599
394,1.0087006405806538
395,1.017220447966888
396,0.992142649263329
397,0.9940456540146256
398,0.9989705239486248
399,1.0287231703196054
400,0.9999067873429855
401,0.9861637587447797
402,1.025837338454993
403,1.0235200387789976
404,1.0090306769990771
405,0.9992726343231281
406,0.9992890654821955
407,1.0201437517284004
408,0.9978578537904255
409,1.0585278456283866
410,1.0063855268540545
411,0.993758220847573
412,1.0582750288831477
413,1.0056226277803235
414,1.00842916305286
415,1.0055415011345756
416,1.0307429057608282
417,0.9920178965167021
418,1.0118777465185333
419,0.9969074919451568
420,0.9952028629000944
421,1.0403326823742947
422,1.0157526845549067
423,0.9903830815668776
424,0.9991031532048776
425,1.0135146409086229
426,1.0043304268286821
427,1.0289659187382858
428,1.0207577949929254
429,0.9991892047404646
430,1.0011611501833446
431,1.0018510030297263
432,1.0149745287297929
433,0.995241768795723
434,0.9957390519414312
435,1.0418344411209208
436,0.9902971232688592
437,0.9974732480688843
438,1.0304184570936694
439,0.9905832395862619
440,0.9902755011918187
441,0.9953294163811527
442,1.0306085445168847
443,1.0362359203910978
444,0.998976858029081
445,0.988832747726599
446,0.9913869748941811
447,0.9948984833119099
448,0.9992243565670365
449,0.9941367005937756
450,0.9976746986365581
451,1.0015854153945352
452,1.006299269249725
453,1.0195904546902599
454,0.9886951001912401
455,1.0037022028422666
456,0.9905282124144779
457,1.0039210590055716
458,1.028408531546813
459,1.0043139331434334
460,1.0504520738702228
461,1.0717619824246465
462,1.0045513922628546
463,1.004732993448521
464,1.0040625304260058
465,0.990172747495009
466,0.9923157808974772
467,0.9951616006346697
468,1.0910572696691485
469,1.0271437721431482
470,1.0221843557526418
471,1.0128753764856318
472,1.0075107588370047
473,1.0091264126594455
474,0.993895690934097
475,1.0317750847891962
476,1.0215403639376028
477,1.000660973303964
478,1.0597518560341896
479,0.9960245590137721
480,0.9954773061503124
481,1.0473425925366826
482,1.0429212249333522
483,0.996432274449222
484,0.9983999482395169
485,1.02379292294968
486,0.995223739008936
487,0.9893490285184777
488,0.992540006836776
489,1.002900789666103
490,0.998727381749785
491,0.9991186359999233
492,1.0040804367776137
493,0.9954853048252529
494,0.9981793383994619
495,1.0095340679674265
496,0.996740727467857
497,1.0007112503439461
498,1.0090883120380956
499,1.0390475373297337
500,1.0047367440880643
501,1.0206804784560393
502,0.9968807465930005
503,1.0427488588500071
504,1.0464401004228652
505,0.9987416173989263
506,0.9958720393347047
507,1.026330332969879
508,1.001571338862949
509,1.0114211656969965
510,1.0403616969609617
511,0.9989011886168477
