0,57,244,448,480,54,493,383,150,401,66,508,162,108,215,423,33,88,212,134,402,132,261,154,424,355,42,296,86,219,76,69,351
1,331,36,131,433,259,243,479,349,189,323,17,125,209,406,74,149,275,437,67,488,233,223,213,45,279,6,19,197,472,49,466,454
2,487,164,219,285,261,145,113,58,80,380,262,411,448,212,324,33,483,511,247,296,108,162,69,28,471,115,86,257,462,85,440,129
3,456,346,120,56,251,436,371,161,169,165,122,465,352,377,123,451,290,97,232,392,387,177,133,344,301,381,494,15,348,70,176,185
4,243,189,131,27,72,12,49,426,260,488,191,194,25,213,443,10,368,62,136,116,479,459,71,417,6,445,502,277,453,19,259,35
5,74,209,490,189,259,445,306,422,29,248,6,406,139,131,454,14,305,25,320,467,11,223,429,1,488,67,213,60,378,265,339,459
6,189,467,490,445,479,197,17,437,488,398,454,223,368,12,167,1,243,96,149,35,74,116,45,406,9,442,19,67,443,331,459,378
7,293,504,170,336,95,193,111,68,484,319,357,250,446,506,258,389,341,142,101,205,345,252,413,491,267,198,343,208,187,26,53,334
8,436,165,366,234,55,120,122,133,494,455,176,99,387,290,61,232,476,346,408,377,37,106,428,159,158,418,94,251,210,315,161,237
9,194,17,10,479,281,490,197,472,6,243,1,433,149,167,398,502,46,386,19,481,189,417,259,96,36,475,125,191,496,459,403,67
10,502,197,24,191,281,9,167,309,437,189,429,259,398,131,488,248,67,417,72,479,472,199,11,17,443,216,354,422,194,71,349,25
11,96,289,488,429,30,139,454,265,445,409,14,74,354,83,29,349,167,200,490,24,496,466,459,17,233,510,12,417,25,60,281,19
12,243,191,265,445,19,307,74,6,488,279,223,213,227,1,417,368,453,96,289,194,386,25,83,11,125,233,116,331,510,398,17,454
13,411,324,401,171,47,511,98,360,86,285,440,33,80,164,261,2,295,113,85,18,483,247,114,129,449,266,404,257,262,460,244,162
14,24,11,429,349,289,74,139,30,403,417,96,207,454,306,502,27,453,5,175,29,305,398,10,496,197,223,320,191,275,259,406,60
15,352,56,346,236,97,348,165,392,465,169,276,232,494,38,455,3,237,176,456,489,290,43,315,327,377,436,353,366,123,177,302,251
16,188,326,68,304,121,441,312,92,148,343,104,364,206,506,52,319,330,477,333,183,341,457,491,187,81,420,434,252,446,316,208,361
17,191,216,317,490,454,331,1,209,6,9,131,96,289,125,178,502,49,398,425,479,82,243,279,429,67,29,497,167,227,45,194,443
18,483,440,485,151,76,449,401,40,54,113,402,162,444,338,511,271,13,171,115,108,66,324,132,295,164,374,285,261,303,300,239,372
19,96,417,131,445,320,12,496,265,1,488,213,29,36,490,350,437,74,6,189,25,139,17,125,466,433,167,227,194,11,497,209,331
20,346,393,297,97,126,181,165,236,77,234,133,141,37,353,405,392,99,158,123,371,31,432,290,237,61,127,347,321,288,176,370,348
21,221,55,37,392,478,276,366,236,421,120,99,97,234,90,465,235,288,173,165,290,387,146,61,20,158,169,346,458,315,210,377,297
22,413,312,148,342,68,499,250,92,334,316,492,304,388,204,118,252,356,330,484,505,446,397,319,229,101,434,491,385,174,486,111,274
23,38,377,436,126,297,84,371,120,370,133,348,396,366,31,127,325,311,56,393,235,327,392,405,353,251,20,221,224,456,165,55,220
24,14,10,502,11,191,139,488,167,349,96,49,25,74,435,445,289,398,12,510,429,417,194,279,60,307,427,207,243,406,497,197,178
25,131,139,417,349,189,307,49,27,191,488,136,207,445,209,223,427,490,279,378,194,429,467,275,74,96,45,178,19,437,83,12,502
26,153,142,226,293,446,184,95,390,148,439,283,174,287,314,180,382,182,491,121,356,336,464,484,51,187,263,274,304,166,269,101,505
27,349,260,417,25,131,459,275,45,279,74,209,67,139,454,453,426,213,467,136,422,289,96,4,277,445,265,391,199,243,14,502,191
28,244,362,108,78,132,113,54,285,2,448,143,369,257,511,80,76,261,401,411,86,483,145,151,449,66,219,242,134,42,351,254,98
29,96,60,223,488,74,289,490,243,445,11,200,213,19,454,131,17,227,125,496,209,482,497,265,429,36,279,350,5,82,378,6,406
30,11,207,96,445,368,349,116,279,14,125,467,83,243,354,289,265,62,306,139,189,466,29,454,27,227,248,71,426,200,136,307,10
31,371,436,405,123,235,465,23,133,377,176,276,414,73,220,20,56,290,43,366,127,122,224,120,165,84,3,251,97,288,370,396,234
32,56,15,352,181,392,436,122,61,3,494,408,123,276,335,419,106,489,159,161,77,146,237,366,456,251,31,157,177,315,210,465,297
33,108,511,69,374,440,284,2,423,424,98,508,86,462,129,212,164,13,88,487,285,114,450,273,338,401,115,218,261,0,85,270,162
34,43,290,232,297,146,489,221,465,436,55,161,366,393,37,99,133,311,127,346,370,90,392,97,23,432,456,173,394,455,315,120,237
35,248,488,6,189,445,368,71,265,223,139,96,243,116,67,454,82,279,305,167,10,227,62,5,131,74,27,209,137,422,349,207,25
36,60,1,125,291,406,496,437,19,197,131,29,320,331,479,467,213,350,497,194,9,349,279,475,17,233,490,96,488,426,6,199,422
37,165,346,381,55,97,456,61,133,181,290,235,127,353,141,176,237,392,232,20,21,160,89,455,366,370,410,387,146,347,344,452,236
38,23,346,348,452,377,165,43,120,56,456,195,311,97,236,232,276,436,221,126,396,408,15,393,133,159,392,99,297,294,387,61,123
39,330,304,128,179,206,314,441,434,188,506,111,336,343,395,477,447,361,486,382,109,491,308,229,333,142,388,464,148,413,170,95,293
40,132,113,508,376,129,78,401,483,154,430,411,87,219,18,440,151,171,134,64,503,360,108,261,80,338,285,324,41,57,162,202,449
41,493,253,471,239,424,369,162,298,285,448,351,40,376,495,338,132,124,164,487,80,440,244,151,113,18,257,48,242,449,78,42,103
42,338,115,113,487,247,474,440,239,296,401,511,480,86,75,273,103,355,324,493,0,168,254,28,132,424,376,423,257,164,162,244,495
43,99,276,346,56,396,84,419,311,120,234,232,297,224,377,251,235,185,414,494,165,325,348,302,97,173,106,38,347,436,366,278,163
44,121,135,336,252,81,420,92,343,364,505,111,486,183,464,109,286,144,439,287,186,356,188,156,204,205,326,68,446,148,208,170,314
45,490,1,67,275,27,6,17,131,25,227,255,260,454,277,317,209,189,445,116,479,199,71,349,496,11,248,59,289,136,502,331,279
46,194,243,490,501,17,429,9,223,323,289,59,209,216,1,227,191,139,200,19,189,203,378,12,496,167,190,443,488,368,29,248,437
47,511,440,13,285,108,113,401,247,80,239,215,212,115,355,480,257,261,404,202,2,300,50,171,324,33,162,93,483,69,360,460,48
48,511,449,324,296,440,107,493,2,401,487,113,423,244,75,383,115,212,424,285,242,98,171,355,47,164,0,474,108,57,86,13,150
49,189,131,191,25,349,17,194,1,136,265,479,339,259,275,233,72,488,223,178,398,331,445,502,209,453,243,497,279,24,71,240,429
50,444,483,113,86,151,117,239,411,80,47,171,511,2,300,162,423,369,108,295,18,124,164,54,262,230,87,493,85,150,355,450,64
51,316,53,343,382,283,492,128,205,268,166,135,140,287,439,357,336,361,95,342,121,364,226,341,252,184,148,180,420,142,470,52,395
52,304,477,319,68,188,434,441,491,148,326,379,53,447,16,183,322,314,407,446,336,206,170,250,364,186,457,225,102,205,334,51,413
53,361,304,51,68,135,52,413,95,252,506,343,492,486,314,166,156,128,328,330,183,389,148,340,268,293,287,507,104,375,111,484,188
54,483,66,212,76,440,239,113,151,257,132,493,162,448,273,124,449,108,129,401,150,474,0,28,114,480,270,164,271,18,244,80,351
55,353,297,120,99,232,37,456,141,347,161,489,8,165,393,123,159,133,463,236,21,222,346,288,43,381,292,455,245,90,210,410,234
56,251,123,311,302,43,456,346,165,348,159,494,3,366,408,387,61,392,181,297,276,15,394,353,97,377,224,436,465,84,367,222,38
57,0,401,244,411,508,261,114,154,338,171,85,298,64,440,431,404,218,98,132,355,2,480,324,249,493,212,40,108,257,33,262,69
58,511,2,440,324,80,249,285,244,495,471,404,508,423,296,115,450,473,487,401,114,69,338,284,273,164,33,493,239,88,449,431,86
59,502,131,454,490,429,46,17,45,67,10,289,96,265,409,200,139,437,197,279,323,467,167,453,74,497,259,209,29,216,378,214,27
60,36,496,125,29,349,96,213,279,331,11,291,482,320,189,17,437,1,445,406,467,490,454,223,488,307,479,209,306,289,475,19,472
61,452,122,181,494,195,159,370,297,141,37,56,408,161,311,366,165,256,381,489,392,463,123,421,347,232,456,70,8,177,133,321,99
62,243,223,189,291,125,453,30,131,139,12,307,17,426,323,35,29,320,378,306,265,4,467,305,200,329,454,496,339,289,5,445,25
63,429,149,466,349,96,190,425,479,167,433,197,240,191,502,437,490,6,378,17,194,488,467,501,331,279,71,329,125,454,475,9,243
64,171,440,404,244,508,57,134,40,218,444,401,215,273,154,80,300,151,113,351,399,411,132,369,338,242,493,271,143,298,360,239,78
65,218,404,462,93,244,69,355,57,154,80,98,431,401,261,64,143,115,480,383,0,114,212,285,151,270,47,162,369,273,247,257,150
66,54,132,202,171,113,401,0,440,108,212,151,76,28,40,18,298,134,253,444,480,215,162,380,64,218,376,239,86,41,483,474,164
67,189,265,502,209,454,1,467,320,479,466,279,131,472,45,17,331,72,167,305,27,227,6,10,317,125,96,349,488,149,25,412,199
68,400,319,183,188,505,16,52,333,304,316,206,121,229,364,343,312,53,186,397,416,148,274,342,330,128,205,441,420,322,439,268,81
69,108,33,355,487,338,448,444,219,401,450,324,462,424,151,2,244,247,261,369,150,162,508,129,376,362,431,440,423,296,373,75,511
70,251,56,476,61,452,344,347,120,297,489,463,133,465,318,451,396,3,346,165,381,235,405,55,456,23,38,123,410,99,301,366,419
71,189,191,248,116,136,349,454,178,35,481,10,265,479,49,467,45,17,149,368,227,194,30,167,67,329,216,209,259,433,277,320,289
72,472,435,125,67,331,398,137,479,189,466,265,49,10,243,82,454,497,354,6,368,4,488,502,1,445,17,27,309,427,91,12,96
73,224,377,396,77,366,387,456,31,348,165,251,84,147,428,451,438,120,278,292,55,458,346,56,43,414,127,89,235,436,393,159,410
74,429,445,306,466,289,5,1,454,96,209,488,11,29,453,139,265,12,433,243,197,279,490,233,167,459,6,27,131,349,83,502,497
75,338,355,511,244,42,431,239,69,423,401,48,493,86,108,430,440,480,369,383,115,171,98,449,215,57,78,87,444,450,285,362,242
76,54,162,411,244,98,132,401,498,270,18,171,114,440,151,295,28,474,108,129,261,483,487,351,247,219,296,449,150,218,402,448,360
77,366,20,73,476,335,56,211,371,344,393,123,297,348,161,346,133,97,61,377,37,436,141,237,456,256,458,31,157,392,232,43,159
78,132,244,218,28,215,40,480,108,424,239,257,430,238,113,401,508,162,448,171,80,262,129,471,351,273,54,483,86,266,249,143,369
79,304,188,128,420,477,206,439,187,395,229,109,140,68,52,51,446,312,319,148,330,492,16,441,413,179,95,364,208,92,53,336,397
80,285,86,93,115,244,2,143,261,108,58,242,113,487,369,212,273,164,47,295,162,401,362,360,13,54,511,28,462,124,132,440,270
81,420,188,183,44,252,148,92,68,187,267,170,505,336,322,205,121,343,128,400,330,16,345,447,138,441,397,135,101,316,304,446,364
82,96,17,125,74,243,72,209,317,29,265,167,216,479,248,289,6,466,137,291,35,433,83,11,131,490,454,488,482,445,189,139,422
83,96,490,11,289,74,265,131,25,12,194,368,429,30,139,17,406,223,502,488,454,167,281,243,277,125,19,445,82,466,497,426,197
84,235,396,224,366,43,169,120,251,456,419,370,23,348,276,387,56,465,346,245,377,392,297,353,185,127,290,371,99,97,210,318,232
85,171,511,212,338,444,483,57,249,2,114,285,257,295,13,508,270,369,261,33,440,473,401,493,296,411,383,145,262,88,431,162,450
86,108,474,401,171,80,511,244,262,13,450,113,33,129,2,117,103,480,324,87,360,164,261,162,508,42,50,28,88,98,257,285,423
87,430,171,401,108,338,262,40,500,449,113,483,508,86,444,257,244,154,151,511,369,440,351,411,462,480,230,93,474,80,132,424,124
88,162,132,114,401,212,33,493,103,86,108,261,54,0,244,69,355,242,130,80,369,249,511,58,480,296,362,448,431,85,440,239,76
89,181,438,127,37,346,94,165,414,370,436,224,456,290,234,276,123,84,133,387,494,141,217,159,160,176,367,419,55,235,394,366,232
90,392,224,158,43,169,290,55,366,456,236,84,165,405,276,371,387,463,311,21,251,160,97,56,302,122,120,177,297,465,73,123,396
91,137,280,213,368,178,282,454,305,125,72,248,265,291,502,27,309,426,472,398,479,207,209,320,116,349,131,482,467,475,152,199,497
92,336,446,486,101,330,148,506,484,252,193,356,492,505,439,420,16,81,174,128,491,343,293,138,184,44,121,364,188,205,170,361,382
93,80,257,285,143,244,242,273,423,87,401,404,462,65,430,431,47,483,58,154,374,239,369,132,78,129,98,355,270,360,33,13,411
94,353,419,89,494,366,181,165,127,61,8,122,176,159,292,84,251,37,438,290,211,370,97,367,235,3,55,276,31,294,436,344,169
95,102,304,250,53,420,397,506,68,148,328,477,293,499,135,51,319,183,252,446,118,505,343,52,267,226,142,361,491,312,359,104,336
96,11,289,167,83,488,279,19,29,265,496,445,281,502,417,349,82,223,139,454,490,74,17,482,479,227,307,233,6,213,433,466,60
97,346,165,224,392,366,290,387,37,127,348,20,325,302,236,120,288,43,465,56,377,15,276,337,297,99,311,181,428,371,234,38,456
98,76,401,13,411,285,33,262,171,430,114,57,351,511,108,244,257,86,80,374,500,471,218,498,261,143,404,242,270,162,48,212,383
99,43,120,419,251,159,297,234,315,408,232,366,55,396,311,106,346,169,393,292,347,245,451,276,146,235,97,210,494,8,353,418,436
100,371,463,405,127,123,387,55,31,297,392,235,20,234,159,221,73,302,456,292,122,347,465,120,367,99,396,224,43,158,366,97,210
101,229,336,92,184,486,170,491,505,121,312,328,128,140,319,464,142,111,439,287,446,364,192,252,343,272,135,68,267,385,109,81,334
102,95,319,336,68,225,328,250,135,464,148,390,507,361,121,196,375,52,304,205,470,505,180,142,314,308,286,397,446,439,51,182,382
103,113,115,474,132,86,162,108,487,114,261,88,80,42,495,2,324,218,480,448,242,253,78,130,239,28,18,257,401,0,33,511,41
104,293,128,506,16,188,343,166,68,148,53,304,420,330,51,336,183,486,333,95,505,388,81,135,470,357,326,231,287,364,341,477,206
105,122,173,297,61,99,463,408,292,377,106,366,494,418,43,56,127,251,161,489,120,352,321,405,77,456,181,234,100,387,347,256,348
106,366,120,99,276,222,181,43,419,302,346,251,256,56,377,392,348,123,494,173,438,55,210,297,8,292,84,387,157,169,61,159,371
107,493,324,285,449,150,511,338,48,212,244,487,202,424,313,113,383,423,450,440,134,239,86,500,80,508,171,444,460,151,69,369,399
108,511,86,33,219,164,483,69,151,261,430,28,338,423,115,113,401,474,171,80,143,54,448,47,129,78,212,87,508,215,424,2,303
109,206,441,364,183,121,316,208,204,144,128,382,336,319,68,434,205,365,44,79,184,187,170,343,101,330,188,312,446,486,174,333,111
110,494,370,235,332,221,160,126,37,237,408,84,278,127,348,456,276,56,43,353,294,311,297,232,410,61,23,97,217,366,236,181,290
111,486,434,491,388,343,135,357,121,504,148,446,128,267,142,336,92,44,101,179,293,484,308,361,140,314,506,375,208,53,363,252,258
112,459,437,378,454,125,349,60,216,149,479,320,200,1,496,17,11,71,481,255,467,490,209,277,443,331,9,189,36,475,406,354,139
113,401,202,440,483,164,324,54,2,40,239,411,108,134,271,42,480,450,103,261,449,115,247,487,253,423,47,80,171,28,162,262,86
114,401,440,244,261,162,411,487,57,270,115,296,171,88,54,285,273,511,212,76,355,103,257,295,85,493,404,298,98,80,247,462,324
115,511,431,338,355,108,164,80,42,383,247,132,473,401,284,103,113,487,273,244,114,471,362,498,411,219,440,162,2,303,129,271,495
116,445,136,368,189,71,265,191,227,454,6,488,30,12,490,289,35,45,349,167,194,178,282,467,29,11,74,442,139,223,209,137,306
117,244,508,86,285,498,270,50,130,450,143,473,80,404,108,511,115,33,399,273,471,134,2,411,132,58,423,150,480,383,493,87,462
118,95,446,92,231,486,470,361,340,204,22,148,304,135,252,336,188,397,121,499,44,166,385,102,142,101,492,343,330,319,363,250,111
119,463,405,387,84,394,169,220,224,236,43,89,123,392,370,31,371,290,465,432,366,237,494,438,90,122,234,217,455,377,353,158,235
120,99,165,43,377,396,3,55,84,451,465,106,456,325,419,97,235,23,494,38,347,232,8,366,133,173,56,297,436,392,352,123,288
121,343,336,142,364,506,205,44,188,16,68,135,252,206,434,138,287,267,330,390,333,109,182,416,446,174,204,505,128,186,111,148,415
122,61,169,366,352,123,211,181,8,3,56,165,235,456,392,297,120,494,301,311,290,158,381,455,463,105,31,418,237,159,251,387,220
123,56,297,158,217,122,392,159,141,465,232,436,414,31,55,61,405,120,133,371,347,165,432,494,3,456,367,235,418,43,346,181,20
124,440,493,239,257,54,244,162,411,253,487,80,151,500,424,448,298,114,313,150,369,113,230,212,383,401,41,474,87,511,483,360,171
125,243,291,60,36,1,189,467,17,323,429,331,496,72,433,368,29,227,289,82,131,425,265,479,277,490,167,207,139,19,96,305,137
126,23,278,20,165,110,494,38,56,234,127,133,311,384,348,160,393,236,436,346,176,276,97,157,370,235,89,392,396,377,31,371,366
127,392,419,366,97,436,371,176,456,37,146,89,234,23,290,276,370,494,181,84,165,451,405,315,297,161,311,387,20,396,43,31,94
128,333,343,330,336,287,51,506,188,492,104,68,205,385,361,92,121,229,79,135,184,101,39,109,505,111,486,53,447,81,206,441,148
129,247,483,376,132,164,162,257,151,54,261,487,108,40,449,411,86,324,33,154,262,115,355,2,69,424,76,480,295,150,369,219,448
130,249,299,480,143,244,261,171,270,355,117,86,444,145,88,296,132,401,411,483,76,162,103,2,423,69,0,114,33,154,108,487,150
131,277,25,275,1,429,197,406,189,49,349,59,490,216,502,19,17,139,339,409,223,27,454,417,309,67,426,289,453,497,467,29,243
132,244,40,78,273,487,480,66,54,401,474,129,76,115,440,162,28,151,88,495,503,103,362,411,257,218,431,154,249,80,369,493,338
133,346,396,347,173,37,234,23,120,165,55,8,20,297,366,436,176,123,371,43,377,31,157,414,452,99,455,476,325,381,61,405,159
134,440,508,239,493,113,244,485,143,474,108,401,64,40,411,132,338,2,511,480,423,107,362,449,444,285,145,0,80,450,351,202,257
135,287,336,44,343,121,231,53,397,111,51,156,484,364,446,180,434,128,184,183,486,102,95,208,142,506,375,416,420,101,186,382,388
136,116,306,25,189,305,71,49,209,349,139,178,207,227,137,27,279,445,167,429,45,248,74,282,243,433,131,30,190,194,354,417,214
137,281,368,472,72,209,91,259,265,125,189,213,454,349,136,243,289,403,194,1,502,466,96,82,74,227,488,223,248,433,131,203,305
138,486,121,506,333,92,343,505,388,81,336,184,148,101,361,316,68,385,111,312,170,128,484,308,446,400,382,144,183,304,397,142,415
139,25,488,189,11,454,96,289,378,209,131,167,248,74,227,279,426,490,417,260,406,207,27,19,125,429,136,459,14,1,305,291,466
140,439,148,334,477,51,447,229,101,252,336,385,312,263,326,111,434,208,304,268,184,79,144,135,142,364,470,308,128,183,319,397,420
141,236,55,61,232,211,347,452,123,297,181,37,147,159,20,169,97,346,455,43,318,387,158,410,393,195,432,463,325,366,408,337,99
142,121,153,434,293,148,505,491,267,506,446,184,382,319,274,196,385,492,447,343,375,361,486,340,101,336,111,252,333,135,205,439,26
143,242,270,244,80,448,108,462,423,134,257,28,130,351,500,2,449,115,411,93,338,299,498,171,249,401,98,117,219,145,424,483,78
144,183,109,186,148,390,375,486,44,140,142,446,121,343,477,345,364,505,263,206,379,135,138,420,457,252,170,250,336,441,68,397,356
145,2,261,450,473,238,108,295,244,448,262,80,296,113,171,164,483,401,324,487,134,130,28,440,151,500,143,129,285,411,257,423,54
146,315,127,99,161,159,37,392,235,97,419,160,456,61,185,494,311,3,370,465,165,56,251,232,34,21,436,133,234,371,55,123,292
147,141,159,366,165,452,221,394,236,232,489,408,463,73,393,55,160,20,346,224,37,133,370,235,358,344,414,169,318,458,234,211,465
148,446,183,308,340,363,361,250,330,92,142,505,457,268,390,477,52,312,439,186,420,68,304,81,382,336,486,364,188,319,16,166,434
149,189,466,1,243,433,223,349,479,6,63,354,490,281,125,9,67,307,378,194,331,496,454,459,398,11,167,96,139,71,467,417,17
150,449,107,151,383,423,295,244,285,54,487,448,498,483,69,0,424,440,355,495,431,508,480,324,129,132,493,401,474,76,296,124,273
151,369,483,474,108,54,150,261,440,129,324,448,132,411,449,171,18,424,69,76,40,444,124,493,351,244,511,376,242,401,162,460,50
152,479,216,291,349,209,454,320,189,207,131,213,1,67,260,317,137,426,502,277,194,125,496,378,91,368,248,6,197,255,243,62,259
153,142,446,434,121,148,26,174,186,316,180,364,206,183,135,345,68,287,363,343,268,342,188,166,457,505,51,382,314,415,390,22,319
154,480,508,57,40,162,218,411,129,401,132,171,244,355,324,87,64,474,262,257,249,247,0,351,69,76,65,449,2,296,143,295,93
155,333,121,68,439,492,491,128,156,319,102,388,206,16,434,304,180,142,416,196,464,509,505,484,336,293,148,52,22,204,51,53,375
156,183,135,68,53,333,328,507,268,95,44,155,148,446,375,388,92,322,505,186,492,121,252,138,361,319,102,382,420,484,390,506,340
157,276,346,232,392,133,236,436,56,61,37,476,106,43,176,20,181,370,290,408,141,494,126,344,99,77,237,396,315,381,8,55,161
158,392,123,297,237,90,494,432,290,20,234,141,43,366,122,347,418,217,489,165,465,61,181,221,276,251,311,55,8,405,160,476,177
159,408,366,99,232,56,61,465,489,456,123,367,318,494,463,292,251,55,147,146,141,237,43,297,160,387,419,311,133,235,358,210,165
160,456,358,235,392,159,37,494,110,394,292,146,318,123,161,414,276,147,56,408,127,89,165,371,158,61,236,237,181,90,436,126,321
161,346,234,61,494,232,55,3,392,146,344,245,165,292,384,251,405,348,353,56,99,37,419,123,127,185,436,370,235,408,381,43,160
162,411,247,483,76,480,402,401,376,114,355,54,360,440,129,132,261,88,219,124,493,113,253,41,2,154,115,80,257,324,164,103,448
163,43,370,456,165,346,56,405,396,297,237,465,176,414,84,251,381,232,224,436,353,37,123,220,235,428,133,38,31,161,210,432,348
164,2,450,108,303,113,115,253,483,129,511,423,171,487,285,219,338,440,471,80,401,162,54,33,244,261,262,424,86,13,212,324,257
165,97,396,366,37,353,120,56,246,344,428,346,414,251,494,235,8,195,276,43,181,224,61,465,377,381,452,451,38,456,325,20,387
166,304,446,252,336,186,148,268,51,457,333,121,316,343,341,364,53,385,330,492,104,340,415,334,68,357,397,361,193,509,407,505,287
167,96,289,307,265,279,433,417,139,227,10,6,281,11,398,74,17,67,502,131,354,501,490,125,422,19,429,197,9,488,178,189,243
168,257,402,247,448,244,115,473,498,254,372,271,273,42,495,239,424,480,80,355,362,108,285,201,338,132,28,86,508,511,164,440,54
169,290,84,122,99,3,455,235,366,141,370,224,456,371,325,120,463,90,392,297,311,133,43,432,165,61,15,452,251,176,465,494,377
170,506,336,413,101,345,343,267,81,491,205,92,447,121,188,364,397,68,193,252,52,319,446,148,363,109,258,400,486,135,434,334,229
171,401,85,511,244,249,64,424,87,295,86,508,440,430,411,338,13,108,164,462,242,261,113,151,324,114,369,444,271,57,296,498,76
172,330,413,39,148,304,250,174,193,506,258,53,268,447,142,343,477,166,68,361,363,434,22,153,379,252,170,274,52,499,111,186,229
173,133,43,120,347,396,366,106,297,315,99,105,84,97,221,489,56,278,21,251,210,302,235,381,224,387,234,332,276,392,405,463,181
174,343,121,92,397,68,420,187,506,484,336,505,356,153,252,333,186,205,382,400,330,142,16,258,109,357,148,267,170,206,319,188,361
175,409,11,139,422,125,279,398,459,406,289,14,131,96,331,260,280,454,45,433,445,490,1,317,233,429,510,167,17,60,200,209,25
176,436,290,371,127,346,37,133,381,8,31,370,366,432,455,392,405,20,169,387,348,251,55,3,297,89,23,237,157,15,352,84,161
177,311,211,43,392,352,61,120,3,456,348,489,165,181,393,158,232,122,451,276,15,419,294,90,290,494,366,99,297,56,436,458,346
178,17,240,510,191,502,25,71,317,49,136,167,433,467,398,6,445,209,479,91,67,277,349,125,282,279,116,216,10,194,189,265,490
179,491,464,304,39,231,441,111,395,184,79,486,415,434,330,361,204,312,208,22,272,446,287,109,148,407,382,128,477,206,101,121,142
180,304,135,231,326,441,51,446,205,314,153,319,68,92,434,102,336,166,491,364,283,148,52,184,342,252,382,229,509,505,101,225,142
181,321,61,436,195,392,89,276,56,122,165,37,106,141,20,366,346,97,352,127,387,476,456,123,494,419,394,94,311,421,381,158,251
182,268,121,397,263,336,184,135,505,101,102,375,142,252,439,328,140,364,492,340,343,186,68,111,204,51,26,330,205,484,316,274,441
183,148,68,382,186,144,188,81,156,343,206,420,109,304,446,486,390,509,319,135,52,204,16,364,477,312,385,441,44,287,95,286,53
184,101,342,287,441,142,333,364,135,92,128,121,491,304,382,268,51,484,225,140,326,109,182,314,312,375,179,68,379,138,439,447,205
185,43,370,419,84,251,56,494,235,346,465,161,371,232,276,3,146,456,165,127,159,436,61,99,120,344,37,392,123,311,217,8,297
186,183,187,148,68,268,364,166,188,336,121,252,420,446,205,144,397,343,457,379,286,477,363,52,415,390,153,461,333,345,174,135,356
187,205,364,420,186,356,341,81,174,382,336,148,252,400,79,208,121,283,16,345,68,267,109,441,365,446,92,188,192,330,206,439,258
188,16,319,68,336,304,420,52,121,81,322,183,128,416,148,186,506,79,330,441,252,439,104,92,364,343,477,415,170,447,390,316,326
189,149,67,6,209,259,223,368,139,71,1,467,25,49,131,488,331,248,116,320,454,125,479,445,265,194,243,349,136,10,5,323,437
190,429,243,63,17,167,194,197,501,490,136,74,149,191,6,454,46,459,289,433,277,281,131,378,317,291,178,227,125,71,12,307,9
191,12,17,349,386,49,71,194,116,25,10,243,417,307,178,488,24,497,279,502,445,422,429,398,277,131,167,189,27,368,265,6,209
192,206,400,101,364,68,267,268,187,334,183,312,382,333,345,184,375,121,229,109,397,81,316,464,16,505,342,144,166,336,385,388,51
193,343,92,486,293,170,506,252,166,330,336,413,356,447,361,81,148,328,492,304,53,312,364,345,446,415,138,101,104,183,44,188,128
194,9,243,349,223,46,378,191,216,49,189,479,25,368,96,17,329,429,1,490,12,426,307,83,19,488,125,417,131,496,149,277,445
195,61,181,165,321,276,38,311,141,159,56,421,371,366,236,452,251,476,419,456,367,160,97,106,494,370,346,211,89,387,43,451,70
196,142,102,361,293,506,328,505,400,148,447,319,68,274,492,155,121,101,336,138,95,272,229,333,16,464,382,267,439,252,250,22,192
197,131,6,10,454,437,406,74,1,429,349,9,309,36,96,17,479,488,497,291,167,11,216,289,259,490,194,502,403,378,29,398,467
198,413,53,229,304,492,101,491,111,68,258,138,283,95,343,7,250,128,193,486,312,447,361,506,316,341,267,184,142,135,342,434,166
199,467,320,435,189,125,349,10,67,6,275,248,426,19,277,27,45,227,502,437,378,496,131,197,445,488,479,243,209,259,36,368,443
200,437,29,11,490,243,482,496,17,125,131,96,10,429,349,403,60,30,46,281,19,502,417,331,289,255,1,426,466,25,406,59,329
201,448,285,86,239,444,80,450,168,254,54,469,212,257,298,129,440,424,107,253,164,47,360,247,508,402,145,33,273,244,108,151,85
202,113,285,487,324,493,401,411,66,261,107,300,440,2,376,404,480,383,40,449,47,511,338,369,134,114,444,150,244,483,171,124,54
203,189,490,259,137,227,46,429,149,116,466,496,19,209,445,6,488,194,139,279,368,125,467,200,131,136,10,167,214,96,433,320,59
204,486,121,343,109,336,183,206,507,334,272,446,390,416,111,385,375,420,118,22,128,44,464,148,287,312,68,330,397,491,142,92,333
205,491,187,121,357,336,506,364,51,341,128,382,68,186,170,441,92,420,148,225,283,333,81,400,208,343,365,286,267,142,188,180,390
206,109,68,121,183,420,385,477,208,330,148,16,491,192,79,39,52,128,204,382,441,188,375,205,364,446,304,153,186,333,434,388,252
207,306,445,25,243,30,305,223,426,189,139,368,125,255,459,136,467,490,349,248,479,323,14,74,386,417,131,6,279,496,289,27,96
208,434,364,206,109,446,441,121,304,135,439,205,491,68,187,477,140,269,111,16,326,334,343,267,505,361,345,420,287,504,170,336,44
209,320,248,67,189,213,472,259,17,1,454,74,139,5,339,479,349,488,275,223,398,25,433,317,227,427,467,354,502,279,136,445,331
210,465,366,251,290,297,99,43,455,302,84,463,55,159,165,489,414,419,232,387,456,106,451,235,120,246,61,438,8,392,436,123,418
211,297,141,122,366,177,56,165,251,337,348,77,61,489,123,97,159,20,245,353,311,181,377,43,241,418,346,456,169,381,221,408,195
212,285,54,493,444,511,483,85,257,261,2,487,239,253,108,338,270,324,80,107,114,33,404,440,88,369,47,164,115,469,57,423,485
213,209,454,320,223,307,1,496,233,417,96,472,466,29,19,12,189,349,279,227,60,368,275,426,479,488,6,91,137,398,27,17,259
214,349,289,275,265,279,433,131,307,96,467,466,488,213,167,209,398,260,25,479,116,136,502,368,277,6,27,490,49,19,11,454,29
215,218,480,511,78,108,401,47,440,64,249,0,271,383,244,132,376,171,113,66,508,430,239,154,134,28,404,355,115,75,57,162,58
216,17,131,194,454,433,96,152,317,277,289,479,209,197,189,10,265,67,368,320,19,82,227,488,443,475,1,178,445,46,497,502,71
217,123,494,56,392,465,294,158,165,436,89,159,181,61,370,110,418,352,367,185,220,421,235,160,234,311,43,84,414,419,405,97,366
218,215,65,78,247,480,154,132,57,401,404,64,430,355,162,440,33,108,76,98,114,431,103,69,324,508,0,47,261,471,383,270,273
219,2,108,338,247,423,483,69,164,162,487,324,115,40,448,355,449,285,444,76,362,129,469,113,351,411,402,261,143,28,0,471,401
220,387,377,251,366,56,31,396,84,235,348,23,43,405,119,122,346,436,290,176,276,241,294,217,311,414,419,224,476,165,371,110,38
221,405,348,21,366,311,236,110,418,387,147,97,290,43,235,38,234,56,346,23,302,297,99,158,408,241,276,173,165,161,353,169,55
222,106,56,377,346,55,325,387,348,99,302,311,327,251,297,23,141,38,123,456,494,292,126,408,43,8,181,236,371,221,410,353,169
223,368,189,307,496,96,243,194,349,445,29,213,275,131,1,255,6,233,149,12,209,488,265,25,323,207,62,453,490,305,442,417,289
224,387,396,84,97,366,43,451,311,371,370,251,377,165,234,290,465,56,73,90,348,169,278,346,236,325,89,405,133,456,414,23,438
225,491,102,205,121,506,52,184,142,272,464,304,446,342,375,92,336,180,505,81,400,407,484,319,343,95,382,314,274,486,434,16,364
226,336,382,439,484,293,357,486,51,334,464,142,121,92,95,492,52,53,356,184,319,269,26,111,183,286,446,491,283,314,186,148,420
227,279,289,331,167,96,243,116,139,454,209,12,29,125,17,213,67,189,45,1,433,19,490,265,466,368,501,136,317,11,488,216,435
228,96,213,29,488,116,19,131,11,368,227,496,406,194,445,1,139,137,12,189,349,442,4,216,417,277,197,223,490,82,398,255,30
229,101,312,68,322,128,267,140,434,148,361,334,505,492,79,336,330,252,250,316,81,16,388,92,170,470,491,111,304,272,413,274,258
230,113,87,124,239,253,78,108,262,162,50,483,271,355,430,431,18,257,115,338,362,450,369,511,300,411,93,86,351,80,383,69,401
231,135,287,180,179,336,121,128,304,118,416,101,184,441,104,188,68,153,364,312,446,319,330,397,166,204,420,464,79,44,111,363,183
232,408,346,456,159,393,43,99,55,410,494,141,157,123,161,297,120,290,465,452,292,37,236,315,419,61,370,38,237,344,56,347,367
233,349,279,433,1,275,479,213,96,223,74,496,307,488,467,425,209,49,331,11,25,12,289,306,445,378,265,368,125,243,417,29,497
234,366,161,43,99,251,133,224,8,297,494,396,20,165,127,418,387,97,311,436,384,353,158,370,327,405,61,421,55,221,377,89,408
235,84,465,165,110,43,160,120,37,396,366,31,99,353,169,122,494,419,456,451,123,432,276,489,23,221,159,56,146,185,133,381,220
236,141,392,97,346,15,387,20,276,393,221,421,55,371,232,327,43,38,494,318,37,224,311,147,21,90,165,157,405,348,290,476,366
237,494,346,158,37,159,43,232,456,348,276,290,297,61,20,405,97,123,15,366,110,122,436,381,414,387,176,370,418,432,133,163,8
238,244,298,145,78,257,253,448,262,296,151,239,493,401,261,40,369,424,487,376,132,2,411,129,124,440,57,171,113,154,295,474,134
239,493,440,134,54,113,257,369,124,449,41,511,285,212,483,42,383,338,78,474,471,253,298,47,300,424,351,162,324,132,448,423,75
240,178,349,479,329,49,125,194,317,63,149,275,191,83,223,398,354,189,12,17,331,496,427,425,131,116,289,243,259,60,475,277,502
241,405,276,366,221,20,418,353,211,220,297,348,165,346,234,311,61,43,294,237,99,419,217,327,321,56,158,161,246,38,123,465,436
242,143,401,171,80,270,244,261,113,114,151,108,93,273,355,399,411,132,462,98,88,493,296,440,511,28,351,48,115,54,162,64,103
243,12,125,1,194,277,223,433,445,459,227,29,149,191,289,46,74,189,6,62,323,207,17,307,368,131,190,279,306,82,331,4,200
244,401,117,132,404,508,498,171,28,257,57,273,143,78,462,424,411,493,114,80,487,261,440,86,76,500,296,285,134,480,0,431,448
245,297,99,161,84,251,43,366,55,370,381,290,489,353,211,451,235,221,169,348,234,346,344,232,210,476,419,110,292,367,70,37,23
246,165,465,55,366,97,120,210,325,381,396,337,61,288,232,346,99,251,159,141,123,37,414,353,8,408,211,90,147,297,56,70,224
247,162,129,483,402,480,219,115,324,376,113,42,355,218,261,2,440,411,47,69,401,372,257,168,300,444,114,487,76,295,54,338,448
248,209,349,189,71,139,479,467,454,35,445,368,320,10,425,131,275,429,427,437,391,259,5,426,199,207,11,6,488,17,82,305,25
249,171,130,511,508,58,401,244,85,296,132,338,440,57,215,154,487,383,143,431,295,86,495,351,498,88,2,78,485,33,145,500,150
250,148,304,505,499,95,312,68,477,274,319,102,457,52,252,22,434,229,361,269,166,333,293,79,395,142,491,144,446,322,268,343,470
251,56,366,297,99,70,292,348,165,84,489,234,3,43,419,302,224,465,370,396,210,159,387,377,346,106,311,161,245,220,392,456,451
252,492,304,447,322,336,420,92,44,121,166,341,446,81,53,293,343,287,186,328,188,268,486,312,68,140,187,509,407,365,142,439,170
253,257,41,164,411,298,493,113,487,212,162,424,239,238,124,440,114,430,401,54,171,483,285,462,230,369,338,444,115,66,448,360,262
254,285,483,511,480,257,444,168,449,440,423,338,487,42,247,33,2,244,28,219,150,108,404,295,143,86,474,212,374,303,324,13,201
255,223,209,490,45,207,96,275,349,29,189,305,281,227,131,216,60,496,472,200,320,454,9,17,248,11,1,475,479,194,136,30,46
256,61,381,165,463,106,37,366,353,384,408,494,346,348,347,455,370,452,161,23,127,297,120,456,232,410,325,77,276,8,181,97,133
257,448,244,253,168,54,239,483,212,355,474,124,411,129,424,93,78,511,270,143,132,480,247,487,401,372,2,162,262,430,295,238,28
258,506,121,343,484,361,336,252,170,267,491,111,363,68,174,312,486,187,205,229,341,53,304,457,186,356,16,135,92,359,413,188,330
259,189,1,209,472,467,502,10,437,5,368,454,49,265,453,331,17,137,275,248,197,496,429,320,194,213,19,479,74,125,67,131,412
260,27,398,139,209,45,349,454,17,479,391,417,19,265,4,213,502,11,459,466,1,368,67,131,214,178,25,275,354,9,259,207,175
261,411,2,295,108,401,114,145,244,151,212,80,473,113,57,487,285,162,129,171,247,440,69,369,483,324,164,202,242,115,511,28,262
262,450,2,86,411,401,369,500,113,87,431,171,129,257,162,98,462,295,164,424,261,145,373,114,351,78,244,154,449,440,238,69,151
263,140,182,52,51,446,439,148,144,121,492,102,135,420,326,142,188,68,336,268,390,184,319,330,111,507,434,322,206,340,413,397,314
264,2,285,369,80,33,487,273,261,508,462,132,449,107,244,162,493,295,500,424,300,114,440,202,404,28,399,218,171,296,360,242,88
265,368,67,96,289,454,12,167,11,417,497,488,116,74,189,19,445,466,223,49,502,83,320,259,72,29,125,131,137,398,243,227,349
266,171,401,108,483,430,13,40,78,411,324,113,261,257,164,253,54,508,503,76,162,66,134,440,295,468,129,87,511,244,444,474,469
267,142,121,491,343,148,506,229,170,81,111,205,361,187,505,95,101,258,192,287,293,208,68,382,252,328,274,336,188,174,486,397,312
268,182,509,148,186,51,166,68,457,252,492,364,343,121,316,184,505,274,504,53,379,375,333,140,491,142,128,330,192,400,361,340,156
269,208,361,505,51,226,250,184,252,334,187,356,439,101,135,364,111,140,434,340,121,336,95,484,166,44,304,92,446,287,293,258,268
270,143,462,76,242,244,114,212,257,54,80,296,117,285,401,130,423,85,33,98,57,495,273,2,145,150,0,253,218,411,58,108,299
271,440,113,362,171,115,54,108,511,168,18,498,411,215,401,162,132,402,64,47,483,80,324,244,134,2,40,247,76,219,480,230,473
272,343,101,121,204,434,334,225,330,229,505,464,109,308,507,68,138,486,148,375,179,439,142,319,447,102,364,170,388,491,361,312,196
273,244,132,54,115,80,114,448,493,362,404,495,33,257,93,42,242,462,64,355,423,168,150,487,399,480,78,369,69,351,285,440,450
274,68,319,142,250,505,268,400,148,446,375,491,267,326,293,184,229,365,322,382,101,252,102,312,492,22,128,336,340,81,196,316,434
275,349,131,289,496,1,223,233,472,209,306,45,279,27,406,339,445,25,453,213,214,49,17,429,248,259,479,417,488,467,199,320,255
276,43,346,157,181,165,106,56,99,84,494,195,366,419,348,236,97,127,456,31,120,38,251,392,37,232,235,21,237,394,311,396,15
277,131,243,349,1,125,216,45,194,191,178,433,378,199,27,466,445,490,307,454,406,83,467,426,368,19,149,275,71,429,67,437,25
278,126,43,224,370,127,110,73,393,405,494,396,325,84,451,348,173,353,432,23,55,234,20,290,97,235,371,463,377,133,366,165,221
279,349,96,233,227,467,167,510,307,488,425,1,445,139,67,12,74,496,17,275,433,209,25,27,243,213,331,60,189,479,501,289,320
280,422,91,125,167,472,289,406,281,497,175,9,227,10,398,490,131,197,454,213,429,433,19,277,368,496,178,391,74,14,1,11,459
281,96,354,10,167,349,9,137,189,472,149,11,17,67,398,454,255,417,83,49,368,502,279,197,194,223,200,496,227,1,479,191,243
282,289,131,291,279,91,139,178,454,339,116,265,386,136,467,425,368,479,216,227,317,49,248,71,349,209,422,320,125,207,194,25,189
283,382,357,51,415,336,446,205,316,491,187,464,364,166,439,486,92,286,342,395,226,101,188,180,484,68,135,420,343,53,441,304,314
284,33,115,351,401,132,58,162,244,273,80,450,374,440,508,86,338,431,69,114,76,487,171,117,262,0,376,511,98,154,42,495,93
285,212,2,80,511,107,404,487,202,493,295,244,383,239,449,47,254,261,150,164,423,485,324,58,338,98,28,114,13,369,450,117,85
286,336,464,121,356,491,183,205,186,484,44,343,81,283,334,102,420,226,357,375,397,382,364,457,135,188,187,52,101,68,316,328,95
287,135,343,446,184,336,128,121,364,252,51,231,415,312,183,101,447,330,188,53,142,486,166,363,340,148,385,267,44,382,342,92,186
288,97,371,120,55,165,465,20,56,337,311,325,127,37,21,236,31,392,23,297,302,246,141,224,410,366,61,419,133,169,195,99,43
289,96,11,265,275,167,227,74,445,139,17,488,29,482,429,454,497,243,83,131,307,403,496,14,125,282,317,368,214,12,349,279,466
290,169,346,97,176,366,405,438,224,37,232,297,210,396,436,43,127,465,158,84,3,455,8,410,456,387,90,221,31,463,371,237,55
291,125,36,131,454,189,223,197,1,60,378,139,282,62,279,152,289,243,6,339,467,74,305,96,412,490,82,502,194,349,496,307,433
292,408,419,251,456,99,159,232,494,297,161,302,489,43,55,346,56,367,160,377,353,410,366,234,414,387,418,106,73,276,127,463,436
293,142,104,382,252,92,95,319,226,193,484,68,111,446,357,336,506,491,304,486,53,400,326,148,7,361,439,388,267,196,505,52,166
294,311,353,97,465,217,348,38,43,23,165,110,37,346,387,421,367,392,276,61,220,221,20,297,235,370,232,177,234,56,489,494,419
295,261,171,424,483,449,473,285,150,471,369,145,80,257,244,487,76,262,300,114,2,54,162,401,129,85,13,247,440,151,351,450,511
296,487,244,440,474,48,401,114,2,42,171,249,493,257,58,423,54,270,424,145,69,448,76,500,164,511,324,150,508,355,462,238,132
297,489,251,432,123,99,366,456,347,55,43,61,211,20,327,158,245,302,465,56,141,408,23,463,234,232,290,370,311,210,120,348,97
298,253,238,57,239,487,41,114,2,124,440,411,171,162,80,448,285,474,66,493,40,360,64,444,469,257,85,244,351,295,113,54,132
299,130,171,143,401,450,270,444,338,249,85,508,473,145,462,86,244,355,69,495,498,374,424,440,57,33,117,54,115,483,295,80,257
300,171,295,239,202,247,338,64,483,47,444,113,2,50,508,164,18,355,401,369,383,487,450,114,360,87,380,115,40,85,261,219,424
301,456,463,381,122,318,3,55,224,451,387,347,181,61,210,438,84,70,346,236,290,405,251,56,169,352,370,141,455,165,276,394,392
302,56,297,97,251,43,366,106,387,414,292,210,346,371,377,159,99,123,120,405,221,222,290,465,224,55,419,127,396,332,327,455,311
303,164,511,108,338,483,115,450,440,33,18,411,471,430,257,254,469,444,423,171,212,145,372,401,129,239,69,247,404,85,58,151,219
304,326,52,252,312,407,188,457,250,166,446,16,53,95,68,79,319,447,477,439,148,180,499,415,330,336,441,183,39,390,492,356,208
305,306,136,207,189,454,67,223,131,125,209,139,422,349,378,425,248,255,453,291,307,5,27,49,91,74,265,14,35,289,137,323,25
306,445,207,74,305,425,136,349,275,243,429,5,378,459,223,233,289,125,422,11,30,14,209,60,25,488,248,139,12,307,453,265,467
307,349,433,223,167,25,417,279,454,213,96,12,488,289,243,233,425,191,466,368,17,189,131,1,194,125,445,149,139,265,214,398,323
308,148,361,340,111,400,446,434,470,491,140,183,102,92,68,138,39,205,272,142,121,312,319,397,390,328,267,229,336,304,505,95,268
309,10,131,197,497,72,74,96,459,502,479,27,406,426,490,91,466,349,275,445,435,82,265,243,6,17,191,24,59,279,488,289,4
310,244,487,424,462,360,440,124,450,399,369,129,93,383,493,171,401,423,80,132,376,40,238,58,162,87,41,473,430,57,448,78,431
311,56,366,43,99,494,224,367,387,61,221,456,297,294,38,177,392,97,371,251,195,234,23,120,159,236,418,169,122,84,127,348,276
312,304,229,477,319,148,68,16,397,446,334,250,364,343,336,101,121,252,22,395,287,140,356,183,333,361,363,389,128,441,457,166,184
313,107,383,448,124,424,150,493,113,253,474,162,202,440,134,360,399,487,114,239,355,449,261,168,103,295,244,151,2,508,48,411,54
314,336,326,441,464,343,53,420,505,52,304,375,382,330,39,111,188,361,180,491,357,92,184,484,68,400,16,446,186,319,135,439,102
315,146,99,396,494,232,327,353,43,419,436,133,120,127,56,173,346,377,234,465,392,8,165,15,159,97,251,38,408,292,23,297,456
316,51,68,109,166,336,121,268,470,283,188,364,457,492,357,434,183,153,205,148,439,446,16,319,382,22,343,304,81,229,101,385,128
317,17,209,289,216,178,67,82,45,131,227,125,339,11,139,454,167,398,479,240,391,1,291,443,501,282,96,433,189,275,72,83,19
318,159,366,463,455,387,236,84,141,56,160,301,408,61,55,251,494,70,127,99,358,234,405,237,371,224,43,456,161,384,394,311,232
319,336,68,188,382,52,322,434,102,304,312,441,446,274,142,148,439,183,293,16,250,101,447,343,95,109,413,121,252,92,506,180,364
320,209,213,189,467,19,67,488,425,199,248,265,349,279,96,60,417,36,454,426,475,6,259,496,216,368,275,167,406,1,339,398,125
321,181,195,392,165,421,61,20,348,97,276,366,346,224,387,56,236,489,251,160,234,38,353,370,358,381,37,158,452,393,127,106,476
322,319,252,188,68,336,492,229,420,81,52,92,343,365,16,507,388,135,326,506,477,95,304,447,140,314,434,274,413,491,183,102,170
323,1,368,125,243,189,223,467,307,131,207,437,349,429,46,6,259,275,25,17,378,213,279,453,305,62,354,49,197,136,289,29,433
324,449,511,440,107,401,13,487,113,483,58,48,338,423,247,2,151,411,202,69,285,171,493,212,219,108,129,261,162,86,460,355,54
325,377,97,120,43,396,165,346,56,393,222,23,169,133,224,455,141,347,123,366,297,384,288,381,55,348,246,278,84,432,290,38,106
326,304,16,314,447,52,439,68,148,400,180,505,434,336,491,140,188,407,457,293,184,92,252,208,183,322,441,420,330,506,446,274,477
327,297,419,236,315,99,408,455,370,234,371,346,23,436,232,465,37,222,127,141,97,20,123,56,161,302,353,55,15,176,366,337,396
328,361,252,95,101,102,486,464,53,92,336,156,506,413,343,68,148,51,446,267,319,111,439,196,491,193,505,340,205,140,382,293,397
329,194,131,1,240,243,437,479,223,349,71,189,378,490,125,25,149,191,291,425,259,200,496,307,49,139,45,19,178,248,62,426,17
330,148,92,128,39,121,336,68,343,304,206,188,363,361,486,16,400,415,166,506,364,53,287,314,439,229,81,193,382,441,252,104,342
331,1,488,17,227,189,479,125,67,72,209,279,466,259,243,472,233,6,60,433,96,49,501,19,36,12,445,11,510,149,74,289,496
332,353,494,110,418,408,55,235,302,236,84,181,392,210,173,221,327,20,120,232,157,99,126,21,127,56,366,387,37,352,297,465,419
333,128,505,68,484,138,121,184,390,506,364,341,361,343,166,441,304,16,397,205,312,142,155,156,477,268,186,174,416,382,491,104,206
334,385,312,356,140,446,336,397,343,364,229,439,226,166,148,441,52,491,204,484,22,208,457,101,51,434,464,272,111,192,375,304,286
335,366,77,348,428,408,159,353,387,56,377,237,161,256,165,251,8,494,392,97,73,456,292,346,465,15,211,297,122,37,436,84,32
336,121,319,484,446,92,188,101,439,420,205,252,357,286,135,314,382,44,397,128,170,287,506,356,441,447,343,330,148,102,226,166,486
337,97,211,165,346,344,141,288,56,232,43,458,421,327,246,99,120,311,465,325,393,169,15,236,123,353,61,37,3,276,84,21,456
338,444,75,511,115,42,355,430,219,401,108,171,324,69,431,440,450,85,500,107,493,487,57,164,239,212,87,469,285,303,244,374,423
339,131,209,275,49,349,453,291,502,320,74,317,282,25,429,378,406,265,425,233,306,5,11,289,189,467,67,454,248,96,398,488,216
340,148,446,361,121,142,336,308,166,53,505,92,287,183,118,68,268,382,484,464,390,356,486,51,375,492,328,111,252,95,400,101,343
341,252,205,333,187,345,68,166,365,16,51,188,359,477,343,506,53,361,491,484,330,258,413,486,364,304,104,505,92,79,322,208,415
342,184,68,505,51,492,22,148,382,330,343,287,142,121,283,187,446,206,252,128,153,225,180,333,205,174,491,364,447,166,53,109,183
343,121,506,486,464,128,193,287,135,174,395,415,111,51,68,183,505,336,364,382,272,170,397,330,267,204,252,92,148,16,333,53,361
344,165,346,161,232,37,56,99,70,337,452,133,3,77,476,276,353,251,494,20,381,147,245,185,61,478,458,157,235,428,169,123,120
345,170,68,364,341,343,187,81,186,505,121,188,506,153,135,208,400,144,336,491,267,252,192,385,484,434,52,397,205,128,287,441,361
346,387,97,232,43,56,276,161,38,290,436,3,348,37,344,165,394,428,396,133,20,377,157,99,456,236,15,438,452,458,237,325,176
347,297,381,455,432,133,463,141,55,120,99,43,61,123,489,37,232,392,173,452,70,325,158,20,159,256,393,346,165,56,169,456,394
348,377,366,38,56,346,251,387,97,392,221,43,405,84,408,23,276,297,224,161,15,353,106,237,165,211,335,311,381,393,256,222,73
349,233,275,307,279,467,354,479,25,191,248,1,425,96,194,417,496,131,429,223,214,27,398,454,49,445,488,209,277,475,437,406,281
350,19,29,96,131,36,417,482,490,265,213,496,223,125,200,488,320,27,5,445,60,6,74,243,289,83,82,17,467,291,502,368,422
351,493,483,511,444,284,162,54,143,239,448,171,98,151,108,500,132,369,76,338,262,449,80,41,295,219,78,87,471,64,134,154,324
352,122,15,456,494,120,3,181,346,177,436,392,165,56,276,123,176,61,381,43,419,37,232,8,217,127,235,290,301,210,106,84,237
353,55,165,494,489,56,332,37,94,381,43,456,419,235,20,120,294,315,297,84,99,161,251,465,348,256,234,292,23,346,367,410,370
354,349,479,281,11,429,398,209,149,189,167,454,466,467,25,459,72,96,10,502,30,403,6,1,488,131,406,233,265,472,49,17,275
355,401,338,115,162,69,75,257,448,383,431,247,411,480,108,114,430,129,483,324,462,150,244,487,57,219,498,154,47,218,132,493,273
356,92,336,187,334,304,121,286,363,446,382,312,484,420,252,174,183,186,193,148,51,226,22,44,340,343,166,52,364,397,330,486,269
357,205,336,283,111,382,385,51,365,484,343,491,226,293,316,166,506,379,446,439,128,314,464,68,92,186,135,361,53,434,52,174,319
358,160,37,159,456,55,489,141,346,394,410,56,43,318,232,235,276,61,147,236,292,494,237,321,165,181,387,392,408,161,251,353,195
359,343,341,506,95,128,361,336,395,304,312,121,16,205,68,188,333,101,382,79,258,229,92,330,420,102,267,287,322,135,319,505,39
360,162,411,13,80,440,86,401,261,132,487,40,257,212,76,285,355,171,247,399,47,253,124,324,298,64,2,404,460,244,383,151,113
361,148,53,506,505,470,413,340,128,333,328,308,68,343,336,330,142,304,51,92,395,439,434,464,121,229,258,111,102,312,267,166,314
362,28,271,115,411,132,108,244,80,69,498,273,219,261,401,113,134,150,171,440,355,338,162,86,87,88,511,285,487,402,168,473,78
363,148,330,477,356,499,186,457,312,446,92,170,287,336,111,252,121,258,304,142,187,153,491,486,22,506,52,343,441,205,140,379,174
364,121,187,441,446,109,68,205,343,333,186,148,184,208,287,135,312,345,16,382,92,336,439,415,334,188,166,268,170,44,183,51,330
365,357,382,413,252,341,205,322,336,109,470,187,51,319,316,293,492,447,142,92,274,364,491,111,446,140,128,267,434,101,81,385,388
366,251,387,234,84,165,159,311,297,348,408,97,377,224,384,99,122,56,127,290,463,106,8,211,335,381,61,221,77,371,302,370,318
367,311,159,494,56,456,370,476,489,123,232,292,297,43,366,387,61,353,89,418,141,165,158,234,294,224,251,195,181,133,217,20,414
368,223,265,189,116,323,445,6,243,125,137,467,12,259,248,194,307,213,289,207,35,349,17,30,96,83,227,279,91,216,167,417,320
369,151,239,493,424,448,244,262,41,295,449,171,80,462,511,261,69,28,285,257,212,500,132,2,487,351,264,129,404,473,87,124,85
370,61,110,224,185,84,251,366,23,297,381,371,456,465,127,169,232,56,367,37,43,176,89,234,463,327,245,161,290,163,20,451,133
371,31,405,387,176,224,127,465,3,23,366,288,436,370,236,311,133,123,97,56,169,346,84,20,377,290,327,456,302,77,392,185,37
372,247,257,411,168,404,480,162,402,124,18,485,13,483,76,114,430,498,261,376,113,360,440,129,244,303,54,115,511,401,239,473,469
373,262,69,244,424,500,449,324,448,431,471,355,487,150,162,498,440,273,2,76,462,48,114,338,124,218,143,411,376,129,296,399,295
374,33,338,376,401,98,511,483,115,18,40,444,285,219,495,440,47,383,93,132,284,254,485,249,449,430,487,13,162,247,41,257,168
375,504,388,385,142,68,506,505,121,314,144,128,343,135,102,206,268,336,111,491,53,184,379,484,434,464,204,486,274,492,334,101,333
376,162,129,480,247,40,440,401,424,257,487,69,115,132,374,151,114,202,411,508,2,41,244,261,448,483,42,215,369,402,150,285,295
377,23,348,120,325,387,366,43,396,38,346,224,165,405,56,73,97,222,251,84,220,133,3,31,106,456,371,297,302,292,494,234,8
378,194,139,490,459,488,429,25,131,189,454,6,243,306,291,349,445,149,96,1,125,223,233,19,29,11,277,305,197,437,199,339,479
379,52,186,357,268,375,184,252,205,385,53,314,484,144,441,330,388,68,183,258,457,135,363,477,506,464,447,286,486,226,304,382,461
380,2,113,399,483,164,212,383,493,261,487,239,66,411,511,108,162,219,132,28,448,376,202,42,285,300,401,449,469,338,253,247,257
381,347,37,366,165,61,256,370,353,463,176,455,43,55,133,301,451,297,84,245,346,348,122,235,56,161,3,99,251,120,181,325,70
382,446,319,183,283,336,51,142,293,148,343,205,420,357,226,364,187,109,491,365,92,356,304,390,184,121,397,395,314,484,128,206,400
383,493,431,487,115,150,285,355,239,0,440,511,485,401,171,313,107,2,423,244,114,450,202,247,249,48,261,124,164,215,483,132,380
384,366,161,234,256,325,348,97,61,392,165,141,43,346,126,56,377,20,276,318,297,236,393,463,37,494,421,408,106,452,123,133,99
385,334,128,206,375,357,142,447,140,166,183,388,68,148,491,135,101,397,287,204,343,492,316,312,477,205,138,379,434,52,121,333,505
386,191,12,417,9,207,194,27,25,74,282,445,243,349,223,289,368,467,72,14,139,279,17,429,6,10,71,307,178,502,116,479,189
387,224,346,366,371,97,377,348,56,392,311,220,396,236,165,84,456,405,302,234,251,43,73,436,318,428,476,181,221,37,8,159,290
388,486,111,375,464,413,343,484,68,505,385,434,506,138,92,183,252,135,361,51,293,53,333,322,128,206,22,491,229,104,142,492,52
389,53,304,121,312,52,446,504,336,135,252,95,79,326,111,375,343,16,441,499,102,140,434,319,208,138,68,364,166,51,506,186,415
390,148,397,439,121,333,304,183,336,446,441,416,68,382,144,188,102,186,205,420,484,166,364,204,464,400,140,340,505,334,142,457,361
391,248,209,27,260,398,289,131,139,479,317,10,427,422,349,72,216,17,305,49,96,433,178,488,19,197,227,167,67,25,74,454,472
392,158,127,97,236,181,348,387,56,123,321,456,90,366,436,61,494,161,120,165,160,311,84,37,157,297,177,217,20,346,251,122,478
393,232,20,99,55,165,236,346,394,325,452,43,297,23,141,366,97,348,408,120,77,38,347,147,392,458,353,377,278,234,451,177,396
394,346,56,165,43,393,436,147,160,97,99,366,181,276,428,392,119,251,159,387,353,455,358,20,408,456,89,347,311,463,318,234,297
395,343,361,312,304,382,79,148,51,179,364,128,446,434,287,359,39,334,283,336,92,464,439,441,68,250,330,166,388,415,111,491,333
396,84,224,43,165,120,346,133,99,377,325,387,251,315,366,235,234,290,23,73,419,56,405,410,97,456,451,220,173,414,436,38,232
397,336,446,68,390,135,312,343,148,484,174,95,334,121,420,186,333,170,182,382,505,477,447,92,166,400,304,183,128,364,416,81,385
398,479,406,349,433,6,472,17,260,454,354,167,209,10,72,466,502,265,49,497,11,213,191,9,178,1,307,96,12,149,320,189,281
399,244,498,508,380,242,273,171,261,64,411,132,424,2,360,113,40,143,107,80,134,117,487,383,369,462,448,145,480,313,430,431,423
400,68,148,330,441,326,491,336,505,205,187,121,192,81,308,183,397,382,446,293,274,364,170,304,314,174,361,268,16,484,420,92,206
401,244,171,411,113,324,114,480,57,355,13,483,261,86,338,162,430,440,508,132,108,242,115,76,262,431,511,98,54,423,87,40,69
402,247,162,168,411,480,18,469,448,257,115,76,0,219,271,164,132,2,376,372,449,487,483,124,54,440,362,80,86,471,113,129,338
403,289,429,466,349,14,74,125,454,354,96,137,11,197,479,502,259,472,200,19,9,139,433,194,29,167,1,445,406,30,265,497,67
404,244,285,64,493,58,65,212,57,511,218,114,324,440,273,401,372,202,369,449,47,431,257,93,239,98,54,13,117,247,132,411,338
405,371,221,290,463,31,377,348,387,43,346,123,20,396,161,297,133,366,127,224,234,84,119,23,241,56,302,392,176,237,494,90,236
406,131,1,398,36,349,488,197,275,422,139,6,437,496,11,19,74,433,490,5,60,96,466,83,209,29,445,10,320,167,125,175,277
407,304,446,52,491,252,326,166,92,188,336,477,486,148,142,316,81,170,16,184,447,413,39,415,314,330,180,225,138,441,109,205,283
408,232,159,494,292,366,99,489,56,61,297,456,348,419,452,346,327,332,418,256,8,147,463,387,251,141,393,97,335,318,55,234,161
409,429,11,131,175,10,59,191,29,459,139,354,422,49,406,30,398,14,25,454,445,349,83,5,1,277,17,466,437,279,189,200,339
410,232,456,165,396,463,37,346,120,290,297,97,141,55,292,494,353,43,465,419,123,358,414,181,224,256,276,110,89,347,73,56,237
411,162,401,13,261,244,113,76,440,57,171,253,2,262,257,114,324,360,487,151,98,362,247,40,115,129,132,124,355,444,154,202,498
412,1,209,67,259,291,125,189,433,243,74,139,279,349,265,417,307,213,96,425,27,445,72,479,223,227,49,454,339,497,289,12,488
413,170,53,361,486,492,22,388,491,506,365,319,304,336,188,92,52,193,128,148,328,252,111,330,484,142,316,79,68,470,229,341,322
414,165,43,123,56,302,133,31,89,494,251,396,456,210,224,160,292,159,346,181,451,237,410,436,489,97,463,38,276,73,297,290,163
415,343,486,283,304,121,364,446,287,188,330,166,252,336,491,186,441,506,447,52,51,382,509,179,206,397,464,268,319,138,293,439,148
416,68,121,188,390,135,464,333,397,420,204,128,231,441,506,336,304,312,343,484,95,319,155,206,186,252,415,375,439,446,184,364,183
417,25,19,96,349,307,265,167,27,213,131,191,139,12,189,502,223,496,10,11,466,275,386,490,320,445,194,14,429,243,279,209,74
418,494,234,332,297,221,99,123,489,311,408,158,366,232,387,159,292,122,181,421,392,8,43,61,56,237,210,367,241,211,217,353,55
419,99,43,292,127,436,84,251,120,106,327,276,353,494,185,408,396,232,94,451,235,456,159,181,366,315,161,146,61,465,55,346,165
420,439,81,188,336,252,187,44,446,148,183,206,92,95,382,68,174,186,79,322,304,205,397,314,356,477,507,51,16,135,390,364,104
421,236,61,321,234,55,21,181,195,311,165,418,337,294,97,123,37,56,120,8,141,384,392,478,217,232,161,159,366,358,38,387,494
422,280,406,131,167,191,5,305,17,10,289,27,243,175,306,125,265,209,425,74,467,433,29,445,223,349,67,279,178,71,427,36,277
423,108,219,487,164,483,324,150,244,33,401,449,113,285,448,143,440,450,338,493,511,444,58,2,296,69,239,254,134,383,107,151,54
424,449,244,171,295,369,508,448,462,487,41,257,440,78,69,376,108,151,33,253,471,500,473,150,239,129,262,164,107,296,124,338,373
425,349,467,306,279,320,17,307,125,233,248,209,433,67,243,305,479,422,63,275,339,213,227,289,282,223,291,510,329,71,417,96,429
426,131,139,349,479,466,207,213,96,437,467,194,496,320,502,27,454,25,248,490,199,417,10,125,19,4,406,30,189,277,83,243,1
427,209,25,429,223,248,131,349,289,445,27,72,354,243,391,275,422,49,125,74,96,306,24,191,139,17,417,137,136,502,167,240,82
428,165,346,97,387,56,456,251,335,394,73,494,43,8,348,120,99,210,3,290,392,438,353,224,377,344,465,232,458,396,414,123,436
429,74,490,131,11,459,409,349,437,354,289,125,378,190,454,197,10,17,63,502,14,467,25,427,194,306,445,403,275,29,139,248,46
430,87,511,338,108,401,171,40,473,480,508,78,257,355,483,440,98,244,115,485,218,474,253,261,113,266,93,33,324,132,273,424,202
431,115,383,244,338,401,355,462,262,487,132,57,450,150,2,69,493,171,75,164,239,285,411,404,249,369,218,257,93,296,373,134,273
432,297,347,43,465,158,123,235,20,169,176,141,159,133,84,392,290,232,370,237,456,325,23,99,278,56,311,366,37,455,367,463,371
433,1,307,233,243,167,466,398,479,488,74,149,349,209,445,125,96,279,216,19,227,331,510,289,17,9,425,178,214,501,406,490,6
434,142,111,319,208,52,121,491,148,135,343,229,505,439,153,68,361,326,441,446,304,388,316,109,506,140,250,16,308,39,477,375,364
435,72,199,189,502,227,19,131,74,24,488,67,213,49,1,275,417,25,209,466,139,445,10,279,497,323,289,96,479,426,331,27,194
436,176,346,8,23,181,127,3,419,31,123,56,165,465,43,366,392,371,290,120,133,387,99,251,394,234,232,315,38,89,396,37,327
437,467,429,6,1,349,197,200,10,36,454,189,259,131,209,19,475,426,25,406,248,501,488,490,60,96,479,502,323,459,199,378,329
438,290,346,451,89,387,106,165,251,224,73,210,43,419,181,127,3,428,371,301,61,436,456,394,410,94,405,366,234,97,463,133,276
439,420,336,304,148,390,505,92,140,326,68,441,507,188,319,51,226,121,447,364,446,79,361,434,208,334,252,101,343,486,142,330,357
440,511,487,324,113,134,239,493,54,124,449,114,64,401,411,171,58,508,33,480,244,271,151,296,47,162,500,132,18,338,376,424,42
441,109,364,52,184,319,314,336,16,464,68,304,439,121,188,208,390,333,205,400,179,183,434,180,484,128,343,206,334,312,477,415,330
442,6,223,189,131,1,467,25,502,213,74,349,96,194,149,209,466,116,445,490,19,67,479,429,454,417,437,496,275,291,277,60,488
443,490,131,17,6,10,189,216,167,19,481,209,45,199,459,116,9,317,502,139,4,46,5,454,178,320,194,429,197,227,445,259,71
444,338,212,483,50,69,511,448,171,85,108,411,469,351,401,493,423,151,54,87,247,64,254,18,219,440,239,134,130,257,86,355,480
445,306,6,74,488,116,96,490,223,289,19,243,368,11,207,349,12,189,29,279,25,265,248,433,275,209,496,35,5,479,429,30,49
446,148,382,336,92,304,491,407,287,364,397,166,420,319,252,142,312,486,340,121,484,334,183,135,186,208,390,343,111,283,439,356,415
447,252,304,326,336,52,140,142,68,343,439,385,170,491,319,492,188,128,477,397,287,205,506,81,148,53,415,184,420,193,382,505,464
448,257,469,369,54,424,462,143,2,244,355,69,151,108,487,444,423,449,0,150,28,273,162,168,219,351,238,493,483,474,145,78,296
449,324,483,500,424,150,511,107,440,239,48,295,285,113,54,423,151,448,369,129,480,508,493,108,244,18,87,487,498,143,219,254,471
450,164,262,145,113,338,69,493,86,483,401,423,285,244,511,2,431,171,261,303,33,440,58,107,508,487,115,295,383,117,134,129,247
451,120,224,165,99,438,366,463,456,419,235,3,43,251,396,127,381,84,370,234,210,73,70,290,301,387,311,55,414,133,245,276,393
452,61,38,141,458,165,366,346,232,393,133,147,70,408,37,297,347,344,169,99,489,463,256,455,195,456,23,396,235,276,161,106,159
453,74,131,223,12,275,259,289,339,27,62,25,49,305,14,467,1,454,437,306,207,323,83,429,426,510,209,213,5,243,277,349,502
454,213,67,265,139,17,466,96,189,11,74,209,349,197,472,307,6,289,398,479,131,248,227,490,437,216,429,29,1,116,497,305,291
455,463,347,165,169,318,8,37,210,381,133,99,366,290,346,141,297,55,325,327,176,159,122,232,15,256,465,394,452,61,236,311,97
456,56,232,160,3,297,494,55,37,159,120,84,292,346,408,127,165,311,392,352,387,301,38,370,353,410,43,61,122,97,451,73,276
457,304,148,166,268,506,336,186,16,121,250,316,492,252,68,363,52,312,343,326,334,95,188,504,205,397,439,375,170,390,183,258,505
458,452,346,97,232,393,37,276,165,73,20,456,337,366,465,419,23,451,133,77,392,123,181,408,38,344,297,290,106,147,414,436,99
459,429,243,27,378,490,131,74,454,11,6,139,306,207,354,167,189,149,10,445,67,437,175,417,466,19,25,289,9,197,260,433,96
460,324,151,449,369,2,493,107,47,134,13,483,360,162,261,355,212,86,242,285,511,85,383,448,171,239,411,48,508,219,54,202,300
461,186,183,121,188,252,330,390,148,144,356,397,457,364,379,184,336,304,340,268,416,263,44,68,441,140,81,415,166,135,363,92,286
462,244,270,448,424,171,143,431,69,487,369,33,2,262,355,500,80,65,114,401,273,108,87,296,93,242,253,257,150,57,423,295,164
463,455,366,347,405,297,159,61,55,318,381,256,301,451,410,165,169,210,370,290,119,456,232,141,408,489,122,70,147,20,396,387,100
464,491,343,286,441,388,336,486,179,314,101,102,361,121,328,226,283,148,484,416,439,44,382,357,183,68,319,506,375,128,390,95,334
465,235,210,159,120,297,123,251,371,165,97,224,56,436,232,84,31,3,370,432,346,290,43,246,366,353,489,99,387,133,15,392,327
466,149,74,454,433,479,67,213,265,1,349,426,488,189,63,307,96,331,398,72,11,289,19,354,403,243,417,227,17,139,125,6,502
467,349,6,437,279,189,425,125,320,67,248,479,259,131,199,209,429,368,25,502,475,233,496,323,426,490,454,354,275,30,265,207,19
468,483,411,253,448,2,424,143,164,296,54,162,247,257,212,266,487,238,444,113,108,271,219,423,145,239,376,440,129,171,493,76,134
469,448,338,444,402,212,219,411,483,257,247,239,493,253,351,162,57,480,54,298,450,108,171,40,202,47,303,134,154,0,201,132,164
470,361,492,316,336,148,51,365,308,118,102,304,140,477,229,95,420,104,446,413,268,128,252,326,205,53,52,111,250,135,314,68,16
471,41,295,115,164,2,424,239,58,473,244,449,78,80,498,171,285,98,351,511,162,247,219,338,373,440,262,108,508,143,218,117,404
472,209,72,454,398,275,259,213,67,1,479,9,137,281,331,10,74,189,17,445,496,60,349,354,403,265,502,233,27,497,280,49,255
473,115,295,261,511,145,244,430,440,108,424,171,471,168,58,257,80,285,508,369,498,85,117,2,449,450,355,404,242,362,249,271,239
474,151,86,495,132,257,108,296,103,42,54,239,244,134,511,440,480,493,483,338,76,508,448,115,430,162,411,171,401,154,150,324,87
475,479,502,349,467,437,96,496,320,417,216,60,36,9,279,178,27,213,19,125,17,209,200,291,189,255,49,433,131,233,194,490,275
476,165,77,70,387,181,367,133,8,436,366,346,344,236,157,20,158,195,370,237,89,276,392,56,61,37,43,396,494,452,456,160,245
477,52,304,312,148,491,206,140,95,363,250,79,188,16,183,420,343,447,186,397,208,333,441,446,434,341,68,142,205,135,322,470,385
478,392,21,251,99,20,234,346,161,344,393,133,366,232,421,315,165,120,321,56,55,97,294,61,394,70,106,297,465,43,84,384,292
479,349,1,354,398,6,475,96,189,209,433,233,67,248,331,466,9,454,467,17,194,149,472,426,502,49,72,445,279,152,125,197,213
480,401,162,132,508,247,154,440,215,113,244,376,78,218,483,430,449,0,257,130,54,474,355,86,108,254,411,402,42,150,129,171,511
481,189,71,445,10,9,209,67,19,17,11,191,443,178,490,472,497,74,459,479,466,265,116,320,167,433,216,149,6,112,331,281,354
482,96,289,496,29,200,60,488,209,350,502,82,213,83,223,291,233,74,497,167,11,137,17,139,490,19,125,475,243,27,368,406,149
483,54,449,247,511,151,162,18,108,401,113,324,212,295,129,257,164,444,351,423,219,2,254,239,485,40,480,450,493,487,50,85,303
484,336,92,333,397,446,135,506,491,226,486,174,357,293,388,356,258,111,441,68,382,464,121,184,361,205,343,286,390,314,334,53,364
485,511,493,483,18,285,134,440,401,383,430,239,212,338,249,261,449,113,115,171,13,40,372,374,444,351,164,404,411,473,450,108,324
486,343,111,388,138,92,101,506,415,446,148,204,336,413,193,464,183,252,330,491,135,484,53,142,328,128,44,226,364,439,144,293,287
487,2,440,324,296,493,285,132,244,383,423,202,500,69,164,42,424,261,212,115,114,113,411,448,129,253,338,150,219,401,483,495,80
488,96,445,331,11,139,189,6,29,74,1,289,349,265,209,279,25,433,320,501,307,406,12,378,19,35,223,233,466,497,10,191,197
489,297,408,159,251,353,61,55,366,292,367,347,99,418,494,43,465,235,165,147,211,210,463,70,232,56,456,158,358,245,452,348,37
490,6,429,45,17,445,131,96,443,496,378,5,29,83,74,11,454,139,459,25,9,46,223,19,255,167,125,200,194,149,467,59,227
491,205,464,446,111,52,142,225,179,434,477,267,148,92,101,484,206,413,486,286,121,170,382,184,506,447,343,400,407,357,304,208,509
492,252,51,92,128,413,322,142,304,53,268,470,342,447,166,68,457,229,121,316,509,506,446,226,155,22,361,336,184,385,319,79,375
493,239,107,440,383,212,41,487,244,124,369,351,54,134,285,511,485,253,338,450,162,483,324,202,0,449,404,113,296,401,423,474,48
494,418,408,110,61,56,456,232,353,237,165,311,43,332,161,159,120,367,234,276,392,352,8,419,292,217,99,315,127,235,158,123,160
495,474,440,132,487,58,115,150,80,244,273,54,511,493,508,103,41,324,500,449,296,338,168,86,249,257,270,151,129,374,42,107,114
496,60,96,223,349,275,490,213,19,36,125,279,233,289,482,11,445,29,467,189,417,200,406,17,426,1,475,194,6,259,149,320,479
497,265,289,131,454,17,74,488,29,197,191,502,96,398,19,125,445,72,309,279,139,67,49,349,167,233,429,36,433,216,27,83,479
498,244,508,76,500,150,115,411,171,401,399,338,117,449,168,362,355,271,143,471,473,480,108,98,87,249,295,462,424,383,107,351,487
499,250,304,148,95,363,446,22,506,434,477,16,92,326,118,188,252,312,356,319,293,389,336,330,39,470,170,407,52,416,142,491,193
500,449,244,487,440,338,498,262,87,424,143,462,369,124,493,511,351,296,448,373,98,495,324,107,80,145,151,295,150,76,114,171,508
501,488,46,167,279,17,437,331,227,6,433,1,96,194,307,289,189,479,190,243,178,429,496,71,445,216,317,467,454,19,466,490,63
502,10,67,59,96,131,475,17,24,429,259,209,265,479,167,74,178,417,467,349,398,25,490,497,191,19,49,426,454,9,466,339,354
503,508,132,40,411,108,262,151,87,113,54,449,324,76,474,129,86,154,244,78,440,239,80,498,115,401,266,261,162,2,134,351,143
504,375,111,268,389,457,208,142,361,441,434,186,439,7,506,121,336,44,505,102,52,252,491,148,68,304,363,135,144,364,334,95,446
505,333,68,142,250,148,361,343,439,92,121,101,342,81,506,128,434,314,375,326,44,388,400,174,397,274,268,229,138,252,340,95,345
506,343,121,258,361,92,170,205,142,336,128,138,486,333,53,188,104,95,484,68,267,16,304,174,375,491,505,457,413,193,330,225,388
507,439,102,420,148,361,53,204,52,156,322,336,68,206,486,183,326,81,314,319,109,272,135,390,140,304,477,188,16,44,330,388,505
508,244,134,503,171,480,401,57,440,424,498,154,40,249,117,108,64,449,430,33,87,69,399,58,474,324,132,78,150,86,0,511,85
509,268,183,68,121,343,252,491,492,148,142,166,446,186,81,486,319,304,333,388,312,364,447,415,439,340,44,180,174,382,293,287,16
510,279,178,433,11,12,74,331,488,96,289,349,233,425,453,24,429,243,496,19,227,14,445,175,306,49,167,139,136,307,83,30,25
511,440,108,324,115,338,171,48,483,485,212,285,85,449,430,33,58,86,239,164,493,47,249,75,107,13,215,473,401,444,2,244,303
