0,1.151360736242592
1,1.217418187044061
2,1.0662796644358563
3,1.0030391773899177
4,1.3297368750074456
5,1.0263190264295443
6,0.9738050450660267
7,1.25202734863407
8,1.0127410815180755
9,0.9787366276578436
10,0.971531400508674
11,1.3584479381043955
12,1.786368832374392
13,0.9891119707960188
14,1.0743017126322463
15,1.5923187318382181
16,1.1930928316569887
17,1.2047530864738796
18,1.049357926999762
19,0.9972261366630237
20,1.3195842106533002
21,1.058068813797229
22,0.9843937247157613
23,1.0614986145093563
24,0.9730969688754525
25,1.0794709105890157
26,1.1226253398287696
27,1.0344886746373452
28,1.048591792337246
29,1.0897232023049117
30,1.0473894773104606
31,1.098253072108045
32,0.9946236735859231
33,1.030428532534519
34,1.2106162242542078
35,1.2796123653147013
36,1.0194198646045782
37,0.9717027305421845
38,1.0223744244711228
39,1.172638182804944
40,0.9900128565418216
41,1.2994584775993494
42,1.0816426557319891
43,0.9587101582143903
44,1.0601530051849077
45,1.0076407821461018
46,1.3270375225649311
47,0.962588615007675
48,1.2520173993978423
49,1.1266497747768058
50,1.0692333399569325
51,0.9988030477201355
52,1.0529209298334283
53,1.0250319712382492
54,0.9754303270076577
55,1.0828027625876189
56,1.1626491956627998
57,1.4252611638549286
58,0.9776648231079732
59,1.1084382935397223
60,1.103541663149454
61,1.118886061983521
62,1.0707111365758277
63,1.1110347425171434
64,1.0143926861406534
65,1.0464627011572825
66,0.9789524135617773
67,0.9772071630189281
68,1.0741790609050714
69,1.133835742487159
70,0.9797656856160761
71,1.2275046393058582
72,0.9759761295819211
73,1.0436320058823285
74,1.0568878286928398
75,1.1053595443160198
76,1.2227251820289817
77,0.9647662289805755
78,0.9873926254775104
79,1.0515558061149057
80,1.1123818724176293
81,1.0141968859720987
82,0.9553796059084989
83,0.9836833322095835
84,0.9734130108169383
85,1.0571133555844847
86,0.999225840889164
87,1.181142325134853
88,1.0835168897930527
89,1.115644368245856
90,1.236976385137033
91,1.0673880127644837
92,1.2313474141184548
93,1.1207059483667567
94,0.9754915296005484
95,1.2273599778074131
96,0.9837266651745737
97,1.0817463284141573
98,1.06860989415022
99,1.087794011371047
100,1.0723700739020852
101,1.0385636677121541
102,1.0075060358252292
103,1.1453164866085594
104,1.0349290121226766
105,1.12452724773867
106,1.3143179511839547
107,1.6106255683858763
108,1.0019207769961938
109,1.3057980748803852
110,0.9850631863408703
111,1.7214772034181225
112,1.1431468460718643
113,1.0745456902259498
114,1.0840116864973228
115,1.060929696569124
116,1.007438598746483
117,0.9743069886862197
118,1.048458833472211
119,1.2376838943566828
120,1.100677805175458
121,1.1013321461978312
122,1.0038294561186056
123,0.9970265960805783
124,1.0329110966152322
125,1.099813902224651
126,1.138148111110517
127,1.0321783783141214
128,0.978162223305494
129,1.0388199683760895
130,1.10438836550138
131,1.159823235665374
132,1.1596280047322112
133,0.9954722168838954
134,1.0211745350764
135,1.054518262042929
136,0.9778280894747564
137,1.140890257308035
138,0.9970005922061242
139,1.636740441643415
140,1.308386774021961
141,1.0924822056643806
142,1.140560495569591
143,1.2103407404046616
144,1.517219772829617
145,0.9853030849333944
146,1.030807186069667
147,0.9679543921044145
148,0.9805216714846404
149,1.1969746529727097
150,0.9802696457705785
151,1.1199427931728345
152,1.2010528399246174
153,1.0391604556458607
154,1.2424603042493334
155,1.0763730980702468
156,0.9890645622300738
157,1.0631903246189576
158,1.0094575134796564
159,1.0248728213049167
160,0.9959665356174603
161,1.2161807031113498
162,1.2718953372164659
163,0.9917448593475671
164,1.245149505464079
165,1.005094329301007
166,0.9885930555465146
167,1.249759410519633
168,1.2469771253559214
169,1.0737569184395939
170,0.9909386389191607
171,1.0788003848902
172,1.1038868157887374
173,1.0234788819763556
174,1.2715379670401408
175,0.9612262555579176
176,1.0483080862951253
177,1.1843018438061073
178,1.0463504792709486
179,1.1061145091697155
180,0.9644782514100042
181,1.1245420851796974
182,1.0414916463394581
183,1.1252564163632077
184,1.340148251931067
185,1.1092126190611777
186,1.0916338995417187
187,1.0235056326181997
188,1.0330795630606389
189,1.7452254355205885
190,1.0183565480272285
191,0.9864693558562029
192,0.9969264478772399
193,1.0807868828116063
194,1.0380107913332979
195,0.9969886933556822
196,1.0935448282488682
197,1.013812528666032
198,1.1788089712856016
199,1.1477994436548693
200,1.0776256252941172
201,1.1036989581826413
202,1.095764823350077
203,0.9542280820218303
204,1.0131910076107467
205,1.0704062982652212
206,1.139229328604675
207,1.035433708586945
208,1.1372335818037094
209,1.4795227081288984
210,0.9854584532523726
211,1.2135383891140403
212,0.9586540871269925
213,1.1009899399739353
214,1.0280231059001217
215,0.9681164553229149
216,1.3146791887913494
217,1.0195201047271691
218,1.1554781313939881
219,1.0174999953894752
220,1.0632103442986558
221,1.0130933826767121
222,1.2016413313814538
223,1.311772144954737
224,1.015934320608995
225,1.086069494608633
226,1.3383516087552008
227,1.385742707400953
228,1.0491335266764323
229,1.1082558425322742
230,1.0204988240317516
231,1.022229542207239
232,1.1571319364368757
233,1.0058655760490636
234,0.9886955042608903
235,1.2010575841820672
236,1.0577704560127983
237,0.9902527384254219
238,1.010307268042804
239,1.0191298800867679
240,1.0258483940407845
241,1.1091206026440745
242,1.0737993587982948
243,0.9657276270088775
244,1.0994598532136952
245,1.1729518893689725
246,0.9904794099703711
247,1.1058065413740705
248,0.9789943866919916
249,1.0754177019742222
250,1.2852407302887832
251,1.0390311629961566
252,1.3266859704972034
253,1.0379124360618872
254,1.0485335476620719
255,1.1539582067879142
256,1.0290218438229153
257,1.0036458204323595
258,1.0797706147991906
259,1.2663554676340893
260,1.2378942948883735
261,1.0704213845830128
262,1.1091530639391358
263,1.216645256490621
264,1.0545233992169751
265,1.0276387970057939
266,1.1002252967266068
267,0.9703410879671992
268,1.0085984647276276
269,1.1311938611454961
270,1.3180546958158081
271,1.0459651399122882
272,1.0091180848479837
273,1.3637843693772664
274,1.0417698992236688
275,1.0730277957834593
276,1.0877093826638848
277,0.9997120169494477
278,1.1209740977232068
279,1.091860190489884
280,0.9925767996163145
281,1.056940719076247
282,1.0943995072094783
283,1.3987262240148488
284,1.128396846471263
285,1.1197684142204138
286,1.0096823825465637
287,1.4587075685410398
288,1.0554884805197886
289,1.0937538092646806
290,1.030637757332535
291,1.0193436753853389
292,1.0920028762760778
293,1.1070008904608835
294,0.9689094719718812
295,1.3153105497529327
296,0.9750491131023409
297,1.0550699007231863
298,1.1746493439985366
299,1.6654896736480729
300,0.9845267988735856
301,1.011984178228225
302,1.1071160792850112
303,1.1331312118648866
304,1.1284738967661943
305,1.0871237454298193
306,1.4381621739754995
307,1.0085801361357554
308,1.0043026139312086
309,1.0567257546653284
310,0.9895107726510015
311,1.061824077046851
312,1.0100320094786446
313,1.0325207723749426
314,1.033922273678087
315,1.1905047039709071
316,0.9795165101900765
317,1.0382597729663159
318,0.9834164802118605
319,0.9759953494717234
320,0.9886111037689822
321,1.0446290339753341
322,1.058145290325835
323,1.2349473628425724
324,1.1165709241856878
325,1.3812167043688959
326,1.1162508667688404
327,1.340252899981995
328,1.2030663303656037
329,1.0669628116549181
330,1.707264228837392
331,0.9969101974209382
332,1.0127373698540416
333,1.5933273433904918
334,0.9918605969755376
335,1.0284397165749177
336,1.0242753097583936
337,0.9795822640385653
338,1.1160636923413587
339,1.025999251397487
340,1.0225394014523683
341,1.0025806627634701
342,1.0359175254847381
343,1.0817239247506665
344,1.0300430616949752
345,1.0205665037335323
346,1.1428685249831714
347,1.0787701762670086
348,1.2016514603233692
349,1.0864000994411263
350,1.0842141211162004
351,1.0342883235134184
352,1.2181695789282156
353,1.0081768491207899
354,0.9722713801327167
355,1.0306167413839693
356,1.025045974069148
357,0.989303908496711
358,1.3529390967185426
359,1.1555508399921433
360,1.135395019113862
361,0.9989977121460618
362,1.0676823107948903
363,0.9702811279121679
364,0.9690240862472028
365,1.0495759316976474
366,1.023035800869721
367,1.5655456821428013
368,1.138219101684431
369,1.0555824166175782
370,0.9797104427546719
371,1.0041110866911211
372,0.9612265080790674
373,0.9827616958997571
374,1.0834311136480874
375,1.0195492619408257
376,1.1422345960514115
377,1.0367233811823882
378,1.0090172828918558
379,1.0309079057089252
380,1.060033624958737
381,1.012264185556846
382,1.1934420532190304
383,1.1312581390456655
384,0.9912594281578742
385,1.1418837200507599
386,1.163880715021548
387,1.100628064630825
388,0.993407243745194
389,0.9738656559148464
390,1.0022961013798914
391,1.1657172608410922
392,0.9744089314020192
393,1.1265729220916438
394,1.0329515254674035
395,1.184348116522008
396,1.3262670497878666
397,1.2221179479592588
398,1.1329810086608625
399,1.035506123888354
400,1.010214144714618
401,1.0198290489084303
402,0.9616068062854166
403,1.03526360219875
404,1.0174363604862728
405,1.0085195693033302
406,1.1753820257153187
407,1.0683238427144417
408,1.003330093661713
409,0.9952898375834649
410,1.2211452640819251
411,1.1304420188173003
412,1.0729779597838598
413,1.4012597203524937
414,1.1144587284318848
415,1.1891735728792419
416,1.0557647025027848
417,1.1721677641112564
418,1.1399728569194123
419,1.2023053659641827
420,1.0438246299419247
421,0.9993658629594027
422,1.0500309300201895
423,0.9682670138310701
424,0.9885519113078463
425,1.3177210853755965
426,1.0027231522819866
427,1.0037770707814522
428,0.9623078800035518
429,1.0111732726173714
430,1.0624388201643513
431,1.1945872745066186
432,1.1495223074085386
433,1.0367080442468724
434,1.076266507262163
435,0.9692354111733541
436,1.1101155411400174
437,0.9980918448154354
438,1.0278929948835671
439,1.2852185053379352
440,1.1037400456675863
441,1.0139239173608
442,1.0880809825615159
443,1.0817441265464034
444,1.2260718599277052
445,0.9753065995174166
446,0.9900809790378065
447,1.0788971712031425
448,1.0775071176474422
449,0.9710550902869055
450,1.019857013099498
451,1.622712857326074
452,1.016097426734224
453,0.96371774135326
454,0.9880706809220049
455,1.1822839286887703
456,1.32751481772001
457,1.0537834976836273
458,1.043255508699255
459,0.9560817508737752
460,1.1070223981739358
461,1.2071609837582544
462,1.0701366640408925
463,0.9658861864926543
464,1.0956613407704858
465,1.7441146585059821
466,1.0103346043287798
467,0.9947219306724578
468,0.9935976726055062
469,1.0661950032490335
470,0.9978759463225868
471,1.0620990562423445
472,1.128662808508833
473,1.0489867463065592
474,0.9809815615924282
475,1.0743137127933164
476,1.0490996359107074
477,1.1592984358680751
478,1.2332840248758385
479,1.0231107414418816
480,0.969721446422685
481,0.9566219638479909
482,1.1988084501663043
483,1.0546038484389921
484,0.9977132779201103
485,1.2082913809642026
486,1.1874646605875396
487,1.0007763641528586
488,1.1013723256599302
489,1.1333838735422486
490,1.3743163649246275
491,1.0586763201854428
492,1.2607638471138012
493,1.06446664706935
494,0.9548767349446838
495,1.159677529055263
496,1.119660197113805
497,1.1171652138277635
498,1.174356494137548
499,1.006013871095176
500,1.2709855734953628
501,1.1807949451022237
502,0.9773918497189786
503,1.0088788558784163
504,0.9678608444935908
505,1.0016140175460777
506,0.9709127959211927
507,1.0431005179304895
508,0.9724484306259755
509,1.009020689376976
510,1.0104160320655893
511,0.9742806054182165
