0,1.0132221619302848
1,1.58831154227079
2,1.0705514007102488
3,1.1032445297905022
4,0.9539009483196492
5,0.9677862968583311
6,0.9988711500649397
7,1.4009372585242548
8,1.0192580747723077
9,0.9756488278995813
10,0.9908361057211483
11,1.0503638673858513
12,1.0906407821804547
13,1.1352705675443064
14,0.9677862968583311
15,1.0507809598669164
16,1.037532561920146
17,1.1852199508749386
18,1.1996000906088928
19,1.2647819192026695
20,1.068864144499352
21,0.9810621384834424
22,1.058972643562464
23,0.9640058703790713
24,1.1457705742145152
25,1.2664799006522869
26,0.9539009483196492
27,0.9964788105904033
28,1.007092325663223
29,1.0248823244819911
30,1.0705514007102488
31,0.9964788105904033
