0,207,192,246,171,214,36,249,17,226,167,30,204,158,162,65,116,212,134,90,236,34,91,138,250,195,100,104,143,183,16,96,206,41,227,64,186,141,32,168,66,123,6,155,160,98,57,75,165,125,232,238,194,73,53,106,239,77,137,102,70,79,63,119,89
1,9,189,58,255,54,114,251,178,254,59,200,241,166,244,55,20,56,27,188,130,221,253,133,140,31,144,142,242,194,161,86,234,228,145,139,40,245,217,121,33,230,81,243,73,225,191,26,78,239,21,201,210,41,203,126,61,68,122,199,155,197,202,48,198
2,152,112,85,132,215,180,219,38,97,50,49,175,115,108,131,80,184,95,19,67,74,5,103,4,37,149,248,113,208,99,218,47,153,51,169,147,181,23,46,11,146,173,88,237,127,157,109,107,148,25,10,151,7,187,29,136,150,135,93,163,12,252,3,213
3,213,77,93,136,24,44,190,8,46,76,11,163,208,16,153,10,75,148,179,119,138,157,210,13,229,181,107,113,23,164,74,12,90,149,118,191,218,177,123,108,225,95,28,160,180,5,87,222,60,219,37,146,175,84,49,14,50,117,154,220,99,247,7,52
4,47,103,169,131,80,51,38,99,147,37,149,175,152,218,74,88,112,237,50,113,127,219,95,109,146,23,25,108,181,151,187,2,180,150,49,7,29,153,157,215,107,85,135,184,132,148,97,46,10,252,208,12,5,115,19,67,163,11,72,136,248,206,137,141
5,67,19,49,215,85,132,208,180,248,11,108,50,173,95,219,175,2,112,115,74,46,153,37,152,113,149,80,131,103,38,181,218,97,93,23,136,10,99,4,184,148,47,157,107,169,146,240,163,51,213,3,88,7,77,147,151,237,109,135,127,13,12,16,138
6,236,160,238,227,239,123,168,204,116,183,225,167,106,65,250,162,75,194,171,201,212,41,98,185,138,44,16,48,155,234,164,90,226,104,57,18,172,143,36,30,89,207,141,246,55,210,202,192,130,191,166,56,137,77,119,178,179,79,139,203,53,78,188,94
7,151,146,135,88,107,109,157,12,23,148,237,181,150,99,218,169,72,47,127,51,10,113,149,103,37,163,187,153,74,4,252,25,29,80,46,131,175,147,95,136,219,50,108,38,112,180,49,152,208,11,82,215,2,52,85,159,132,8,3,77,5,205,14,164
8,76,87,14,117,28,222,22,247,24,84,71,110,159,60,205,220,82,52,190,154,45,164,44,3,111,120,209,176,211,129,223,202,203,128,177,216,213,77,199,122,170,191,197,126,229,35,210,163,12,136,93,13,157,124,15,148,139,69,86,225,23,101,107,217
9,1,58,189,255,114,54,166,251,20,254,55,241,27,130,200,188,178,244,253,56,133,31,59,140,142,221,194,86,161,33,234,139,191,225,144,21,40,243,242,217,26,210,145,78,68,228,201,81,239,203,245,73,48,121,199,61,41,198,155,202,126,122,179,230
10,148,107,163,136,181,46,157,153,23,146,12,218,113,37,7,74,135,149,99,95,151,103,88,11,175,108,50,169,47,208,109,219,49,80,131,180,4,72,237,51,150,112,3,5,215,127,77,93,85,38,152,16,132,13,187,2,147,19,67,25,138,76,29,252
11,208,46,5,153,49,108,136,95,180,93,19,67,50,74,219,215,175,113,85,10,37,132,173,181,149,248,148,112,23,218,3,163,157,107,80,213,103,2,131,99,152,77,146,115,13,38,4,47,169,7,12,88,16,151,51,135,76,138,240,97,109,237,184,8
12,107,7,135,148,157,72,163,146,151,10,23,181,88,109,218,136,99,150,153,237,113,46,149,169,47,37,74,127,103,51,252,187,52,4,80,175,95,29,131,25,82,108,159,8,219,50,164,205,3,76,77,208,147,11,14,180,112,49,44,71,13,60,38,117
13,76,93,136,129,163,3,46,159,8,208,153,11,148,10,15,84,213,157,69,52,181,107,101,113,23,12,92,117,74,45,218,149,62,224,209,235,205,108,146,128,95,120,219,180,37,7,175,99,24,22,77,5,50,49,88,174,19,135,71,151,103,80,14,112
14,82,87,247,110,222,111,71,211,8,28,205,216,22,170,220,60,117,159,176,124,199,52,203,209,120,164,202,45,76,84,128,154,223,68,126,139,35,44,190,24,191,122,78,48,234,201,140,129,197,69,101,62,177,94,217,12,92,221,18,188,225,210,229,172
15,129,52,84,45,209,128,92,117,235,224,205,101,159,120,62,223,22,69,71,76,110,154,174,8,13,60,87,82,12,163,176,220,14,111,164,247,72,28,35,136,222,148,197,157,3,107,122,126,10,202,211,7,135,44,23,93,146,24,181,182,203,151,46,199
16,138,90,75,30,77,123,160,212,162,226,167,236,119,36,44,6,155,179,3,116,207,171,227,165,168,225,65,239,204,136,192,210,41,183,194,57,163,106,10,104,172,190,141,34,46,238,246,148,213,206,195,0,153,164,107,11,191,157,181,250,143,18,12,23
17,158,246,134,214,100,91,36,116,186,34,143,207,195,0,167,104,206,183,125,204,141,171,192,249,98,66,168,65,57,30,226,250,162,236,53,70,64,102,138,227,90,6,79,212,137,231,16,123,160,106,238,41,89,75,96,155,42,32,39,83,135,185,105,239
18,172,48,106,89,201,105,185,156,94,137,83,68,225,78,234,170,124,39,168,57,188,79,160,123,191,216,6,53,130,203,239,199,44,183,139,202,255,102,238,210,164,114,141,194,140,222,179,104,166,56,221,75,236,247,119,254,55,251,28,241,98,190,33,116
19,67,5,248,132,85,215,180,49,208,115,2,108,173,219,50,11,112,95,175,152,74,80,46,97,153,131,37,113,149,38,103,184,93,218,181,4,99,23,136,240,47,10,157,169,148,213,51,146,107,3,88,147,163,77,7,237,151,109,127,13,135,12,25,16
20,31,27,253,133,166,55,200,130,33,194,142,61,40,59,9,243,21,155,255,179,119,114,73,210,225,242,41,191,188,118,58,244,86,193,189,26,229,54,178,75,241,230,121,232,56,251,198,123,160,1,254,234,172,145,239,140,18,245,190,48,161,44,201,139
21,198,33,229,142,243,118,253,133,193,130,191,210,31,86,179,177,43,190,26,119,161,20,244,24,225,27,188,55,166,44,255,140,251,241,203,139,68,56,194,234,254,28,81,58,122,222,172,233,199,75,54,178,202,9,48,217,77,197,221,18,213,114,40,155
22,117,110,71,120,45,223,205,209,84,128,87,111,52,154,159,176,14,220,247,60,8,82,28,129,35,222,211,76,15,164,62,235,126,202,69,122,216,101,92,199,203,197,170,182,124,217,139,24,190,44,177,140,228,191,86,224,234,221,12,3,78,56,13,68
23,181,218,157,146,113,99,149,107,74,148,153,37,88,7,103,151,47,10,46,169,175,80,95,135,237,51,109,131,12,219,108,4,50,163,127,136,112,150,180,49,208,38,187,152,72,147,25,11,29,215,85,2,132,252,5,19,3,67,93,77,8,76,13,82
24,190,177,229,8,213,44,3,210,191,118,179,77,28,198,86,222,21,119,76,87,33,154,122,220,225,247,60,164,203,14,197,202,93,130,75,176,199,117,233,126,84,22,139,211,110,111,35,193,217,216,71,140,188,234,239,82,172,123,253,170,160,16,223,45
25,29,187,127,147,237,150,51,109,252,169,47,88,4,151,99,103,146,7,131,135,38,80,218,23,149,37,181,113,157,152,74,107,72,175,112,219,12,95,148,50,108,153,184,2,10,180,49,97,46,215,85,163,132,39,53,102,137,196,79,89,70,208,105,136
26,142,243,43,244,81,161,193,21,145,198,144,133,253,33,31,20,118,40,229,245,130,86,27,177,9,121,59,166,191,210,55,179,119,255,233,188,58,190,251,61,24,200,225,241,114,254,1,140,54,194,189,56,178,68,139,221,203,122,234,230,44,155,242,217
27,166,55,20,31,194,253,200,133,130,155,33,61,41,73,119,225,179,210,255,9,40,142,191,242,114,75,160,123,188,21,59,86,178,189,58,239,54,243,232,118,56,241,162,234,6,229,172,251,140,44,254,18,226,48,236,201,193,190,230,32,139,90,1,244
28,222,220,247,87,60,176,203,202,199,111,211,126,164,122,216,110,139,14,154,197,71,35,8,217,191,22,140,170,124,44,82,234,190,117,86,223,56,221,205,24,188,210,225,241,78,201,68,84,228,48,45,120,251,239,52,254,177,229,182,209,178,159,130,76
29,187,25,127,237,252,150,51,109,147,88,47,151,169,4,99,7,146,103,135,218,131,80,23,38,149,72,157,113,181,37,107,74,12,152,175,112,148,219,95,50,153,108,10,2,184,180,46,49,163,39,82,97,215,85,53,102,105,137,89,132,79,170,196,83
30,226,90,162,138,16,167,36,212,171,207,75,123,155,236,192,160,0,41,116,165,204,65,246,6,227,168,34,77,32,183,104,195,194,119,206,232,57,141,17,249,179,250,143,239,106,238,73,44,225,100,61,66,63,214,55,172,210,186,27,158,98,166,137,3
31,253,133,20,27,33,166,55,130,142,194,179,119,21,243,61,210,200,118,155,40,225,191,193,229,86,255,73,41,9,75,188,198,59,26,244,114,190,123,58,160,242,178,241,54,56,172,44,232,189,239,251,234,140,254,18,161,43,48,139,121,162,145,230,201
32,232,73,61,41,63,155,226,162,242,30,171,200,194,90,27,0,165,230,212,36,75,167,55,138,207,166,123,192,160,20,236,31,16,40,119,116,204,249,65,246,6,179,253,195,34,59,133,206,227,57,168,104,183,17,141,225,33,66,130,250,239,210,106,143
33,253,21,133,31,179,130,210,229,119,118,191,20,142,27,55,86,225,243,166,198,190,193,194,44,188,75,24,155,177,255,26,241,140,123,56,172,160,234,244,61,139,239,178,251,203,77,58,43,54,161,48,122,254,200,18,202,201,68,9,28,197,41,199,114
34,195,206,141,104,100,186,57,36,143,125,183,116,167,17,53,66,168,137,246,102,158,70,98,106,91,79,134,207,89,30,162,171,204,226,214,236,138,123,0,39,160,90,16,6,231,249,172,192,105,83,65,41,18,227,75,238,250,196,155,185,212,156,169,135
35,182,176,154,122,126,220,223,197,111,28,217,60,211,87,228,110,22,247,222,202,203,199,71,139,117,140,86,120,45,84,164,216,221,56,241,14,205,8,251,128,209,254,191,178,234,124,82,188,190,52,177,54,170,24,44,78,210,129,159,239,225,68,229,58
36,167,116,207,34,246,195,104,30,17,171,162,226,206,183,141,0,143,100,204,168,138,57,90,192,236,186,16,123,65,158,160,214,6,212,66,249,125,98,134,227,41,75,250,53,91,106,155,137,238,102,89,79,70,194,77,172,165,32,239,18,232,231,119,225
37,74,103,149,175,95,113,50,218,80,181,99,108,131,219,153,23,47,4,169,49,146,112,46,180,157,38,107,152,51,148,88,10,215,7,85,151,2,109,208,237,132,135,147,5,11,127,136,163,150,12,19,67,25,187,29,97,184,115,248,72,252,93,173,3
38,152,131,80,4,112,103,2,175,219,50,47,147,184,37,95,169,51,108,149,97,99,180,215,74,85,49,132,113,218,23,237,127,88,115,181,25,146,153,109,187,151,5,29,19,67,46,157,208,7,150,107,148,248,135,10,11,252,12,136,163,173,72,93,206
39,105,137,89,83,156,79,102,53,196,106,70,57,18,141,172,231,185,125,48,104,183,168,94,206,186,143,201,34,195,98,170,100,78,68,116,124,187,29,127,25,150,237,6,252,160,123,51,109,234,167,147,88,238,225,216,151,47,169,114,36,99,4,7,146
40,121,59,230,61,20,245,133,242,31,253,200,145,27,142,243,73,166,55,26,232,193,144,33,63,194,244,9,155,21,130,118,41,119,32,179,114,81,1,189,255,43,210,198,161,229,225,58,75,191,86,188,123,54,162,178,160,226,241,251,172,56,190,254,90
41,155,194,162,73,226,123,171,160,55,27,166,236,232,200,75,30,32,6,61,90,167,212,227,138,168,239,225,119,116,20,36,204,31,238,16,65,207,179,130,242,183,192,57,106,104,253,250,210,172,246,141,33,133,0,18,34,44,143,195,63,206,201,114,89
42,91,125,100,66,158,186,134,195,206,34,17,196,70,214,141,102,143,53,104,64,57,231,249,183,36,137,79,39,116,246,98,147,167,25,168,0,89,169,4,83,207,105,109,47,38,106,150,187,29,184,51,103,127,204,237,252,151,152,171,135,131,37,88,80
43,26,161,81,198,244,142,243,21,193,229,133,177,33,144,233,253,145,118,31,86,130,20,191,210,190,24,179,188,9,255,251,40,27,119,58,166,254,140,55,68,241,245,225,56,139,203,54,122,28,221,114,222,59,199,178,121,234,44,211,217,1,35,197,202
44,190,210,225,191,77,164,179,75,239,160,119,123,24,202,28,203,222,3,60,86,229,8,220,197,122,234,16,130,6,247,139,172,199,48,126,201,33,87,138,236,18,217,140,188,176,56,213,216,170,90,194,106,227,14,238,154,118,241,55,177,124,178,155,21
45,84,117,120,128,209,22,223,129,205,52,71,110,159,15,154,235,87,62,8,92,69,101,76,111,176,14,60,82,220,247,35,28,222,211,224,164,122,126,197,202,182,216,199,203,13,24,174,217,170,12,44,190,124,139,3,177,163,72,228,157,191,140,86,136
46,153,10,136,181,74,113,11,148,208,95,37,23,149,108,157,107,218,175,50,163,49,219,180,146,99,103,5,80,131,112,215,7,85,93,12,47,88,169,132,19,151,3,4,135,67,152,2,51,38,109,77,237,13,213,248,127,173,150,16,72,76,147,115,138
47,169,51,4,103,99,88,237,218,80,131,109,146,37,127,149,147,151,23,113,74,181,38,7,25,175,150,187,157,95,219,29,50,135,112,152,107,108,153,148,180,49,10,252,2,46,12,215,85,132,72,163,184,208,97,136,5,11,19,67,115,248,137,53,141
48,201,18,185,78,172,234,94,106,68,170,124,89,225,188,105,203,216,199,83,139,202,191,156,239,140,164,130,222,160,221,6,255,137,56,168,44,238,254,247,123,79,251,210,28,241,114,39,54,220,60,57,211,194,58,53,126,166,183,179,55,178,14,86,236
49,50,215,108,95,180,85,219,175,132,5,112,74,37,2,67,19,208,80,152,131,149,153,113,11,103,46,38,218,115,248,181,4,99,23,47,169,97,173,10,157,146,184,148,107,51,136,88,147,7,151,237,163,109,93,127,135,12,25,150,3,187,77,29,213
50,95,108,175,49,219,180,74,37,215,112,80,85,131,149,103,113,132,152,2,153,38,218,5,4,208,46,99,181,23,47,67,19,169,11,146,51,157,115,10,107,148,97,88,248,184,147,7,151,237,136,109,127,173,163,135,25,150,12,187,93,29,3,77,72
51,47,237,127,169,4,99,88,147,103,109,187,25,131,80,218,29,151,146,150,149,38,23,37,7,113,74,181,175,152,112,157,135,219,252,95,107,50,108,153,148,180,2,12,49,10,46,72,215,85,184,132,97,163,208,136,5,11,19,115,67,82,137,39,89
52,205,209,159,117,71,45,84,129,22,128,110,15,120,82,101,92,8,62,87,14,223,69,76,60,235,247,111,220,176,164,12,154,28,222,72,211,163,202,224,157,216,170,35,148,13,7,126,107,199,203,197,135,122,44,136,124,23,151,146,3,10,174,88,181
53,102,79,137,70,57,141,104,89,183,125,39,143,186,168,106,83,231,105,206,34,98,195,100,116,185,18,156,172,196,167,36,48,6,201,94,238,160,17,123,236,246,204,134,66,227,150,91,109,171,78,162,170,151,187,135,207,237,25,239,250,158,252,127,88
54,241,56,58,251,254,178,140,221,255,188,139,234,217,189,130,228,9,86,203,78,126,202,199,239,114,201,55,225,191,166,122,197,48,1,210,68,194,27,94,216,220,124,28,185,238,164,176,222,20,33,60,253,211,6,31,18,247,35,170,44,160,133,182,200
55,166,27,194,130,20,31,253,200,155,133,225,33,41,210,255,179,119,178,191,239,188,160,54,123,73,61,86,56,114,75,58,9,241,189,234,6,251,140,21,254,142,201,44,139,162,48,172,236,242,18,118,229,238,190,40,243,227,59,203,221,217,106,226,232
56,241,140,54,178,139,251,254,221,234,188,217,58,203,126,202,86,199,228,255,122,197,239,130,191,225,78,201,220,28,210,164,176,48,222,60,216,55,189,124,166,68,247,211,44,35,94,238,9,114,194,185,170,6,33,111,18,182,160,27,190,87,154,253,179
57,141,104,137,183,53,206,168,106,34,195,89,143,102,116,79,186,125,167,36,39,100,172,70,105,98,18,83,123,160,6,236,185,231,156,162,48,246,138,17,238,30,201,16,171,204,226,66,75,41,90,227,207,196,225,194,155,239,94,65,250,134,158,44,77
58,255,54,251,254,241,188,56,221,9,140,178,114,234,139,189,130,1,78,166,86,55,217,203,201,199,191,68,225,202,228,48,27,126,20,239,194,94,253,122,210,31,33,244,133,216,124,197,185,161,18,200,21,28,142,222,211,220,176,170,238,164,172,247,60
59,121,40,230,242,245,200,20,145,27,61,9,31,133,253,73,166,55,144,1,142,114,244,243,189,194,232,26,255,130,33,41,155,58,81,21,32,193,63,54,188,119,161,179,178,225,118,251,210,43,241,254,86,191,56,198,229,75,160,140,123,234,162,172,239
60,220,176,28,247,164,202,222,87,126,203,111,199,110,71,122,197,211,154,139,216,217,22,14,35,117,8,82,223,205,170,44,124,140,234,52,191,84,45,56,239,228,201,86,190,221,78,209,120,225,241,48,210,188,159,182,24,178,128,251,254,68,76,94,129
61,232,73,27,200,155,20,40,242,31,63,32,41,166,194,253,55,133,230,59,119,33,179,162,75,226,130,121,118,123,142,30,90,243,160,193,210,225,21,165,138,171,212,16,114,245,9,236,191,172,6,255,229,239,167,189,26,86,145,44,77,106,36,188,18
62,101,69,92,235,159,209,128,224,174,205,129,120,52,45,117,15,84,22,71,110,82,76,223,14,8,87,111,13,247,154,12,72,60,176,220,211,222,28,157,7,163,35,148,164,216,88,151,107,23,170,146,135,252,237,181,218,127,150,136,124,113,202,109,99
63,232,61,32,165,73,155,40,226,41,30,119,162,90,242,31,27,75,230,20,179,194,200,253,133,118,138,55,166,16,193,33,123,212,59,160,171,121,243,36,167,77,210,130,142,0,225,236,21,207,229,249,192,6,172,44,206,190,57,66,116,195,34,191,213
64,214,158,249,91,134,17,96,0,246,207,100,66,192,36,195,186,34,171,167,116,204,42,143,125,206,104,65,30,226,141,183,250,162,98,212,90,57,168,138,236,32,70,16,53,227,165,102,41,6,231,123,160,232,137,79,238,155,75,10,106,135,107,89,169
65,204,250,192,227,171,236,207,212,246,167,6,116,162,238,226,36,0,30,160,168,123,90,138,183,98,239,16,143,17,41,104,75,155,194,141,134,34,214,57,195,186,106,100,158,225,44,164,206,77,185,53,201,55,91,125,249,79,234,119,89,32,178,231,210
66,206,195,34,100,36,249,141,17,158,186,125,104,91,57,167,214,116,143,183,30,0,134,53,246,137,207,42,226,168,162,138,102,90,70,171,16,196,106,89,165,79,39,98,123,64,204,192,37,215,236,4,50,169,49,103,38,160,95,41,75,152,47,172,175
67,19,5,248,132,85,215,49,180,173,115,208,2,108,50,219,11,95,112,175,152,74,97,80,46,37,153,131,113,149,38,103,184,218,93,181,4,99,23,240,136,10,47,169,157,148,146,107,51,213,3,88,147,163,7,77,237,151,109,127,13,135,12,16,25
68,124,78,216,48,170,188,201,94,199,234,18,203,221,140,139,254,211,222,251,255,172,191,202,156,185,247,28,225,130,56,105,241,58,114,111,14,220,54,89,87,106,83,164,86,176,210,60,126,82,44,217,229,239,190,21,33,178,122,110,39,166,137,179,198
69,62,101,92,235,159,209,128,129,120,224,174,205,45,52,117,84,15,76,22,71,82,110,14,8,223,13,87,111,247,154,12,60,72,176,220,222,211,28,157,163,7,148,23,107,88,146,35,151,164,218,181,136,216,237,113,170,135,93,127,153,99,252,149,10
70,102,231,53,79,125,186,143,98,83,141,104,137,183,39,57,105,100,89,168,34,195,206,106,116,185,196,134,18,156,17,167,246,94,36,91,238,172,48,6,201,204,236,158,150,252,160,250,123,227,25,109,187,66,78,29,151,135,171,127,207,237,72,170,88
71,110,205,22,117,87,111,209,82,52,14,247,45,120,60,176,220,223,159,128,84,28,222,211,8,154,164,216,35,202,129,199,203,170,126,76,124,101,62,15,122,92,197,69,235,139,217,44,140,182,234,12,78,190,24,72,191,221,201,228,68,48,56,86,94
72,12,135,7,151,150,109,146,252,88,107,157,148,237,163,23,127,187,181,10,99,218,29,169,47,51,25,52,113,149,82,103,153,37,136,74,205,4,46,159,147,164,80,131,71,14,170,175,101,95,8,60,92,209,247,219,108,15,110,50,117,168,87,38,106
73,232,61,200,242,41,32,155,27,194,166,55,230,20,162,31,226,40,63,59,253,133,171,30,75,123,160,119,130,90,212,236,179,33,6,225,121,189,138,167,114,9,239,210,227,36,16,255,207,168,204,192,65,116,238,178,165,142,118,0,57,106,172,183,191
74,149,113,37,175,95,108,218,219,153,50,181,103,80,23,99,131,180,46,112,49,47,157,146,4,169,208,107,148,152,215,10,38,85,88,51,2,132,7,11,151,5,237,136,109,163,19,135,127,67,147,12,150,187,25,97,115,248,184,29,93,3,72,173,77
75,123,16,138,90,160,119,179,155,77,162,44,30,225,226,210,236,212,194,6,239,41,167,190,55,227,191,33,130,172,27,166,171,3,168,106,118,36,31,116,238,165,229,65,164,18,57,253,207,204,183,24,48,86,61,201,234,20,213,133,192,104,232,141,89
76,8,159,84,13,117,129,52,45,205,22,120,3,209,14,93,87,24,71,128,69,110,213,82,154,101,136,15,62,28,92,163,247,190,222,223,60,157,235,220,148,12,177,111,44,153,46,23,77,164,208,113,181,107,176,10,218,149,211,11,74,146,7,229,224
77,3,16,44,75,138,119,179,213,190,90,123,210,160,24,136,225,163,46,191,93,8,229,164,30,153,11,10,212,148,118,236,239,6,172,208,157,162,155,107,181,33,226,23,167,113,12,165,106,74,76,28,227,222,218,130,149,194,60,202,86,18,168,108,95
78,94,201,124,234,48,185,199,216,221,68,170,188,139,203,140,254,202,18,251,56,241,255,222,54,247,211,164,58,225,83,105,126,28,220,239,172,191,60,106,217,176,111,89,178,114,130,238,87,156,14,6,122,82,86,44,197,79,210,160,110,168,228,137,71
79,102,53,83,70,231,105,137,89,39,106,57,183,185,168,98,141,104,143,125,186,18,156,94,48,116,206,172,34,201,195,100,238,6,196,78,167,160,170,236,123,36,124,234,227,246,204,239,17,68,225,150,250,252,134,216,187,109,151,164,72,171,127,237,29
80,131,103,175,112,219,149,4,38,37,74,152,99,50,95,113,47,108,218,169,180,51,2,49,23,181,85,215,153,146,88,147,132,237,127,157,109,46,151,107,7,208,184,97,148,25,5,187,10,19,150,67,29,135,115,11,12,136,163,248,252,72,173,93,3
81,244,26,144,43,161,145,142,243,198,21,133,193,245,253,9,20,33,31,40,121,59,229,130,1,58,86,255,118,233,177,251,27,188,254,166,114,191,55,241,189,54,210,140,68,56,179,221,200,178,190,139,119,225,24,61,203,234,217,194,122,199,230,228,28
82,14,71,205,110,87,247,111,159,170,222,52,216,22,211,117,209,8,60,124,28,220,176,164,120,199,45,128,203,202,84,76,223,101,62,72,12,92,69,154,78,126,129,68,139,48,201,35,44,94,157,7,234,88,235,151,122,237,252,23,146,15,191,127,197
83,105,79,89,185,39,102,137,53,94,106,231,18,156,70,48,201,57,168,172,78,183,98,141,170,104,124,143,68,125,234,238,196,186,6,216,116,206,160,34,114,195,188,225,239,123,199,203,236,164,100,255,202,139,221,167,227,252,140,254,222,247,150,187,194
84,45,117,129,120,22,209,128,223,52,205,71,159,154,15,110,8,76,87,235,60,220,176,69,14,111,62,92,101,28,247,82,35,222,164,211,122,224,197,13,126,24,202,182,203,3,190,199,44,216,217,177,12,163,170,174,139,136,228,124,213,191,93,86,157
85,132,215,49,180,2,67,19,50,112,108,5,219,152,95,175,115,248,80,131,38,208,74,97,37,149,103,113,184,11,153,4,46,173,218,99,181,47,23,169,51,146,147,157,10,148,107,88,136,237,93,151,127,109,7,163,25,135,187,150,29,3,12,213,240
86,191,210,122,130,140,241,56,217,139,197,190,188,178,33,203,225,126,229,251,202,228,21,28,234,54,254,44,199,198,222,220,221,179,24,239,58,55,177,253,255,60,176,35,164,133,119,154,31,166,247,118,27,211,87,182,216,201,142,194,20,68,48,243,111
87,247,222,28,110,111,14,220,71,60,176,211,22,8,82,117,216,199,205,203,202,154,164,223,35,120,170,126,45,84,124,209,122,52,159,139,197,128,76,44,190,217,191,24,140,234,86,68,177,78,129,221,201,48,210,188,56,225,182,229,241,228,251,239,254
88,151,237,109,146,7,99,127,47,51,169,150,218,23,135,157,187,103,181,107,149,4,113,25,29,37,148,80,131,12,74,147,252,72,153,175,10,95,38,219,50,108,112,46,163,152,180,49,136,2,208,215,85,132,11,82,184,5,97,159,52,14,19,8,89
89,106,137,105,18,83,39,172,79,57,53,156,185,48,102,168,141,183,201,104,94,70,231,206,143,160,98,6,123,78,170,34,116,195,125,225,68,186,234,238,124,196,167,236,239,188,216,100,194,44,36,164,75,114,130,203,191,227,199,202,138,255,179,16,162
90,138,16,30,226,75,162,212,123,167,160,155,236,77,36,171,207,165,119,41,6,116,192,179,65,227,204,194,44,168,0,225,239,183,246,210,57,104,34,3,141,195,106,206,232,238,32,250,172,55,190,27,143,136,17,61,166,73,191,33,63,130,163,249,213
91,158,134,17,214,100,186,246,125,143,195,34,64,36,104,206,116,249,0,66,141,207,183,167,98,70,204,42,53,192,57,171,102,168,231,65,250,79,30,137,226,162,236,96,227,6,106,138,90,89,238,16,123,39,212,160,83,41,135,196,105,109,169,150,151
92,101,62,235,69,159,209,128,224,129,52,174,205,15,45,120,117,84,22,71,82,76,110,223,14,8,13,87,72,12,111,247,60,154,157,176,163,220,7,148,222,28,107,211,151,135,88,146,23,164,252,237,181,136,150,218,35,10,127,109,170,216,113,99,153
93,213,3,11,208,13,136,46,153,76,5,77,19,180,163,108,113,10,67,74,95,49,181,148,219,24,8,149,157,23,50,175,218,173,107,85,248,37,132,215,112,190,99,80,146,44,12,103,131,2,16,7,240,152,159,177,88,229,84,138,47,129,179,119,151
94,78,185,201,48,124,170,83,68,18,234,105,216,199,89,221,188,106,203,139,172,156,202,79,140,254,255,251,56,247,222,164,39,211,238,225,137,114,239,54,241,168,231,58,102,28,220,60,6,53,191,111,82,126,176,130,14,98,217,160,87,178,57,183,70
95,50,108,175,219,74,49,37,180,149,113,80,112,153,103,131,215,85,218,46,181,132,152,208,99,2,23,38,5,4,47,11,169,19,67,146,157,10,107,148,51,88,136,7,115,151,248,237,109,147,97,163,184,127,135,173,12,150,25,93,187,29,3,77,72
96,0,64,214,192,207,249,246,158,65,17,134,204,171,250,91,212,36,226,167,30,116,162,227,236,100,90,143,138,98,34,186,104,195,183,16,32,6,41,168,238,66,206,141,123,160,165,125,155,75,232,57,239,73,194,53,163,10,70,77,231,102,136,106,135
97,184,2,115,152,38,132,85,112,215,131,180,80,219,50,49,175,108,4,67,19,248,95,103,147,5,37,74,149,47,51,113,169,99,218,208,153,173,23,181,127,25,237,88,46,11,146,29,109,187,151,157,107,7,150,148,10,135,136,252,93,163,12,196,66
98,143,183,168,231,104,116,79,186,70,53,102,141,238,204,246,125,250,57,6,100,167,236,106,227,185,34,83,137,195,89,17,36,65,134,206,171,105,207,160,123,201,239,39,18,192,48,91,162,94,158,172,226,41,214,78,138,30,234,0,16,212,164,225,194
99,218,103,47,149,23,146,88,113,169,51,37,181,80,74,4,131,237,151,157,175,109,7,127,107,153,95,219,50,108,148,112,38,135,150,147,187,152,46,10,180,25,49,29,12,2,163,215,85,208,252,132,136,72,11,5,184,19,97,67,115,3,93,248,77
100,186,195,34,125,143,17,206,104,141,91,158,134,183,116,36,57,53,246,70,66,167,102,98,214,168,137,79,207,231,204,0,171,106,89,249,236,39,162,30,192,226,65,6,250,83,42,123,138,105,160,196,90,227,238,16,41,172,185,18,64,135,109,212,169
101,92,62,69,235,159,209,128,52,205,129,224,174,45,120,15,117,84,71,22,82,76,110,14,223,8,13,87,12,72,111,247,157,60,7,163,154,148,176,220,151,107,88,222,135,146,23,28,211,252,237,181,150,218,164,127,136,109,10,113,99,170,187,216,153
102,53,70,79,231,137,39,125,83,141,57,89,105,186,104,143,183,98,168,106,206,34,195,100,185,116,196,18,156,172,48,94,167,201,6,36,238,17,246,134,236,160,123,204,150,78,252,91,170,109,187,227,25,29,151,127,237,66,135,250,88,124,158,171,7
103,80,99,37,4,131,47,149,169,218,175,74,113,51,95,23,50,38,219,181,146,108,112,88,152,153,237,109,147,151,180,157,49,127,7,107,2,46,148,215,85,25,135,10,150,187,132,29,208,12,5,184,97,163,11,136,19,67,252,115,72,248,93,173,3
104,141,183,143,57,34,116,195,168,186,206,53,100,125,167,36,98,102,137,79,106,70,246,17,89,204,236,231,6,171,207,123,160,162,134,39,83,105,238,158,30,227,226,91,172,138,185,18,66,65,250,16,90,192,41,0,214,48,75,201,239,155,156,212,194
105,83,89,39,79,156,137,18,106,185,102,53,94,48,172,201,57,70,231,168,78,170,141,183,68,124,104,196,98,234,143,125,216,206,6,186,238,225,160,188,34,114,116,123,195,199,203,239,255,164,202,236,139,100,167,130,191,222,221,187,140,247,44,252,127
106,89,18,172,137,57,168,105,48,185,79,53,183,83,201,141,160,104,123,39,6,102,156,225,94,116,238,143,98,236,206,239,234,167,70,34,78,195,170,231,75,194,44,227,186,124,68,125,36,164,188,138,191,16,130,162,41,179,210,203,155,216,119,202,199
107,148,157,181,10,146,23,7,12,163,135,218,151,153,99,113,88,46,149,37,74,136,109,103,169,47,237,72,95,175,150,51,80,108,4,50,131,127,219,49,208,180,187,11,112,25,38,252,147,29,152,215,3,85,77,5,2,132,93,8,16,13,52,76,19
108,95,50,219,175,180,49,74,112,37,149,113,215,80,85,131,153,132,208,103,2,152,5,46,218,181,99,38,19,23,67,11,4,47,169,157,146,10,148,51,107,115,248,88,136,97,7,151,184,237,147,109,163,127,173,135,93,12,150,25,187,3,29,77,213
109,151,150,88,237,7,127,169,146,47,135,51,187,25,99,29,252,218,23,4,103,147,107,157,181,72,149,37,12,148,113,80,131,74,10,175,38,153,95,219,50,163,108,112,46,152,180,49,136,2,215,85,208,132,184,82,11,53,97,137,5,102,89,141,106
110,71,22,111,87,205,117,247,14,176,82,220,120,60,211,209,28,223,222,45,52,128,84,159,154,8,35,216,199,202,164,203,126,170,124,122,129,76,197,139,217,62,101,69,92,15,235,140,182,44,234,78,190,24,221,191,68,201,228,86,56,48,177,188,12
111,211,110,247,87,176,220,222,71,28,14,60,216,22,199,82,203,35,202,205,117,124,223,126,170,154,120,164,139,8,209,122,45,52,217,84,140,197,128,159,221,78,234,68,182,191,56,201,188,86,241,254,251,44,228,48,190,94,76,24,129,177,225,210,239
112,219,152,2,175,180,80,131,108,50,38,95,85,49,132,215,74,149,103,37,113,4,99,218,47,97,19,153,208,5,67,51,184,169,23,115,181,46,147,146,88,248,11,157,237,127,107,109,148,151,10,7,25,187,29,150,136,135,173,163,12,93,252,3,77
113,149,74,218,23,181,153,37,99,175,103,95,219,80,108,157,131,50,46,146,47,180,112,107,148,88,169,4,49,10,51,208,7,151,152,38,237,109,215,85,136,2,11,163,127,135,132,12,5,147,150,19,67,187,25,29,93,72,97,3,184,115,248,252,77
114,255,58,9,188,166,254,130,54,251,55,20,234,27,201,48,200,78,68,221,18,241,194,56,140,94,225,1,185,31,178,253,189,172,139,191,133,106,33,105,89,156,239,83,203,199,59,210,124,86,41,142,160,244,6,21,202,238,216,155,170,123,137,179,242
115,132,85,97,2,215,248,67,19,184,152,5,49,180,112,50,219,38,108,175,95,173,131,80,208,74,37,103,4,149,11,113,153,47,218,99,46,169,147,51,181,23,146,240,88,157,10,237,127,107,148,93,109,25,136,151,7,187,29,150,135,163,213,3,66
116,167,183,104,36,143,168,246,204,141,34,236,98,207,195,171,57,17,186,100,6,206,162,65,227,123,160,250,192,226,53,30,125,238,106,138,90,0,137,16,134,102,79,212,70,158,89,41,75,214,231,91,239,155,185,172,18,194,83,66,105,201,48,225,39
117,22,45,84,120,209,71,205,110,128,223,52,159,87,129,8,154,111,14,60,176,220,82,247,76,28,15,222,35,62,235,69,211,92,101,164,202,126,122,197,216,203,199,24,170,44,182,190,217,124,224,139,13,12,3,177,163,191,228,72,140,86,157,234,136
118,229,193,33,179,21,119,210,190,243,133,198,253,31,24,142,177,191,130,86,213,75,44,77,20,225,27,55,26,3,166,155,43,194,61,123,160,16,90,172,138,188,244,40,161,122,239,28,8,203,63,197,165,222,140,139,41,241,234,56,233,202,178,255,18
119,179,75,210,33,118,225,190,44,77,123,229,155,191,31,130,160,194,253,55,27,16,133,90,138,21,166,24,20,172,86,239,41,3,162,193,61,213,30,6,226,236,18,198,212,188,243,48,106,142,234,177,164,201,203,165,202,139,56,167,140,227,200,122,232
120,128,45,22,209,117,84,223,205,71,110,159,129,52,87,235,62,69,111,154,14,8,92,101,82,76,15,176,247,220,35,60,28,211,222,224,164,216,126,122,202,199,182,203,197,170,24,174,124,13,177,217,190,139,44,12,3,233,228,140,191,86,72,163,157
121,245,59,40,230,145,242,144,20,200,61,133,31,142,253,27,243,26,73,244,9,166,55,81,1,232,193,33,63,194,114,189,21,130,43,32,155,255,161,41,118,58,119,179,198,210,188,54,229,86,225,191,178,251,241,254,75,56,162,123,160,172,140,226,234
122,197,126,217,228,220,202,176,28,35,60,86,139,154,203,140,56,199,164,222,241,182,247,191,178,87,234,111,44,211,210,221,190,239,251,188,225,254,223,54,110,216,22,71,24,130,8,117,14,124,201,229,78,177,84,170,58,45,33,48,179,255,205,82,68
123,160,75,6,236,138,16,162,90,225,155,239,194,167,168,227,226,44,119,30,41,106,179,212,77,238,172,116,210,183,171,57,36,18,55,204,48,130,191,201,65,104,166,89,141,164,27,234,207,190,137,185,250,33,34,143,192,206,98,246,195,202,31,188,53
124,170,216,78,199,68,94,203,211,247,201,222,48,202,234,139,111,28,14,221,220,185,82,87,140,188,60,164,18,176,110,254,126,251,71,56,191,172,105,225,241,83,217,106,89,156,122,44,239,255,54,8,205,197,22,130,35,86,58,210,238,178,190,117,6
125,186,100,70,143,141,53,104,195,102,34,206,183,57,79,231,98,137,116,17,168,134,91,36,39,158,89,246,167,106,66,83,105,196,214,204,207,185,171,236,6,42,18,172,156,238,123,162,160,250,0,30,65,227,226,192,48,138,150,109,249,201,41,25,135
126,217,122,197,202,176,220,139,60,203,228,28,199,140,35,56,164,222,241,247,234,221,154,178,86,111,211,87,182,251,216,254,191,239,54,188,110,71,44,78,223,124,225,201,22,210,170,190,14,117,130,58,48,8,82,68,238,255,205,84,24,94,45,6,185
127,237,187,29,51,25,88,150,109,47,151,169,147,252,99,146,4,7,103,218,23,135,131,80,149,157,113,181,37,38,107,74,72,175,12,148,112,152,219,95,153,50,108,10,180,2,46,163,49,184,215,85,132,97,82,136,208,39,89,137,53,170,105,14,102
128,209,120,45,117,22,84,205,235,129,159,62,223,52,71,69,92,110,101,15,87,82,111,14,154,76,224,8,176,247,60,220,35,28,211,222,174,164,216,126,202,13,122,199,182,197,203,170,124,12,24,72,217,139,190,177,44,163,3,157,228,148,140,7,136
129,15,84,45,128,209,117,52,120,159,235,92,205,22,101,69,62,76,223,224,71,8,110,154,13,87,174,82,14,60,111,220,176,247,28,35,12,222,164,163,3,136,211,197,122,72,24,157,148,126,202,93,107,44,10,190,203,182,216,7,199,23,213,181,46
130,225,191,55,33,166,210,188,253,31,27,86,255,20,194,179,133,234,56,241,140,21,119,251,54,58,178,139,254,229,239,48,201,203,44,190,114,172,160,18,142,221,202,123,199,68,155,75,9,217,118,198,78,122,200,6,126,197,243,28,222,41,164,189,106
131,80,103,38,4,175,112,152,219,149,37,99,47,74,50,95,108,113,218,51,169,180,2,49,23,147,181,85,215,88,146,153,132,237,127,109,157,151,184,97,46,25,7,107,208,187,148,5,29,150,19,10,67,115,135,11,12,248,136,163,252,72,173,93,3
132,85,215,2,49,180,67,19,5,115,112,50,108,219,152,248,95,175,97,38,80,208,131,74,37,184,149,103,113,11,173,153,4,46,218,99,181,47,23,169,51,147,146,157,10,148,88,107,136,93,237,127,151,109,7,163,25,135,187,150,29,240,3,213,12
133,253,31,20,33,142,27,243,21,166,55,130,118,193,179,119,40,210,26,194,61,229,244,198,200,191,86,225,9,155,255,59,188,43,161,190,58,114,145,73,75,241,178,41,54,189,56,251,242,140,121,44,254,123,160,81,234,144,177,172,24,239,139,245,232
134,91,158,17,214,100,246,186,143,125,116,34,104,195,98,36,207,0,183,204,141,167,206,192,70,171,64,250,249,168,65,53,231,102,57,66,79,236,162,227,226,30,137,6,42,238,96,106,138,212,90,89,123,160,16,41,83,39,185,135,105,72,109,155,75
135,7,151,146,109,12,107,88,72,150,157,148,23,237,181,169,99,218,10,47,127,163,51,252,187,103,37,113,149,25,153,4,74,29,46,80,147,131,136,175,95,50,108,219,38,112,49,180,152,208,52,11,82,215,2,85,159,168,183,164,77,141,53,106,132
136,163,10,46,148,153,107,157,181,11,23,3,113,208,12,74,93,218,149,146,37,95,77,108,7,175,99,50,135,13,49,219,180,103,151,5,88,213,80,16,76,47,169,131,8,112,215,109,72,138,85,4,19,44,237,67,51,132,150,152,52,127,38,2,90
137,89,53,57,106,39,79,105,102,141,83,104,18,168,183,172,156,206,70,34,195,125,143,185,186,48,231,116,196,98,201,100,123,167,160,94,6,36,236,238,225,170,78,68,234,162,75,239,138,124,194,16,66,41,227,246,17,204,44,109,88,151,237,150,127
138,16,90,30,75,123,226,162,212,167,160,77,236,36,155,6,171,119,207,116,44,165,227,179,168,65,192,41,204,183,225,3,239,194,57,104,34,106,210,141,246,0,206,195,172,238,136,163,10,190,250,143,46,148,164,213,55,17,191,18,153,107,89,137,11
139,140,203,202,199,56,234,221,241,126,217,188,251,254,122,220,28,54,222,78,178,216,191,197,176,86,60,201,164,247,124,211,225,228,239,48,58,130,170,68,255,111,87,210,35,44,94,185,190,154,18,110,14,238,182,71,6,55,172,160,33,229,166,82,114
140,139,56,241,221,251,254,188,234,203,199,54,217,202,126,178,86,58,122,191,78,255,28,197,201,216,220,222,130,228,225,176,211,124,68,247,60,239,48,164,210,170,35,111,94,87,44,185,55,18,190,114,166,182,33,154,189,9,238,229,110,14,194,172,21
141,104,57,34,206,195,183,53,143,186,168,125,137,116,100,102,36,167,106,79,89,70,98,17,39,246,231,105,83,123,236,6,172,160,66,18,204,162,171,207,30,185,134,138,226,158,238,91,16,90,156,227,48,196,41,75,65,201,250,0,214,192,155,194,239
142,243,26,133,21,253,244,31,33,193,43,198,20,161,81,118,130,229,145,27,40,166,144,55,86,179,210,191,9,119,255,188,59,177,58,225,190,61,245,200,194,251,114,121,241,254,140,54,24,56,178,189,1,68,155,139,234,44,203,221,172,75,242,122,233
143,104,183,186,98,116,141,100,125,168,34,53,195,57,70,246,102,206,17,167,36,79,231,134,204,137,106,236,207,89,6,91,171,158,250,238,227,65,83,160,123,185,105,162,214,39,192,0,226,30,18,138,66,172,16,90,41,48,201,239,212,75,135,94,155
144,145,81,244,245,26,142,121,161,243,43,59,40,9,133,253,20,1,31,21,193,198,33,27,230,58,255,166,200,189,130,114,55,242,118,61,86,251,188,229,254,54,241,191,210,178,194,56,140,179,73,119,177,221,225,68,139,234,233,190,155,217,228,203,122
145,144,245,26,121,81,244,40,142,59,243,43,133,253,161,20,31,193,9,230,21,27,33,1,200,198,166,242,61,55,130,118,255,114,189,58,229,86,73,194,179,188,251,210,119,191,54,254,241,178,155,225,177,232,56,63,140,190,41,68,221,234,139,233,24
146,7,23,151,88,157,99,218,181,107,135,109,148,47,169,237,149,113,103,37,51,12,74,150,10,153,127,4,80,131,175,163,46,187,95,72,219,50,25,108,29,147,252,136,38,112,180,49,152,208,215,2,11,85,132,5,3,82,19,77,67,8,52,184,159
147,25,51,4,47,169,127,29,187,38,237,103,131,109,80,99,88,150,152,151,218,37,146,149,112,175,252,74,23,7,113,184,219,50,95,181,2,135,108,97,157,180,107,49,215,153,85,132,148,10,12,46,72,115,208,5,163,19,67,39,196,136,11,137,53
148,107,157,10,181,163,23,146,12,153,7,46,218,136,135,113,151,149,99,74,37,88,103,109,47,169,95,175,72,237,108,50,80,219,51,150,131,4,208,11,127,49,180,112,3,187,38,77,215,152,25,93,147,5,252,29,85,13,8,76,132,2,16,52,19
149,113,74,218,37,99,103,175,23,80,181,219,95,131,153,108,50,47,146,112,157,4,180,169,46,88,51,49,107,148,38,152,7,151,237,10,208,109,215,2,85,127,132,135,147,11,136,163,5,12,150,187,19,25,67,29,97,184,72,115,252,93,248,3,77
150,109,237,187,151,127,252,88,29,25,7,135,51,169,146,47,99,72,147,4,23,218,103,157,107,12,181,149,148,37,113,131,80,74,38,10,175,153,163,95,219,50,112,152,108,46,180,49,136,82,2,53,102,215,79,137,89,39,85,184,106,208,170,70,105
151,7,88,109,146,135,237,150,99,169,127,47,23,157,107,51,218,181,12,187,148,72,103,252,25,149,29,4,113,37,74,10,147,80,131,153,163,175,95,46,219,38,50,108,112,136,152,180,49,208,2,215,85,82,11,132,52,159,5,106,53,89,8,14,137
152,38,112,2,131,80,219,175,50,85,180,132,215,4,108,97,95,103,184,49,37,74,149,47,115,113,99,51,169,147,218,19,67,5,153,23,181,208,88,146,237,248,127,46,25,109,157,151,11,187,107,29,7,148,10,150,135,173,136,163,12,252,93,72,3
153,46,181,113,74,149,23,37,218,95,10,148,157,108,175,107,50,219,208,136,99,146,103,180,49,11,80,163,131,112,7,47,88,169,5,215,4,151,12,85,135,51,132,152,38,109,237,2,19,67,93,3,127,150,77,147,72,187,248,13,213,25,115,76,29
154,35,223,176,122,220,22,28,60,197,117,84,87,126,110,45,182,71,111,247,222,120,8,217,202,164,211,203,228,205,209,128,14,199,52,24,86,129,190,139,76,44,177,191,140,159,82,216,15,56,210,241,234,229,221,170,124,178,239,3,225,251,188,254,198
155,41,194,162,75,226,123,160,55,27,90,73,166,119,30,61,232,179,138,236,212,31,6,225,171,16,32,200,20,130,210,239,167,253,33,227,133,168,36,44,77,116,238,172,63,191,65,106,204,207,242,57,192,118,183,165,18,104,190,178,234,48,86,250,201
156,105,39,89,18,172,137,83,106,48,68,79,94,185,201,53,57,102,196,170,124,78,141,168,216,70,234,225,188,114,183,104,231,206,199,191,160,130,255,123,203,222,125,6,34,195,44,143,179,139,14,127,202,247,98,210,164,187,140,82,239,221,29,237,194
157,107,148,23,181,146,7,218,10,12,153,113,99,151,163,88,149,135,74,46,37,103,136,109,47,169,237,175,95,51,80,72,108,150,131,127,219,4,50,208,180,112,187,49,11,38,25,29,252,147,152,3,215,85,77,2,5,8,132,93,76,52,13,82,159
158,214,91,17,134,100,246,249,0,186,36,195,34,64,207,143,125,116,66,104,206,167,141,192,183,204,171,98,57,168,65,30,226,53,70,162,250,102,42,236,96,231,138,90,79,137,227,212,16,6,123,106,41,160,238,89,32,155,75,39,135,83,165,10,105
159,205,209,52,117,101,69,128,120,62,45,92,71,22,82,84,129,76,110,14,235,8,87,15,223,111,247,60,222,220,28,176,154,12,13,211,224,164,72,157,216,170,174,163,148,7,23,107,35,202,146,88,124,151,199,181,136,24,203,218,3,135,113,237,44
160,123,6,236,75,239,225,227,194,138,162,168,16,155,238,90,44,167,106,41,226,119,172,212,179,210,116,30,183,77,171,18,201,48,55,57,204,130,191,65,234,164,166,36,104,89,185,27,141,250,207,190,137,202,98,33,143,188,203,56,192,139,178,246,34
161,244,43,81,26,198,142,21,243,144,86,133,33,253,251,229,9,58,177,130,188,255,254,193,145,233,191,31,241,140,20,54,221,56,210,118,68,139,1,178,190,166,203,114,55,27,122,199,217,189,24,234,225,211,28,179,35,228,222,182,126,202,197,216,119
162,226,30,171,90,41,167,155,236,138,212,123,160,36,75,207,16,116,6,192,204,65,194,227,168,0,246,183,32,104,232,57,250,73,119,239,238,34,141,195,55,225,206,179,106,143,77,17,165,27,166,61,44,98,172,210,100,200,186,137,130,89,249,18,31
163,148,10,136,107,12,157,181,46,153,23,7,146,135,218,113,151,74,149,37,72,99,88,3,11,95,109,103,208,108,175,77,169,47,50,237,219,93,13,80,150,49,51,131,76,8,180,16,52,4,127,44,112,138,164,5,159,213,187,215,252,85,205,38,82
164,60,202,220,28,203,247,222,44,126,199,176,239,197,139,87,122,234,216,170,217,201,225,191,111,71,124,8,110,140,14,48,211,82,56,154,78,190,210,6,238,160,22,86,117,188,205,52,241,185,35,221,123,227,228,18,178,77,94,172,24,223,236,106,84
165,90,30,138,16,63,226,75,162,77,155,212,119,232,32,36,123,179,167,249,61,0,41,207,160,3,171,213,11,118,192,173,236,66,194,5,73,116,44,136,208,206,34,46,195,210,93,67,33,65,6,31,190,27,19,57,49,225,153,204,240,10,246,141,248
166,55,27,194,20,130,31,200,253,133,155,225,33,255,41,114,210,188,179,9,119,61,73,191,58,54,178,160,239,123,56,241,189,234,86,75,251,142,21,6,254,242,140,172,201,48,18,59,40,139,162,44,236,243,229,118,106,238,232,221,1,203,190,226,78
167,36,116,207,171,162,30,236,183,246,226,104,204,168,138,34,90,123,141,195,143,160,16,192,57,6,65,206,17,227,0,212,100,75,98,186,250,41,106,238,155,53,125,137,158,214,239,134,89,194,77,102,66,79,172,249,91,225,70,18,44,119,185,179,165
168,183,116,104,57,106,143,141,6,98,167,236,53,160,238,89,137,123,79,34,227,102,36,204,185,195,186,206,18,246,172,70,171,83,162,125,105,239,231,48,201,250,100,65,138,207,226,16,41,75,225,39,30,17,90,194,155,94,192,234,212,44,164,156,78
169,47,4,51,103,99,109,88,237,146,151,218,37,147,80,131,127,149,23,7,25,150,181,113,38,74,187,175,135,157,107,29,95,50,219,152,112,108,153,148,10,252,49,180,46,12,2,215,85,72,163,132,184,208,136,97,5,11,19,67,115,141,137,53,206
170,124,216,199,247,78,222,48,94,201,68,203,211,14,82,202,28,234,111,164,87,18,220,185,60,139,176,110,188,172,140,71,221,105,191,106,126,225,89,83,156,44,8,254,205,56,251,239,22,217,241,122,190,210,197,117,52,130,238,79,255,86,35,6,159
171,207,204,162,192,226,65,167,236,246,36,116,30,212,0,250,227,41,6,90,123,160,138,168,183,155,17,104,238,16,143,75,98,34,194,141,195,57,32,239,214,100,206,186,158,134,73,106,232,249,55,225,125,53,91,166,119,137,77,27,89,44,165,79,172
172,18,106,48,89,156,201,225,137,105,123,160,57,185,68,168,191,234,83,44,170,39,179,130,94,210,6,78,188,119,75,79,53,124,239,194,141,183,203,216,164,199,104,166,190,77,33,202,102,236,222,55,238,139,255,16,229,114,155,138,140,206,116,167,27
173,248,67,5,19,11,132,215,240,85,49,208,115,180,108,50,95,2,219,175,46,112,93,74,153,152,37,97,113,80,149,131,38,136,103,184,181,10,213,218,23,4,99,3,165,148,157,107,47,169,77,163,146,51,16,13,88,138,147,7,151,90,109,237,135
174,224,235,92,62,101,69,129,15,128,209,159,45,52,120,205,84,117,13,76,22,71,223,110,82,8,14,12,72,87,163,111,157,154,7,148,107,135,247,151,60,23,146,136,88,176,181,252,220,10,237,218,150,113,93,109,153,127,28,211,222,99,35,46,149
175,219,95,50,108,74,80,37,149,112,131,180,113,103,49,152,218,99,215,153,38,85,4,2,181,132,23,47,46,169,208,5,51,146,157,19,88,67,107,11,148,10,147,237,151,7,109,97,115,127,184,136,248,135,163,25,150,187,12,29,173,93,3,252,72
176,220,60,28,111,247,126,87,222,202,35,211,110,199,203,122,71,154,197,217,164,22,139,216,223,14,117,140,124,205,82,228,182,170,221,234,8,45,56,120,84,241,86,52,209,191,78,44,251,254,188,128,201,190,178,239,159,68,225,54,48,210,24,94,129
177,24,229,198,190,233,21,86,191,118,210,8,28,33,222,213,87,154,44,179,122,193,43,220,76,203,3,247,14,119,243,211,35,161,130,197,199,225,176,142,111,60,202,139,22,77,126,140,110,117,217,188,253,216,133,164,84,26,68,223,71,120,182,241,31
178,56,241,54,217,140,251,228,254,139,58,234,221,188,86,126,239,189,197,122,255,130,202,203,225,55,191,199,166,210,201,194,9,78,164,238,220,27,28,176,60,6,48,44,33,114,222,160,35,182,227,1,216,253,20,31,247,185,190,123,124,68,133,179,211
179,119,210,33,75,225,118,190,229,191,44,130,77,31,123,253,21,160,194,155,55,133,27,24,166,86,172,16,20,138,90,239,3,193,198,213,18,188,41,6,48,234,177,142,162,243,61,203,106,236,164,201,30,202,139,226,56,140,28,222,122,212,197,241,178
180,219,108,49,50,112,85,175,95,132,215,2,74,208,5,80,19,152,131,149,67,113,37,153,103,38,46,218,11,99,181,248,115,4,23,47,97,169,51,157,184,146,10,148,107,173,88,136,147,237,93,7,151,127,109,163,135,25,12,3,187,150,213,29,77
181,23,218,157,113,153,107,146,148,149,74,37,99,10,46,103,7,88,95,175,47,151,169,80,108,163,50,219,135,131,12,136,109,4,51,237,180,49,112,208,127,150,11,38,152,215,85,72,147,187,2,5,132,25,29,19,252,67,3,93,77,13,76,8,16
182,35,228,122,154,217,126,197,176,223,220,28,60,86,139,111,140,202,241,211,56,203,22,199,87,178,110,221,222,247,251,254,71,117,54,84,45,164,120,191,216,234,188,177,128,58,190,14,8,205,209,210,24,239,44,124,78,52,198,130,225,82,229,129,170
183,104,168,143,116,141,57,98,53,167,186,34,195,106,206,79,36,102,137,125,100,6,236,246,70,89,204,238,160,231,123,17,171,227,207,185,83,162,250,105,65,18,172,39,226,138,30,134,48,16,201,41,239,192,90,75,158,91,194,0,225,155,212,94,156
184,97,152,2,38,115,112,132,85,131,215,80,4,219,147,50,175,180,49,103,108,95,47,51,37,67,19,169,74,149,248,99,5,113,218,25,127,237,208,23,88,181,153,29,187,109,146,46,151,173,150,11,157,7,107,148,10,135,252,196,136,12,163,66,206
185,94,201,48,83,78,18,105,106,89,79,234,238,124,170,168,172,137,6,239,231,53,68,102,98,216,183,188,199,156,39,203,225,202,139,57,164,160,221,140,70,56,255,123,254,227,104,236,141,114,143,54,222,247,251,241,191,116,130,60,44,220,194,58,28
186,125,100,143,104,141,34,195,183,70,206,53,102,116,17,98,57,134,168,91,79,231,36,246,158,137,167,106,89,66,204,214,39,207,83,171,105,236,6,250,0,238,162,196,185,65,192,123,160,227,30,226,18,172,138,249,42,41,16,90,156,48,135,201,109
187,29,127,25,237,150,252,109,51,88,147,151,47,169,99,7,4,146,135,103,218,23,131,80,72,149,157,38,181,113,37,107,12,74,175,148,152,112,219,95,153,50,108,10,180,2,163,46,49,184,82,39,215,85,97,53,102,137,89,132,105,79,136,170,208
188,140,234,251,254,255,56,139,241,221,54,130,58,203,191,78,201,199,68,225,48,178,202,86,216,114,217,124,210,18,126,94,239,222,166,55,28,170,122,33,185,172,211,220,247,164,197,9,194,44,176,60,27,21,228,253,190,229,20,31,179,160,106,133,111
189,1,9,178,54,58,241,255,56,55,251,166,254,27,130,200,228,140,188,20,114,194,221,86,217,31,253,139,234,133,239,225,244,59,191,33,197,126,122,210,41,73,242,142,203,155,202,201,238,78,199,6,161,21,160,243,227,40,48,182,61,179,123,119,236
190,24,229,210,44,191,179,177,86,119,225,77,33,118,28,8,3,222,21,213,122,130,203,164,198,202,75,220,197,87,60,247,139,199,154,126,239,234,123,140,160,188,217,14,176,172,76,253,56,216,48,211,31,16,241,133,201,111,55,170,18,35,110,193,194
191,210,225,86,130,190,44,203,188,229,33,139,234,179,140,202,199,28,56,222,241,21,119,122,239,24,164,48,201,197,217,126,220,251,55,178,247,254,68,172,60,216,198,221,253,255,166,18,54,160,31,177,194,75,123,87,78,118,176,124,170,133,211,27,58
192,207,65,171,204,0,246,212,250,167,226,162,36,236,30,116,227,17,90,138,214,6,16,123,183,160,168,41,143,238,104,158,134,249,98,75,155,34,195,100,141,96,239,186,91,206,57,194,32,77,165,106,125,232,73,53,44,225,66,119,64,55,137,79,163
193,243,118,21,142,26,198,133,33,253,229,43,31,179,119,20,177,210,244,190,130,40,24,27,161,191,86,61,81,145,55,166,225,213,75,194,44,144,233,155,77,63,188,121,59,200,3,172,245,255,123,9,160,140,241,232,73,251,122,56,203,68,58,41,28
194,55,166,155,27,41,160,130,123,225,20,31,200,75,239,119,6,179,162,73,210,253,236,33,61,133,226,191,255,227,178,238,234,188,172,90,106,114,44,201,56,18,168,48,171,54,212,138,30,232,241,86,16,167,58,189,242,140,139,9,32,57,251,116,185
195,34,206,141,100,104,186,57,125,36,143,183,116,167,17,66,53,168,137,102,246,158,70,91,98,106,134,79,207,89,30,162,171,214,226,204,236,0,138,123,39,231,160,90,16,6,249,105,172,192,83,41,65,196,18,75,227,238,250,155,185,156,212,169,48
196,39,137,102,53,156,105,70,79,89,125,83,57,141,206,106,186,231,195,34,104,100,18,172,147,183,25,143,29,187,168,66,127,185,51,4,237,47,48,38,150,169,98,252,94,109,42,131,88,103,116,184,152,80,99,151,201,36,112,97,146,218,170,167,149
197,122,126,217,228,202,220,60,176,139,154,28,86,35,164,203,56,140,178,241,199,222,182,239,191,247,44,234,87,210,190,221,111,225,54,251,223,211,188,254,110,216,71,22,130,8,24,117,201,84,78,124,14,238,229,170,58,6,160,45,48,227,177,179,33
198,21,229,177,43,243,33,142,161,118,193,86,26,190,24,191,210,133,253,233,244,130,179,31,119,188,225,81,20,28,140,44,203,222,122,251,139,241,68,199,55,27,56,254,255,166,197,202,87,217,211,220,234,58,8,213,154,126,247,221,35,178,54,216,176
199,203,202,139,216,222,247,28,140,220,211,124,234,176,221,126,60,170,78,111,188,164,87,56,201,217,68,254,122,241,251,191,48,197,14,110,94,86,225,35,54,71,82,239,44,178,185,228,210,130,18,154,255,58,190,22,8,172,117,205,223,182,229,238,24
200,242,27,73,166,20,55,194,61,59,41,31,155,230,253,40,133,9,114,232,130,189,255,32,33,1,121,58,225,162,119,160,54,142,123,179,178,188,75,210,239,226,6,241,56,245,243,191,236,63,234,251,172,171,21,254,18,86,201,106,48,238,244,140,30
201,48,234,78,185,94,18,124,188,170,203,199,225,139,106,68,172,202,216,239,140,89,221,164,56,105,238,191,83,6,254,255,222,241,251,130,160,247,54,168,44,28,60,220,123,126,156,210,178,58,79,114,217,211,137,194,176,236,227,86,166,55,122,57,183
202,203,199,139,220,126,60,164,28,222,247,176,234,140,217,122,216,197,56,211,87,221,124,111,191,201,241,78,170,188,239,225,44,86,48,254,251,35,178,228,110,14,154,210,71,54,68,190,94,82,130,8,185,22,238,18,6,117,58,223,255,160,182,205,172
203,199,202,139,222,28,140,234,220,216,247,126,60,176,164,211,124,188,221,56,217,191,122,78,170,201,87,241,111,197,251,254,48,86,225,68,44,239,14,210,54,35,178,110,130,94,190,228,71,154,18,82,185,255,58,8,172,22,229,24,238,160,6,117,182
204,65,250,246,171,207,192,236,227,116,167,6,36,238,168,183,162,212,98,143,226,0,17,104,160,30,123,138,90,41,141,16,239,134,34,186,195,57,100,214,75,155,158,106,206,194,53,125,91,79,185,231,102,70,225,137,89,44,201,249,164,77,18,172,48
205,71,52,209,117,159,110,22,45,128,82,120,84,14,87,111,129,223,101,247,8,92,62,60,69,220,176,235,15,222,76,28,211,154,164,216,170,35,202,199,12,203,124,126,72,122,197,224,157,44,163,139,7,217,13,24,148,107,190,174,151,23,135,3,146
206,195,34,141,104,57,100,186,125,183,36,53,143,66,116,137,167,168,102,17,106,89,70,79,246,98,39,158,30,91,162,123,207,138,134,226,172,171,160,236,105,16,90,231,204,196,6,83,214,18,0,249,41,156,75,192,185,155,65,227,238,169,48,47,103
207,192,246,171,0,204,167,36,65,116,226,30,162,17,212,236,250,90,138,214,227,183,143,104,16,158,168,34,6,195,249,123,134,160,100,141,98,41,206,186,238,75,91,57,155,125,239,32,194,106,66,53,96,165,77,137,232,102,79,70,89,225,73,44,64
208,11,5,180,108,46,49,153,19,95,219,67,74,50,175,85,113,215,132,149,93,112,37,181,136,248,218,80,2,23,131,10,103,173,152,157,148,99,107,3,213,163,38,146,115,4,47,169,77,88,51,13,7,97,151,12,76,237,135,109,184,127,147,16,8
209,128,205,45,120,117,159,22,52,71,84,129,110,62,235,92,101,223,69,15,82,87,14,111,8,76,247,154,176,60,220,28,224,211,222,35,164,174,216,202,126,170,199,12,203,13,122,72,124,197,182,24,163,157,217,44,139,190,148,7,3,107,136,23,177
210,191,225,179,190,44,33,119,130,86,229,75,21,24,239,55,118,160,188,253,123,31,203,194,234,77,139,166,202,122,140,56,27,133,197,164,28,241,222,172,198,178,199,217,48,155,201,126,177,20,220,6,18,60,251,54,255,3,247,16,254,8,138,142,68
211,111,247,216,222,87,199,28,176,220,203,110,14,124,60,202,170,71,139,82,35,126,22,140,221,68,164,78,122,234,154,217,205,117,223,8,188,197,254,191,251,120,56,201,241,48,86,94,209,45,182,52,84,159,190,44,128,228,225,54,24,177,210,18,185
212,90,226,162,30,236,65,138,171,192,16,227,75,207,123,204,160,167,155,6,41,250,36,239,0,116,246,238,194,77,168,44,119,225,179,183,165,210,55,32,104,73,232,17,27,164,166,143,3,57,106,98,34,141,190,195,191,130,61,197,178,206,249,172,163
213,3,93,24,77,190,208,11,76,8,229,136,44,118,179,177,119,46,153,210,13,16,75,5,163,19,180,113,138,10,191,108,74,67,148,181,157,33,219,149,95,23,49,90,21,218,225,175,198,50,107,28,123,248,173,87,222,164,37,193,85,165,14,112,132
214,158,17,91,134,0,246,249,64,207,100,36,192,116,186,34,195,167,143,204,171,104,66,206,125,65,96,183,141,30,226,98,250,162,168,57,236,212,90,138,53,227,70,16,102,6,42,41,123,231,160,238,79,137,32,106,155,75,165,89,135,232,10,107,194
215,85,132,49,50,180,2,108,5,95,67,219,112,19,175,152,115,80,248,38,74,131,37,208,149,97,103,113,11,153,4,184,46,173,218,99,181,47,23,169,51,10,146,147,157,107,148,88,136,237,109,151,7,127,93,163,135,25,187,150,12,29,3,213,77
216,124,170,199,211,247,222,203,111,202,78,28,68,220,14,87,139,176,60,234,201,82,48,94,164,140,221,110,188,126,71,191,254,185,18,56,251,217,122,241,225,22,8,35,44,205,197,172,86,239,117,54,154,190,210,255,130,106,105,178,58,52,223,89,83
217,126,122,197,228,139,56,140,241,202,178,203,176,220,86,199,221,35,60,28,234,54,251,254,164,182,222,188,191,239,154,247,211,111,225,216,87,58,210,78,44,130,201,124,255,110,190,223,71,170,48,238,22,68,189,14,55,6,117,8,33,94,24,229,160
218,23,99,149,113,181,74,146,103,37,157,47,153,88,80,175,169,107,131,95,7,148,51,151,219,4,108,237,50,46,109,10,112,127,135,180,38,49,12,152,150,163,147,208,187,136,215,2,25,85,29,11,132,72,5,252,19,67,97,184,93,3,115,77,248
219,175,108,180,112,50,95,74,80,49,131,149,113,37,85,152,2,215,103,132,38,218,153,99,208,4,181,23,5,46,47,19,67,169,51,11,146,157,115,88,97,107,148,10,248,184,147,237,151,7,127,109,136,163,135,25,187,173,150,93,12,29,3,77,213
220,60,176,28,247,222,202,87,126,111,203,199,164,211,122,110,197,71,139,154,35,216,217,14,22,140,117,8,223,124,170,82,234,205,191,44,56,86,221,228,84,241,45,190,52,78,201,120,188,182,239,225,209,210,251,254,48,24,68,178,159,128,54,94,76
221,254,251,140,139,241,56,188,54,234,199,78,203,58,202,217,255,178,126,216,201,124,68,211,94,176,122,222,220,228,86,48,28,191,247,170,197,130,60,111,225,164,239,35,185,114,87,18,210,9,182,189,55,238,110,166,44,14,154,172,71,33,190,6,194
222,28,247,220,87,203,199,211,60,216,202,111,176,14,164,110,170,124,139,126,71,82,8,122,191,140,234,22,154,197,44,35,217,190,68,117,78,201,188,86,221,48,205,225,56,210,24,223,241,251,254,52,239,120,84,94,45,229,18,159,177,209,228,130,172
223,22,45,117,154,120,84,110,71,35,128,209,176,205,111,87,220,60,129,52,28,247,182,122,126,211,159,15,222,8,197,14,82,202,164,217,235,76,199,203,62,228,92,216,69,101,139,24,140,170,124,86,190,44,177,224,221,191,56,234,241,210,78,251,239
224,174,235,92,62,101,69,129,15,128,209,45,159,84,120,52,117,205,13,22,76,223,71,110,8,82,154,14,87,12,111,163,72,60,176,247,220,157,136,148,35,107,28,7,93,222,10,135,23,164,211,146,3,181,151,88,153,46,218,113,237,24,99,197,122
225,191,210,130,44,239,160,234,179,123,188,48,201,119,194,55,172,75,203,86,33,139,18,190,6,202,166,56,140,164,241,199,27,106,178,229,255,155,222,31,28,238,78,54,236,251,122,77,217,253,197,126,254,68,185,221,220,60,216,21,20,227,170,124,247
226,162,30,90,171,212,138,167,155,41,36,207,236,16,123,75,192,160,0,116,204,65,6,32,246,194,227,232,168,165,183,104,73,34,119,250,195,57,141,17,206,77,239,238,179,143,61,55,249,225,106,27,166,44,63,100,98,210,214,172,186,200,158,66,137
227,236,6,238,250,65,204,239,160,123,212,171,168,116,167,162,192,207,183,98,246,75,226,138,90,41,16,194,225,164,30,155,36,44,143,106,104,201,185,234,178,57,202,48,141,55,56,210,77,197,18,139,172,0,89,166,126,217,203,191,60,130,119,79,241
228,217,197,122,126,178,241,56,182,139,140,35,86,202,54,176,251,221,220,203,254,60,154,199,28,234,239,164,188,191,58,222,247,189,210,211,111,225,130,223,87,44,255,216,78,190,201,110,238,55,71,22,124,6,227,33,117,48,166,170,9,24,229,194,160
229,190,21,24,198,33,118,177,210,191,179,119,86,130,44,225,193,253,133,243,142,31,213,28,77,222,203,188,8,3,75,122,43,139,140,172,202,55,199,20,87,27,220,234,197,166,247,68,233,26,164,161,56,241,48,60,123,126,217,194,160,216,251,18,154
230,242,59,121,40,200,73,61,245,232,20,27,32,31,166,133,63,253,55,145,41,194,155,9,1,142,144,189,243,114,33,130,26,255,244,119,162,193,179,226,58,21,118,75,225,123,210,160,54,30,178,171,188,81,90,191,86,241,239,6,236,212,56,251,172
231,70,79,102,98,53,83,143,125,186,183,105,185,104,168,137,39,89,141,57,106,100,116,94,34,238,195,206,18,201,48,6,156,134,246,196,204,167,78,172,250,17,236,227,36,91,170,160,252,124,150,123,234,72,239,65,171,158,187,109,135,151,29,207,25
232,32,73,61,63,155,41,242,226,162,200,194,27,30,230,90,166,55,20,40,31,165,75,171,119,123,138,253,212,160,133,179,167,36,59,16,236,0,207,33,192,130,6,116,225,118,121,57,210,204,168,206,65,195,34,227,104,183,141,239,246,172,249,77,106
233,177,198,43,24,229,21,161,190,87,8,154,28,86,211,222,35,14,76,191,111,118,193,22,26,120,243,247,110,220,33,142,117,122,176,210,213,244,223,203,84,182,199,216,81,71,45,68,60,140,139,197,44,126,202,179,128,82,188,159,130,217,3,209,205
234,139,201,188,140,203,56,78,199,202,48,221,241,254,225,251,239,54,191,124,216,178,255,94,126,164,217,185,130,68,170,222,18,58,28,220,86,247,60,122,210,197,238,44,176,172,6,211,160,106,55,228,114,166,194,111,87,123,190,89,227,33,179,105,83
235,62,92,69,101,128,224,209,129,174,159,120,45,15,52,205,84,117,22,71,223,110,76,82,14,8,13,87,111,154,247,176,60,220,211,12,28,35,222,72,163,164,157,148,216,7,107,170,136,23,202,126,151,135,146,88,199,122,181,3,24,197,203,124,10
236,6,227,160,123,204,65,238,167,171,162,168,116,212,239,250,226,138,75,90,183,207,16,30,192,36,41,155,246,194,104,98,225,106,143,57,44,141,201,77,164,185,34,172,55,119,48,0,18,210,234,89,195,179,17,206,166,53,137,186,130,79,191,202,27
237,127,88,109,51,150,187,151,47,29,169,25,99,146,7,252,218,4,147,103,135,23,149,157,181,131,80,113,107,37,74,12,72,148,38,175,153,219,95,112,152,50,10,108,46,163,180,49,2,136,215,85,208,132,184,82,97,11,5,89,137,159,53,39,170
238,6,227,239,236,168,250,160,185,204,98,123,201,65,183,234,116,106,164,225,48,167,171,194,202,143,78,18,56,104,178,162,139,94,44,212,41,89,79,75,57,246,203,172,140,54,83,241,207,188,141,155,126,192,199,138,217,55,53,231,226,60,16,36,197
239,6,238,225,160,227,234,123,236,164,44,201,202,56,178,139,210,194,191,203,48,197,140,241,217,130,75,126,188,55,122,54,185,199,168,86,60,78,106,18,166,220,155,179,172,28,221,228,212,119,254,251,222,250,41,65,190,162,16,255,138,204,247,27,77
240,173,248,67,19,5,11,208,93,115,132,85,215,49,180,213,108,2,50,95,219,165,46,112,175,153,3,74,97,136,152,37,113,149,77,80,13,131,184,10,38,181,103,218,23,16,148,163,99,118,157,4,138,24,107,90,119,76,47,179,146,75,169,190,229
241,56,54,140,251,178,254,139,221,188,217,58,234,86,255,126,203,228,202,199,122,130,197,191,225,239,78,201,189,210,220,28,55,176,222,9,216,164,48,166,60,68,35,124,211,247,114,33,194,44,182,94,27,170,238,111,185,190,253,6,87,18,21,31,20
242,230,200,73,59,61,40,232,27,20,121,32,166,41,55,194,31,155,253,133,245,9,63,114,189,1,130,162,33,255,226,142,145,119,243,179,123,160,75,171,58,225,30,54,178,210,6,236,144,90,239,188,244,21,118,212,193,26,241,191,56,172,167,227,106
243,142,26,193,133,21,253,33,43,198,31,244,118,20,161,229,81,145,40,130,27,179,86,210,144,119,55,166,177,191,190,61,9,59,24,225,245,121,194,188,255,200,58,241,251,155,140,56,178,44,189,54,233,75,254,114,139,122,1,234,73,203,242,217,68
244,161,81,26,142,43,243,144,145,21,133,198,253,9,20,31,33,58,130,255,193,86,251,1,188,27,229,254,166,40,245,55,241,59,191,54,189,114,118,140,210,56,177,178,121,221,200,139,179,68,225,190,234,119,233,194,217,203,122,199,228,24,61,126,197
245,121,145,59,40,144,230,142,26,20,242,244,81,133,243,200,253,31,9,61,27,1,166,193,43,161,73,55,114,33,21,189,130,255,232,194,58,198,118,63,155,179,119,41,188,54,229,32,251,86,210,254,191,225,241,178,56,140,68,172,234,75,221,18,190
246,207,204,17,116,36,192,167,171,65,0,143,134,250,183,214,104,158,100,98,236,186,34,168,195,91,162,141,227,226,30,6,206,125,212,57,238,138,90,249,160,123,16,53,41,70,102,106,79,231,66,75,137,155,239,89,194,64,96,185,32,83,172,18,77
247,222,87,28,220,111,60,211,176,216,199,14,110,203,202,71,164,170,82,124,126,22,139,8,205,122,117,35,154,234,140,197,217,78,223,191,44,52,201,221,68,48,120,45,209,84,190,188,159,56,86,225,94,241,24,239,254,210,251,128,228,76,18,185,182
248,67,19,5,173,132,115,85,215,49,180,2,208,108,50,11,219,112,95,97,152,175,74,240,184,80,38,131,37,46,153,149,113,103,93,218,4,181,99,23,47,136,10,213,169,157,51,148,146,107,3,147,88,163,77,237,7,151,127,109,13,165,135,16,25
249,0,214,158,17,36,66,64,207,91,246,30,192,167,195,34,100,226,134,171,206,116,162,90,138,165,204,104,186,141,143,96,16,65,212,32,183,125,57,236,168,41,232,123,250,155,75,98,160,227,6,53,63,137,42,77,10,106,102,70,73,238,194,46,37
250,204,65,227,236,238,192,171,246,6,207,116,98,167,168,212,183,143,239,160,162,36,123,226,104,0,17,41,30,138,134,90,141,16,186,185,57,75,194,106,155,34,100,231,214,195,164,79,201,53,225,158,125,234,102,70,206,44,178,89,48,91,137,55,202
251,254,221,241,140,54,58,56,188,255,139,234,178,203,199,217,78,86,130,202,126,191,68,201,228,122,9,114,216,225,48,124,197,189,28,211,222,220,239,94,176,210,55,166,247,170,35,60,164,33,185,111,18,1,182,21,27,161,253,194,87,20,44,31,244
252,150,187,29,127,25,237,109,151,88,72,7,51,135,169,146,47,147,99,12,4,23,218,157,103,107,181,149,148,131,80,113,37,74,38,82,10,175,153,163,219,95,152,112,102,50,79,170,53,108,39,46,105,83,70,89,52,231,159,137,14,205,180,106,136
253,133,31,20,33,27,142,166,130,55,21,243,179,119,118,210,194,193,229,61,191,40,200,225,86,198,26,244,155,255,9,188,59,190,114,58,75,73,241,41,161,43,178,54,56,251,44,140,123,189,160,234,254,172,242,145,239,139,24,177,18,48,121,232,203
254,251,221,140,241,54,58,188,56,255,139,234,178,78,199,203,217,202,130,86,126,68,201,191,114,216,228,124,9,48,122,225,94,211,197,222,28,189,239,220,176,170,247,55,166,210,185,60,164,35,18,111,1,33,194,182,27,87,44,21,253,238,20,161,172
255,58,188,114,254,251,54,241,130,56,9,221,140,234,166,178,139,55,78,201,68,225,48,191,27,20,189,86,203,199,194,253,94,18,31,1,33,239,210,202,217,185,133,124,200,172,216,126,21,142,244,228,170,122,222,106,160,179,161,238,28,6,197,211,229
