0,1.5884723326539887
1,0.9741104298746397
2,1.0743078367900085
3,1.6645284785131496
4,0.9578910925813787
5,1.1179301113733018
6,1.111317047949268
7,1.0171112183516262
8,1.0341382363886555
9,0.9989797945646444
10,1.0297347677688062
11,1.1727260957891539
12,1.0573129568900277
13,0.9783103915554909
14,1.1746819639109574
15,1.0941410517719454
16,1.2407420999578855
17,1.0348931145901592
18,1.0838727567425326
19,1.0899302130818809
20,1.1914683554888634
21,1.103934749797365
22,1.0505107994644713
23,1.2342302399628773
24,1.30606049025452
25,1.0134211620655993
26,0.9799384659804983
27,1.0764601411246182
28,1.1343442306944997
29,1.067483515091887
30,1.0598547194099885
31,1.0174388738661302
32,1.0365391609523775
33,0.9985530056055922
34,1.0250402035876123
35,0.9744955215620601
36,1.1369999590991373
37,1.089265012317453
38,0.9889888969999021
39,1.3182999516373164
40,1.0541943239119043
41,1.1078856857441077
42,1.3241562864177223
43,1.8679714598840385
44,1.0539893739807917
45,1.287877376433239
46,1.0042936854445568
47,1.105782117091143
48,1.1395924927970729
49,1.0867277270097886
50,1.7537438954447175
51,1.0358809137820955
52,1.470367794483649
53,1.028895390416485
54,1.0476514793407476
55,1.7633632854601098
56,1.5993280372456202
57,1.0563359372789813
58,1.0914149265529622
59,1.1411848370701987
60,0.9946690733125705
61,0.9869194477607959
62,1.012858122920171
63,0.9756567706870708
64,1.0716908216225582
65,0.9967440786903141
66,1.0184920138699909
67,1.0071432985433608
68,1.0627990270147798
69,1.007613912168618
70,1.1473525315242314
71,1.0881315339966706
72,1.587955484576166
73,0.9974355698101479
74,0.9910313608805636
75,0.9869360051005936
76,1.0781362262869556
77,0.9591043459508573
78,1.6836751583483038
79,1.162479064523068
80,1.1137629897153043
81,1.1347317140697624
82,1.150954865803897
83,1.0609915415589846
84,1.0880698713307473
85,1.0507412257990532
86,1.0416797911582014
87,1.0873268072554945
88,1.0633684603803006
89,0.9867724095527595
90,1.1811130173905209
91,0.9950023007193429
92,1.2944186608359929
93,1.1519551989653967
94,1.0600754932947407
95,1.169856384049522
96,1.2349347827640995
97,1.3073907783812286
98,1.0566759948905018
99,1.0429573039801172
100,1.0682400454636913
101,1.0043562693611139
102,1.0963637955368264
103,1.1043252522939122
104,1.2861909983580537
105,1.1245973309751816
106,0.9801050629619407
107,0.9773790395984243
108,1.019905776051457
109,1.1159088501843444
110,1.2753454388213938
111,0.9728636993178086
112,1.1255773503892121
113,0.9783900163180549
114,1.1259592586549774
115,1.1521581986284646
116,1.0038961437242988
117,0.9976911760656755
118,1.0387365668096769
119,1.282702025291512
120,0.9870398937040483
121,1.120251244774024
122,1.192928057011882
123,1.3902440356773356
124,1.0099514750446135
125,1.3034967620149829
126,1.0435000424582295
127,1.318420193096618
128,0.9664792020845077
129,1.2313547155963076
130,1.283855758593674
131,1.034641928236413
132,1.138583728542539
133,1.1028203217704402
134,0.9909054972912734
135,1.0422358888270757
136,1.115914839278925
137,0.9983406194150152
138,1.1403119850900933
139,1.0897810542526742
140,1.2297020879533802
141,1.1066623027276
142,1.0553728151497075
143,1.1242299324703176
144,1.1148465464535078
145,1.063554112478635
146,1.2258360398826138
147,1.020853187472599
148,1.094144259531134
149,1.1864006725398197
150,1.115401922430077
151,0.9621608870428986
152,1.0558825817599786
153,1.1258137332758806
154,1.328718230774307
155,1.0992024417232371
156,0.9947715563985464
157,1.033010544777424
158,1.0680164580714413
159,1.0235542441522774
160,1.2453830612897652
161,0.9962799915761527
162,1.0650261824258564
163,0.9624877203588118
164,1.367269805726024
165,0.9850956487739017
166,1.0135604101031392
167,1.007560912129616
168,0.9876666371746773
169,1.1081059969374223
170,1.0472457134258284
171,1.0049115693647224
172,1.134067023690525
173,1.0513413676631758
174,1.5014494016440594
175,1.0502187387636657
176,1.0584214346181058
177,1.2743313440728903
178,1.2444795737196783
179,1.0565953419480996
180,1.8863961683947867
181,0.9928503950132203
182,0.9638819915357114
183,1.012779799835232
184,1.2360537378349181
185,1.0608094258593688
186,1.2378205393718666
187,1.0790625751706
188,1.0487248765032198
189,1.1234651494794559
190,1.0399240555343043
191,1.0699595150289467
192,1.1647456256755724
193,0.9813232670193722
194,0.9939874133351727
195,0.9611269299304861
196,0.9605702486948822
197,1.0379234659241088
198,1.0169539313947618
199,1.0665658239339575
200,0.9689298121532969
201,1.0041574273206395
202,1.118198170865655
203,0.960326824548745
204,1.2180989151163624
205,1.0595261951609798
206,1.1234098600492537
207,0.9855280483368543
208,0.9769804436170317
209,1.189541059487346
210,1.053456560323562
211,0.9663717870694003
212,1.0456686499123313
213,1.020075350849517
214,1.1231802551547434
215,1.0543447330743194
216,1.4983893679511975
217,1.0829880274860744
218,1.1692025132850583
219,1.3722543537294656
220,1.0087164274999973
221,0.9861748783190605
222,1.1990514638669518
223,1.0892051763129784
224,0.9862560712809981
225,1.1276763242377044
226,1.0363001935219172
227,1.0270602980435557
228,1.0216382328790554
229,1.1652205979757297
230,0.9756528555827009
231,1.134149886562209
232,1.1033085775917035
233,1.2720742639087763
234,0.9604784326394202
235,1.0348994292126459
236,1.489720013249265
237,1.05714846257463
238,1.041493302690661
239,1.4933321253898
240,1.0723997324225634
241,0.9752917102159433
242,1.2408321652878698
243,1.0062393881670344
244,1.0092759240914861
245,0.9838579927324056
246,1.071256538486486
247,1.358932587581754
248,0.9641089609862836
249,0.9896621243853891
250,1.0611340075795717
251,1.0184904003539548
252,1.4535159648279299
253,1.5299664807708755
254,1.014637686315805
255,1.0201794395267536
256,1.0085822371002078
257,1.0110650578898763
258,1.0359061457357785
259,1.1840480482014941
260,1.0736126209418266
261,1.0407270074521422
262,2.992051182994614
263,1.0080659292855176
264,0.9774999858918076
265,1.0307686076673424
266,1.361805735025571
267,1.0088784251259453
268,1.011261173311457
269,0.9585901899574711
270,1.7406713439761134
271,1.1836590863644338
272,1.4203142736310022
273,1.0195907535743078
274,1.0998782869826473
275,1.0381007220186163
276,0.9706596655025699
277,1.0311700634855745
278,1.1325804424303845
279,1.2664741016982588
280,1.018596703269814
281,1.1314130435531604
282,1.0006094967190464
283,1.0724756446198629
284,1.0208093300501007
285,1.0181790810979359
286,0.9604876260794659
287,1.005172716271403
288,0.976912584381232
289,1.4582488996597682
290,1.0511664365343565
291,0.9731636611692871
292,1.236534470178062
293,1.094861282146656
294,1.0277667366140264
295,1.091250971025738
296,1.0042672746667969
297,1.4175054655695452
298,0.9904412951849025
299,1.7483232034378209
300,1.410002171769729
301,1.0200893095136303
302,0.9733563350230494
303,0.95805112368419
304,0.9841100070441308
305,3.335035626837675
306,1.0669910936870641
307,1.0724021528564989
308,1.0724015538712273
309,1.040530423575782
310,1.005090840426874
311,1.0038030458513818
312,0.987097125345502
313,1.252280431085564
314,0.9917534581703245
315,1.1040675811264666
316,1.0263780473623558
317,1.1217515199758856
318,1.271432869136109
319,1.1392484327911898
320,1.0174857496218306
321,1.021401799676249
322,0.9605350894588156
323,1.003237341098154
324,1.296998022094785
325,0.9979618138498414
326,1.331964578357148
327,1.0706791255430557
328,1.0054350383492219
329,1.0158472398850686
330,1.0253313253293106
331,0.98070949429571
332,1.2457439648985362
333,1.2116733188399975
334,0.9670506897196771
335,1.2043818269652853
336,1.0547661269565496
337,1.1775963503693634
338,0.9893211102764368
339,1.0147432890773145
340,1.0299676005393978
341,0.998543108803697
342,1.0887795554675188
343,1.0205939381717646
344,1.073940898368932
345,1.1324238121554115
346,1.2724744559687706
347,1.0561028700569968
348,1.0679795430206964
349,0.979918006937219
350,0.9577933492695687
351,0.9835939607815976
352,1.509281716735255
353,0.9590546536342254
354,0.973128391536331
355,1.282071816582814
356,1.0191744397643232
357,1.0179859914888874
358,1.4711058011238631
359,0.9737201606012835
360,1.6204214188338546
361,1.0639984666112337
362,1.0011669712506315
363,1.0669523374745333
364,0.9595016206394433
365,1.0593335741222099
366,1.0750687874125575
367,0.9585078625654744
368,1.0019768916709182
369,0.9803538834993779
370,1.0050336186176512
371,1.004882670039386
372,1.4847317077239242
373,1.323735539327441
374,1.0360909647962602
375,1.0403416888444725
376,1.264612180219538
377,1.0752202355717866
378,1.0702509203174686
379,1.1228672066932524
380,0.9731623515671977
381,1.3573805556314045
382,1.0563036026192638
383,1.0219146317563326
384,1.0046711039212917
385,1.0048302289239044
386,0.998066162329597
387,1.1160633411759928
388,0.9688477852416294
389,1.0067168248467284
390,1.1829108284190197
391,1.0626246534775932
392,0.9833815769743609
393,1.1206825643942686
394,1.1111877465467475
395,1.0409709546780108
396,1.0670579007902654
397,1.2168191836820852
398,1.0312074027307603
399,1.162163866586147
400,1.0012341165806862
401,1.377685998502065
402,1.2649507965678315
403,1.1993241002078914
404,1.0356528248903683
405,0.9773287988663223
406,1.0007925794826358
407,1.362533240310526
408,1.1459959697273578
409,1.0798701989064252
410,1.025649293171477
411,1.36948757030731
412,1.3944141552316152
413,1.124365326578347
414,1.0282473962578096
415,1.008003904221972
416,1.3808178459203662
417,1.0436420568258526
418,1.05221324472171
419,1.0555012297971225
420,1.02726908376767
421,1.558173185631648
422,1.4356495820226098
423,1.0362268443948186
424,0.9994015395947269
425,1.186271643459429
426,1.030043903619525
427,1.1429137022489915
428,1.3880049348609766
429,2.1348607444004593
430,0.9794941846761237
431,1.330994397403133
432,1.0590615548792568
433,0.9580136933674315
434,1.0175167365593558
435,1.1308801788984586
436,1.0080792697083232
437,1.0275034696796246
438,1.3360281456004435
439,0.9990752657146862
440,1.0915581168172843
441,1.0020862347843433
442,1.3451506484372158
443,1.6532869532282968
444,1.0852577724776091
445,0.9869218454280279
446,1.0112911533558193
447,1.1444633592865663
448,1.100244928012247
449,1.2689272539866756
450,1.370829935305072
451,1.0106429895137716
452,1.3144880685284597
453,0.9619962276467524
454,2.088036516371659
455,1.0247579938021094
456,1.1738145131460784
457,0.9875982243600023
458,1.0363804278969524
459,3.415520498382688
460,1.7291276737629597
461,1.0758114869830133
462,1.0151175699922104
463,0.9612182781213696
464,0.9897543254363149
465,0.9883748221096212
466,1.1918295793979796
467,1.14748743835938
468,1.0071852166251318
469,1.2873698197081278
470,1.6469975092832545
471,0.9921323640663239
472,1.0751757401132234
473,1.0504640032468782
474,0.9870803855538561
475,0.9748397746332049
476,1.070117914645279
477,1.1090899450064309
478,1.028790787163181
479,0.998241415599014
480,1.2309059438537608
481,0.9619917654414758
482,1.0356746509188255
483,1.067723160676945
484,0.9788699004957522
485,1.0342178771011774
486,1.3245207090634896
487,1.0212362678925362
488,1.3057951447123664
489,0.9882404834185843
490,1.0229627438432423
491,0.9815804838492483
492,1.0470508092639768
493,1.0274537222897935
494,1.0335727534188996
495,1.0577831414637155
496,1.0255416564906983
497,1.0957560579926737
498,1.0424831650352213
499,1.0005692481282304
500,0.977490745742364
501,1.0276693562422141
502,1.1066322477576025
503,1.1096125234830532
504,1.096444509318029
505,0.9575747278346896
506,0.9772971138795326
507,1.296431617887179
508,0.9758345579915665
509,0.9903074436616935
510,0.9920464533273987
511,1.1179008574028262
512,0.993029861826467
513,0.9673825635368192
514,1.3722878929404476
515,1.0044946071432932
516,1.0323482458803268
517,0.9853069081470183
518,1.2721173294330568
519,1.441218899664234
520,1.0391228869632432
521,0.9963954851544684
522,0.984434814068166
523,1.256566024546013
524,1.8863704800039716
525,1.2967686582642592
526,1.092599381113894
527,1.2802980171915301
528,1.3936471279781264
529,1.002087854059738
530,0.961205965115212
531,1.0202381619727812
532,1.0330783063035747
533,0.9911076263518461
534,1.0496977901047844
535,1.1693571048342966
536,1.0173087594689496
537,0.9973361238541221
538,1.1054000845838492
539,1.003548175128072
540,1.0148348191697973
541,1.1558071908554768
542,1.0507648193090697
543,1.014292419016308
544,0.9851113001018034
545,1.0847221697568235
546,1.0047180709002452
547,1.0668926424690404
548,0.9756841281460742
549,1.106307639736324
550,1.1785525297095971
551,1.0132940541193936
552,1.4634160789025055
553,0.9922902342912627
554,1.0251184371132867
555,1.0253290111170388
556,0.9826593695150795
557,1.1134345919036863
558,0.9774679905421659
559,1.0282518408566208
560,1.0379670216433947
561,1.246250215427287
562,1.2095194380253829
563,1.0353047553836097
564,1.0446368234051457
565,1.3521057555384517
566,1.3426522324394212
567,1.0267511870854085
568,1.1060282751409094
569,1.0065787524526764
570,1.0250289120438163
571,1.430218890686032
572,1.1303782291166442
573,1.028544637110354
574,1.0651268376556784
575,1.0003743352806411
576,1.5166209628257092
577,1.0039088884331435
578,1.117849061060765
579,1.0934182249068214
580,1.0783607455916118
581,0.9763797087033247
582,1.5089571150385157
583,0.9778010430259305
584,1.1332442350429526
585,0.9862038738349955
586,1.0910768342797903
587,1.0587905263031545
588,1.1911886781556484
589,1.0688261790332139
590,1.1333301362980635
591,0.9880989948551842
592,1.1669986872782476
593,0.9756788779446337
594,1.337838094073952
595,1.2604275205818354
596,0.9962336631667577
597,1.0166626157049325
598,1.0117936216606696
599,1.0156896381933485
600,0.9575338095718725
601,0.9609368644241884
602,0.984871924488785
603,1.897711429009008
604,1.2952258012929003
605,1.4504877110055627
606,0.9736536476003067
607,1.011633357298904
608,1.00754721419388
609,1.041096932705886
610,1.7517547775269344
611,1.0112180509817008
612,0.9766454066016731
613,1.2930467346730532
614,0.9782296293388895
615,1.035783560290456
616,0.9578689015442453
617,1.0209824586874552
618,1.0591611446204516
619,1.3094507333171623
620,1.0356128234537512
621,1.5383016224026465
622,1.0618433883686942
623,0.9773877320811986
624,1.0418247862695702
625,1.7833753936548473
626,1.2028562805701055
627,1.3198994796233003
628,1.1267632261020477
629,1.0787059427302537
630,1.1018467425247611
631,1.0732000570497888
632,1.039910344921151
633,1.0952308092961291
634,1.0290177253519772
635,1.0919373389185099
636,2.3842060207769316
637,1.0462592092436775
638,1.3824754333964404
639,1.0767628286296125
640,0.9602307080703766
641,1.5377292534053093
642,1.0150536155504608
643,1.2589231348428598
644,1.062268511674942
645,0.9740095153405628
646,2.204726297350722
647,1.0342808902301308
648,1.5678124787610082
649,0.9845085467415525
650,1.0595063625583279
651,1.01611339582456
652,1.0418144109145917
653,1.0819897246379897
654,1.1373600151251506
655,1.2178598092200223
656,1.050772181362967
657,1.200675494564491
658,1.0406837991492046
659,0.9788432337210116
660,0.9810774066371419
661,0.9579193309244749
662,1.0260100546113329
663,1.546246833420026
664,1.1298074915575396
665,1.0258849141131088
666,1.078603064181522
667,1.009021893800129
668,0.9994884201876835
669,0.988965058918135
670,1.0322397876816694
671,1.2758503722021208
672,1.0276741135896608
673,1.1257377729601723
674,1.0417590062430302
675,1.2334323583805533
676,0.9785330138112256
677,0.9793698590385411
678,1.0962629913636066
679,1.0230443761075003
680,1.0086374083348875
681,0.9864623215487285
682,1.1380059957149298
683,1.162222698536155
684,1.0038188974603142
685,1.1378243433029025
686,1.0266158273989046
687,1.2620363445173193
688,0.9938984394641368
689,1.4584151669935799
690,1.398810710977895
691,1.1744576128306097
692,1.3127248394979139
693,1.2152408115330964
694,1.0082296382185258
695,1.0814117384455946
696,1.0728459527312528
697,1.153338907643432
698,1.220940304872424
699,1.1897861605092603
700,1.0841192926890963
701,0.9600788098287218
702,1.2542851283405043
703,1.007543219141837
704,0.9838199773797561
705,1.5377789403678288
706,1.1221771099221478
707,0.9749344289171502
708,1.4092560563039866
709,0.9948011077575407
710,1.590689929907204
711,1.1623592703864853
712,1.1064953557106771
713,1.1461944120506589
714,0.9689449620818834
715,1.050803352460112
716,0.9773656221890883
717,1.0283339191305212
718,1.1843033524339772
719,1.012571572746378
720,1.1482200864748733
721,1.0449747650301786
722,1.0309285053150983
723,0.9810359385382752
724,1.0543770002203567
725,0.9606465784241875
726,1.0679964509295572
727,0.9945510316409014
728,1.3004231629381664
729,1.2436208648548757
730,1.0396955384041546
731,1.071554839684578
732,0.9703782678943453
733,0.9730790913856926
734,0.981263707804557
735,1.0175406205475692
736,1.0388500956411124
737,1.1156976233415947
738,1.1397872017609
739,0.9959862333735814
740,0.9800320561509773
741,1.151028593108859
742,0.9808555479889363
743,1.0652520238031593
744,1.115908237150198
745,1.0731894969892015
746,1.0622257586899917
747,0.983374148812592
748,1.0814873055630994
749,0.9881395293169095
750,1.3668500933339018
751,0.9604947704593656
752,1.222570605893277
753,0.9989850604007123
754,1.8211638331668185
755,1.0996516277199289
756,1.2009863078676881
757,1.1149116216853017
758,0.9606135064093767
759,1.3223792771447336
760,1.0991389746212037
761,1.0235207189153694
762,1.0002095643399684
763,1.064144686475593
764,1.1591639215018044
765,0.9907826662331568
766,0.9829746318245681
767,1.0232849935326247
768,1.062742979629102
769,1.1208016936229073
770,1.0165675272440522
771,1.0665368687504666
772,1.4372327561192524
773,1.3828059934064938
774,1.12319424567431
775,1.6017179194664364
776,1.3458901351354613
777,1.3453084045927635
778,0.9965981864509011
779,1.0120557361766884
780,1.808643104293267
781,1.1100336404777509
782,1.4772464679288775
783,1.1908152091462276
784,1.022200957861258
785,1.0179237840283983
786,1.0693587686294146
787,1.135017325905523
788,1.0335109934418565
789,0.9749479624088894
790,0.958080294971731
791,0.9727021390969991
792,1.0454707146993258
793,1.0278392912188534
794,1.0530910520595764
795,1.0047777184640116
796,1.026626057166828
797,1.488490203793556
798,1.0322614037034563
799,1.0468812173090076
800,1.0121151021108385
801,0.9579504613582972
802,1.1341643789506959
803,0.9777316603316422
804,1.655142448875412
805,1.0205700173583196
806,1.0822695065951728
807,1.0612679303233152
808,1.2323605758905516
809,1.3471220512961488
810,1.244340702722735
811,1.0720395433586734
812,0.9882656591559766
813,1.0210354638108141
814,0.977235501296799
815,1.0091100082001985
816,1.0163233298978314
817,1.0418957092947734
818,1.044111595074929
819,1.0373511229980665
820,0.9976139603833698
821,1.1124521851156508
822,1.0682607053260225
823,1.1019973391049653
824,1.1558270679245246
825,1.034388873356348
826,1.0184644589507434
827,0.9747017064921027
828,1.0111671167559513
829,1.129648720673143
830,1.0997348446668642
831,0.98670902923064
832,1.0496655668519859
833,1.272584754980095
834,1.1127795739500725
835,1.2856416423120625
836,1.258133467912006
837,1.091283547966553
838,1.071991669960248
839,0.9594148062673662
840,0.9873710904699422
841,1.0580386001792408
842,1.1502420684392276
843,0.9781296382796594
844,1.3875517927444028
845,0.9603793298069563
846,1.0713712876433226
847,1.1077026143037165
848,0.9977344921751797
849,1.0263887982745257
850,1.0561894590461385
851,1.0165011615590185
852,1.0105219434926527
853,1.0112812522020496
854,1.055452644189322
855,1.0876295950550565
856,0.9993184604013614
857,1.1670990298189268
858,1.0216344701647533
859,1.0098836092180137
860,1.1010578677953249
861,1.0367471841293023
862,1.0178215909723691
863,0.9756270036767827
864,0.9932841043495968
865,1.1416687755129278
866,0.9783842960774413
867,0.976870397871296
868,1.0197999195613132
869,0.9954129445410157
870,1.0190576451956574
871,1.1137883861481477
872,1.0457681988083927
873,1.0148677021158212
874,1.2216170712802836
875,0.9771364311951872
876,0.9586973675328281
877,1.1408629330202542
878,0.9772533219875958
879,1.5479685239752572
880,1.1567053464726342
881,0.9966729009923416
882,1.0234345185566462
883,1.0195077668377244
884,1.0640014081459659
885,1.183446576308073
886,0.9885649233012089
887,1.9245414261244296
888,1.075226496412668
889,0.9829043989155848
890,1.1366402476699828
891,0.9627104615066543
892,1.055996008393702
893,1.3350917705639926
894,1.121838628165436
895,1.0136707896945716
896,1.0092694279449481
897,1.142187462124088
898,1.0423283547827555
899,1.1121267634844676
900,1.094673065148176
901,1.0909209338360735
902,0.9757272630893087
903,3.2791491742006724
904,0.9830648808507907
905,0.9813671896990633
906,1.0660504583397292
907,0.9774562002806955
908,1.0940924041760407
909,0.9699597610087649
910,1.0039442568789252
911,0.9922051618323747
912,1.0081565888652975
913,0.9940148100055066
914,0.9927251301885287
915,1.1083083458247296
916,1.0297816963007755
917,1.0129817441492839
918,1.2882149928599587
919,1.018547269091794
920,1.1328118760766737
921,1.0157443133173079
922,0.958592582176948
923,1.0262233418246653
924,1.1838122472860177
925,0.960471877393993
926,1.2558446953165272
927,1.821109680377443
928,1.0448086116859465
929,1.1709252953346585
930,1.0522216874595571
931,1.4617092554181275
932,1.1492409440597955
933,1.305747889012189
934,1.0037610349665653
935,0.9919368689462502
936,1.038007802108103
937,1.0079831411043991
938,1.2455990039549474
939,1.1029304258636576
940,1.2048799548519549
941,1.0365106970218725
942,0.9656663488863519
943,1.0488364205616407
944,1.1096407876766121
945,0.9993074110649072
946,0.9803190150434274
947,1.1586053510771888
948,1.497712232651109
949,1.124860829038007
950,1.2198786779537056
951,1.2659786547260317
952,1.009020322842852
953,1.2321481782797457
954,1.0013184228409864
955,1.339664789093384
956,0.9974674528601483
957,1.0070983650305068
958,1.3331329313019729
959,1.0289233295105515
960,0.990520380861325
961,1.3424487821936686
962,1.049099664973323
963,1.5829276080266124
964,0.9825721931158313
965,1.0800709184993291
966,0.984311058384807
967,1.1484628149997687
968,0.9882529489253006
969,0.9752630089793937
970,1.1345788493043805
971,1.2589783466232056
972,0.9683930489331956
973,1.1662371465455776
974,1.144548102350325
975,1.0643493606344194
976,0.9838430972378032
977,1.2783941151128628
978,1.0874642768691265
979,1.0295169063830831
980,1.1012407423989883
981,1.0835765795121675
982,1.0344840639662773
983,1.0777074850105837
984,1.0259333288201367
985,1.0535934629625041
986,1.021923743000237
987,0.9761566514024361
988,0.9995019552364566
989,1.1229038435337662
990,1.0203419172901382
991,0.9606113747317893
992,1.0270311775562326
993,1.1268143038189362
994,0.9597788421751055
995,1.430256032396633
996,2.3009984745970162
997,1.0091248233194225
998,0.9858430272772325
999,1.0138805154288724
1000,1.0199893614891358
1001,0.9805701090858009
1002,1.0354658365808462
1003,1.1135821457686343
1004,0.9794178589206988
1005,1.0478967442254152
1006,1.6038207075341728
1007,1.022759186337936
1008,1.0835557763420915
1009,1.217487049592386
1010,1.0075882598040025
1011,1.0981728111346656
1012,1.1170008891315146
1013,0.9993852600258502
1014,2.3196099407424917
1015,1.015307364307275
1016,1.2586175117632048
1017,1.0090849377263345
1018,0.9989310504325912
1019,1.1270680611230066
1020,1.0291798141764685
1021,0.9851289018800176
1022,0.9987713817629041
1023,1.1044619458572715
