0,0.14557705759293538
1,0.1696589926436038
2,0.13179187766315473
3,0.08026271970348335
4,0.3450936285602796
5,0.20782051908943838
6,0.12408774489524091
7,0.31724804031447906
8,0.19072828573122544
9,0.12968795590567922
10,0.1174686812584436
11,0.11619183499878516
12,0.26815178979775833
13,0.3348261853857972
14,0.23787018330851267
15,0.2524083567250062
16,0.09548148556263623
17,0.12394242301066904
18,0.26025327248051006
19,0.13957890832697933
20,0.1217029147709876
21,0.10355524453600537
22,0.28305148794845125
23,0.18262106154112617
24,0.07943254436488233
25,0.16020261358085253
26,0.32414389711696323
27,0.12507804001971196
28,0.10675751922694436
29,0.11246920540658872
30,0.17308458131185814
31,0.13192514966194724
32,0.1168325722437772
33,0.16378636211364328
34,0.29724708215005996
35,0.32990043698093274
36,0.1326564250153295
37,0.2533092064668139
38,0.1475793604691228
39,0.07983854984384899
40,0.11455103693787197
41,0.10574308708764708
42,0.07731992343924765
43,0.07155011010140033
44,0.11582843605722243
45,0.1791292825703789
46,0.1327645782892696
47,0.24878763452608432
48,0.10992665962868524
49,0.10639133766327473
50,0.06489104679789243
51,0.14227497245065363
52,0.13995606124115362
53,0.29006064831666145
54,0.2789838661489818
55,0.18006219253232
56,0.08723739121496057
57,0.11402345057516852
58,0.1555232978441721
59,0.10201876545056605
60,0.31950205843078056
61,0.15575337618703444
62,0.30352311027395357
63,0.33895539115035245
64,0.14026713854036174
65,0.1345296501972122
66,0.15566873102373394
67,0.15973724883775808
68,0.1278370389485654
69,0.12451593354327309
70,0.14084873289618555
71,0.10598413276881373
72,0.11282523928710697
73,0.13078424857775714
74,0.14746488590684848
75,0.3196366310789063
76,0.2587206524279815
77,0.3495520319873572
78,0.15302446192381783
79,0.2172575775282235
80,0.19363311779245793
81,0.1007390299690596
82,0.23078466268150416
83,0.14738118676307346
84,0.10600550214843624
85,0.1178092933969035
86,0.12922049688387727
87,0.13870891740577418
88,0.2657238306220769
89,0.14901776826706098
90,0.09721352318699329
91,0.3189815907010868
92,0.18341672322104283
93,0.09669112697559724
94,0.12021459188613359
95,0.094442840805141
96,0.09271640153306558
97,0.08730693566312066
98,0.14520811424353386
99,0.28549345885404387
100,0.2620079787919029
101,0.13649887870418267
102,0.10696555097134791
103,0.2453763292837334
104,0.10277728962674576
105,0.23855281457802596
106,0.3318256944106861
107,0.33544805685814627
108,0.1707468455713729
109,0.13659006242110788
110,0.08149876257986186
111,0.16950823783109673
112,0.11127352736834646
113,0.1687445497590946
114,0.09836198756470599
115,0.12797573714512628
116,0.14059761388003772
117,0.1365477591559161
118,0.12015894969620305
119,0.1129924487207358
120,0.17808099417183199
121,0.13101670892453854
122,0.21156668830671385
123,0.14497818978206437
124,0.3061558449990328
125,0.14331306203064845
126,0.11701481565638558
127,0.1466618695470921
128,0.34612051794841703
129,0.11051466641253686
130,0.1168223371648777
131,0.2854410826027871
132,0.13052386484352463
133,0.24419003388654176
134,0.14674248539475923
135,0.1838579284583302
136,0.20800507486540082
137,0.13933120987494235
138,0.0969564028111647
139,0.10799945392392929
140,0.18264176674295468
141,0.10839640430284682
142,0.27381447717208923
143,0.12845594787940956
144,0.23324820711242455
145,0.2654528144132313
146,0.11708540737221045
147,0.14278330440568396
148,0.2502993722393495
149,0.12657115965931745
150,0.241810217022584
151,0.34864783160195684
152,0.26750959124486967
153,0.1062614222237612
154,0.08307995074366664
155,0.24710667596046365
156,0.16615700099033473
157,0.2923198840112063
158,0.26237668386044083
159,0.12513623012977665
160,0.08630929524127096
161,0.14165461486653033
162,0.17845290442147022
163,0.34100531534004525
164,0.0978775226020452
165,0.32560998135583613
166,0.12658593974747814
167,0.30775174950619993
168,0.32361284923322087
169,0.23465711026609962
170,0.13845594470281822
171,0.12819441704174495
172,0.09828903108676311
173,0.12858967495817755
174,0.07610596981574479
175,0.2783069258725775
176,0.16056276575422165
177,0.1094520309289567
178,0.19042322189194874
179,0.11614158941225979
180,0.0605304194327746
181,0.3204186293823284
182,0.33943067169775054
183,0.18434325683580283
184,0.10238031917274386
185,0.12410921682994415
186,0.09650516522817608
187,0.2614050750417422
188,0.1490443834991489
189,0.11336413844359595
190,0.18940209663625077
191,0.1412036119826092
192,0.09440031840283676
193,0.3301267485418502
194,0.319719728607793
195,0.34842046521047926
196,0.3482416194270161
197,0.2889484622133407
198,0.15744157097691097
199,0.2637208522013459
200,0.3447659414394401
201,0.1359552375039709
202,0.2075832808540926
203,0.3483291795712112
204,0.1149586527717168
205,0.26759574905240224
206,0.10031924708143887
207,0.15563976421126305
208,0.17493481719598164
209,0.11275935627268992
210,0.11277435023549418
211,0.34615868171389536
212,0.11888485172530669
213,0.17807533130466444
214,0.10498062469561543
215,0.11790152263314896
216,0.11355179553851309
217,0.2704203442587019
218,0.09345884296981585
219,0.1690723773980284
220,0.30707106064893397
221,0.15277511104148844
222,0.21397652323602664
223,0.12222107445289847
224,0.1768821738246763
225,0.23790595439484916
226,0.18978772025597374
227,0.2959603214656489
228,0.1582626918083629
229,0.09160016374293999
230,0.33895674050722163
231,0.1331780933615376
232,0.10319850942732156
233,0.0897434784392662
234,0.3482746406717326
235,0.12242154101684917
236,0.07377673450899681
237,0.11379844789202707
238,0.15057527848891722
239,0.1328115025772538
240,0.10967698456242034
241,0.17449574412204427
242,0.09199321881633177
243,0.14167232166672397
244,0.30690214199082283
245,0.3267033722037956
246,0.12828277776850497
247,0.1309119353092472
248,0.3475853206490867
249,0.15785030988701174
250,0.14814286835053103
251,0.14728262839445344
252,0.19955344949109532
253,0.14603187419171942
254,0.13359898717385182
255,0.18739806456512703
256,0.13909763437454767
257,0.31252342125963184
258,0.12125118351340787
259,0.12775546037414462
260,0.20095338255446243
261,0.12146209492988044
262,0.07912966075031212
263,0.1826551548628619
264,0.3354068808863804
265,0.2885443163425569
266,0.10637043468972437
267,0.13506129192545382
268,0.130186800753864
269,0.34388534319748837
270,0.11713249197278666
271,0.09652497779680119
272,0.22209089511102156
273,0.2997625646084533
274,0.252127837895759
275,0.17111838473590293
276,0.34408116779999776
277,0.1349830845938659
278,0.1105557104607214
279,0.2026802768801355
280,0.12340421874786009
281,0.11412930207220552
282,0.14614659887317916
283,0.11811532558717633
284,0.12976472045180187
285,0.14640643530499745
286,0.3482713340089096
287,0.13364054883163962
288,0.3371891524885826
289,0.14145679521904617
290,0.1765315679971449
291,0.3420310834643763
292,0.09227111197056947
293,0.10598260711575266
294,0.13719085972093548
295,0.1162617835532842
296,0.12689124100097762
297,0.1637046536735547
298,0.16255630361835427
299,0.06869006433194001
300,0.07194228787585097
301,0.12084764990177821
302,0.33089378803638825
303,0.3450364510120239
304,0.32662036781091247
305,0.056350112387794374
306,0.26688968417091924
307,0.11364262331254964
308,0.13374764963129665
309,0.1893732284378341
310,0.15652942603218511
311,0.17631476333958937
312,0.1554484310582408
313,0.18165187454700013
314,0.1670063869375656
315,0.13893478473215398
316,0.15852547749303283
317,0.0985478495107952
318,0.1922324958244206
319,0.10991303805282213
320,0.18464996982178358
321,0.12071090081427306
322,0.348254263553401
323,0.16628560323250258
324,0.13722888938504432
325,0.1308855835644196
326,0.07745442484179725
327,0.26050954528907483
328,0.17867178085456994
329,0.1441305541611398
330,0.17310654932919514
331,0.17654167356070077
332,0.1986520562727044
333,0.09648857140789462
334,0.34603670006701476
335,0.12389109623457853
336,0.14276175773929217
337,0.09704872792370785
338,0.1473907350247714
339,0.1381476897913676
340,0.1274322834070914
341,0.14201733877165534
342,0.25140124560122584
343,0.14983604704548537
344,0.14962809845319916
345,0.10157471288075752
346,0.09040140727115786
347,0.16044799380440372
348,0.11345467696496021
349,0.16751723942688204
350,0.3476988809081763
351,0.328545936179623
352,0.0746954216494011
353,0.34848915187512547
354,0.1705832636706067
355,0.180939115560597
356,0.1525531574787325
357,0.13635116992687188
358,0.100934966129529
359,0.16948473176871923
360,0.0702689078676536
361,0.1924011207662099
362,0.13801377258751885
363,0.18501758196174412
364,0.3430427354365584
365,0.12632309878644413
366,0.2616173157941973
367,0.3480993082652327
368,0.17735310317417477
369,0.32400762952503864
370,0.1475788105168662
371,0.13372002697629573
372,0.07617104934978158
373,0.07805114663053664
374,0.13160320648000526
375,0.18601182369188585
376,0.08471854102719266
377,0.263395854156116
378,0.2646099729280864
379,0.21922916818938157
380,0.3420315400761037
381,0.08227663101138966
382,0.11688480846341022
383,0.12065078350703286
384,0.13841264279823604
385,0.1396593411419328
386,0.13443940421121017
387,0.14818684176282376
388,0.3447356694577026
389,0.131662486613098
390,0.1236032988024521
391,0.265908472213401
392,0.3275331886502872
393,0.10491091704954622
394,0.12168705374168118
395,0.2816283734181455
396,0.12602485454512874
397,0.12105317464720054
398,0.12247207551181846
399,0.20113942460396314
400,0.164844870895636
401,0.14641594046749914
402,0.08258053895369467
403,0.09530190781891562
404,0.13740311496500576
405,0.33546516420709016
406,0.16268257512476375
407,0.17146081569806546
408,0.1007322952545639
409,0.2612109771274505
410,0.12752794188895933
411,0.08974654065388987
412,0.21339212702585633
413,0.22597595370914958
414,0.13584521351294493
415,0.13958918094886016
416,0.07547239691616167
417,0.1561035115097463
418,0.136632076594224
419,0.30534205853993285
420,0.16454789087280886
421,0.14128289382891868
422,0.07425219811997262
423,0.28941801940433975
424,0.1600542295818758
425,0.11217422922894922
426,0.16631106035097212
427,0.10323183178499147
428,0.15273264446423454
429,0.04967637803418669
430,0.1653462429331147
431,0.14446405867940426
432,0.12615561187259886
433,0.3450498228005955
434,0.14434474030001085
435,0.11418271022373495
436,0.15170250373292068
437,0.1822542581206123
438,0.13496587250438719
439,0.13735820858907985
440,0.14179666179391248
441,0.16962845035551527
442,0.174979936487905
443,0.06063038049728605
444,0.10861500364766452
445,0.3188736757069574
446,0.3048737650078177
447,0.10600212778961711
448,0.13268084890338197
449,0.09864481110856092
450,0.08060312880428495
451,0.3050677922902092
452,0.18139967214724856
453,0.3487405915136038
454,0.07416542190339516
455,0.15261991776248712
456,0.22106244532521171
457,0.15310771837607048
458,0.28937545080249116
459,0.06173772653472353
460,0.13039626505600943
461,0.1093316701759245
462,0.15035164756720568
463,0.3485564564342364
464,0.31717642319245826
465,0.31840858645627806
466,0.2186677942262588
467,0.10882584097589275
468,0.16963630330235102
469,0.18772862092099118
470,0.16052000710725292
471,0.321055241631219
472,0.10772015922140096
473,0.11512754668098082
474,0.15711202444613448
475,0.16815719840083035
476,0.15913846146204103
477,0.2406787516710108
478,0.14930644887951294
479,0.12982121838096938
480,0.11855628259934922
481,0.3487421961179173
482,0.13690508621282804
483,0.26343707376116615
484,0.3252044133320262
485,0.12027105474100838
486,0.09345403765470345
487,0.15556750958912055
488,0.08730034940162026
489,0.16397280205298814
490,0.1319198756215751
491,0.3228903009555351
492,0.16876635664338668
493,0.1551532787343647
494,0.1297966991105919
495,0.1801374234340817
496,0.11857229983071428
497,0.18031456060239348
498,0.11952932886790248
499,0.15897701269626174
500,0.335410026323805
501,0.15152947310327664
502,0.2412095231668821
503,0.11809103074530093
504,0.25188183805309683
505,0.34599444439242427
506,0.17709372712951527
507,0.08808091045665532
508,0.1726959267883177
509,0.31700065668118654
510,0.16608335860991288
511,0.10948864058554998
512,0.31533494636882425
513,0.3457626902617238
514,0.16758841358867774
515,0.30584083739543866
516,0.15222571828257594
517,0.1718709724688952
518,0.1559172004235772
519,0.13151619970653775
520,0.11529306194679079
521,0.14814962681717073
522,0.1741554236483309
523,0.17810157056862008
524,0.06383371534701984
525,0.1222896342309785
526,0.19515349716601488
527,0.08988179660516175
528,0.1144286593358646
529,0.3127664852281753
530,0.34839204730429735
531,0.16252244275848057
532,0.16389077808995847
533,0.15301864605104962
534,0.14070879770735187
535,0.22189950871622083
536,0.12260023766281582
537,0.3174539383843017
538,0.10217961309393996
539,0.15313937384223572
540,0.15226580804792436
541,0.10904782473743288
542,0.11312725230444232
543,0.1503756659539766
544,0.32560484880831764
545,0.11029148195596988
546,0.30991714409120896
547,0.26265105028838137
548,0.3389459625890824
549,0.24234252423703734
550,0.09742333553168153
551,0.13350111094541753
552,0.157530550048948
553,0.3155681528196714
554,0.2910970871369329
555,0.29716398879401795
556,0.1731577943675214
557,0.10584683856770224
558,0.16520106879942573
559,0.15518623179272992
560,0.11713270270297478
561,0.0956648354021823
562,0.209690557338792
563,0.15387025865882065
564,0.11894821496716834
565,0.19773461331999043
566,0.08548728193115686
567,0.14859705333327047
568,0.23612271491708467
569,0.30891310492196505
570,0.3221225339672713
571,0.1353970662250851
572,0.2278198352379859
573,0.11781745883894496
574,0.11105162034398237
575,0.1398047676406962
576,0.08464207623078092
577,0.13851692077565406
578,0.1054777318028999
579,0.24446766778574033
580,0.11642651139901546
581,0.1705975558963557
582,0.13002616511104523
583,0.3255570841824508
584,0.12618780616907427
585,0.16567458774851054
586,0.1317340250110114
587,0.12410528813089444
588,0.2165471405727055
589,0.11372088189324199
590,0.2352484408487858
591,0.14936889979626425
592,0.22366878284152372
593,0.3389477719944528
594,0.12910376413336302
595,0.11040301098472166
596,0.1634370944287466
597,0.1218211718993296
598,0.3008954949679328
599,0.1516419867170103
600,0.34745842836511887
601,0.3489378821964876
602,0.32107708855448863
603,0.09606428718803275
604,0.0988027412120133
605,0.18588287784344418
606,0.1696218294042438
607,0.12633752792711578
608,0.1546112156141448
609,0.28159454877516804
610,0.1823041168682375
611,0.13260335502650755
612,0.16574522573846145
613,0.195917303538017
614,0.3254155797718218
615,0.11732513985629427
616,0.34510155869698267
617,0.1557736701879186
618,0.26768730330336915
619,0.14724372455433973
620,0.2841948691529377
621,0.18580250419391195
622,0.14510557886607237
623,0.33715631779696853
624,0.17488606012852959
625,0.06389175830624333
626,0.12373804788802524
627,0.08651063796513243
628,0.09908337153330223
629,0.1186703358330609
630,0.10682514049989393
631,0.11092252197772934
632,0.281913465799307
633,0.10434372601570967
634,0.13795221878171363
635,0.1274179650273084
636,0.10691771177225408
637,0.1196990638948923
638,0.08255839238306464
639,0.2590482703707571
640,0.34836376498410826
641,0.14266618830946126
642,0.15088996124872292
643,0.09067941151898024
644,0.1223093909496475
645,0.3412681928150086
646,0.06210836434412574
647,0.1254104403716943
648,0.07290239966111596
649,0.15700948870734058
650,0.14178215760957774
651,0.14079023751339925
652,0.28140206328309886
653,0.1272015329754325
654,0.11747978829485438
655,0.09430659262729814
656,0.11780584836961794
657,0.12353149064607441
658,0.14208721839524358
659,0.17569951989531957
660,0.3302088255132463
661,0.3450835378995272
662,0.11862724092726334
663,0.06592852824645862
664,0.1358593291248416
665,0.1574858301098703
666,0.14412100992682275
667,0.15498151582941588
668,0.12929546996779026
669,0.3280202595891635
670,0.28709428730106706
671,0.19157096104135507
672,0.14576505003741144
673,0.1322471486206723
674,0.11902918939248357
675,0.09324489181086229
676,0.32531548702280366
677,0.16392809705192565
678,0.10478973946438837
679,0.13432092264824466
680,0.1407654574835601
681,0.31978890951484196
682,0.23339275517325989
683,0.10311906535624919
684,0.1344684850248004
685,0.11689450654026783
686,0.15443215667734153
687,0.08467975171398308
688,0.17393247004977197
689,0.11828345015293629
690,0.20754817724763114
691,0.09228321591083143
692,0.14044787500115233
693,0.09408074716792655
694,0.12551767193989338
695,0.1998382323664018
696,0.13335389231726008
697,0.13108145761163656
698,0.09731828103201197
699,0.12564254745307626
700,0.19784735649621513
701,0.3491092320606285
702,0.19235136480134848
703,0.30828970990736665
704,0.32671589674710105
705,0.06965950983110128
706,0.1360767729979583
707,0.17020229231431905
708,0.14709988070965682
709,0.15559516396076786
710,0.16184094211628575
711,0.21639011243796502
712,0.13805940937642291
713,0.10464638063026908
714,0.34476059397131764
715,0.2733037917113506
716,0.3377899870389119
717,0.17062716451011448
718,0.0974731364011147
719,0.1397042780634481
720,0.14093107165623697
721,0.11990070273798475
722,0.29558078987571385
723,0.1648716373067271
724,0.11763216630887148
725,0.342637174211321
726,0.11121809896027843
727,0.31402856598473977
728,0.1545184079839628
729,0.11993650353701157
730,0.148707561984224
731,0.11029706816817827
732,0.33373108585606165
733,0.1696502335571456
734,0.3229937145364087
735,0.15874439485643788
736,0.28331586941650777
737,0.1914629837886476
738,0.18628180043446718
739,0.31788084473035266
740,0.33185021804205483
741,0.20769950323081202
742,0.1631199395752272
743,0.1720742053915051
744,0.2034213105228475
745,0.145582474152902
746,0.1319603441651266
747,0.32753564325307355
748,0.10798724922986523
749,0.3238673521368068
750,0.07993964059662015
751,0.3482687643878871
752,0.18000056791756522
753,0.3101215076857437
754,0.1602297169565361
755,0.10395998945508544
756,0.15671953866271157
757,0.13285353220081417
758,0.34822606414819396
759,0.13331715040442882
760,0.11823964085202347
761,0.1726841276443129
762,0.1306735527660748
763,0.13196329290044634
764,0.09956822032761302
765,0.17962059416725945
766,0.17191428466126146
767,0.18352907374627278
768,0.13512416624082527
769,0.10502254158218438
770,0.14062458271569897
771,0.1263112995606269
772,0.21044987236206816
773,0.07370478870800887
774,0.11266135165316565
775,0.08799258999622034
776,0.13687822993774387
777,0.0893457890640465
778,0.14583767381840507
779,0.1337823963585861
780,0.13442361668591446
781,0.2429714729208024
782,0.14505225822944748
783,0.09078707431371194
784,0.15318782964855512
785,0.17783586226986564
786,0.19554895001199393
787,0.10687828591470713
788,0.2867438141637256
789,0.17047638757229683
790,0.345026030437839
791,0.17072865473590176
792,0.11720892473230808
793,0.31471830641616766
794,0.2785718736682675
795,0.12799843319921145
796,0.12284876719250129
797,0.1809173980416247
798,0.13292205861772668
799,0.11339593071457438
800,0.3037442279165981
801,0.3450724144658592
802,0.10509043888235578
803,0.1736107783111333
804,0.14366214050663126
805,0.2994771196321252
806,0.2606360428546019
807,0.2701048051428336
808,0.1948584639641963
809,0.08340150211541895
810,0.2065355619612777
811,0.19153989081476214
812,0.3184434817317581
813,0.2986677773164974
814,0.3377015203554188
815,0.12728226891360594
816,0.13528251513276124
817,0.17357203440318597
818,0.14925270389883324
819,0.13248878718096968
820,0.12990223574403276
821,0.1065171064226257
822,0.17344874548563718
823,0.17217434323780806
824,0.11589600760926681
825,0.15505066930631659
826,0.17606012164282822
827,0.17423768611049106
828,0.12907891765153465
829,0.23749341738005733
830,0.24767288184754424
831,0.15161863658079205
832,0.11410723630419402
833,0.19205955739470043
834,0.2336784418443886
835,0.11792937884025884
836,0.10337523648223361
837,0.2480393158562853
838,0.1120219243147589
839,0.3435921613767344
840,0.16289743037462653
841,0.1241639680156624
842,0.11292219980150388
843,0.3254485823662419
844,0.18687871357133615
845,0.34273175186442745
846,0.11248710821788954
847,0.13803202847113655
848,0.13098618968233514
849,0.1199964205929441
850,0.11220843362088175
851,0.15542541257476958
852,0.3022106894087064
853,0.18389087603594792
854,0.12466827075930736
855,0.2516651586655404
856,0.18128950084341472
857,0.10371220239979115
858,0.1622437494102204
859,0.1294470280750495
860,0.10684393039045913
861,0.18899915039720344
862,0.1345479778147619
863,0.33981512127766605
864,0.17612007621748094
865,0.11129516967729564
866,0.3253645443531331
867,0.3382671667801514
868,0.15632218687957225
869,0.16288078303124282
870,0.16009968185479992
871,0.11511165576864485
872,0.129765158385173
873,0.13039706318518868
874,0.09019698107077286
875,0.3378685884977361
876,0.3438472092906109
877,0.2351748323934015
878,0.3264106713498406
879,0.14297311937350288
880,0.1069415862749679
881,0.13497613152094748
882,0.1485783920867178
883,0.1209153604773569
884,0.11288845583401394
885,0.09002112301330842
886,0.17928519320184672
887,0.05933553043312977
888,0.2634384732222003
889,0.32835188545057403
890,0.09504637914118945
891,0.34834002543017617
892,0.26848375000824254
893,0.07896571712115268
894,0.11595878626429033
895,0.13389129774004474
896,0.1530759377831462
897,0.13107193195625347
898,0.14533550487666438
899,0.21647097644143587
900,0.10439651319442711
901,0.13218222929300083
902,0.16969124364305754
903,0.06867025485118242
904,0.17189862672307027
905,0.32295992492078884
906,0.12691487700697454
907,0.3354217864601053
908,0.17195180916751107
909,0.34395731195448337
910,0.3105479342062025
911,0.1730124772876675
912,0.12403980214104254
913,0.1436113204848704
914,0.32045874499839966
915,0.10570304359067197
916,0.1351637005666819
917,0.299589467174498
918,0.08940038674822427
919,0.16071855854315112
920,0.10053111676282803
921,0.12233595626787304
922,0.34388449195070697
923,0.15248571160974272
924,0.21788761710786372
925,0.3482769984767318
926,0.13563767607069535
927,0.06264789381952003
928,0.12149676421115199
929,0.10088399511698558
930,0.2717882903919609
931,0.11622523016770603
932,0.13494161716214603
933,0.12641438448476477
934,0.12734307314318027
935,0.16005216026945962
936,0.17127469548282023
937,0.3038863720098001
938,0.09234886211237092
939,0.11122536593267245
940,0.0977340424116517
941,0.18151611869705592
942,0.346391913295094
943,0.12404065091897905
944,0.1834001184524125
945,0.1547061244579688
946,0.1735255356607893
947,0.2292709558555019
948,0.08110812705748792
949,0.21366225856359886
950,0.12064125706031571
951,0.1802763615758375
952,0.306979287976809
953,0.21590609897161242
954,0.13981427033532615
955,0.19219337887097576
956,0.1577850643645492
957,0.16532766677057745
958,0.11022555437986023
959,0.14604781249186868
960,0.31693304272855705
961,0.08433803546849797
962,0.12334785577031135
963,0.14620228163345095
964,0.1782631803507672
965,0.2582605435386272
966,0.3212585994703541
967,0.11329361181338472
968,0.15439703578921984
969,0.33074165822280766
970,0.09544755972440078
971,0.10922961292704286
972,0.33560035680313743
973,0.22619463901002762
974,0.12824930436758586
975,0.13137181520635494
976,0.17824360889647647
977,0.1959684526358324
978,0.12807843385225168
979,0.12429590524080164
980,0.13653694921342563
981,0.25501191097401066
982,0.16283273484620905
983,0.10926180759474471
984,0.12215846359306969
985,0.14788749069264343
986,0.14458818016670907
987,0.33835494372991803
988,0.12977413452792078
989,0.22112900117557038
990,0.30123775668321523
991,0.3482268306572771
992,0.12549003361968974
993,0.23659940437828053
994,0.3494424172336416
995,0.07195554980392391
996,0.11868043430542963
997,0.1358023581799287
998,0.16591462740087473
999,0.15367485038669768
1000,0.18199898862164615
1001,0.17511752318069113
1002,0.2913778487016983
1003,0.20547433219057956
1004,0.3326935077602096
1005,0.2804643588795018
1006,0.06386881987552122
1007,0.15084740494027318
1008,0.25621169149472756
1009,0.08860552179270936
1010,0.13538008093039441
1011,0.11695429878295358
1012,0.10266678916178498
1013,0.15154668739620714
1014,0.06531174366134844
1015,0.15894195480239268
1016,0.08322616599772632
1017,0.12394723407911411
1018,0.3101381451429557
1019,0.10674021845000689
1020,0.12323536373387331
1021,0.3209939924599507
1022,0.31741430713480506
1023,0.2427446642981387
