0,0.021739860582183457
1,0.02469683462634838
2,0.025606228699921244
3,0.024376651476513123
4,0.02190173310533455
5,0.02219051167685768
6,0.02325998354321109
7,0.023629528190519097
8,0.023836351324624278
9,0.02322292661468404
10,0.02487736183347136
11,0.021520547769832386
12,0.02330835445396122
13,0.022553363690153625
14,0.023693766418261084
15,0.023466932681332677
16,0.024029325522524313
17,0.022747486348221324
18,0.021238234347143333
19,0.021716134435496415
20,0.02602363465935613
21,0.022548316774681137
22,0.020568780910028606
23,0.024208894721212904
24,0.022007451784111693
25,0.024611076539390903
26,0.02224383612099733
27,0.02251226539709177
28,0.02109125850295974
29,0.023130846031318892
30,0.022531969388022034
31,0.023966670814708314
32,0.022939035998890384
33,0.026153646276734683
34,0.02370201174491876
35,0.01989691587010439
36,0.024172456945567383
37,0.02345732209132054
38,0.021668953776472193
39,0.02363534713799967
40,0.0260507995735993
41,0.02129011580248035
42,0.02121459151323777
43,0.023768826322376084
44,0.02646486109163262
45,0.02261460837615539
46,0.024518029486140118
47,0.024398412272489817
48,0.02250888661222287
49,0.0259951419139381
50,0.023392173209768625
51,0.02439563817225332
52,0.02419817320249719
53,0.02293837655787952
54,0.024085117034160625
55,0.026134459038830746
56,0.024138400352440408
57,0.02344352333814914
58,0.02495088539180627
59,0.02484518341300452
60,0.02602419436468228
61,0.024642559865690673
62,0.02466067095190588
63,0.02341584426633147
64,0.024990375829463157
65,0.02525027521203489
66,0.02424009105847867
67,0.024842107305064188
68,0.023103952029306422
69,0.025071128933758992
70,0.025155274315433008
71,0.02510423534113179
72,0.024046821041923617
73,0.022200449815736992
74,0.02226516105446169
75,0.02401569806419354
76,0.024761639492420887
77,0.02237618283046254
78,0.024599404861622997
79,0.024731392654165404
80,0.02631170786654473
81,0.024425769644885593
82,0.026289016935804068
83,0.026181548230174313
84,0.025397120708121865
85,0.024418808798403253
86,0.02258412003521331
87,0.024902099860747713
88,0.024922443256675773
89,0.024772705123386675
90,0.021559450170633054
91,0.024740939244587673
92,0.026535978080771277
93,0.022440267394754083
94,0.02289702794547387
95,0.022113336901808733
96,0.022606189600965214
97,0.021651853150400663
98,0.02287327929177089
99,0.022596243699530703
100,0.024558933308027175
101,0.023831035076182186
102,0.02237856378307214
103,0.025806986850453652
104,0.02227298966237129
105,0.024616564320206587
106,0.0209910336074816
107,0.020849446109694348
108,0.025177709210644602
109,0.02557726821718253
110,0.023686258929331374
111,0.023654924091682072
112,0.024411939472228347
113,0.025196412343473966
114,0.021598777903339587
115,0.02227031238779667
116,0.01988060664737073
117,0.0221798512403754
118,0.02478543699343273
119,0.024187627389411104
120,0.024880151756082557
121,0.025127180566860845
122,0.025059315407867322
123,0.022345208728140893
124,0.023977961462081813
125,0.024286902534405474
126,0.023198245739903665
127,0.022050845933314505
128,0.02276197879453175
129,0.023527705803177944
130,0.02596797186608839
131,0.024978642264500674
132,0.025500464926797754
133,0.02310884869819527
134,0.025107576260752804
135,0.020925005723901043
136,0.02486324538094713
137,0.023224589291058615
138,0.024608222905241558
139,0.021768517380958967
140,0.025135712709282863
141,0.022143536279817456
142,0.023827672525039915
143,0.024321602622661663
144,0.026090701759197758
145,0.02238692170268836
146,0.02417543629005191
147,0.02533862912688206
148,0.024497889079631248
149,0.023371300242091726
150,0.021716659914999215
151,0.025254371906377908
152,0.026212564349668177
153,0.024122017530006097
154,0.023877026430058623
155,0.02532760445108683
156,0.0224892307929557
157,0.02097656857582801
158,0.02276876440673671
159,0.02449535709291753
160,0.022136981071965746
161,0.021040556213057525
162,0.022947017615828173
163,0.022012463144522154
164,0.026506026849250443
165,0.021579851465072887
166,0.025961429873340804
167,0.024900222401199594
168,0.0247047612291182
169,0.0241174357856079
170,0.022069789260973985
171,0.022228022775720432
172,0.019861599825600235
173,0.021205837112302145
174,0.025222943999121852
175,0.02322622018104768
176,0.022013291800925372
177,0.024467658275876873
178,0.02393421094957256
179,0.020804075301909523
180,0.024145530195388273
181,0.024495611771544922
182,0.024669954551772913
183,0.02243479423265179
184,0.023282318892040264
185,0.024409603142358564
186,0.02505051711289491
187,0.019887845627825116
188,0.024008783758696767
189,0.02439763315504561
190,0.023521924077908218
191,0.020548885530245434
192,0.02213201635331004
193,0.02561657809812717
194,0.02429602043567491
195,0.022699808491236418
196,0.022966886555465943
197,0.023187215792129016
198,0.021881182978854857
199,0.022823100579148187
200,0.021318532479688734
201,0.022811501373523557
202,0.02520013432017131
203,0.021091694027422354
204,0.02186838562325993
205,0.024162845240446904
206,0.022526876767126162
207,0.0211079329898716
208,0.019716013983516054
209,0.022824894539585493
210,0.023520900159983427
211,0.023860947486206378
212,0.025088069188631157
213,0.025897278213001265
214,0.02601652575367713
215,0.02236265716437766
216,0.02322483105914564
217,0.024106689817316368
218,0.01968602936756859
219,0.02172315454891003
220,0.022904720757882094
221,0.022844560568019666
222,0.024493119018259533
223,0.024434760322008725
224,0.022548130704222222
225,0.025607360675626367
226,0.0237695519360698
227,0.021556208387233513
228,0.02248794944348644
229,0.0244822701076177
230,0.020878982574393138
231,0.025257608708207018
232,0.019746135326340387
233,0.025504645978054245
234,0.024153877606782784
235,0.025341636390614434
236,0.022245277477632452
237,0.02192367360363929
238,0.024027090487588193
239,0.02250689890420009
240,0.024440938228653657
241,0.023467745605962095
242,0.025780798489625716
243,0.024772681323518668
244,0.02099914899709072
245,0.024409566478864754
246,0.024208554471694645
247,0.02201375997358974
248,0.0234023071247211
249,0.023924324479705394
250,0.023515683815454786
251,0.024876448978597154
252,0.021184758828530173
253,0.021615763739410616
254,0.025159058325442008
255,0.020597934641063582
256,0.023901082775511288
257,0.025169306964131867
258,0.02387694127215158
259,0.023288986565606875
260,0.021969643515653586
261,0.022522734163143418
262,0.02270512468916615
263,0.020606102471175197
264,0.025984667331271496
265,0.023688461204618035
266,0.0225629297396721
267,0.02484720759661616
268,0.02456286704476162
269,0.0218078028771531
270,0.024400799847090933
271,0.020845395259415634
272,0.026170102475445964
273,0.023129979612255144
274,0.02568943682924208
275,0.024750427711716618
276,0.022976848197903323
277,0.02332750237455677
278,0.02424370278784323
279,0.02618716064900049
280,0.023956868208457206
281,0.02221905459942515
282,0.020513990186820586
283,0.024598533387387794
284,0.02466740512347038
285,0.022502255075038353
286,0.025878924577978638
287,0.024515956090896362
288,0.02289246096854759
289,0.025012173985659646
290,0.024235776368926612
291,0.02292976775532426
292,0.020745108543744305
293,0.023334657940489473
294,0.022355177399442993
295,0.023832440441255695
296,0.025978291605420888
297,0.024120301660583196
298,0.02332739864470504
299,0.02431360039685103
300,0.020661639596554975
301,0.02533030275330456
302,0.02451630853699042
303,0.022115398401004367
304,0.021754091592918964
305,0.02243765762348269
306,0.02281469262753209
307,0.02161361497931655
308,0.022804541001805498
309,0.025006153299414316
310,0.022680675784105223
311,0.023959131968155096
312,0.024684029269015525
313,0.021359998432985465
314,0.023194996273421507
315,0.021983543548203123
316,0.02594628208557802
317,0.022189654853017923
318,0.024184869626053183
319,0.02480350134966686
320,0.024489724646833213
321,0.02058592164186484
322,0.02163556978497656
323,0.022551299260532374
324,0.02487463200073562
325,0.026303561133083072
326,0.022137576071058682
327,0.02287567270409607
328,0.02587467958945387
329,0.023583589063355326
330,0.023931083155869906
331,0.022196016076936494
332,0.024703530711578048
333,0.023613470300659634
334,0.025300158941057457
335,0.022231818603338897
336,0.02623722240652902
337,0.02356627500814762
338,0.019919746089635575
339,0.023815943419360493
340,0.02240115750498253
341,0.024536701862124276
342,0.021725101933684002
343,0.024699084462804433
344,0.024897970701621464
345,0.02393252919019013
346,0.022372033921037763
347,0.0190611040350198
348,0.023819715165978445
349,0.023301020878508584
350,0.025076013908072653
351,0.023884602073379165
352,0.02459030495950655
353,0.025146782010760985
354,0.024562658400315168
355,0.023137352122500236
356,0.02510779819239782
357,0.024239475256965338
358,0.022285057180994345
359,0.02251986037307821
360,0.02338589069518065
361,0.022448002334482187
362,0.025622742866933328
363,0.025370649563161866
364,0.020740408764775214
365,0.02504255691472126
366,0.0226977377438355
367,0.025132497612089494
368,0.0250279364711785
369,0.021891031812113406
370,0.0231831485613008
371,0.024521251453627824
372,0.02475010834973438
373,0.022585599210097944
374,0.025124117222664073
375,0.021199159547546233
376,0.024174236064145628
377,0.026144174065754856
378,0.02340614124386214
379,0.023941904628892046
380,0.01981963980606338
381,0.023868338872080324
382,0.023572231975662692
383,0.024366100176047747
384,0.024275282201976178
385,0.02589450079919005
386,0.024541032295125532
387,0.024174721258588158
388,0.020980935245499353
389,0.02312367612214037
390,0.023896517139354256
391,0.022532131668237802
392,0.024628940569445278
393,0.025925909197297037
394,0.02408890361588229
395,0.020167621609136963
396,0.02569700616516951
397,0.02539814083456153
398,0.021782487807838244
399,0.025212840345524023
400,0.023738960918094923
401,0.02426653674331801
402,0.023631087066141844
403,0.02462713677912286
404,0.024090632152251004
405,0.021122215945149438
406,0.023756612364741823
407,0.02408079368319595
408,0.024242450344289453
409,0.02281056705643112
410,0.024778246940051547
411,0.024567104619043375
412,0.025150150696264147
413,0.024632796627322224
414,0.02360035299893454
415,0.024804795589570196
416,0.024270500679904466
417,0.023445533455054568
418,0.024561974000275336
419,0.02273830926930842
420,0.024855276509722586
421,0.0229541186825953
422,0.023809488896838347
423,0.022495098800650114
424,0.022930896103193293
425,0.02377036310552446
426,0.022839682557720637
427,0.025386473102356723
428,0.02245070221471301
429,0.024943580609812336
430,0.02420099727119073
431,0.02222163231399874
432,0.0234679619872442
433,0.024685612860780217
434,0.026192080489877926
435,0.023290111504537282
436,0.024294326335360515
437,0.023807807514253626
438,0.024181946080364006
439,0.02175439964715741
440,0.025608741633193335
441,0.023060050617140514
442,0.023939084720809682
443,0.02415677929606772
444,0.02477957967791497
445,0.026157254783929395
446,0.022606159358991452
447,0.022891799649973173
448,0.022179342436646675
449,0.022057614459224682
450,0.0249602814624919
451,0.02271337913357541
452,0.024913977077266728
453,0.026288905760423614
454,0.024815100569515247
455,0.024157240673485764
456,0.024693877568742098
457,0.024777197829739778
458,0.02508987500006228
459,0.02374750982541031
460,0.02257311649207384
461,0.022413004856215064
462,0.02405634157015885
463,0.024304053018067328
464,0.022596073370910186
465,0.023964238487896593
466,0.022526485641256384
467,0.020611827694758507
468,0.02429208384714309
469,0.02151465385174372
470,0.022373093827002536
471,0.022642177283117904
472,0.02104644763053779
473,0.022314333192616612
474,0.024395865663663755
475,0.021976770997199323
476,0.02390733708000631
477,0.02371417263208755
478,0.023800459042619904
479,0.024966831337904238
480,0.02078472311935626
481,0.02216290329866697
482,0.02441399043777565
483,0.022275850921046766
484,0.02190909668293906
485,0.02479000876973077
486,0.02418500478814918
487,0.02189821624726054
488,0.023496829736051238
489,0.02547721025116908
490,0.023580412341501707
491,0.024159086466552855
492,0.021227822282552114
493,0.02555217448443721
494,0.024533105887876026
495,0.021747093116425458
496,0.02191301964777844
497,0.026176799729811486
498,0.019956228438490507
499,0.021581408853749977
500,0.026225105772836182
501,0.023452447754943383
502,0.02491268829237112
503,0.025689369694781965
504,0.022538028828529066
505,0.02294060515082541
506,0.024975858084575826
507,0.022937536526445507
508,0.02644333844171063
509,0.02347827867296823
510,0.024615489840003116
511,0.022401508085900333
512,0.024543695108658416
513,0.02151198562733625
514,0.02352985410376865
515,0.02324597893155374
516,0.02530199661092739
517,0.022031059612034935
518,0.024241139587076525
519,0.021318617380144952
520,0.025225291889596
521,0.026060081904048488
522,0.022700265694312053
523,0.025435843639955866
524,0.022686906359684296
525,0.024379090377236005
526,0.024122719260221505
527,0.02465691971893906
528,0.022236750944176292
529,0.024003372672158102
530,0.022311990697921336
531,0.022619840380458806
532,0.0231837930492174
533,0.025565406271105876
534,0.026096271799131657
535,0.021741093994944016
536,0.021108285655577187
537,0.02102232373029552
538,0.02387463347274811
539,0.022956430187324506
540,0.02335673052755008
541,0.023545956516846878
542,0.024061013391879917
543,0.024785266820410004
544,0.022987165705266766
545,0.023580371163925758
546,0.023598130968348327
547,0.02278761574059803
548,0.025429554986295743
549,0.022702842138669802
550,0.022539831394486037
551,0.024871733624184482
552,0.0218792799148065
553,0.022467061563135375
554,0.021872029919505015
555,0.023774487075038344
556,0.025121749287504314
557,0.02424340614380101
558,0.02405303350263874
559,0.02573229336086954
560,0.025892791680037636
561,0.021992668870540452
562,0.025816721724771386
563,0.024107160274189018
564,0.024458787268963673
565,0.021007493222939023
566,0.02611510910455279
567,0.020404581717481992
568,0.02240687444565284
569,0.02395812590253633
570,0.02081637962614856
571,0.024650559952901125
572,0.023741401149679982
573,0.023960625024665953
574,0.02265907083223606
575,0.022138911650120243
576,0.0229135463714445
577,0.021480344648511573
578,0.023773924144893693
579,0.022315293472056203
580,0.02197996371356597
581,0.02497343276198585
582,0.024932821883731873
583,0.02276707172907244
584,0.024234739222678173
585,0.02297285100128386
586,0.024024132177747383
587,0.02367499037319268
588,0.02124663578482646
589,0.02264866567942571
590,0.022638123719438488
591,0.02510830943439061
592,0.022688391021146326
593,0.02353327092325159
594,0.021699613665433957
595,0.02132743548533472
596,0.022417590376029622
597,0.023061737062964188
598,0.023890045521965733
599,0.02108394184755157
600,0.025799049658739963
601,0.021339854373418107
602,0.02467520453691142
603,0.022765441386196388
604,0.024366821553417548
605,0.021783111054171234
606,0.020783287147626613
607,0.02263831896277774
608,0.02613222748280717
609,0.02356557458542496
610,0.02580326079362536
611,0.02260136812412449
612,0.02613575670063484
613,0.022352249020222346
614,0.01960944561902018
615,0.024927063824543818
616,0.02184645282159109
617,0.025657716810881463
618,0.024564239257678255
619,0.022257603000998785
620,0.022785133343944202
621,0.023009141181961994
622,0.022475625276492495
623,0.02367964267741394
624,0.021287816606237273
625,0.02474420363350539
626,0.025075947530553446
627,0.024410572236618234
628,0.024233484997693667
629,0.023781865686698406
630,0.02267397111873262
631,0.02570766060196708
632,0.023096964740583956
633,0.02508716799372794
634,0.021464800096494676
635,0.02226198978162865
636,0.023230652915997598
637,0.025063783912085393
638,0.022024588339011976
639,0.024384046933880434
640,0.024039743984882848
641,0.025163290183913077
642,0.022509450276411814
643,0.024222076866065558
644,0.022277383672995577
645,0.025947999808942857
646,0.022634115561421995
647,0.0221028231192267
648,0.024205555211431137
649,0.02412199389709375
650,0.02579324169761347
651,0.021503441902783447
652,0.022553898403658894
653,0.022190667967860817
654,0.024558666807363766
655,0.024553224126246165
656,0.02221888378935965
657,0.019827752469277232
658,0.02500718701812774
659,0.022498737939096042
660,0.024089421039106947
661,0.021794417011533614
662,0.02478305911098313
663,0.021913587795462798
664,0.02360517363813313
665,0.026150911935423935
666,0.02308862140368609
667,0.022382385374270303
668,0.022095334579478317
669,0.026236678701109142
670,0.021966223841822643
671,0.023749846898471264
672,0.023739408388763237
673,0.02219330564899654
674,0.020927794869977576
675,0.026458617288221162
676,0.02199205526988134
677,0.020003782215967127
678,0.02273805124245471
679,0.021453575723576066
680,0.024975297896584446
681,0.022452024795715654
682,0.022694857508643234
683,0.02432590852044889
684,0.02420746236152679
685,0.026307293581248652
686,0.02266102107771868
687,0.02386977736715551
688,0.02390787217452698
689,0.026397369440471868
690,0.021920119570486788
691,0.022343663998224142
692,0.02423120697790612
693,0.024339545934047496
694,0.019888718834713146
695,0.025988415726209135
696,0.022042834861551546
697,0.023944700165778793
698,0.023625861533394722
699,0.025675124320441438
700,0.0225338251488372
701,0.025697331175139893
702,0.024271131145570477
703,0.024196679975655846
704,0.024635058192554928
705,0.022346833526768237
706,0.02611354489412248
707,0.02430218282254996
708,0.023005484044122664
709,0.021718164544976385
710,0.023945930217199297
711,0.020521524401614012
712,0.024956402555631925
713,0.024773998459215508
714,0.02450560297542582
715,0.02278440778541908
716,0.02239396408146022
717,0.02439578716925306
718,0.02563423145231275
719,0.025682470352496774
720,0.026016818421396994
721,0.025021306239132086
722,0.02388280215351623
723,0.0253412440745492
724,0.024901843957066985
725,0.022158830018652747
726,0.023591467603482474
727,0.022560453514195385
728,0.021444450805188666
729,0.02153915395972952
730,0.024450521280606704
731,0.02316160666103751
732,0.023696306348433973
733,0.02337148127242509
734,0.023145361072482877
735,0.02610276682297709
736,0.02153489500062802
737,0.025638071784057647
738,0.024315849509405286
739,0.02256527379872546
740,0.026406340056781486
741,0.022441522816011878
742,0.022523444664202287
743,0.02434552977156822
744,0.020822653324643964
745,0.024277479153157408
746,0.0238878643640303
747,0.022198388721220645
748,0.024555712932238957
749,0.024894072806993874
750,0.025565336392820406
751,0.023823775216676852
752,0.023662297303829648
753,0.025208458162384716
754,0.02267690860580385
755,0.026277932531451276
756,0.024166692763904467
757,0.02559777555674777
758,0.02495668778915481
759,0.02238179708274464
760,0.024308221352387124
761,0.02611342352206242
762,0.026035901789729875
763,0.025527039265710646
764,0.023572396927357
765,0.024670585092326083
766,0.022766450678722773
767,0.022814686649771952
768,0.024629952784715962
769,0.023877036995331457
770,0.02352227985522191
771,0.025097652739450704
772,0.02250986650844114
773,0.02481834500027765
774,0.02307555913791319
775,0.023897154765505368
776,0.022842869374299097
777,0.025960155909123032
778,0.022568995845997173
779,0.0245239724602054
780,0.02195080828995319
781,0.02428232153922886
782,0.02620557946512716
783,0.021708360829451656
784,0.024383009022410973
785,0.024911416084447215
786,0.02560724469634889
787,0.022222112324513814
788,0.024616071209002797
789,0.022856547503135777
790,0.025047394156882823
791,0.02140770310872768
792,0.022066322032651423
793,0.02448719624609441
794,0.02456444735594117
795,0.024564384756754876
796,0.02335019375874007
797,0.025261243287163358
798,0.025004115401142186
799,0.02380252181012798
800,0.022400038075920118
801,0.02465289676769727
802,0.022386062944487826
803,0.026542127701018377
804,0.02277618041505603
805,0.022297303339869016
806,0.02358441880582577
807,0.02637223941765187
808,0.02266724636828515
809,0.02458425428953031
810,0.02474484839696607
811,0.024327348248558974
812,0.024488446584624922
813,0.02337473733881999
814,0.0231950972505793
815,0.02270730229759065
816,0.024597554667611574
817,0.02307391365791678
818,0.02054761046476718
819,0.02136663557305542
820,0.02242345748808489
821,0.0233900734205449
822,0.024121197996243317
823,0.02531028172831744
824,0.022698639347888832
825,0.023701547049092296
826,0.023754426203343268
827,0.022083005417955177
828,0.023027082026674382
829,0.02450404343410459
830,0.020447903787724344
831,0.026117078212222637
832,0.02464557266415747
833,0.024319522729378058
834,0.02190061391018144
835,0.02246427154218086
836,0.02196674879054544
837,0.02294584835823458
838,0.025300348733618416
839,0.024874539825635335
840,0.024990102559260995
841,0.021641377722041184
842,0.024491876618443754
843,0.024699405017622283
844,0.02282681100851593
845,0.023068839296521162
846,0.024710223422330178
847,0.023618341107822488
848,0.026243647232037714
849,0.02222344899702827
850,0.022769465062829005
851,0.022646425330803813
852,0.023310845373331137
853,0.022518397506896836
854,0.025226368862618857
855,0.026135164358635374
856,0.024880712276180467
857,0.022953706903672783
858,0.0244593469898454
859,0.022627581024459293
860,0.021035138152956552
861,0.02150576950514928
862,0.02378472295681319
863,0.02316733702577057
864,0.022966542853078732
865,0.026220037116455784
866,0.02299837039240716
867,0.023610322485149215
868,0.023847175515233635
869,0.025629068339450264
870,0.023126396653029957
871,0.024636746583355778
872,0.024967232690687062
873,0.02069039910147437
874,0.0247970553076723
875,0.02458940443749666
876,0.02309972382712939
877,0.026236559531106648
878,0.024270647856866678
879,0.023033413072027418
880,0.022636471848860293
881,0.024533739263569148
882,0.02602191660997189
883,0.020349236500547627
884,0.021494652461429148
885,0.024144263263292855
886,0.025258479665797074
887,0.022469913872260206
888,0.023770835777438853
889,0.02601042465299202
890,0.022814076692178626
891,0.026253687166388838
892,0.023428998212619373
893,0.024168703954194282
894,0.023833619690848965
895,0.021551245841034235
896,0.022609534310859457
897,0.023413690437394916
898,0.026199809808848205
899,0.022947033914612558
900,0.021662515737216795
901,0.023207677130376195
902,0.0255661531989105
903,0.024620537646970853
904,0.02202447736251956
905,0.02242358211947078
906,0.024361027637334692
907,0.024268473962299853
908,0.0255780173072422
909,0.02309372531378393
910,0.02041157460285285
911,0.025626573099435505
912,0.024859933896275364
913,0.02223942074048647
914,0.020557143111099064
915,0.02182868447547915
916,0.023529951721855975
917,0.021603547167596732
918,0.021941965867545786
919,0.025267321970753567
920,0.02362547921188236
921,0.021761466501338266
922,0.025252424442527913
923,0.025811033489799316
924,0.025909800292530087
925,0.023299854575022875
926,0.024548686985857784
927,0.0200419865831927
928,0.025052400224349364
929,0.02427309954956711
930,0.022696334376302533
931,0.020425343765604852
932,0.024036196185254897
933,0.02470566111024843
934,0.023310921247193833
935,0.020224425024673382
936,0.025541037918664314
937,0.023691477848402698
938,0.024573907024096037
939,0.02448109675745747
940,0.024548194609819378
941,0.02583342979152264
942,0.024401864547537375
943,0.023941831058973233
944,0.022689414522959986
945,0.021915624631711143
946,0.023812912325050815
947,0.021592964688484175
948,0.022849781925179134
949,0.022046087092984997
950,0.026190080301311033
951,0.02373296321188894
952,0.02322670529194549
953,0.025836211954017658
954,0.023682061101228637
955,0.02481550464136329
956,0.024468050731066112
957,0.022381266013887163
958,0.023913501468839245
959,0.0232700670771324
960,0.026754341031550583
961,0.02460219997152686
962,0.024163859581013015
963,0.02015198735868171
964,0.01996511480936187
965,0.022994247486296315
966,0.020161383664343325
967,0.022811163130585108
968,0.017222465225535603
969,0.02403608366840724
970,0.021730578231700697
971,0.020274477881708927
972,0.02575537908801314
973,0.023705690448067043
974,0.025397092599250815
975,0.022714694220042304
976,0.02606556012752788
977,0.023526939477968748
978,0.022042643822376327
979,0.020358484306639626
980,0.024006965052312902
981,0.022158000586870275
982,0.021129099539531435
983,0.023324119401992815
984,0.023776735721754084
985,0.023842833167765733
986,0.02580953895927208
987,0.024586169969429316
988,0.02249764316646336
989,0.022403434857080698
990,0.02434831460575669
991,0.023098171195312597
992,0.02519972318186614
993,0.023471581871417884
994,0.02291545558066508
995,0.023372337562920974
996,0.025888958806241383
997,0.026128904300660304
998,0.02450580091562858
999,0.025286119116137658
1000,0.022097655957272307
1001,0.022560968023209962
1002,0.02441055697400253
1003,0.024237122928846135
1004,0.022259795807806865
1005,0.021259987764847894
1006,0.02153612623384496
1007,0.022103110246083957
1008,0.02391394136135335
1009,0.024643039151404787
1010,0.02436255797315722
1011,0.022314710083183795
1012,0.02505944133583312
1013,0.023567358981136245
1014,0.025206416173153504
1015,0.022012503788069553
1016,0.02183456863867337
1017,0.02425464988406019
1018,0.024940186331542262
1019,0.02564897823619122
1020,0.024036612067579063
1021,0.024590811418757724
1022,0.02372825732567281
1023,0.024587351207222417
