-6.505678897178435, -0.6620907536210043, 13.784644950058777, -5.400762675409874
8.90033681126628, 5.757258950502834, 14.603334180036128, -5.354443988515595
13.320206513832611, 6.712575743227081, 3.0235863645770973, -9.3025368301635
-9.942907751601314, -0.726568791053671, 8.36329861845565, 4.938889189855755
-9.709869137014136, 0.5931718545871683, 11.184082946996849, 7.088991345182225
-18.85515483012952, 2.8668864683712565, 20.495022231425818, 2.91011555249243
-10.671242967386059, 10.169162258108962, 6.855574852082068, 10.325031400018826
0.5521567165700616, 15.24472706858203, -4.659806340035734, 6.7382698394697345
-7.468828244032271, 4.719434817895001, 9.724206390127955, -2.9533879314044853
-1.2230537785790772, -5.345166320577328, -12.454716557078665, -9.951646887314716
-0.9538466470603, -8.051782094047796, -7.091811485609484, -8.972192251824156
-1.0110672315936844, -4.0611939180040615, -4.561991294788218, -18.02237884137675
-18.066331837012594, -1.5353076643498973, 4.356980693791727, -7.420714724421189
-8.639605303544593, 5.123075178768133, 1.6761784379150235, 10.453224430812615
-9.217246795783602, 1.540785221495765, 9.960866677595325, 7.897323104992516
1.2303068810806597, 5.417200781072788, -1.2451500543451068, 0.25930879073603263
-10.879780435123996, 16.15643311248688, 1.8364515714297953, -4.97328016791805
5.442288599663597, -1.337194289802082, 11.168947417256323, 6.507434375906236
-3.994482874014599, -4.949746867187984, 18.398279536114124, 1.5175235640239504
5.1052363644288565, 0.04261900429425225, -1.2620387564437756, -4.18002031893663
-8.279100810320333, 2.053807616415363, 4.633970871613755, 0.7837759172669454
-8.193466209173517, 7.673415441853447, 10.196848172306721, 14.262527911845952
5.749003915853292, 2.782382993655248, 19.601435415719745, -7.636916314872124
-1.2316817490640843, -9.983737006255451, -5.1529671067919, 4.107731200415728
-9.54815571703054, -2.0963349135583456, 9.332417574067431, 3.498696614647552
-5.939150841301966, 5.4970769468160015, 1.2619009007653457, 3.9502000908633343
-1.5116730130113933, -8.810067189434077, -6.289940390611493, -14.271262744125414
-1.3368934760707178, -12.133934922085814, -4.873976578928522, -8.54710235987889
-12.351023158634197, 1.31796216271453, 8.712774290848929, 1.8370449349022109
-0.11028842207137801, 4.238893889599918, 14.659107819108588, -6.70179460376435
-6.39039478000055, -4.682563055737262, 10.473981488088853, 1.455759544747624
-15.296322509804282, 4.0105674418317605, 8.069964571684027, 2.1866611118164014
-1.069161338742458, -4.065361829965319, -6.655184617984304, -6.883029729945482
-22.44345710630459, 3.524911802826542, 8.586820233449126, 4.6658440305698505
7.409591432236337, 0.40019122944829366, 10.421160207134523, 1.4171893608294424
-8.222299260508713, 1.5980039716754546, 9.178867844851375, 10.812293019907877
-1.3006633768478224, -7.83240920673559, 3.283578168372662, -1.827479108149487
-10.005785173607181, 6.493380707930301, 3.403385996502072, -6.85244030214008
20.343604775585202, 8.63256185473874, 4.830420439995098, -13.416857750141734
-9.647362413421966, -0.4797350670735857, 10.963693566354655, -11.067606992812072
-1.0744491231532982, -7.913235563136251, -7.662034924710888, -9.425454272234722
-7.516890716020298, -1.4247470097754489, 8.662180515318285, 15.787797047534932
-1.2702384175659012, -8.809210555848491, -2.4115451328356086, -11.157164222357185
-2.8483297103238323, 3.399942882281654, 2.268403210825806, -13.958255426308654
-7.419465328665356, -1.8374133125497687, 9.799522881712951, 8.45426458824657
-1.573003301746337, -6.685381640177066, -6.209516218413517, -6.136813759357107
-1.0323688821108186, -9.249503567732368, 2.273675223553516, -5.375979329366515
-5.16639349414713, 1.4844767634812914, 6.927866796915504, 0.5332315047975884
-6.656453693939923, -4.419553312587576, 16.675175045668954, -5.950517547080273
-1.1205026703868188, -9.91636031758076, -5.725433735486584, -16.229526877120907
-12.577124841019279, 5.437683630356608, 0.8077513531292917, 9.226354345590444
-0.20623750632596755, 6.55447351560853, 1.7089868593445585, -13.255985571960192
-7.942751695113518, 6.761752245870024, 8.020539302081447, -11.213108563301837
0.9965930103724001, 1.9104894909721137, 7.746168908212903, 16.580047556635066
-0.8924764475251852, 2.1714346134586604, 11.501531362119557, 0.8689463023854569
-0.5366056794979732, -4.512073190317542, 3.6845023016680267, 13.212090003549903
3.6072989943320755, 2.3339183290447356, 14.53349976935861, 7.7280346890672025
-18.619888781456673, 2.6835810612386304, -4.642836804093296, -4.018690093402279
1.4865476145647818, 18.155617614882807, -1.232850707197998, 0.8057575820005658
7.350705851907824, 4.253564307374546, 15.918842146645229, 1.952263442294489
-6.331247445177894, 1.639955928729592, 6.826146267748047, -1.8233845373158313
0.22443993409644614, 0.7551440080377771, 5.994469782881916, 2.5554288221492696
-12.659182010707012, -0.6763124498335823, 9.818292159478846, 10.44475150292514
6.872706488065345, 12.838975882693335, 7.177561041385621, -4.717821976106109
-8.359426297839475, -3.7513556993592707, 9.65264235418172, 0.13915358081609241
-3.647985691039234, 2.972691726505713, 9.636249038189142, 3.192057463893609
-7.69626693602138, -0.16355832773994994, 10.487194312220842, 2.2251351137742272
-1.0096209472664608, 1.4626979442964947, 19.139264594762334, -15.324439281551964
-3.7906366310116213, 6.464641515115652, -0.15793422776850896, -4.481225840946282
-1.196076517526295, -7.95964494699105, 0.38016577204224733, -12.279413337691167
0.45490188864414216, -2.143996417548424, 0.519572008166536, 0.39095314090308975
5.754427149569412, 20.946371286198534, 1.6914706659828944, -2.1745276182329083
-8.856518532708202, -0.8380855296296063, 10.022136914947495, 12.771530286062003
-1.3675852674884763, -7.4808895728672, -0.7299959479413307, -22.35978477731622
-7.548072416777463, -0.23544058932579648, 10.82480516966543, 2.778745387398101
-1.0999149443744287, -6.135085484135871, -1.7556542615979516, -12.50156591938751
-8.63779830873883, 0.005636997337162608, 7.068999802517915, 3.8938205550584524
-5.629800237085719, 2.96072546934804, 10.204031257170628, -3.114949112210864
-11.288744289361723, 23.68693316629875, 8.71447548792305, -10.20566960344534
-11.296733292358498, 1.233813428187064, 10.175740466032417, -12.552554034302883
-7.999419843704895, -0.5317589312647789, 9.851230802909907, 4.284400344988422
-1.4740396123873225, -10.295519829233761, -2.5174259053752706, -10.365652736842494
6.200573981278111, 8.301293231433487, 8.9899336335797, 7.05738078975106
-7.005728342747163, 3.832524772554568, 8.240075241835516, 9.821911764856077
1.5545118732151044, -2.630727444859674, -4.543576474978366, 4.754984408173472
3.584633198034955, -0.15985357529277078, 6.4379489107132155, -10.324340882402305
-19.2992423767178, 5.31741812102303, 6.114610480430896, -10.438647186453974
-5.190830107141776, 7.246034820569607, 5.22493514223638, 4.471541469648294
-0.9342397173370629, -9.892304413895534, -0.7425243832157167, -3.688885832737858
4.077357130257594, -1.5089478522338657, 7.990959359528771, -2.685816906294535
-1.4177895637670297, -7.4965260108257326, -4.103837295893047, -8.2133928892963
-10.596825096830203, -2.4585256633587713, 10.190287068908821, -1.944107296227692
12.977879141805447, 5.8655895061843815, 1.0567867363206132, -12.62828310550304
-18.118087655511435, 3.9807337323801617, 1.1897070233764602, -3.7319061055940317
3.36297607125001, 11.925263248226585, 1.0949201131962543, 1.105998473260061
-1.8404989559921594, 2.033668650175102, 9.014354462059552, 7.580432885537633
-7.292360939386196, 5.871219109167095, 13.93731488866194, -6.562768204277878
-1.6570569185729536, -9.794626278608789, 4.6506319376307435, 0.36778070784917993
-1.459813285201427, -8.060886656649828, -0.23664567373991208, -13.527417813847492
-1.4377342462432015, -7.081354698110746, -0.04061338944273096, -10.736446667881795
-3.1868934003536413, 1.088311163203306, 2.3480436379597975, 2.105884760365849
-10.153769665652908, 0.11835279517034458, 9.17841161921907, 5.538030604029539
-5.0784326883747735, -5.359227498291438, 9.55957234031804, -4.868615363614417
6.643556319439598, 4.38616918101202, 2.8606366501630625, 1.0869836899072567
-1.395525997744551, -6.380340614582155, -2.7043526819410206, -10.592001227381468
4.170059119616387, 0.8187889056506172, 3.174431390569883, -11.018075067118701
0.2336858544682916, 2.39727733036602, -0.734745218483301, -7.653926095258591
-1.106596411945341, -1.0324669632827197, -0.48317575915677846, -12.891074485260647
-1.1989343891858568, -11.705043449005615, -7.224638333332053, -15.29283097323486
-8.525017331592771, -2.7985818999330903, -4.253627214465583, -17.736050204232665
-9.708544767090261, 0.9982552046064275, 11.288823123788248, -15.85885670717435
6.331866900389624, 0.4823625411839778, 19.28643878468096, 2.59203669408003
-3.403889108277805, 1.6754641542845703, 10.382645662716165, 8.936324561642135
-4.374055159780586, -0.2358123367335736, 0.8542185703941607, -16.686578143514733
-1.3907844545195442, 12.60566087640294, 2.1531851450404575, 4.238474766291479
-1.3589280656342855, -7.365352824895378, -0.4273089458989503, -9.641255910236096
-7.383519101200833, -4.632347529543658, 10.618859268887512, 2.4527918945442573
-10.856535329314145, -2.87373219655839, 10.636548798624855, 13.069497174164681
-1.8788097599900957, -9.335063915777189, -8.45469298085241, -7.240837506150732
-1.5999811441312293, -13.981585351066123, 1.6005699634323287, -4.233600794345615
-6.406958147035024, 6.666578904022943, 9.27810566017729, 0.9001410744107723
-1.4343273697083094, -7.385122640123812, -5.157056106974159, -7.793764466252439
2.2742647411411676, 3.7586998352109005, 12.303976244825622, 1.6460654941009547
-8.451274229055954, -0.10488849737576511, 9.644712692154743, 5.488173045423483
-7.614132702702027, 13.091421277452145, 5.65678069657528, 5.878758651779983
-6.169331646379916, -0.6334044081627538, 10.262079499829087, 8.17835067172378
-6.0480774916548565, 3.6824760201174915, 10.626740208141468, -0.5362682828858727
-1.0788045757518852, -5.936596495525815, -2.2112239990807683, -9.544897239735057
-6.140541666642375, 15.031015502421365, 10.130359029354892, 4.079268796422825
-1.0230929500684462, -5.024252119354626, -2.124561235687895, -4.554923293043806
-12.768783392138959, 2.703068764503445, 10.42299956092072, -3.999972352784301
-13.179832865221039, -0.8701602265552224, 9.010665289310896, 8.28285869443961
-1.8859065074633028, 7.322358160636408, 4.36362853703397, -3.8991554010737444
-12.428596099454557, -6.577807303929968, 9.18256503568465, 0.5055882820175186
-1.1890157615860777, -5.1496813314902905, -4.797310716561812, -20.605147668099484
13.013656239530565, 8.55003165955814, 10.000621741146102, -15.43847269689816
7.696086754991374, 21.638888236352834, 7.112918121037726, 3.392750920872791
-1.4409244732095245, -6.204018909455872, -4.059329119008014, -4.608968073917218
-9.900962567170769, 5.453595393352729, 17.01870027002425, -4.155364541629691
-5.117462591765263, -0.5027284067430813, 4.6915863687579, -4.307928647166957
-9.716719711416022, 1.1012736584351446, 8.77746378933023, 6.636035015928844
-1.5769306528393017, -6.266147969731091, -7.8821001015141015, -11.51039278150255
-8.075648584406851, 0.44299954681363074, 17.83045464579036, -3.588802344350733
-8.476620703138979, 7.453270671733888, 8.444695059660127, 17.46395413811065
-8.992126105063734, -0.9419781759939487, 9.202291835121263, 1.7874266489487205
16.67389428453939, 7.3052149572623994, 6.782468245387932, 4.314107889868095
0.6382173916846092, 0.0012587643969657059, 5.837640600935333, 6.4937307688608445
-1.4062052513622196, -11.193585265074528, -6.058833459153085, -11.0244790617195
10.186533752545916, 6.509677871516254, -2.5414254406648853, -0.5321647743393823
-1.628501187777468, -9.267410607510353, -1.8244971399850352, -2.9055858691614036
-12.831776097713234, 0.6426346907257829, 4.772250561852966, 1.9164612908504528
-25.01072745117232, -6.6797507158496465, 1.2107631174308646, -2.5426605355822365
-8.49658731907621, -1.5386689759925736, 10.77539942493836, 13.910860520706931
-11.022452143891051, 4.907315191590831, 9.07047058074965, 6.18078363254852
-8.185237460202336, 2.1844689788606098, 8.994241786199822, 11.753141780954262
-9.14708777611105, -1.5968435031206303, 10.506194448786284, 1.4791386535600632
-7.6222278176016385, -2.0210388102616275, 10.629755218464888, 12.020568799184657
-1.4908100490906655, -9.608872250740658, -5.75302281470345, -3.086899657393957
-5.974005329186875, 4.1985141071117615, 14.529600539035222, -3.306699695770706
-1.5948464486412741, -5.3847071027002364, -6.3323516423925135, -15.613994630751076
-5.785130653447752, -0.32743868337562754, 14.132120231612944, 7.899322233345503
-1.444398469189929, -5.346738399877742, -5.117791432176542, -7.074006583300564
-5.160009024400294, 2.4051921600062336, 12.16978528864507, 8.761258811151176
-1.4731697991076718, -7.937767717013768, 1.0273106779187544, -5.914743844182038
-22.53865995040418, 3.951381093623705, 0.4933386725055442, -23.7287784941084
-1.130781387596352, -6.171287352134991, -2.1533748930540604, -5.789992124570168
4.420856313464437, 13.145292464958462, -1.688319200868646, -12.425147230741974
-5.840636193891839, -4.261552262886806, 10.34415131766136, 7.811146288594906
3.465324261987522, 4.858605319474988, 2.2255385430017514, -1.0381831116249731
-3.4020735277700638, 7.290336793809561, -3.668152347636398, -0.7055757328684611
7.991731760555002, 16.617981488797117, 8.126588498881484, -19.677345394823643
-6.588743915094169, -6.345539832387267, 9.699490693717868, 11.040949524193234
5.861190215794615, 4.301987722448814, 10.779483400342087, 7.268042111617734
3.667427181233848, -0.00028181079023070765, 1.221526802593555, -4.189589394070801
5.7740800964448, -0.3702332752416728, 19.475067267490594, -1.096524269243443
-1.1850336100769694, -5.272570650778729, -0.09414685808655943, -6.2798316317355365
-1.2983617310570927, -3.8059635846762556, 0.4661514516457812, -4.68010482257237
-8.206161785488229, -5.627631931548967, 10.99944919115208, -15.625229670117797
-3.825554375073419, 7.40154635884293, 10.26373991410729, 7.182579746121431
-1.2830848192247826, -5.723864798662516, 0.08968056539115477, -10.355051241131378
-1.3552442982400843, -10.356144988999883, -3.413461659597658, -10.666935423407939
-7.273006254607624, 2.90196642629131, 11.041143206929735, 6.473458981429648
3.6694134876563185, 1.616273926099115, 3.5151948189575837, -10.479477617740274
-8.632891595693234, 4.0664606314914264, 20.951308916304693, -3.53520650625956
-1.3471829721056257, -3.6425169891062597, -8.335003888464064, -5.57632798022969
-9.108221424494257, 2.7743054732902377, 5.6735430964176405, 3.397706573488546
4.3151476206119925, 5.3540279910020825, 5.738698271781004, 11.14608106892291
-10.960159076289209, 6.973234753286924, 8.034457017161596, -6.928570049754901
-1.1855114366323256, -9.992514628931936, -4.307103207251606, -6.5202017855893555
-1.493248629007035, -3.572761605145244, -2.1700330359723665, -17.160168486058055
-5.748345517468301, 3.800490911898577, 7.036755442655358, 8.849396514938782
-1.4096789036317563, -3.531143533109665, 0.7046787892080975, -15.351903093089046
-1.4607381763430427, -5.345973142735949, -5.024916282570217, -11.412524146816232
-1.5717545859097513, -8.237571360377375, -4.58643455682701, -16.774920563009644
-0.8463110727174007, 20.642556800256823, 9.943877269910729, 0.29218921591483005
-16.387995839961327, 9.417582557636672, 11.2532264523029, 1.6627957372877877
11.029725675612374, 3.262924737241181, 9.768402472125393, -8.699737621455167
-5.929284475646922, 2.5385513002436224, 9.787996190491118, 2.9451246454116413
-6.990110285933225, -1.9259066263574054, 8.45259452739768, 9.72075498550426
-1.3637282135052196, -6.487451071814777, -5.796715012058479, -14.91133384359963
-8.830345670524345, 3.165907695892244, 13.602585787178139, 4.5080047158486565
-10.50693905427325, 1.7656406578273391, 18.71873634457223, -4.973281913653086
-1.249645440517438, -7.863060412340733, -0.039824181443687934, 1.1851217008740917
-3.367985510831361, 6.089071179371079, 8.731265894828752, 1.2810358412559262
-1.3563468753472714, -5.154774368670342, -4.727567892122525, -2.0796233067660115
-1.4010140551613826, -3.172942841430633, 3.2212856244079378, -11.772858571084035
-3.350018750433935, -7.5174084092023055, 2.495622693534056, -21.45854854515456
-1.60125394828505, -8.45826410978632, -1.7036729247063693, -11.708653644886148
-1.3852428227264448, -9.161349346050862, -4.427559836128176, -12.735113817526823
-12.982972754062043, 3.622580101190368, 11.313763135041114, 2.5432552055304627
-1.126805721417115, -7.983463717670732, -1.8607446442277276, -9.94808586370306
-1.1636715723104745, -7.122071943650619, -2.9015733935730843, -3.126769351767707
-11.409097604603105, 19.94135472058408, -0.9264772383600848, -9.577219208384113
7.221549053386261, 11.957624997833307, 7.747999854286578, -26.24785110960211
-7.412734210028541, 0.6118511362786192, 19.16350879511331, -0.928248791058047
-8.333582893569856, -1.781243909602373, 10.77860887472997, -7.3318377749148596
-10.703822142198627, -3.3299149743801206, 8.549625298631222, 7.775730539333262
-1.4643037277427673, -11.123541848958885, -1.6828893514753054, -2.56603642965238
-20.386654013440143, -5.709731475932754, 17.579957551566352, -3.0341746293487057
-1.9844851642987664, -0.4573761097249447, 10.49150996975968, -0.9381063066449118
-11.611961532571321, 2.6624714607332134, 10.701629388955297, -10.088086344046431
-5.328056328948537, 6.064289917460813, 2.025040850206528, 3.335511147499572
-9.36201252465737, -4.615018366685126, 11.093102061438689, -0.6823443761870411
-8.890388664968839, 0.8370550085103869, 9.568955450831014, 8.354173285643654
3.3932349050211776, 1.3885411799594594, 10.260329363539698, 17.059224007752544
6.386713653090874, -3.452240127417763, 4.794276155256048, 8.660458676260905
2.697724628050749, -1.2874255358967535, 9.42083165636271, 3.177705360867353
11.887282942261525, 1.4442614556605546, 8.162162844422369, 9.306214201115598
-1.3238669568403767, 0.18376880538002194, 2.9612312245608834, -12.439095191960558
-1.4957704098109532, 4.061684018099052, 7.151591397040891, -8.57133478092615
-13.544735579472313, 2.482712228606684, 16.27838332911484, 7.182042504632948
-6.5803683134366935, 2.9031018681597542, 7.304105081462934, -9.206611950846032
-10.226270747732771, 1.2246851843135405, 9.457277116249296, 0.7429437038313504
-13.322247537153908, 16.793756234784894, 2.580206189578269, -5.323473019107939
-6.091778034233551, 2.3453974092358703, 10.37916261196051, 3.2912838337369155
-7.316846374638438, -2.089792135417502, 15.475742462826773, 7.620580678548359
5.041868466890991, 2.4082510044459333, 18.371835617568074, 9.466810103510898
14.704048993449252, 4.737782658734353, 2.725793474656795, -0.022075239511726963
15.964798828571869, 22.18997133443258, 4.677767862696097, -14.559380037580265
-9.223626761000615, -0.5952177983766956, 10.789038416014495, 8.204295264030904
-5.673175523757312, 8.85508198017762, 9.447799665402986, 15.369893372929154
12.09965876245404, 17.776697224074155, 9.430782515918189, -13.690426313301849
-10.284315424679987, -9.772476465720162, 9.163888996731488, 6.320917607204022
-1.3239340128574324, -5.198023830401164, -0.4791427597526079, -8.53325056623621
-17.289530981743063, 0.362209344688432, 12.454851849088211, 0.7199143946414863
-1.0478223251413834, -5.015701450266824, -6.424624416916933, -8.154346204458093
-1.3184489959322652, -7.893024220026792, 0.8298668383873262, -9.622708863361286
1.022839014109013, 6.333282006324073, 10.43210472629084, 0.7291727689794796
-1.1393445547505712, -2.1157556572076652, -3.1793991002903117, -5.694458269120707
7.000421924815569, 4.981152392966111, 17.56498404447654, 0.41197464502604564
-1.198405697354398, -4.09116492933361, -3.2147154593005913, -11.58326308569496
-1.0810127310954074, -9.094974241741276, -3.3550562062520637, -12.581383837298821
6.591355811645959, 3.9439006856707985, 4.610393458190051, -7.838702015238264
-6.13271987502858, 1.256203732207342, 11.218049993732045, 5.5259185676753155
-1.29566394380953, -3.096736318445842, -4.787154264853207, -11.871871510869243
-1.2551086423056532, -10.636845715146245, 0.32391701643019966, -16.6403859789253
-1.348379103272887, -7.705351972271211, 3.5596769108730406, -5.843361689191694
-6.438018360999013, 6.881993147263622, 10.903337276550433, -3.821436525525253
-1.4216786771353558, -11.45454497939387, 0.11767093861951627, -15.530398171108972
-8.83175642061873, 2.4362246597089423, 10.228478043285751, 3.6596336078890563
-11.311272638060899, -0.4099018905428201, 11.177896476784055, 13.53797849781761
-2.6923125810977293, 1.5274100331550091, 0.5347908577669465, -9.210081477859294
-1.22914054489025, -6.255454468940069, -2.0451917600946206, -8.898458010861624
0.6662943131111457, 9.320411851029029, 9.903316286048646, -7.6793068436244685
-1.2148741278715023, -4.3749077717393146, -1.6012641788795978, -7.9563383329164665
-1.2444781909534897, -9.328319855866548, -7.2645420718909515, -1.453588495704258
0.6401347013109646, 2.416768996109751, 12.068155994847793, 0.48753175178516706
-12.079311752940336, 9.454488873972267, 6.631148170098658, -5.545243962674245
-1.3510784340490034, -7.016922917186316, -6.2054759677929585, -10.381975719930107
-6.195779308901194, -0.9120451553285693, 11.046507760832288, -13.158892565484532
-4.069363862185179, -2.3418656888462017, 0.8662173063650354, 1.4817578331699224
-1.1525693680071167, -6.722088576450611, 1.9555820513400244, -8.77505279306653
5.958941275797302, 10.751756302031858, -0.5888269755354161, -12.798469206371639
-11.430363465772867, -1.3850850585337229, 10.383585164218346, 24.18004449475935
-10.340010641656527, 1.1145386993774768, 10.320651041534001, -3.290629970456373
-6.784821203431443, 19.86304631256816, 0.48151397903287707, -0.635647889815905
-11.567010670155382, -6.149917088242164, 10.012878236233036, 3.809865081059063
-7.501379192636994, 1.851734071544167, 18.307092013970458, 1.2096799601796224
-1.1322363938113724, -7.0002085965430325, 1.081159281132881, -1.384989573872943
-8.204103758818105, -1.186255859646096, 10.51400183407506, 0.0804381939330927
1.6884213738273997, 1.3673755095220743, 5.210056644207252, -3.7230958322468615
-4.539216718001576, -2.177132067213953, 9.484553282389843, -4.500017467252704
1.1563203276291842, 14.404030413467291, 3.641129753962084, 1.6865548722484842
-4.862437224836775, 4.256821910184685, 9.764801110770145, -3.235153062486895
-11.3859614796126, 4.768328473839217, -0.17680193902287833, -5.591936441128215
-12.048979654216707, 6.18723225055548, 13.227387004595618, 6.242205015267299
-5.709710109089405, 0.6874618229335163, 12.052130659512677, 0.560730662804972
-6.249056652462787, -4.565776280673957, 11.470791240129786, -6.245007912880968
-1.398168097137846, -6.493999751929794, -3.11440792135996, -0.8013985730110864
-2.9586232143615683, 0.4916000154768243, 13.133028943662225, 3.124827028134511
3.7546199434454746, 8.06381360263297, 3.03987739791039, 5.5669769515168435
-4.458172952471423, 0.8781751438948264, 8.529365577571394, 5.652588432693822
5.587026172541642, -0.7399035227155419, 2.8434059407481596, -13.763226112898387
-1.2981229133337944, -9.262324662109489, 2.6530489977059446, -13.951820863042466
-2.982701746739133, 10.480914453223413, 6.429859565163524, -1.061224410724456
-12.809749680115326, 2.228387283005644, 10.665370437824702, 4.632031365660419
-9.171326619561075, -0.6847760196154066, 9.66266968211144, 2.6805760903107205
-7.74811020635311, 10.344200811057828, -0.21930912851533968, -14.943202164047626
-6.267314545823251, -3.2644185789037774, 9.521543613797748, 4.400650732431578
7.199795565175936, 5.549140117500992, -2.378552014533451, -15.274243902358492
-12.44090286602657, 0.40168928243811086, 7.844626407970912, 14.418341328594801
-13.947168665551038, -0.665204120336913, 2.365016130560724, -14.376733083517372
-1.306968306800024, -3.1989734058885353, 1.2189042125026877, -14.257790256972735
-1.1540833528586019, -12.711595827887063, -1.900057760877929, -1.8421113067767871
-7.584859283852316, 1.279903153185901, 9.86516594716214, 10.12347731012143
-18.047313301848362, -1.6937087488449132, 13.521327640774873, -2.0872546154519416
-11.250625238989414, -9.59486951879038, 9.504984653548505, 11.666785478418802
1.5395808119024288, 1.2570520055884484, 12.875292455714295, 1.3927614736096985
-0.5998334400266907, 27.581168441644124, 6.255211679779947, 7.23770471063614
15.223896429542148, 17.285453744079, -0.09932843760632082, -5.9536842753476975
-12.227546764167283, 1.3155271860716091, 10.968665385415536, 2.686340528755438
-10.0556186814995, -1.6551524778469913, 9.850183644350253, 5.841977286773211
-9.27890800083421, -6.0374866757532715, 9.655527946162586, 0.390806717243358
-11.534340950678853, 9.989808701093041, 3.3818881194518315, 10.235152428699713
-1.3808940801836527, 3.7998215931260555, -0.13535002111296368, 10.860786646420149
-1.139630862909158, -9.190237220582034, 2.4659460052305278, -8.391586164937754
-20.130158969881833, 3.6665403823221197, 11.050422982131119, 0.701086513224671
-1.28555244700029, -7.136961139131575, -1.1574758440952848, -14.393025202804406
-1.4648489215200633, -5.3500320933896175, -1.4394702853393437, -3.954966857149504
-1.3152635513526612, -4.77964743539712, -5.966173791435429, -2.1952727208428344
-4.8570612737798236, 11.152789776433806, 7.36731610197435, -7.268521642710942
-11.295541263578624, -3.180812171946027, 11.171762437390363, 16.23470898535201
-1.3460925554070948, -5.723681277295341, 0.47372962238975624, -2.827400001352747
-9.016204972911732, -3.224865046176365, 8.853906944242423, 1.200886919041443
-2.9629779572456965, -1.677125268949456, 8.48493858695108, -4.8872792668935485
3.462946106177676, -7.075306205873318, -3.347034446921202, 6.631336584115256
-1.6663410536086354, -12.281172906985441, -0.6452452745396613, -9.084549098808655
4.469897205337748, 15.477386707069344, 6.9096802682815905, -0.4930522992480797
14.2575899650578, 5.506761086333956, 14.298452945209803, 9.036566179816326
-6.435655445361551, -8.146744332288595, 10.083894844394786, -0.5668941935521019
-2.9972561370216475, 10.22935058121033, 3.4063152358905864, 6.362845706469956
13.64467187629343, 7.667691101529578, -3.363509528024398, -12.969159700572611
15.067850974934219, -1.9197591292853193, 0.2796004895799311, 1.5585753590748501
7.0112476404196755, 13.228477175546171, 0.1834814100491462, 5.0445787040159615
0.3205759413762297, 3.077607163705453, 2.3976807904553787, -1.9065919310432762
-20.11230364809883, 9.592562899364799, 6.853526720526402, -4.46112412785912
-6.761665582549901, -2.585387140884282, 5.508915496601135, 4.547943260854414
-10.728927253827601, 6.555561090278332, 9.360578908538976, -11.340661933778796
-1.438074144892559, -6.354837074304205, -4.147992554496963, -19.103162761524523
7.969865467795183, 4.011623118098158, 8.629632813919896, 13.022483383662726
-8.992345009872656, 6.207518132439727, 17.286778674848925, -5.077260672570048
-1.2276859393513313, -0.7391192402212239, -4.258777408578231, -9.04492896843089
-1.2132748960635742, -6.564564801544614, 2.940820002390013, -4.15724242933204
5.545979998658353, 13.951259487818167, 2.582225524401815, -3.4375167131519477
-1.1349667157937458, -8.09128495141934, -0.7183791410635438, 2.238343473600633
-9.369595182360674, 9.393886312819928, 6.797513797956681, -17.133012857325262
-1.1296063519513195, -9.409296349687688, -4.77713160803894, -4.316584331282375
-5.497673931120224, 14.825502632357654, 3.7746583400866025, 6.684969509156768
-1.1687127601064093, -6.172781427163227, -9.596643135649204, -11.503722113651378
-1.7169032319770552, 2.0075579860576385, 13.73417076115905, 9.579817106746976
-1.2593905416567264, -2.9061815322738256, -3.840117478176543, -7.1589645638412875
-9.967881104224109, 0.3851799405435141, 10.160427629301259, 7.341033349507745
-1.233396550040729, -8.743588159640142, -3.5664738097077566, -4.78479004845063
-1.4371659435965376, -5.633097539630185, -6.581594307958828, -16.508209740199547
2.8435442771176063, 8.744808854767925, -3.51828294899037, -1.9665728863793728
-0.9805736340675557, -6.0821345978734715, -3.239173151392147, -5.406123867456103
-17.682248208054187, -1.3032193527561287, 8.661173448511525, -3.9326722373970098
-19.654310638074566, 8.426298104862477, 8.129854808987638, -6.347499381341402
-1.058166718705742, -9.237961790323569, -3.7594207114052285, 1.4306729965837537
-6.229307483809585, 9.556509398123877, 3.8345123183111887, -14.17644080758825
-6.923399589122937, 3.1068516874219787, 5.207052996981945, -0.2703758028286587
-17.90989529889798, 0.7000683400248899, 4.457067842828423, 7.4664070494070724
-1.205546256591186, -6.820562253753306, 0.013630642752207045, -16.6887520741087
-12.084045084612928, -1.5647323622330171, 10.532928012361939, 3.28824441777408
-5.880066220166839, 8.336454894963452, -0.4700482990152999, 16.826938923566455
-2.71227336207015, -2.1415201668698343, 4.465342746898194, 9.5913965239399
-1.2177700236344742, -5.764652065097861, -5.0683236249306045, -12.103384706228102
-5.522696198953051, -4.630994164281539, 9.745408444983807, -4.957575421103243
-8.806020616104563, 3.9296617263811138, 9.726033068165354, 5.040995630949171
-6.0170848913347506, -3.3699534892810092, 10.526912720379176, 5.655762011000829
-10.911132476375943, -3.69601183078915, 10.059804934202969, 9.413119904471227
-10.960416152283571, 5.614169130878756, 9.829453409190052, 31.202896296914723
-4.764537576214808, 4.560460392664272, 3.5641776203161974, -1.9749166188519611
-13.690159141583072, -1.9803596317116252, 9.660369584939353, 3.4150124830501456
-11.531879981876045, 1.84315095505238, 10.509673304983764, 2.8623791982481768
-9.064652009810343, 18.140086382272806, 5.955603480127126, -3.360778367939486
-5.825707402441489, -6.673999820635836, 11.014223177244153, -0.0041968564277992115
-9.295340605904986, 0.4421194564680295, 21.808544366022694, 0.4677370202414767
-7.378285077481019, -1.8803265113995742, 8.717569885584622, 15.903471920405496
-1.02848384029136, -6.386905810973589, -1.284594814986925, -10.205964579646361
-10.824584694847777, 0.4482189620949013, 7.2758913521375135, 3.056563543522596
-10.755637853451354, 2.863437704751433, 10.499217240616947, 5.915656896478094
-11.00926527313851, 5.252770425205954, 9.54227334401699, 3.8227076308539427
-9.913722346360354, -4.220955921246116, 10.778704145877136, 0.594791417916031
-1.5635642217762893, 14.658465291130003, 4.55416675871874, 6.441291287661092
-7.914335585152135, 8.390523476011495, 1.3103972281348977, -9.780895591306649
1.885012614592982, 12.04079036158969, 4.121412246801858, 7.157856498166521
8.247859043341885, 14.85903250509547, 6.017783706895092, 7.583209484823242
-1.9137922747141578, -0.8382287028798117, 2.0029930007345635, -4.378436024632504
-10.863504773074302, 1.5755750980427679, 10.304115079668186, 5.106347996974094
-1.180619131389038, -7.266733103616537, 2.3725515847100445, -8.920279365672211
7.670898918060445, 10.210093214285454, 4.422526006207351, -8.99815735862541
-1.3878826331205194, -12.793612111448304, -3.5395512232054527, -5.567418874819031
-7.305759888420919, -1.088898902915404, 10.149241125226297, 6.70559827069627
-16.71646839585091, 11.443139284989398, 3.488125290815456, -0.7504279915464722
-1.425923686244714, -3.244194547453354, 1.3900345934904603, -14.449682361527675
5.090478381536281, 0.9859892262902918, 19.597603400231822, -6.173737747599132
-7.2088557655866135, 2.7500245417598044, 10.401544064581362, 8.718871260803391
-5.84578010239306, -4.59297332876564, 6.116260087007946, 2.807209122277893
-1.0402108093076012, -7.043983760835666, -6.049832938124231, -4.347385405275128
-7.686737803074217, 12.239030985440092, 8.607469033468993, -15.445625398733124
-11.667094379958266, 0.6438408295017057, 10.321622329586294, -2.8535728425314337
-1.3860932484169461, -9.755391343629404, 0.0536597091962987, -5.803929750631003
7.074243750358182, 9.215015417477101, 6.360367629635833, -2.756950646392119
-1.3462976563520916, -1.8959270188679778, -2.738122824068304, -13.59764930450983
-6.044874975681149, 6.557327078349523, 9.012003971094739, -0.7115047591966186
-9.956796710147348, 0.40554894481643533, 12.77501874151385, -1.0944576500438028
4.253016908964561, -11.191954351226151, 5.006691259522687, -4.291778372549221
-12.135329016964983, -1.693683220016789, 10.789071957938528, 18.425025121265087
10.549584119806063, 17.021917999274308, 2.8982099285323626, -4.964333527362902
-9.19896133708167, -0.85909518841144, 9.858675026392502, -0.48222998296169717
3.5211697933119437, 7.995193108557221, 3.9359803287324255, -9.41639808380569
-13.274531561247997, 1.500693533588438, 9.19160972159304, 18.038167346353564
-10.167305634736936, 8.198550363549439, 11.344039098930828, -3.850205833276373
-1.3773910520755293, -2.6874527287919596, -3.1876225676462044, -18.945580105694436
-10.11526804160156, -3.004352944066792, 9.700195712607101, 2.068469842685194
-2.983973219571028, 6.247538131251067, 16.953213338672697, 3.1169684671879043
-1.3681706495702408, -12.291388319879937, 0.3743914073272272, -8.710104153783954
8.125824324355127, 4.491745784407441, 3.784811056556865, 1.6913530177194591
-9.065106015343648, 2.5821277244006033, 6.38527260367481, -6.2857573707280885
-7.818423882047136, -2.417756714642436, 10.692383347119389, 3.5708698889271813
-9.811150646972443, -3.8008147792228812, 8.014396567816018, -8.14823597371111
8.372397233732434, 2.9746434521011014, 21.551312143213924, 10.987998084036278
5.922504639004555, -10.76476746622225, 1.2448629637878565, 8.763009311460937
-8.891821140928394, 5.777269135870035, 4.68924907420175, 6.775133865570553
4.0119627264822135, -0.35024859002433306, 3.136376025212021, 7.843785710513525
-1.3493068849726848, -13.657592346587185, -3.637960783893707, -5.093949050137717
-1.132350263275756, -6.841101756750951, -4.9687636395353225, -1.2665490719954047
-1.0800156453207592, -9.823560906657681, -5.0725371875390906, -0.621920939013231
-11.059631638690735, -6.761214013060532, 10.144419180917808, -6.77239022629503
-10.407785200568503, -4.452998895193151, 8.99068990774104, 21.777173282228535
-11.815386011371661, 12.93732572137884, -1.972972119071522, 4.4274167184668345
-1.3957204783831794, -9.559499733436521, -4.4680966663995445, -11.829769482432448
-9.48037529435752, 2.697512497415098, 10.179245218776423, 13.362648583854483
-11.509716222722066, 2.7584724831155043, 10.31648318645152, 5.539743415365924
-1.5896360475897662, -7.610977280226843, 1.3070246155225966, 0.7975554296177965
-8.093519897926013, 2.5094146931285444, 9.928165665952138, 2.306110724261043
5.069623423970535, 2.644108096463125, 8.402135412825707, -4.8353475213355095
-8.238546663760076, 1.836745843240979, 8.918428255312941, -6.401687884574127
-10.015093269014217, 6.50770352874893, 5.285291433558282, -14.052343494595117
-5.189768621189258, 3.6811145404019685, 3.097448434126677, 5.71847042056605
-6.643622118195047, 11.998024282905822, -0.2796357037885855, -7.552119028240831
4.681013946639112, 4.422901773711916, 8.128549860320254, 2.5155310333162753
14.413451373901852, 6.922974125960468, 2.9687912552002356, -10.192274313099695
3.5058122418392808, -9.947187425139571, -0.6841161004453422, -21.281468142827983
-1.5405048374225998, -16.291987360406882, -1.0075199136148478, -8.957178734272357
5.619725518757495, 1.3296319717499163, 3.3457471687284857, -10.035493759307043
-6.765641481199378, 12.784727656550798, 9.61726630733963, -3.7063945083983274
-4.970099595392028, 5.880915657066038, 1.8775374671251557, -3.977311497495154
-1.2250991721400273, 3.329040505078644, 11.187601698378312, 1.6912232189879246
5.10802068453272, -2.874373676372157, 5.080625022348258, 2.2763845706263597
-6.547724530844724, -4.344783351566425, 5.0682545536984565, -2.0434587094956074
-1.38402825201074, -9.20790054365323, -6.358967126193388, -10.012730644025378
-1.5277827286284884, -10.029421349722574, -0.1014632588694524, -13.435024500626952
-1.2050792251886357, -3.9634653266982114, -0.8256061347130856, -17.11357454255394
-5.578489375731867, -1.3855426382861307, 8.380409625854469, -1.9947495730957958
5.529057113066183, 5.9947279161792, 2.2553373962968175, 9.799730032420737
-1.1658552869039238, -7.793497793141043, -3.568062434579571, -0.6513995197438938
-1.290596945087291, -9.729132954957871, -5.040932883447694, -13.140039335237782
-9.893920039753494, 1.3983512647477352, 10.430712855481957, 10.646023394860421
-0.10353317875541013, 1.668293054278869, 11.411833626332728, -8.479209436480525
-1.639685647715112, -7.337961068783051, -1.480375804290484, -10.553873860250487
-6.762847526859712, 0.7707646608572254, 9.729260637135647, -2.1379732942826353
13.32623548579445, 6.795068084973405, 1.2000742153888275, 3.9932754789022527
10.374692718142441, 2.054522370990794, 6.128483900209073, 8.478353463484307
-12.764499372045211, 0.7855824151083344, 11.031624620977192, 5.385693861113687
-6.943757306877935, 1.5200580677970201, 8.484028545696642, 15.013477725371015
-5.592867394737146, 2.3238156820572895, 10.004364471585873, -1.2286347418904322
-9.048453477939692, 0.6940449066509038, 9.667510127205757, 8.584916693673197
-7.577006497705502, -0.9556991945951153, 8.962187576628956, 4.028955453014383
-1.2977752539362397, -7.136948201257868, -8.208583823206292, -8.737101735991144
-10.166566061650597, 13.460681624126092, 5.93073860896911, -0.8637866353051047
5.831471937029921, 11.645504168932561, 11.191034002782906, -0.8659419158996429
7.023384778404139, -1.6628023214726735, 11.007752569079715, -4.537024020968663
0.4841528942340383, 12.091992827256314, 5.7117568006208534, -2.5698783390660114
8.860296549821783, 7.59965327984396, 12.603836631402825, 1.9375002266114927
-7.287972286416456, 7.590135968259567, 16.025694634725117, 1.5051505331527733
-11.156148457995467, -5.27434622754682, 9.802633017399165, 14.582594782114324
-4.003277782986277, 4.4203731165857185, 5.15736777685917, 12.472306590040848
-10.295255554854375, -7.2050108951878125, 8.73557222252336, 13.236204136962703
-12.4570022201171, -1.8981971391642147, 10.474062733058796, 5.777178380784102
-11.879600348727942, 18.77296902895631, 6.297884105437935, -5.085041966297359
-4.931403462678593, 15.58778134597828, 6.664683919237831, -21.390526194230244
-4.112194993755966, 3.0105086702110038, 11.151028549023785, -0.4442325259086912
-9.73779667851172, 17.04793063237748, 8.00646738155135, -13.80620311120202
-6.9604399841045375, 1.7134504556006265, 10.420224769576198, 0.06332761160203315
-9.625828407365432, 4.204862471560997, 4.6895957205019485, -1.127688225218334
-0.905406815080954, -8.115011737953099, -4.271171417580675, -8.581502660341672
-12.267508452509741, -3.5094672366297432, 1.2020848177709738, 2.3758914668903977
-7.391513671154522, 5.008770408748186, 22.253194125833954, 3.0615780617553687
3.549853359375488, 2.6589297933025557, 3.913616559113387, -0.8673529912762148
-8.183615784685148, 0.7043238311049653, 10.646685201584152, -2.5341214662480493
-1.201057708962117, -6.8501315978057296, -0.3389907071491445, -14.97569377613906
-13.486384025973637, 10.27511457411071, 6.86447857408203, -3.7110607448121575
-9.70903058627172, 5.611450807063913, 10.231180069378166, -3.556739165113033
-8.684400319684121, -8.30990452885493, 9.650999735440053, 9.177916200333941
-5.811632169291734, 4.05282808928942, 10.54757315247029, 7.550276790784168
-6.540666203549028, -9.164394431300243, 10.50301906516811, 0.8491884088082164
16.561350136148537, 15.110400374926922, 9.283858287306284, -18.896461173209214
-3.63391042740016, -0.6718227677228583, 2.8484851846770987, 10.613588494204933
8.797768510951542, 6.199397697886028, 4.134532551221989, -0.041114028606634156
2.4301778223276025, -0.8590747245370043, 2.857968015434662, 5.670505411608532
-3.018050763314692, 3.459356226221992, 3.9845963832056803, 1.227021871295233
-6.290296461654712, -0.7074789813987654, 7.01299233950798, 2.0900843160749636
-1.208013152906567, -2.8489008454199407, -5.204311982898448, -6.089673817988473
10.084323254211125, 19.213399954369994, 6.652904631814945, -2.0917567939114257
6.567551241671973, 0.6912553751210289, 7.1624925742653875, 7.157877311010376
6.639426733356903, 15.883463545424235, 8.850878334776759, -8.00317430291499
0.7959697702444972, 17.24653506304333, 6.253654936376459, -7.827158424215556
-1.1036918868716221, -1.5876974488049953, -5.261632652122529, -5.857764476271539
-1.2630042940497008, -6.382016355370846, -2.179736393142956, 3.22826251149713
0.7105721046698144, 3.1784301405058413, -3.341005072182103, -7.886222471215536
-0.9793655548192644, 4.1289709138750625, 15.473282480575028, -3.067479726604439
19.1371797776246, 5.0869924176270915, 1.6963243231573384, -12.317450211307957
-1.4312768236944853, -3.0745942728556304, 0.007203789067260935, -6.653679592299152
-9.719722001650187, 3.0491089025257585, 8.688274811277685, -4.955939367326374
-1.2575368539753797, -8.72958095874295, 1.9359232856465853, -14.546894051448291
-2.141642668162075, 2.9575496762779374, 8.591805781044734, -0.168103172412713
8.39857095159059, -2.4158467279259543, 14.352985365163917, -4.734056482590561
-6.6230751819702, 3.5903630355382603, 13.71161750955961, 2.2119070065151174
-2.2515013601570697, 8.83017440512531, 3.521828849364862, -7.064093074736642
6.641850598323977, -4.759524224956937, 1.7104105830731782, 2.9484300990350407
-7.6120329675185205, 7.109805574125465, 9.085902064926307, 28.79305730858569
-11.83630187963119, 0.5574718500150122, 6.801518640893917, 3.532092012672585
9.536488542678482, 27.691578540167566, 0.14066771546258305, -13.754893135682075
-1.216219655088711, -4.253573279211857, 0.060686923458089126, -7.500194817465385
-1.2779901203840458, -0.9035320676555427, -8.112410527765048, -14.995516756039645
-10.041883123596376, -10.01553012668389, 10.471942706750648, 2.667101568975929
-5.912851844634433, -0.1523490182124263, 3.4394501610222106, -8.208783234344352
8.599769854208438, -1.173192569608418, 12.094657006230268, 11.505459627340324
-7.621006187224568, -4.628029332577884, 8.022960504423951, 1.4174638710152192
-1.4261824896662498, -14.9065308148463, -2.993555367452286, -1.8579401162533058
-3.534149564864218, -3.2945579577124158, 10.743567570483298, -14.841679148317791
-12.336051866674946, -11.487020641338331, 9.740722551116155, 2.4219681880327864
12.793601662616856, 13.283448439161281, 6.784278905823184, 3.3414398668474643
-1.1957593184558781, -9.073920706598212, 1.0987430017455049, -20.15693534618161
-10.338141332912581, 3.751243523947445, 8.788699430198541, 4.654457301705655
4.470400897031016, 3.537266480314791, 7.20600748293872, -2.257150143698046
-1.2100959518748335, -9.78636101830076, 1.009023256854913, -15.765873317443209
7.6078558972166945, 3.8857960729455083, 4.846816864005139, -0.6882100763051433
-1.440196962155474, -4.822972215958744, -3.2648766141356504, -10.641527970401532
-10.266102000462261, -7.348079322618807, 8.989084903865377, -3.1719069416215655
-21.457347775411908, 2.527015326104706, 14.59412212616214, 5.082179392506795
-1.8525642950416992, -5.817935030599393, -4.2129701561584305, -6.03110290381124
-1.4163307439239148, -5.7393279229455345, 0.1372599832622301, -7.347996309317285
-1.1076434570119058, -6.064688391287108, -3.8248507395284124, -3.8640223143301844
-6.726081483150914, -5.1534347424775415, 10.410966542364907, -1.8932913382537118
-5.952650557926455, 3.825005425630181, 2.493949483762817, -1.969921308229201
-1.2780904391521681, -9.011779494773101, -3.4477295187875643, -14.454425464905217
-4.7496297998192105, 8.36901700188627, -0.009056343196464312, -5.523120595353031
-1.6185878137553258, -10.257245445568653, -4.671774928688627, 2.4834075824391544
-9.552326596488383, 2.16556773866119, 11.932019608272562, 4.417944091050791
11.41270561262834, 13.324553641731693, 6.371893483276072, -5.946579151841306
-1.2814293241044883, -4.104150131339646, -4.123574740752423, -19.550346475898767
-5.9281695998580135, 2.106390471810166, 8.736496031680153, 6.485447081920764
19.09697090585163, 5.443694605652118, 8.33773346005497, -4.860911234820203
-1.1959903162183296, -3.8545611405179425, -3.4092919994599296, -9.471326337590547
-4.044231189827046, 0.33298565425804405, 11.017458957259954, -21.507788569344047
-4.961477081514115, 1.3927255056182273, 9.541254359027034, -4.560638608588578
-1.4277865670268224, 0.5088457302225882, 7.211746101316322, -0.8089381133330891
-9.824375001562794, 0.27788948150173587, 9.833958679626726, 3.707013485280224
0.06936475457141078, -2.2619765470796107, 5.962986264716696, -4.568348960574407
-9.57940200335526, 9.006246688889654, 11.352210753343186, -1.9751231061325027
-0.5730921853850212, 6.863888999985404, 6.188996601441332, -1.4232882135565388
-2.73970657389245, 5.990370059195655, 3.2025538083710385, 0.561891210779716
-1.4929226998532044, 0.05120159705308591, -7.759663551953512, -11.367343610635132
-3.9703922601519137, 4.172197345578347, 13.742339888645581, 4.686424548393095
-1.8259067168680962, 5.136360504205512, 4.010862363436189, -12.373493349105487
-0.9811256690850444, -4.3577298470078905, -3.2947025947883346, -11.280163337769899
-9.194044747857836, -3.4643293422769563, 9.519391356875447, 7.200153496892222
-1.2450768887946433, 1.1569878915325225, 6.912715350100671, -6.260730653509643
-2.3062569920746885, 1.3549643045077027, 7.650434140258144, 0.8898882841774454
0.8447549077624485, 4.36787015139287, 7.768455749323452, 8.916789490340133
4.143492410573638, 10.286990480882983, 1.3390849223862253, 14.331647927589596
-1.302554312144964, -6.672439791163035, -9.967978834694286, -8.938968001722426
-1.5520789324014994, -5.00377315308825, -4.7371031431276585, -1.035054278620052
-4.181952218312496, 19.860754998284282, 5.500033956101834, 1.0235516344114757
-2.5251181038825177, 10.314328041999143, 8.27729068060066, -3.409515516294106
-11.10303854592807, 5.1750156811715815, 10.17933362489404, -10.716498159971584
-3.9291914442536124, 6.178695179175058, 8.230939403137949, -8.950407048072872
-14.509369473773114, -2.4037302118435484, 9.34159178086637, -20.660643119262687
-9.470834702789354, 26.734875484620854, -0.29450516460744325, 6.17738744271121
-6.617208890056537, -6.176909926786852, 9.844475068783439, -0.2087522869613503
2.767200433302776, 14.631937923393608, 5.123186954485733, -11.03253554740872
22.73814207968223, -1.7275137660196922, 14.121961450366292, 3.654278318175691
-11.798973588381775, -3.7293614506612975, 11.245088600833473, 9.097162697195419
7.418873688211415, 11.440581405062378, 7.294843038727251, 8.897307058060711
-1.953376508051741, 0.6636620248042915, 18.497444943991233, -0.4087034934945879
-13.978403059070583, 2.211069514982636, 9.565572602594562, 9.68031021347035
-1.5850046742972965, 5.154802481993286, 7.924713533197128, -6.355171887233535
-10.411218124725346, 7.821323285519336, -2.762121033049601, 2.9227506706799975
3.2688020013799646, 6.473984886813135, 6.499343461847749, -14.324262945516853
8.188285396471887, 5.205163313309107, 3.5803275301067616, 2.787013555834161
-14.697611750636302, 2.5927953107108244, 7.915403138339459, 1.992497290907315
-1.3346895923261024, -4.727730611794346, -1.9709533456270576, -10.492046498591066
-1.5201272065756752, -0.29556613513457375, 7.28187873864899, -1.6135985398277644
11.397218183061987, 9.003528651923194, 1.8888652497995593, 5.6914069914796945
-1.2456717183766846, 5.0225060522184, 4.72551646929167, 0.3999545998934622
-10.813917392106816, -1.788529948405127, 10.382349167488469, -9.91561382784387
20.531092097568617, 5.950728606163899, 4.046172037040765, -4.549860008019251
-8.05415656239776, -3.69793801848308, 10.460115116085273, -2.7081519015213686
-1.210974623488638, -13.347206124221666, -6.583220211971465, -13.219625339589962
-4.795012654012752, 1.8957794202682847, 0.5590290706715741, 7.252971791011598
-2.141497886348532, 28.869256628134107, 6.6837689037386285, -8.154619520209508
-7.903737238604544, 0.0626986925422588, 9.459133247832453, 5.200138450619091
-1.2170898401804233, -7.882524521690869, -5.6371499955646485, -3.2205581860561487
3.174786575893572, 6.346440496714581, -3.7808325562431655, -1.8862524979773134
-5.189140181931612, 2.7228643650946314, 3.6028059311732283, 7.063746047874987
-6.447956588468346, 3.5606316254281616, 9.32088387638049, 3.5558144538895453
-4.5387238023756105, 4.2351190440117295, -0.5117651320603862, 0.35329787437664445
-1.5277954409648693, -7.401132123427168, -8.182125458610773, -6.41791255584017
-5.147041173937822, -9.198084700726021, 10.113877599325443, 2.956595908600596
-1.1886065276853404, -8.071806048249153, 3.6102824337739623, -15.567067263178473
4.531819984123316, 8.948605880938025, 5.165283077833891, -1.1679863051676727
15.297110493219382, 12.895675457740785, 7.523493002249811, -2.9932224633983497
-8.418523488069606, 0.7693333769285262, 9.515611723828052, 3.889164738989105
-7.616263689766286, 8.179759110613483, 1.822992452844332, -0.4810275200608749
-1.3248173573531994, -4.265796581970907, -7.596076100043907, -14.260620892300667
-7.639555216704503, 4.388883725567197, 10.418782506158124, 10.81237441295005
6.6335976890802595, 6.165266701062736, 13.865492326453197, 4.411118745778939
-1.3726758049332985, -6.797505519442126, 3.6494291744280485, -4.110467109746157
-6.212103986459729, -2.077615229275037, 10.150989967664417, -0.5809628518635481
-1.8663052315247295, -1.108887880943624, -3.6642720276360943, -16.807318236439727
-1.9872402818153971, 4.166306503588961, 0.28088591487710435, -5.398779015527499
-12.002892037541718, 0.02086329886891458, 9.472750209640537, 4.280284337325536
-8.189695533366006, -1.356461923969544, 10.326560631604973, 11.468967979738668
-1.438636767906081, -3.466820662716504, -0.25510392640311697, -9.761013016846325
7.014696605289933, 8.12231323790133, -0.4020118359997191, -2.049449638439576
-3.4142719342199594, 2.1783458753044735, 3.884194385827997, 7.595353841538622
-5.171782145882983, 1.6953490190118108, 4.246248924831957, -5.7645695572089455
10.876121665979298, 9.352121028389595, 10.841896373917777, -7.323732172881524
-1.1358557528709092, -13.12356580770063, -4.08538031748324, 2.227562566927922
-4.812678062324699, 1.361235572674735, 6.820152475127431, -18.782881476992554
-11.247230106278888, 2.7586047818819903, 5.624558599165532, 3.876455148387295
-11.187690184640942, -2.713587224325612, 10.900755046488033, 2.2812925582497328
-6.736150133793697, 3.2121579973679903, 2.24795502112788, 18.697255718777193
-6.586188864921021, 4.520486479904376, 10.485026029925296, 1.5872279251645778
-12.527914766628857, 3.690612344156426, 3.502092234079018, -19.18008731034923
-11.15259128555161, -3.1782459348446364, 9.268219250922856, 0.5308945779150438
-11.099604367579484, 2.2977823598020697, 1.3429937203553273, -3.7608402488272077
-3.312188990627115, -4.06613807815085, 13.470990196643267, -1.7283711270670112
-7.54140735538716, 6.674667454331241, 8.951116723838219, -5.446569907858331
-4.409868164490446, 12.864402855732763, -1.3450625496665092, -8.909705788751516
-14.310670718938546, -2.9599838599171524, 10.204073960216492, 26.288113849584196
3.531784300891088, 18.35294510611294, -2.1297320984300034, 10.298691214757888
-7.269085818354429, -8.60525127299088, 11.37357136830064, -2.200763711031331
-7.122043990346555, 0.14304634159414054, 7.9155826437059575, 9.694405304924386
-1.3489585137884315, -6.216844554704039, -1.9496364755672992, -23.408442551431826
-14.754205134993908, 1.690062430062964, 4.228304783213851, -5.220554735633962
5.672638968489066, 7.869051881113153, 4.5637771657227395, -0.4666446996511815
0.08461167546998305, 11.20057067734215, 4.113885732195403, 7.7484017390043585
-4.739271972838596, 6.8292235069631095, 8.486747524601606, 1.9379820317569214
-8.816413950971775, 4.471591704370594, 11.249985651069013, 20.149749873786824
7.501651304232036, 10.895711109755206, 3.7021982696441373, 4.563123672007961
-1.2883374690362577, -10.519049906325197, -1.5574812797659319, -15.273217194303939
1.6795114398834556, -0.6281469199806282, 1.5013469101558927, -2.5109972625592065
4.261241764659906, 5.720681094102398, 5.771346173884112, -2.8248101009477113
-8.292776962795827, -5.643126150565749, 9.551303844627913, -4.356714522264211
-1.175415034294956, -5.819084515050716, 0.5394125393598967, -14.094854207491512
-9.236798451847994, -3.4483016469433716, 9.94891787568996, 15.957234334944596
-5.478109786216074, 18.061454538186155, 2.835677353887334, -1.9692943820568445
-10.154230138393462, 0.6293053660222938, -0.211650996319241, 2.4437421835419544
-22.534997547054207, 15.188331828744912, 6.450983036399586, -6.016201540667902
-1.4904700394504697, -9.548783941438199, -1.9884814198654004, -13.059899161506342
-1.1823588790333281, -5.32758243114229, -4.168571542222042, -17.3954350312261
7.82537075294459, 20.704874258311563, -0.2189700208769061, -8.9051826534721
-1.5685519087076358, -2.4760946902952536, -8.691079796547406, -16.800098673099225
-1.4795697681904811, -5.415269632483337, -3.3850368504687207, -15.79740852357245
14.069111393151944, 3.6679260948370835, 2.06951628815818, -0.5942634481777378
-1.557902268946404, -4.35293936376665, -5.4490475332751185, -1.4407267681641915
8.759059562607456, 3.9547250463545556, -1.6169340059611361, 7.168745064952408
-1.133380030980495, -7.4004203900360865, -5.81097423099369, -3.3274387374200316
-6.022939466851797, 2.476865005229722, 4.245619909267109, 0.4988781842679458
-10.576283450814802, -0.4188440290206672, 7.319472637828771, -2.492528878242872
-9.531479198281103, -9.963770698049235, 10.299764126828693, 0.5013163865063257
-6.1721598847219035, -0.781567612122975, 12.142012259107227, -6.416934062604003
-7.4512981398456315, -0.9746744766456155, 9.632292978515016, -1.8069368321206163
-9.74519925136976, -0.8523481803685806, 8.979949236535527, 9.437126274423076
-2.384244825663883, 18.452701916900793, 3.238133166009464, 10.659541679427214
-1.1451467133921085, -8.405405134255789, -3.217795525237398, -1.8757193377670829
-5.066126715461664, 2.1949242816127668, -0.6234058672123073, -0.12454883751124535
7.621233443957486, 4.761100946020979, -3.748213450909404, 0.2810204634250515
5.780722874403919, 2.4556182023561286, -2.054240516702185, -5.755073015861752
-1.0925433183412478, -5.51768216914438, -7.491634516117567, -12.1309613457799
-1.4466316476630658, -5.652378686180509, -4.053343746221866, -6.57312149272404
-8.852047320731296, 1.8826360484042253, 9.923903890606285, 5.089281396927088
-8.729810857225424, 4.932902194417746, 6.031824762145818, 0.4282264616529356
-1.185519740014172, -8.69634071684828, -2.8043451749004458, -1.4588564441111167
-10.670761063423663, 3.1221018640319897, 8.662541466323795, -11.480515744967166
-1.683897917343138, -8.193436864405943, 1.190080159578999, -7.607088694188912
-11.29457182760287, -7.10763276466827, 9.316919380729114, -17.759862963151335
7.5251055578553885, 8.382730274357769, 7.064436558317087, 0.13970342906636501
-9.184910851497746, 1.9578421195335607, 11.78741435807817, 21.61477758242243
-1.6786446800405561, -6.736009083771841, -12.553483679686813, -13.59592787923295
-13.751861324948973, 5.433282469280487, 9.609182221694871, -4.785781206509725
-6.762857756476498, -0.5291287609301316, 10.775048497565882, 16.281114309536306
0.09104228174075324, -1.5682144288163657, 7.729466604186538, -4.386005296501335
-7.845522180189998, 3.8809239922255117, 7.647147617048054, -1.4024609953528984
-1.065872351991961, -8.185009535228268, -5.565793160357774, -10.30361230096732
-1.6025780979256306, 3.7522765036863435, 9.19066660261954, -6.966032694032176
-1.504826475418347, -7.358934615933481, -3.841406273386397, -6.136406606266414
-1.3710817865772726, -3.7400444415016634, -3.0905456345749944, -7.769166972322386
2.625293457351484, -0.46234985052292155, 7.147488757224465, -6.058628456475904
8.268798058434882, 8.82479969744394, 0.48084475259815074, 0.07104623874589011
-1.3141671610171388, -3.8560069837072457, -0.8696014893980715, -11.53665829223575
-1.2988792441855566, -8.881409694771033, -4.679479838005384, -16.92401088878823
-12.41147593054586, 4.026604770791905, 10.774598465472762, 8.980591425675133
6.334637796151037, -3.3036052442339567, 5.258277105606432, -10.658387056963416
-1.5197861000040653, -10.559773017381104, -6.342717472193707, -8.77137675241846
-2.4171096376527257, 11.268967753650319, 4.221949654882625, -1.256212478893145
-1.3329427196916144, -7.7213390069008145, -1.6383420995092177, -4.2597258233341435
-7.848816794453928, -4.944640703944133, 9.960564082070636, -2.2454638357974552
-11.883387406400637, -2.715559085576739, 10.430178959591732, -8.080794257281676
-1.434665507719973, 7.933291304339209, 10.148316041396239, 1.0756660225286792
4.3475607876305284, 1.5821779808416945, 11.03120316003277, 6.228868851694803
-1.645241267374465, -7.955875102294007, -0.2191684639820477, 0.6386139444419996
-5.108372706127152, 8.611217897205679, 8.669137584173768, -6.858065275500357
-3.405947032022055, 3.5643176913602166, 13.107443406065222, -2.430655287329524
-4.692735195547524, -1.5828176295537566, 10.743436800759598, 7.7455185365364745
-10.112417034557057, -1.8193124631109485, 9.738714519639814, 2.693426781549344
1.9102300878117697, 3.8209226936865868, 1.3878040058401142, -10.261131226385512
-4.305857782070796, 0.10477494494175499, 5.3236558590650285, -4.019893838116776
3.6303964026835125, 6.060317544629827, 2.1257929706626824, -16.84132424964419
-11.06269015075694, -1.4012600187984185, 10.38714067099421, 13.553708152548811
7.59295847460784, 9.364420187114094, 6.975152876003261, -10.18021250333316
-7.516971407599576, 0.3022160196914121, 10.502244953843348, -2.911841845134088
-5.757635702724908, 2.101416632651935, 9.200328970948613, 2.8637262984223457
-1.1850181284706074, 4.313554779769099, 14.794654638738816, -3.11629966399729
-1.1998262887388391, -9.565659586093956, -3.5224728697224057, -10.562323511792528
0.5784404918360551, 0.8948976973461737, 12.985334898780037, -12.936695147676621
-4.592541781338872, -0.637281729752087, 10.86226928024323, 2.9539429909588817
-1.160660883139683, -14.40515293366342, -9.890796745094395, -8.003953854208552
-1.4126921489664397, -7.819782220911864, -7.023488422608887, 1.4466230191733
-7.730513328165119, -0.08478289459957578, 9.255282347192718, 3.7309319706124673
-9.565804969894286, -2.808863978679174, 6.632708415296561, 1.7862934391991652
-8.132710465442388, -10.04371901715805, 9.548280143262252, 5.1814196964752135
-9.17861959430569, -2.5562790340106396, 9.662703499524499, 7.207421201941812
-10.039019683542561, 8.14889385297404, 11.262662321474734, -5.278113084352853
1.5340976434737952, -0.233147801163196, 9.258100448325198, 2.699327057172668
-0.4428835491271617, 8.905728169082881, 4.3978899375535745, -7.941824503629483
-1.3253754798321, -6.56071923779688, -3.9107677885030134, -2.958286024659653
6.870345091241115, 4.871111995903201, 0.7001301647239497, 0.7238157766948019
-11.523364486227653, -0.375962670469018, 9.56702720226011, -1.21225111868497
-12.288153408709794, -10.546796148924582, 10.68224493709402, 4.343743264412914
-7.156405402168034, 0.4959053296967746, 9.78578985092295, 3.4885547522075386
-1.1459221293990705, -5.01030435227318, -5.654260122546981, -10.032802707335582
-1.2300879111450325, -5.793144114750501, -1.8922834292437825, 2.0732329018344373
-8.943751175646256, 2.509038169780295, 14.60873040482117, 3.0687833334382146
-18.809222261172287, 2.8184233543097488, 5.359726078400547, -3.870137307275197
5.120704932307493, 1.0957916791179674, 15.836425699978175, -1.8838815145051049
8.317408183882318, -4.097243374981305, 4.3939499068029235, -1.9278132126935974
-7.738824930757013, 6.468701351984744, 4.03525101814186, 5.692053169770838
-9.907897075448084, 4.303673206357219, 16.096924108794383, 11.061437787700285
-5.153650093994246, 2.630479137059396, 10.164504992727046, 10.458314169060273
-0.8020687110620925, -1.2883857946654382, 2.952576103425476, 6.714994199666526
-3.2065972822076825, 2.793607800509161, 11.41668041424418, 2.3255933314870583
-4.3304465899746925, 10.2612411474546, 5.446800675684738, 9.106029635457102
1.1774553409905177, 2.4115215138717234, 4.079085190786968, -5.730677519640407
-1.1413932840068943, -8.708482171874016, -2.512040378441726, -20.873734020213867
-7.089637135570611, 7.030063049644416, 10.699177971735944, -2.1200353821636133
-3.887713683221279, 8.317219081047483, 11.18351085500007, -4.3334065745645605
-5.931460352109479, 1.879076963016777, 10.02542744396381, 11.006113737061906
-1.1869394752376294, -12.242081278824553, -4.040875464583158, -11.607743107647092
-7.8453332093820265, 1.9140993291035913, 8.249006823989596, 0.5130195805874949
-9.994149121430663, 3.406321186608512, 10.946899469228484, 7.874356520543352
-19.440240355568207, -1.462193102673245, 12.208394835907473, -8.693166101302724
-4.4759556214143625, 1.6091272445277718, 14.851814864557625, -1.891957516644235
8.064687546144071, 15.498823324333605, 10.715175415154292, 7.72435244793872
-7.701484795359448, -0.5797512734130835, 10.408156655449808, 14.842496721457442
-7.6605083210960725, 7.156182083057961, 14.821422180700349, 8.749859178634074
-13.15244675449808, 1.0130695204215692, 3.8478276627074948, 16.14430379650903
-1.017167175403735, -9.125620268858576, -4.578829966838705, -18.538336704315807
-8.26656031788924, 5.7206111713404315, 9.564410553992923, -2.34745007239124
17.07460397568763, 5.767065307343778, 4.244699164907883, 5.706014175111716
-8.7841324784405, 11.785943832216223, 10.117543578778724, 6.489131175462732
-8.838906476217502, -1.1757529544094876, 3.2664223162855537, -2.2377524863128206
-7.351221417411992, 1.7089397960312742, 9.294215820963037, -9.452522972155998
-4.097784911532076, -3.333042945713636, -2.0506427982835618, -3.7540952445459252
-1.4619375067519038, -4.472831847183651, -0.74071188684141, -5.572325989016425
-4.76717054102277, 3.152615659732647, 13.104428839010714, -2.0969629870793325
-2.514163324388175, 0.5268394059355677, 12.11802649997833, 2.834014492370175
-5.212268750717779, -2.029309057641285, 9.120289941548311, 6.603264779515079
-11.686617441183875, 2.1270432103883414, 7.040544008516426, 2.7139060396084194
-1.3898988480429866, -6.938780702486137, -2.2545411487129297, -16.496719557670122
-22.56322425654418, 12.420501423003966, 4.222411906270346, -1.38669756720447
-2.6078826859173936, 2.4707417128672624, 10.179045577577249, -9.911560248474252
-2.398150837744586, 2.6396121765139213, 0.5068631202838976, -0.8463181948067522
-3.638683921287525, 5.577141779713318, 3.8844252139694944, -5.896741265347531
-7.384950650586003, -3.974557720853105, 9.34218782832436, -13.63432014803605
-1.1115723238285753, -7.669577181723386, -1.6627843585411652, -12.389844240069847
-1.1183298741381924, -8.471202026102082, 0.5774959767151513, -11.735914633798476
-1.743941229486562, -5.009333181020898, -9.146464145390484, -3.7352018717655016
-17.53436202782093, 17.840390714184924, 6.452988601050467, 2.1930310995456805
-4.693004342950761, 4.298901763450246, 8.656935137849832, 2.275706405252059
-11.73313086913154, 2.6032623093353857, 10.44136063332332, 9.279991882128815
3.664844770650954, 9.45183742985385, 8.558496327997851, -0.06458308595262896
-8.831247844701686, -0.11505399936593763, 9.456515451734372, 8.458772767203488
-13.45032606151395, -1.4979317510569636, 3.533926843102707, -2.3784482376839033
-4.520066171606138, -8.674580827399254, 3.499264456380329, 5.634457981249171
-1.6601598247990432, -4.193954908604179, -6.836668410953097, -19.970090156049636
-9.804572811631834, -11.955299871106416, 6.221746341506755, 1.5527114024340927
-8.299474072823216, 0.1305456820745433, 8.392438373986076, -3.307947909530614
-3.432814974792995, 4.873960153578004, 10.799131210009145, 9.497804279649234
-9.51123867403636, 2.0435761055648407, 9.187852589910806, 6.303298336378654
8.568604617084084, 3.252591757511662, 7.424056459057274, 16.86278477765469
-3.382738992326503, -1.9933973962607272, -1.6242979964021664, -10.862330763982492
-1.1469127817590083, -12.976762962832645, -4.934813865863534, -11.373517498596513
-8.993163901341429, 1.5083075258894705, 9.026854414563351, 35.96381211207617
-1.3361382354661075, -8.387883392929144, -2.9577639836571894, 2.8458298167313743
-2.349946067021598, 2.854218907093951, 5.397617386219909, 4.994229374590146
-1.3822404708187987, -6.9887410282667215, -5.546821853428219, -15.180023466465759
-8.349839429682227, -0.8523846671043889, 8.325418920030431, 18.388279528149546
-5.652945468580634, 5.730663864683983, 5.96950353913182, -9.522038779802777
-8.012306815460104, -0.4103071921279611, 3.140492261392766, -2.556571311715235
-9.835127610172254, 8.055065812238345, 11.538844781872879, -8.470309139848306
-6.4412869735993175, 3.411462649874575, 10.995577988877201, -2.5490185791196227
-9.88763355319205, 3.6344691381612044, 14.761098621132057, -1.4458161564003955
-3.3363673008913493, 11.33758429191052, -0.058459476768202734, 1.4224717714975874
12.393798215276698, -0.6943230854012743, 6.046182774612061, 19.867394245069505
-1.238542492050501, -6.743940708925031, -5.0104126586426245, -2.6364821536417615
-7.701658567176852, 18.502083153119415, 5.471874672216075, -15.629148239761243
-13.150802372300454, -0.07676561998201459, 20.672312760369948, 1.1018035148722958
-7.541034555084837, 1.9976346488921992, 3.75436894584281, 9.519075339596238
-7.702694319159648, -9.091630563439171, 9.54208648189255, 1.3103132548876615
6.501220595545217, -0.7981574577288626, 3.334912867173074, 4.824170629876965
-1.2585705524536956, -8.673262153325844, -1.9228277690453712, -10.33281965761769
-1.1167799678549797, -8.09736564466901, -3.6002232167451877, -6.316616212153013
3.41702575828128, 3.681131683580019, 14.444927102811988, 2.941629240097714
-9.317924189558946, 1.5791395963824233, 12.382662268559255, -3.783378042305695
2.325001360345521, 2.3816765182252704, 17.94839137768615, 2.8635121276691935
-1.1105254208077286, -9.552992964863407, -2.250841601050265, -14.359131555022078
3.9332899207057563, 2.180771208834972, 13.985548752895212, 0.18815830057678162
-1.2560101822242327, -3.8979978099005077, 4.5308696464640885, -17.211386385271318
-1.1257841296116573, -6.371092380145068, 0.13371236806913211, -3.1794780742257887
-8.036367753552144, -0.07932293163409809, 8.50170701581542, 3.609101293898463
-12.5273768825312, 6.09615224862684, 8.879186202794862, 4.220034831586831
-13.599836394448396, -6.409179678549754, 10.416177082111023, 8.082754279857442
-9.132029604625565, -5.165283451069291, 9.970475971241381, 5.64524909303635
-12.50976047107618, -1.501086038534602, 13.855495872549078, 2.45703967769908
0.33606879220916663, -1.1444386623668805, 5.418647564585175, 18.66054418423269
1.4607360767163202, 0.20038465806584194, 5.4191498638192, -11.755672000183067
-4.5227269716350404, -1.638977651097314, 10.68390620893631, 14.50161584043485
2.583838519792745, 10.341970547467096, 11.218850424274404, 3.625050557933492
2.6989666801882186, 10.77436539098461, 0.2932135897828996, -10.883724002341864
-13.364043581909382, 2.804988809843752, 10.56703280519886, 2.462494040495489
-8.6436527146834, -3.1596758516686503, 11.204506406975932, 10.779101058893035
-9.962254187163213, 0.5047015771448615, 9.329597002923304, 10.190593175162554
-0.8762048985276909, -5.702178570874256, 1.4267238732111354, -15.163970330123007
7.315585807009188, 10.542796998573479, 2.4063124072029503, 11.101712271002047
-14.633689588979019, 4.813819735507392, 2.7221503107715845, -18.37516409442503
-0.5920148597053418, 2.4899088177314352, 0.5794333247388339, -11.82816943486726
-13.635735813079192, 0.7042979330226689, 8.759442139950643, 1.148309117863592
-7.850617096431135, 7.771188739265057, 10.086691740555832, -0.2409904916411154
-8.37988332751227, 0.9560373678090723, 11.737878552816593, 7.12373928738716
0.6050419338965001, 3.7739986879286294, 11.510267209871543, 8.0590682835421
-4.589442821327029, 1.3142440888323108, 7.411280177589551, -5.6153810817936005
-1.2768258837920592, -12.82776061619889, -1.7985555052257516, -12.18532979649716
-1.3030029992389147, -10.859943329625208, -3.144606867568064, 0.8264908838243272
-0.9799773325829781, -7.847819872866573, 8.204356946064046, -8.653422149105733
-1.3430580515031878, -10.511245491321185, 3.7016043368329985, -16.488817745902374
-8.472267242118402, -0.4417358678726804, 10.090135508500614, 11.392168407057687
-7.380855331897312, 0.775014592060697, 3.3970632853883735, 10.354423347141765
9.880302198330462, -2.796550353191866, 11.591976766751781, -1.0360847739640882
-9.956031755683252, 6.06724358447237, 11.49268222355779, 3.6958634719600134
-1.0358972447036576, -6.389356496828159, -2.960199739843696, -4.792833071244221
-9.565610562261945, -1.7537045908028501, 10.684854737750719, -3.968027382095636
-8.743678032745576, 1.768057949612797, 9.293612142864236, 3.505227526403967
-1.515632490983638, -9.2255538453187, -2.368070388393941, -18.048529532837584
-9.901602567177509, 0.29915399671459086, 11.528385252758255, -3.924391145713912
-11.785696879045453, 2.9106150650061386, 9.823796404370071, -10.401716985051364
-1.2101677768922232, -3.631809486469567, -2.9569815388339267, -14.561561390843288
-11.012529701417092, 0.6959585269823627, 10.22182561525142, 4.638212467198711
0.21596278229230026, 15.751673889993327, 1.7866746439635817, 1.462003121941871
6.343394121164371, 0.6107093508666157, 8.2775120057081, -4.949976292809327
-1.4267613280778324, -8.008899903916596, -2.8338372352121937, -7.376723463489558
-8.786824587853065, 16.433408112369673, 6.273290780358922, 7.01969396804338
-9.062452493442589, 17.527113284914073, 2.8933008813473924, 18.137083730348333
-10.953513325245742, 1.0896281915140411, 10.67335398142733, 19.478670454293695
-17.210089902109303, 2.17860689449069, 4.405721429650169, 0.9267356293076991
1.7902786286427732, 8.307895223409911, 6.38374464348804, -2.40996709481065
-10.35740255496978, 4.449986716595968, 10.504138308488056, 2.6163215775341566
-0.26333071617532555, 0.003010106296731596, 5.466396344105939, 7.164311839098862
-10.736823370023933, 1.7905486672339423, 11.057477603340834, 10.841109631156504
4.3224922256056715, 15.652327672006933, -2.958839949611604, -4.1289083970579545
-8.997359384822651, -1.1250883063727488, 8.728317247960256, 3.345167679482907
-1.002597908955645, -5.892947944509649, -9.744619000783825, -5.187642668112757
-1.6811565601587648, -5.8793028359726875, -2.48349147177222, -4.20558767999438
2.6298442581540673, 9.438098461873293, 4.8646114565644245, -6.805057903500707
-1.5212079927141264, 6.724726204338712, 1.202082517768484, -6.631868992354411
2.6381438498161316, -9.641942747032498, 1.7530436016258775, -14.067745537560192
-8.984666438360934, 0.19516989300275123, 8.919595869055385, 26.842270082218572
-1.5944639364084017, -4.929306710961401, -1.0992472878916166, -0.7462261560674772
-1.5284727052969123, -8.307625784557988, -2.747305399294006, -10.05601477789056
-5.718258548945059, 1.8009999654857132, 16.945949937680314, -1.8522758229306313
-9.088837523859404, -1.2551696134984414, 9.062558119365836, 3.3711443832425725
-1.5934506950622198, -6.4018972246381285, -5.473699755222043, -8.753040404362077
-10.225763526906224, 2.775988726516166, 10.819241258603439, -3.5113719602056124
2.0220821148430748, 7.270710000479186, 9.169741190219035, 12.945108246523265
-14.692497810498004, 18.712198084577054, 5.001313815854443, -16.93679494647609
-1.1290877977482299, -1.3561605839763038, -4.969725753829023, -16.510208452222372
-7.24841880828312, 2.1436843398115597, 9.932225193465255, -1.854043844149384
-14.090791318292831, 2.2481971837692067, 2.247504332230535, -8.585061150641714
-1.3995925802585831, -8.410528947217562, -3.977053528584311, -5.829246706696759
-1.346949698676935, -9.350675110063188, -2.072399379969058, -19.126141882340782
-1.5647422444365546, -4.745003819067929, -4.7265873685881, -15.487491645106576
-0.48638178356978923, 2.7188218911998905, 7.15477454772538, -2.9919153280348056
-1.1994764118914227, -12.569391574957697, -6.223626793342813, -7.8581141407584525
-1.4828520669546201, -7.397005054653187, -5.072530280520333, -11.210463264100799
-7.434913673929318, 1.5083080033375165, 9.512740265804394, 5.088016947595463
-1.6496839079413461, -1.2473812810874731, -5.156111514214063, -12.18816109041862
-13.393135828753493, -0.019763819505304148, 8.79224920926629, -4.057402080408229
-1.500043328326534, -8.230145066953758, -3.0869848673187112, -14.614429704375747
9.499155908197938, 19.816509309984887, 6.07945473396015, -1.6972319585812232
-0.9380796924753341, -0.49963042078174524, 8.054711970735642, -4.074590327455391
-12.168705943549753, 0.013303503967586061, 10.415656261737569, 13.877882961120754
-1.1697932574321885, -7.159782949834372, -1.88439839561233, -7.790082683416618
3.2962253971958617, -2.3219539312465534, 5.556082232616182, 0.1271636578102946
-1.3480546262546145, -9.623690767720642, 4.644043698026391, -17.466923633004136
-1.5738814388394267, -10.58365122612382, -5.379520539337205, -14.880552978712933
-1.2904188241434436, -5.15650838351572, 0.8015827284401897, -13.439552057911246
6.213945599459098, -2.9747440626543007, 12.621718027013639, -1.2881037547116883
-10.329690272903989, -8.161689373108358, 9.725792596804796, 5.670227406217498
-1.3615363790693429, -9.717334758089713, -0.14063861800956579, -13.837992153108257
-3.3649089167177366, 5.0124026328409625, 3.274516783259375, -13.670025027679031
-1.3888193386098546, -12.888250976014266, -0.36710587308152354, -13.856622506159296
-10.294435573743087, 17.13003609709812, -4.946338724958485, -11.658487069782613
-1.5448985426973185, -12.455329870740727, 0.47671256691812625, -8.99042590872047
-7.0061181094811715, 7.189505014313105, 13.728384489569137, 4.546760183344778
-5.890895145277793, -3.8398067925625328, 9.503110847931815, 24.833170377767917
-1.1895542505192094, -7.810971697296576, -3.3320555277792456, -14.658922497581042
-10.841307144869374, 12.861055485022248, 7.455959588116475, -0.07442563562243176
-4.355176697669647, 4.4794947179392635, 10.26676319596561, 6.261307843298834
-0.1445485128293818, 4.299344798395143, 1.3077455359727468, -0.6833240462525767
-1.1120229468315257, -8.539672421963932, 1.5935584478145746, -15.995094888375977
-1.487406917909427, -6.926782313778823, -3.8945170173051915, -15.017382841807287
-4.802948860241124, 11.813606415912485, 5.727578034020045, 1.3873509481603312
-8.975028455305301, 27.75589147441208, 11.500441032827114, 0.03577620933269765
0.6937534047221715, 0.27142165425627596, -0.3451360363190421, -8.067659336292772
-1.2244147575880249, -6.494338355056109, -2.4709083092001483, -12.435475816052929
-1.4516156189444502, -4.973595082487523, -4.776337827428226, -7.409442987732031
-4.9665345146009265, 2.2357264180635212, 3.913727972812461, -3.84520232649073
-13.483565462895612, -1.9235483199319594, 10.134974934580908, -8.150128316578673
7.427571465118709, 11.210917674980433, -4.018389401817979, -3.744022560013489
-11.14547041917337, -4.171181519562702, 9.541175324236896, -8.689859183785618
-1.2278339834130503, -6.873998445520213, -4.556407325624091, -4.538401909589183
-13.083503659872513, -6.142029306032192, 3.6338139543446797, -12.62558627685467
-13.988296643357911, 2.8466318067237713, 13.472830209523554, 2.560513151372759
19.389558608481117, 1.8334095113493323, 8.33738637922426, -14.232463917508706
-11.290452217237487, 0.803903974476261, 10.338644081573698, 1.224770534238008
1.4172360982484546, 4.260650761392038, 10.362967303762229, -2.3859860720954837
-1.39875625029401, -11.867740905557763, -4.523851905872491, 5.681508242889727
-5.972508544597727, 3.848070885976848, 3.9201602206927415, 3.6894318932089796
-8.047838472537219, 3.874614753747518, 17.676430550307387, -5.5948120005044
0.31822181956822737, 8.099949447734357, 1.9536384462680294, -14.079847749538487
-2.1653445154405313, 2.492976223609623, 19.818436515995845, 3.811955612803417
-1.2068982562139752, -7.016881454411946, -7.069605205187962, -5.756453840667775
-8.991907936948026, -0.8545941562061272, 9.783121349012106, -8.90354923884053
-1.3682175868851327, -4.704222532758571, -4.245904485809091, -20.517478784240843
-6.859220259975939, -2.3532451707885134, 3.0236118744339766, -10.897849482455921
-8.154972679834216, 1.9561086546754165, 9.624765519231488, -3.962128017917397
-0.19248779624743387, 11.29545364924939, -0.07561285234794024, -3.405897895977597
-16.07170822562135, 7.6669575849627005, 16.675604248315594, -0.6513255903193533
-1.1856171291677748, -2.151883992410868, -6.534384380332787, -15.577983627192502
-7.398588532352373, 5.87822576339095, -1.3470803377058846, 13.8938559266739
-8.832189920751878, 6.898341493648561, 7.941423979007198, -7.1564397795113965
-7.299589439591282, -3.1826897051553593, 9.43125248401044, 4.9945703057668265
-1.3046871995081317, -6.312175766705287, -3.513960282983417, -14.46822274200447
0.031340682694212474, 3.388066579768311, 7.8061605679043105, -8.63485857767239
-5.334444250920863, 5.779226974052314, 16.022092522361582, -2.1955821785556195
3.4294273503507986, -6.248882439801918, 5.436749169961819, 8.39817066346713
3.7643272221321924, 8.397630401712785, 7.222062941742205, -11.670654317009003
-8.129025219067316, -2.7064338978291644, 9.52943291334658, 7.8087101650651505
-0.8979710520220331, -2.8184746855383, 9.568952755528347, 2.8787033949252097
-10.841744604641042, -4.994160995220846, 8.392812793152666, -7.652772858428531
-7.926702732495303, -5.9179908085381845, 9.156390250610396, 12.665247854641407
-1.096141546267646, 0.3937271360821617, -2.0775278399703048, -4.637441950672289
-1.2794879631237797, -6.098788427805878, -1.1905342682959137, -1.2286582043940495
-1.52615615388554, -9.164931139711253, -3.867327650410144, -6.887893202817658
-4.981414408688671, 0.767100588041399, 11.879940781745542, -7.315285275143198
-19.42067914972895, 1.1804749495780373, 0.021422422757206405, 4.67999821607546
-8.746177270636078, 13.710165759960784, 8.152039700200023, -15.676755844224495
-11.803985996112681, -5.4322452242566355, 9.895826911711454, 0.401145820541843
-4.123665671244932, 7.5442159246764655, -0.5309225873746444, 5.774780910637136
-1.3199440298287513, -9.84549640378351, 6.358433937428294, -5.646080288807171
10.945772301253207, 2.7191859641356677, 3.110166708122386, 6.421661303401031
-1.5063356396535335, -7.668589823518515, -1.4176410397853623, -2.74080646525925
-6.485932104625261, 19.756464361064282, 3.4816949026037016, 11.678059922587298
-10.60012688474451, 3.722168975411373, 10.827596206729652, 3.575290205924363
-1.5404790017269174, -9.33087019642054, -3.547535045458258, -15.379592504823199
10.706413615037748, -1.9329273464393548, 0.5583200582348016, 5.850598624657439
15.107240357432271, -4.360536399462626, 0.7516649543067908, -16.174902358918274
-8.699233943548611, -0.6196418077548029, 8.536524571671107, 5.330841051717108
-1.5282651600566493, -6.693860520047314, 0.3296272508384446, -13.359093598139852
-1.230036127854023, 3.5180700318427256, 20.246541687472877, 4.324083194826212
-1.468154566243526, -12.51931370630382, -7.695754953858478, -7.56900022118209
3.938365924402156, 18.963613743223082, 8.60091130085991, -9.637441506064519
3.8764292005932157, 6.195900853307059, 18.763877841393864, 16.306581759158178
9.754754504478056, 4.913742912309705, 8.78200924921044, 6.300786426394715
-9.0464748199757, -2.045727946174008, 15.912780478438421, 12.042941127896814
7.1074696706416685, 10.193186169788579, 1.8666629399366563, -5.99259782478094
-7.468095189679684, 8.637778386319857, 5.655402383235189, 1.525794447677769
4.408368571519073, 5.619913250662787, -0.016783883748883177, -3.180072134227165
-9.8838030258257, 1.210556035260592, 9.352503450264269, 1.8054257987656834
-5.34198432042632, 5.2257832935332935, 5.144633841979481, -1.4715765032780497
9.576716682807673, 9.069191008489192, 11.407226506677173, -6.5023528591633895
-1.3021508412884366, -1.9970762941659057, -3.3100164356822606, -9.33026880966578
24.147095586302115, 4.071152045627258, 3.3791429643739876, -13.022563083737786
-9.308962104974242, 2.7388775397320413, 10.67266635251522, 12.772751030808163
-7.044858672934128, 2.246180325267369, 10.594445007141859, 16.652269771906063
1.9208567377924153, 3.2164465025629037, 20.689572253349894, 0.3454769247623456
-1.2833694098087007, -6.594996093270055, -3.9581976887180117, -10.91171637245263
-1.3152691670102572, -8.009440966435243, -1.0591451168419737, -11.950129674743051
8.001049125807537, 4.120218429619742, 5.944707737326126, 11.259008800376161
-1.1850485563698498, -7.471640957193169, -0.08563306132059845, -16.97624803289387
-0.7646337772080134, 9.068251834364714, 3.1606385552588634, -7.97211811892505
2.8373369324715854, -3.0511407435889026, 2.3252468164181197, 15.8086929552273
2.6395273156299925, 0.06453511617561825, 3.45140194992128, 14.073372034600073
-1.0976575368366384, -8.74685459370037, -8.030210441879461, -9.03865894989426
-12.72984474838579, 0.9055270707363228, 8.972878379243857, -11.284251423504092
-13.307076534279153, 6.767201593247554, 12.167490424182537, -9.432459293781113
-20.49537759556504, 1.013182109981737, 0.5631887444671051, -15.658880153815684
-11.32148212392605, -9.062709005881835, 9.804339275822782, 1.5455609595391366
-7.9184237116043015, 5.827399800405156, 12.751140378966406, -2.0651996287693106
-6.584105627916893, -3.792840156118264, 10.720595795070752, 9.897362590898659
