-1.6709321511221598, -0.07851160266276863, -13.75007721411996, 4.468998121409968
10.890423818152449, 4.374866348776755, 1.9207259719710907, -17.615557574132023
11.535489453926001, -7.5124186685805014, 3.112010502984295, 13.70226308179628
8.768987971632427, -8.418330424693309, 5.025473824426158, 21.609508655491947
6.894588138027333, -6.517115192192879, 1.6619588820478604, 0.45080238425476793
8.337052722307929, -1.235759040156788, -2.169417208831736, -6.188522302422379
-12.148811283116725, 0.5001282625135404, 4.198362557926938, 0.8145006208734542
5.0479440373335125, -7.3887337429558135, 1.4267813108647927, -15.22308745003582
5.7470861163377585, -7.19837634219179, -3.1623082829440863, 17.192813903697157
7.221270886054924, 7.7957137954398705, -7.3995037179122445, -2.66897178630368
-16.663270603197972, 0.15906608945154163, -16.79854123186478, -1.6004060057275424
-3.8520789001392126, 21.318771092423304, 13.547900449645553, 4.789460734625958
11.423229641007573, 6.191033703541755, -12.820297132360972, -27.644660552634004
3.4510703314913265, -4.612035157958438, 12.946843846706283, 4.56431429631065
18.11126426319598, 6.44787062738266, 2.273012042024252, 2.166397455421718
-0.9850428004826197, -8.295581726559885, 2.5868084724947114, -8.819879570428197
7.30702986091755, 3.9246794639726175, 0.9489388816971773, -16.607823639223668
-0.7112115803743269, -2.276571069668087, -10.028671360207369, -15.999282760417806
-11.610467969212245, 0.186515213068966, 6.427240850617191, 0.1701561530294331
-3.2683748949248956, 6.154295515280088, -1.5023595983418314, -3.2104550702062378
-3.7103303203675395, -0.13955101535288034, -9.885114497476895, 0.03229478348804715
17.401234611912713, -9.17690139825393, 7.88019157670527, -27.310480236927813
-7.454245618970104, 4.276510648650047, -5.2266780831035025, 7.001285105690981
10.457228116871876, -8.36949320185197, 8.100992023759728, 15.382310902094584
-10.920979786979956, 5.403400740567873, 8.916998823563777, 1.6625817109776966
-0.20535301922288696, 0.36572107022269695, 0.7663760149512446, 1.1517568905969426
-15.381935307451545, 0.22476660163973347, 9.08476324526287, 0.6739723197231102
0.4230201815672707, 2.41417508610028, 7.514296975544089, -12.81480766516281
6.828870624362536, -1.5177947099990337, -10.15919304496729, -5.1568316500210996
-21.082963899411936, 0.0863059418473929, 8.452774412828887, 7.921075105015039
-2.616583090327615, 2.379366923756921, 2.364980960144732, 2.9605737226060374
10.467139429829825, 4.432079888816823, 16.29587606613933, -32.05474698896123
6.558001706860486, -7.761861124761346, -3.3523121102320896, 12.201647492562456
6.657383425586947, -8.002174358081433, 1.642105090194725, 11.950808419563602
6.691428231767068, -0.20020728053155556, 6.058526387730031, -30.484782154294773
-10.018172659587846, 0.320699343367736, -2.5711995317905925, 4.549924470918842
3.724529518618578, 3.6677861380900847, -13.836970621736462, -21.647989268645375
4.864873177310213, -7.798011378253977, -0.023635965681340743, 10.22277531764311
5.5357350486417065, -1.6818615432913293, -6.155747551876793, -14.451101135211216
-9.45470143777337, 16.972493383385704, -3.3466007235750297, 11.551291916817242
9.582803907188966, -8.717526858784927, 2.010023463652574, 10.59902535674689
12.563279853335342, -0.11867771049220854, 17.678099713398826, -13.293301454873614
-16.03351373849443, 0.03965788557914468, -6.697455107958677, 6.79815181994099
6.739260592624059, -7.084106242369213, -4.238434154140496, -0.7108617134234692
7.70117180246665, -7.447275174492672, 2.2826075450527172, 23.863103985548545
3.9331239983892585, 13.389276271526406, 6.92537178100819, 4.50599291830115
-0.8525062171302915, 24.857194823079485, 7.11438177271054, -7.631895621380735
6.017493004220841, -8.18520259228013, -0.1616611429685646, 9.271919945802223
0.38034662111631157, 5.477615760139541, 2.01412407838567, -12.374701570037676
8.698523112078608, -6.293516554543013, 3.2375272129379953, 18.865338926076127
0.9154190737873007, -2.8829352603012808, 1.729873886861391, -4.841232611025687
-12.510560221156405, -0.7310845065599381, 4.904763362090412, 2.4785325588783524
-6.215479979186677, 3.2163559120234675, 4.386643764556801, 5.436444876303153
19.165748059720173, 4.874227535054805, -0.7519460318804563, 2.0394666639223935
5.190200301866824, -6.180092725931592, 9.10422101993766, 19.02021530820367
-5.309691566271346, 0.47898486651949274, 2.3741886073179654, 3.407032680364515
7.095249301312265, -6.483848225966041, 8.03745026864554, 18.472210444085192
-0.2625718856220032, 12.747964371028203, 5.9053236751006235, 3.034921608156745
4.444365219595238, -8.45585616594535, 6.515348061353588, 1.0528685650228615
-2.055467940929276, 12.401452869592998, 12.285029696295066, 16.861720609930778
4.178442266828567, -7.039130983975603, -3.527304786492543, -3.7314774201851044
4.564778883717976, -8.491768743866071, 1.7339280277116922, 15.724855319270738
-4.647158011755667, -7.138146557724664, 17.331312793558954, 5.206766220847199
-7.306431034396666, 10.853663525588068, -3.487666216693823, 4.4793897052676686
-8.081827274738679, 14.147943138351145, 27.874319885298487, -1.174795361199557
0.07872115254822276, -0.1641373506470214, 10.838447439705524, 1.308934199394575
-9.019627167428384, 0.3571794207781065, -11.841988052465807, -1.2531485361095287
0.43335392204917156, -6.581667216336352, 4.5256060938024145, 11.217877255303902
-5.73195476877938, 12.121589828805348, 13.268916596382024, -2.2405904590719574
10.514453242440457, -5.550053805696333, -1.9405994256664547, 9.836277488332579
4.8758136307809, -8.11493539823539, -0.7485780791358492, 15.017123596702966
-0.3569655711402131, 0.34592670588358426, -1.7070135833259599, 1.6479270212257824
0.9004164435995152, 11.221698692959501, 11.281494876478586, 8.634307068575524
-18.947993546006877, -0.19307226489250268, -7.298638348731893, 4.183019405662739
-22.83379608782152, 0.05514546446182377, 6.572201419730987, 1.0172758835641438
10.131329765290472, -5.091179112545165, 1.3331778183503546, 17.621604131986075
-2.963801824572517, 0.5583892110372055, 22.751338375335443, -0.6029529761511627
-8.302911130615305, 0.23803129399141104, -2.0211335523372753, 2.5255129233974642
6.447554667427167, -6.3364746600853294, 5.396004251250515, 23.14624338416734
-9.172752294555005, -0.10400230035889055, -1.0243785092725, 5.238094803622646
-1.7378928037058503, 6.814031784634265, 14.037352101670114, 5.478358680584181
7.63399075328319, 8.581090489009847, 12.559055300350849, -27.36552328275018
-10.322238747593527, 5.391077336217786, 15.950295984798377, -5.935809774936729
7.798294135198798, -7.299880718864633, 3.850732779251742, 1.7889750654106633
-13.310880616543312, 0.29261668383418826, -9.140852671166877, 4.6205130438475415
14.320682113745718, 6.4494731451224085, -8.190839266410014, -5.623950432163556
9.663738609467973, 9.381710266286483, 2.8871972711163547, -7.610233957572062
-7.854246970244732, -0.26652837942439306, -7.257257385707552, -2.018804891299565
12.284986051771218, 2.73656321019687, -5.6565859016600495, -1.7292161842749767
11.057234081837862, 2.163178571051245, 7.3569609665595825, 4.7544477165067605
-9.017624175867573, -0.30791485234097765, 13.748620442695623, 1.3432444199698268
1.124767110290441, 0.7731297125601495, 4.444077629492456, 9.194868733589
-5.289126618501107, -0.10166585217116772, -7.092504584192232, -1.3584036351923379
-14.220048305039844, 0.3609541637363334, 0.7868980102535947, 7.553429553066537
-6.465163979375649, -0.1130694581563193, -8.068368024620586, 5.455837115948164
-9.45975252177687, 15.522687702357551, 11.254770433548888, 1.5750353478837882
9.428463598828005, -8.784774784565174, 8.023788634358056, 8.687491725695827
14.936815356026443, -4.261203925091545, -0.8016921727734152, -8.896121210688207
-5.221028790197849, 0.15452991588085077, -5.750566739526663, 2.306012996638106
2.8476882354868422, -8.902178859051158, 2.804528734634614, 2.596766916986481
1.3618785643318674, -0.3077930473758308, 9.594053735399443, 4.349813916338077
0.16940103180230537, 4.949142166146725, 5.608388244208123, -9.64936167490539
5.9215795725054825, 9.116529903088416, 4.677885350412123, -9.976287552359599
11.017715300033235, -5.965158892705775, 3.967223472377954, -3.053683689205597
6.569293152574265, 3.2136241774126937, 17.146860303908838, -2.0737709113939102
-12.975370160467781, 0.399401253564335, -0.3495227398513635, 6.795121118439052
-3.2903049733466165, 0.11564318229050698, 5.979487725573742, -3.061306087658595
-6.268656620631324, 1.0351815703526146, -0.7819250743346444, -5.5997998553468165
10.155285541810544, 1.8146536700800406, 3.2949455885168315, -4.562654867743706
0.849206245777884, 5.444211146426136, 11.95357679051596, 2.3437421549171025
15.410113470951577, 6.042041149669037, 11.869418874749048, -8.854898397318099
3.7903586902599637, -6.247141861399068, 9.683157055733524, 9.112759589341376
5.087490220454663, 7.341761856235864, 3.0758152328527895, -13.31188101370356
9.146671930510546, -4.620947640679592, 8.866098163590472, 11.45960822938737
11.512507215919628, 5.8421834353385, -4.023870996139695, -6.3625225219528465
-3.48052111207844, 7.223829362284903, -10.794720072395823, 3.7604070895933766
15.044236758423061, -1.1348294178321443, 9.350492647619458, -2.3626949670426267
13.462137002722613, 4.442968364525923, 15.800438063992363, -13.171803907649828
1.2677695386939654, 5.439829993059809, 26.31090073548452, -1.5310480573928746
-16.85657827160365, -0.2093805837880633, 3.6030798085140887, 6.108753134367623
-1.1320363934476498, 0.44414760841619644, 3.4393397844817617, -0.8307764686095984
1.2820569688169101, 19.482043727300656, 14.718286418764965, -0.17197054638733622
2.6537592495497933, 12.791036435373638, -12.102969629650861, 15.841806882510747
6.316846747915061, 0.2196512861918044, -1.9665374582860922, -2.8955220035415783
18.224343995282744, -0.2227279321260187, 1.036172835657037, -18.6934540757933
-3.941270347574365, 9.076208357517103, -8.095326105548521, -20.462163702835166
-4.706578646758142, 15.050995933002852, 12.39446647426713, -1.1350415872062767
3.6946558941753933, 13.767216629639432, -4.946283737300954, -9.56799850927425
-6.273062896790368, -0.22178049016630047, -7.695109487693103, 7.972048106453219
10.216779980593326, 8.5462251424502, 0.5554139191701133, -24.773902680651595
0.7291871284142193, -6.664063311292801, 0.9916153621449446, -1.5807617094264135
13.96574501808572, 11.812828529365216, -0.3161336189282793, -17.70537111119522
3.171028798673463, 3.1391753558761852, 3.2478121239438464, -16.464461478148767
7.013018218437278, -7.522611845775952, 11.288267389149354, -6.437520777432191
5.929973120427108, -6.999114520951907, 7.372300397703623, 15.127905159513345
-7.342229171273153, -2.8472191584176176, 6.972395482072514, 5.350823613740325
-16.97914059452355, 0.209338251226645, -3.661260306181323, 5.300093544151157
-6.23398058337488, 7.722932246490588, 5.470933325565648, -2.1955082540078665
-5.277597271745785, 0.32787829267516466, -8.982657721868906, 8.045949606756388
3.0283470459399267, -5.162706941779278, -3.940689662575396, -2.907326895170449
-2.5495749338062925, 0.02977665930717796, -3.0518735841631823, 4.659261536903296
1.2940250418203174, 5.376471918973419, -20.525495661319038, -24.36243633738329
22.118361258337856, -1.4422068822899088, 3.1159106564057417, -18.676922128275166
-3.4397203101366705, 8.52533666351369, 20.295105784754824, 6.76431466546908
7.2845413962170005, -5.990426034172678, -9.938713932229998, -7.178249767501944
-8.66257053690296, 0.23706104689144103, -6.638706047708919, 5.125937553987651
12.26952001440798, -6.106413662680031, 4.353834581846625, 24.278919274005226
10.059171541158303, -7.03216979508705, 1.6122108426795578, -8.344111810144273
-8.884913033861224, 11.062004247589138, -10.628701915396732, -1.628278865641013
-8.810577646788083, 3.51097366059082, -7.434005158028713, -4.17164260159206
15.61234253268052, -3.4770667582593866, 20.59806770855962, -31.86636494301047
-11.161908156611656, 13.013675359312078, 18.327393619103688, 5.467620629482059
-13.630553437037248, 0.13919744627321068, 2.085040295546448, 4.542494611285228
-13.409663579624926, -0.18730405153623247, 7.839471575426897, 6.192887613571749
4.073268540043545, -6.855663174204974, 12.431406165230394, 8.460288401313157
5.64135970506128, 0.03910454687857781, -7.051011498569663, 2.6828180905513412
-4.942458868258299, 4.063295499470112, 21.621965211562475, 7.991046205210617
7.579115330757697, -7.300884801413313, 10.934611406089598, 10.822488980213725
5.11677804477508, 2.0410737925937257, -2.8656645126500795, -4.6094638152936565
5.771374954328002, -2.1355497558171854, 1.1729236319353222, -13.755573451062864
-5.553013370673343, 3.674524807533796, 3.72329635080653, 3.295140090421847
-11.811859459619367, 3.495895110862225, 7.894436568704427, 17.18857968008104
11.96864231234308, 1.0976755834542042, 8.718311921234466, -22.29440621459116
-17.648867681968042, 0.021764400230762343, 7.454882352377231, 2.113707996794968
-10.074851577283468, 0.12474701887034698, -4.427276683560647, -0.6394268676017512
5.766405391091881, -7.751440478394816, 4.159191355037672, 15.566087730937419
4.010981362195957, 9.235739786559494, -2.8618432847857074, 0.19775546004851385
10.699202468653128, -4.472838285332499, 15.778611037277054, -21.26679159192433
3.013787880553368, -6.8595997588640545, 5.435356079547232, 1.0281561987932228
7.9670152986652685, -7.729248094325684, -0.36868635274015293, 8.904020733993374
-0.5945100516498716, -3.370118705012686, 2.525044630912398, 5.365351369910722
4.0789185407586395, 4.151899958726734, -4.905443649833878, -24.260379038928992
12.190569192484876, 3.2633352477513635, -0.3383477683716374, -8.997723327538207
-8.578382578400438, 3.7009636936198227, -4.586047453290757, -2.5640002316576505
-4.2728202722190085, 7.5683783002138, 11.14226344449081, -9.63134609979548
0.627204520447167, 0.3001923521499532, 2.73071021331395, 5.816914777895195
3.755423234959107, 8.369434401315427, 15.384824534335241, 5.420684727104394
-16.481012925982203, -0.045734686798878654, 6.486399076745761, 4.403501257512154
13.85959283965148, -0.7383470197611763, -3.1112882934998183, -7.740005089418984
-0.36644905206099665, 4.076251310807953, -7.1088157374889605, 8.491297832782692
6.503051259402194, -7.52963664863866, 1.477590612853661, -0.2563580007493229
10.623273164250804, -8.860171596815938, 2.774624361872889, 8.714960790774601
-2.2902913803815057, -0.5588510137074572, -15.677472163400278, -14.554246666392341
-14.671044253890962, 0.18226785692123043, -6.185044227368596, -1.105749003262333
-13.107477504022501, -0.26971303387858636, -2.793275769913217, 7.788181249328681
-8.650920424170959, -0.05379678992314141, -1.8821465414015042, 5.526653670403123
-3.4192497510761135, -1.3013368646344698, 0.9748773699684836, -0.5691871319270474
2.9389864905542735, 1.8067457511641132, 10.515599275600296, -4.348200328601297
-19.43075703830345, -0.24185344185051266, -12.56677113554322, 3.7889688320503243
-5.121469605198502, 7.812597884047481, 17.902743534348897, 7.777214225871642
-4.751903667841367, 19.4244995774255, 6.588442317707587, -0.4026164124196834
9.174263519128708, -6.977365843330889, -1.6456895697532552, 20.260951381427496
5.073932737137205, 4.896077796700828, -4.230675057105367, -15.499062556904384
-10.579734961445027, 0.11449279051886498, 8.159150587340859, -3.336577897409252
-7.153058579111065, 23.594519366668315, 22.694039128843627, 5.5145731955261486
-4.706459851903247, 12.279807160053764, 13.58919592364025, 9.906876815595638
-5.323694249762434, 7.350703139593803, 5.193370768365028, 7.258666098553146
8.597126819629494, 3.55803081436958, -2.3622717420946096, 0.35612976167408306
5.994004942335033, -5.930124280840904, 0.48321890047095994, 19.69567921945481
-2.214021191954883, 1.0319740261566954, 4.431700310099406, -5.030731154233036
-1.7319240515845635, -0.2710262031112127, -3.5245528722340707, 6.161742554091145
17.17544686744165, -1.606860419801401, -2.558121735225859, -23.277159821824043
0.4196505049403614, -3.3410474783038357, 6.011529544198991, -4.639462934241346
10.060427678677918, -11.606007053363404, 11.949670736158637, -7.293907996839401
0.45032427053861745, -0.2352367938656419, 19.602412605382302, 2.9175884573543236
-2.3516322375213625, -2.176949168309232, -12.210715181901843, 15.968603518558758
-0.15714831953841202, 0.4005964080070168, -1.5025837951205414, 15.330040745736788
6.154428670350014, -3.304712226514539, 2.594369451945627, -16.819384724343216
-20.684214191088785, 0.44677392294597534, 6.753312075207255, 3.894530205158251
14.082887408374546, 8.420028867854318, 1.632647352731866, -11.990514449641145
-7.258790973555747, 0.424785917896519, -2.8535415152504684, 3.6587394526866968
8.468518427425153, -2.9931117517837675, -8.824259726223564, 3.3300242756815646
-6.486785749798029, 0.19615271084197522, -0.17637020430805106, 1.6444474557490132
7.241178302339943, -10.426666981159636, 11.274846360165352, -14.313525566937408
10.578585114277004, -10.255241037123644, 1.5987539308918186, 23.800862759256557
7.389993512853781, 0.2799598318354273, 1.5949692961080362, 5.512272969028561
19.545863827186196, 2.2268298298884024, -7.071186891216458, -10.228933493835257
0.49617852661800477, -4.894352109609791, 9.24182357075621, 26.61015614930429
-4.478807242214639, -4.278052799514766, 11.828339351213765, -1.5506577502427472
6.110517837504431, -7.522613543762184, -1.4972969157963538, 8.40120936209468
-22.796849453137924, -0.06418375147279706, 5.822214444861009, 10.53828683157459
-8.95834608517443, 5.721849095647952, -10.969182856385373, 3.1261616859731767
-5.664675577433533, 13.779412178844186, 11.727988499760341, 10.562999699744672
-10.04267472106259, -0.0644588917353408, -7.937282197898427, 4.437081185231279
5.764587597774073, 9.73481114024381, -2.928217145698068, -3.7262419669917453
-13.226441567212854, 13.28774335773067, 4.01398447217124, 1.2949989954815213
4.546386107303967, -4.664876414960977, 10.368632648236709, 12.631734222274222
3.1160634826611058, -7.8629580561731665, 6.381721973790165, 0.558446347559661
-2.195556759336335, -0.06902774234594261, -1.6703189651275476, 3.9280831406807892
1.5142777353794, -0.23328984897470068, 1.1615289058606284, 3.2092462726336675
-6.284064387311484, 0.16291413458167847, -6.7731948266046365, 6.599038837653258
-11.288033236961663, 0.13418462499668724, 5.443185989179134, 8.003485286319904
-4.340629058794212, 0.25464088957502073, -2.764687511480287, 5.828487048132417
18.2491226058618, -2.056698215243566, 9.840084282845813, -6.784332799198147
-7.8542934385677725, 0.38365402942491666, -9.646295938397223, 6.336356813433974
10.123453491539006, 15.347197091442403, 19.253856058820322, -10.549931623966653
-6.456036304227246, 12.259779744535127, 11.946157404742392, 4.93600388224954
9.313471288629652, -4.1345563537054915, -0.2600152372170417, 12.62720764987171
-0.22901440645469684, 6.290116374383631, 7.8759691541280255, -3.975883733697094
1.0684372077088344, 0.27134689683669655, 0.45319551285941473, 2.452379732992242
-4.678740325248233, 0.34330486472849575, -11.279184871447873, 2.8362062858358073
-0.1640942965389307, -0.009642704218040365, -4.2596328667533605, 0.8347472027947451
-9.398627320600376, 0.009605356177519758, 0.1278054913124026, 3.115706174740274
20.534086841874704, 5.872912033733876, -1.2899493082402702, -18.14872893134128
-1.9382699167602264, 23.090442684566725, 13.26673350362908, 7.027394812372881
7.465373547541636, -7.011436999306956, 5.73460104493845, 5.226382593265209
12.02357550792487, -9.31288777328943, 5.622377921877627, 0.9283865092292274
-1.8085628285968998, 1.7369765549505691, 18.625444673253238, 4.049184623311458
-18.136163292747348, 0.0717073619394894, 0.9668759576608894, 1.4253154334374967
6.998350079250221, -12.143845326550057, -12.473213432191352, -20.772631669820903
5.67425328426431, -1.2356965578653547, 7.031975441662506, -8.953574707002817
7.5348623475781995, -6.768278569597431, 8.66725814612435, 0.29958150287667884
2.4651651212361694, -6.669323512350613, 0.8939289149477423, 6.945154224507476
5.113599230424174, -9.95767488874403, 0.7205441522419695, 14.004216732364892
4.657137081686066, 0.3629996619935074, -11.762252412761374, -12.242762782682384
10.572540718298484, -5.635112594328669, -14.281178902713265, -4.719206857693677
-0.6296061339555941, -0.059462501270382606, -2.5217532133526817, 6.521765133014618
6.2438332536424905, -10.028767073565197, 11.50491525447582, 4.08507199454033
-14.423923885764516, 0.05025884026627128, -6.009914263034342, 5.656427473423211
10.031091742429632, -7.448972559368144, -1.517980098026941, 6.209756592710394
1.2987484658232953, 13.063184727739891, 3.709667791193567, 12.48036659485392
-4.343623268567036, 3.804891577404911, 15.502581797188977, 2.059642025524195
2.8065262599476144, 8.964550800647384, 8.872296293880531, -8.42694313999423
6.078647830264746, -6.90605035298575, 9.05991035787509, 20.61742972275666
9.679209021172634, 14.418555634086585, -4.634687153671784, -22.466506235879766
9.629230993410971, -6.57796040502993, 1.8405842724439019, 21.5249684547408
-4.631833090213767, -0.06487036422950418, -2.0159237782761563, 0.10459092037096696
5.532186656928626, -6.023750680771689, 5.17536417324527, 3.958644650167648
9.608942852805697, 3.506842311957805, -0.46960028500679574, -15.804800304119109
5.748912018405489, -8.063360490813867, 6.1787273034827805, 16.217289106633324
3.293957803677036, 14.31874560924868, 11.524100481838286, -0.9956505413916981
5.129904706461658, -9.09134974330416, 6.823288223796007, 15.443809077825586
3.298492251063346, -7.239626303650054, 6.623053181476857, 20.490813214083026
-0.4540930774044458, -3.908274025274724, 1.1648840631633428, 9.930985045305398
-5.22195287879587, 13.796926687604415, 4.346432793780398, -9.581253100370716
-8.72099237420753, 9.622371078647246, 2.18595831560446, 2.105558900150751
9.423740738849885, -10.670696063176477, 7.594363196290203, 24.872738597326876
-5.916483346364667, 0.3246837330669541, 7.586567421449308, 1.2432267052333397
4.34300148109986, -6.231464434739822, 0.9002377760415774, 7.897900343489649
-4.067912740813128, -0.3852562388583318, -2.211025098154705, -8.096928878140524
-7.075378697320847, 10.626207281581655, 5.7615528531125335, 6.952523231611669
-9.425677758920019, 0.16433744306178194, 3.225331780773871, 5.398324201079433
-5.108994389374184, 0.6477133508847025, 8.690151385337206, -1.4008806153683864
6.537690068545189, -6.139884998707636, 6.384168286643688, 13.840407259639765
11.95909523452023, 13.001764173314138, 0.662815052186479, -18.49704782583915
-4.3981506510957455, -5.621427795675803, 28.99552712515301, -4.88456455361607
-15.814693947249463, 0.1594115669697622, -0.2873176386014037, 4.12512653341314
4.44868032801004, -7.045097354386606, 11.277009310270811, 13.437240574824525
2.221146670192759, -3.6128028107181382, 0.6378232272764498, -0.43379887138358697
6.664291097712595, -8.263328552364491, -3.967748285986101, 10.202818734257288
-0.5375525979336349, 2.5718675165795077, 6.746267412976527, -16.03104207556875
-6.397640487800468, -0.07771757239883165, -1.3908259586090503, 3.926994906815656
-0.8546069018192446, 9.327278261921167, 20.731486763662947, 15.659002691760538
-5.992774339043734, -0.10670563723640736, -3.160544014413206, 2.6833594387920283
-10.268283074238074, 0.11465690119284795, -7.022316946948563, 9.007501826730811
5.785155529637743, 0.24556359267941832, 9.47896491093243, 2.597346324533403
20.737362382924566, -7.543975829718317, -5.020982059006694, -14.361293972990321
7.730649867119711, -8.64254244695322, -0.021452618727187733, -1.1052857291139002
2.4416461388796877, -5.30577788800715, 0.5712430199479548, 2.8751093379986123
-9.047119175547708, 15.042486574346928, 0.5981009650434022, 8.989200372575933
7.546691242875415, 16.338018705279435, 3.4128621626405256, 1.6420177302053216
9.374811127729206, -9.14351095002867, -9.654269181778936, -3.4176408576651944
4.9042410339756906, -6.906421260401344, 7.674708116623882, 3.8756645276703408
7.923471636243651, -8.149759647885379, 2.581092913867587, -4.605739892763875
-4.260886849938581, 2.2293554340273847, 5.4660727551427435, 3.802415468374994
-13.385335967040913, 0.07332128024739468, 2.1839415523103156, 0.2499190207840365
-9.307188743283767, 0.29369739261543437, -9.257806277469703, 4.1603843781688346
6.771665598732247, -6.668852961422361, 0.31530992650348644, 2.612602172617186
4.174255033345975, -6.6043572213614175, 7.25799368326263, 4.925804416835838
7.902222731613122, -9.423038463449013, 3.2764926169534547, 22.118204008825934
-0.9745103713174426, 1.3027334568547282, 7.255373210689091, 8.241660477718732
3.769567122479768, -1.9614937018098786, -8.90126391046735, 1.8181280108680515
-8.567331331051712, 9.10078128191707, 21.03534177129202, 11.52507116208178
4.601213900684468, -7.13047867446885, 4.944788857683314, 9.15915877151285
-18.469716459290158, 0.29596750755281354, -5.37972211368637, 3.2101120829702556
2.5943586846957807, 0.15074361395794655, -12.357787536051502, 2.9644239605210396
4.384716381078711, 8.650226313097125, -1.4461607098238898, -17.375296014590262
-2.806772489895559, 7.327333280332807, 8.504472238248127, 6.074906188076387
-7.2164540554727195, -2.6947031725105948, 8.152143443718842, 10.281264139618303
7.680876333712976, 7.440687166022318, 18.541877062056724, -0.2514326444886965
-12.941922809732057, -0.10566206061380762, 8.510779823492225, 5.116232149188407
3.22333824214878, 12.765764212665369, 17.951087051360826, 3.135741735316331
-5.281891076663154, 1.1741678031613523, -5.414385504988251, -1.710075572105926
4.093602253602812, -8.415185011501302, 0.8916808259596327, 13.403690531581827
9.193030111731089, -8.169005009611233, 12.219006390401915, 20.30377687686302
8.814260829634826, -6.166377959763475, 7.584490354509043, 20.635833250826494
-0.5291714574895705, -5.123110631276955, 3.4858582026912095, 1.2631647666128467
6.931713669580086, -8.3899325489869, 0.6278166679150528, 16.706872583907227
-17.042329444671275, 0.03768166338460324, -0.27971457849069514, -2.399980212525703
3.2097858801389494, -7.362039586279575, 2.2003661930880227, -20.566483476439466
-3.5736343778096504, -0.10424238343332626, -4.929078434208768, -2.0891573945195088
7.4464944839698095, -7.500085855937209, 2.1232342184451363, 15.301209372586442
1.4523087951542006, 0.3452664648132663, -2.5509766020104108, 2.9505996374071657
1.1282414760007304, -3.3688519924323783, -5.696278976344983, -8.127615302148586
6.816017816560091, -7.33989903036809, 3.9414919462009563, 19.140864771464976
14.326581610050845, 9.178398452083954, 16.86314082860875, -19.674720562035453
2.0517874024355374, 8.540136607374432, 12.379934570308556, -3.5805436909726485
9.298869600012207, 6.234094900857672, -2.1092554667545578, -6.300493094100343
6.266083366106198, 0.3589085022986349, -5.476056972295094, 2.7426267609491783
-11.948559020229766, 0.887873235716734, 11.14725550334147, 7.229030032443383
-15.431738321512956, 0.10917841044874298, 12.660590015398324, 1.849029198683301
1.5373099096363942, 17.982428753350707, 8.974193471501373, 0.5023756196437477
5.066485585544658, -9.638760926513815, 12.71889826782571, 0.46163472507929093
11.200915266435096, -4.367505441212197, 3.1246232554328097, 9.450071858390572
-9.286958005324571, 0.07253327484354806, -12.684220666677348, 5.880894308119201
-9.452660108811326, -0.22853445974944758, 11.679071905190597, 0.06883136261862033
11.308440438288939, -3.6856155956941077, -8.195959125398156, -2.624572851284677
-1.1207386914341724, -8.54925968680953, 0.7032436104160298, 27.757612464444755
-4.564914006358698, -5.551762389658837, 1.8138628927496865, -17.691568628899198
-2.293093018938041, 19.582961670571255, 24.831968513144815, 8.226375871350506
4.517864637400867, -0.9761903867735136, -10.473762316680697, -14.091357945174693
9.10671203212558, -6.3549214918431804, -3.162808298759259, 22.983020141394405
-2.7484466253831843, 10.623903222777827, -0.4755131190961013, 9.213326802753654
7.518392027227652, -8.490214296135516, 7.101277377429431, 30.525181213999282
6.5395505687487825, -7.559241892654842, 3.8576974731852403, 8.102909237413519
6.558978469343809, -6.437412724956996, -8.058944712232245, 17.330202957659367
-16.126092460588275, 0.3163936389887231, -3.396024134906713, 2.3725547485951024
-6.785375852917834, 1.6862712756928093, 4.852638704696458, -10.112675802910077
12.075016025158707, 5.953203929838336, 0.7086348253408837, -13.80603620906652
-26.262085732158123, 0.39951961159285065, 12.510669826765687, 2.308039885918228
-6.250199382827537, 0.27761093383504104, -3.31438845072423, 6.971420655130206
4.0613445443904865, -6.322808640341261, 1.2133458336581775, 7.365536285567677
-1.214704767648882, 9.862771920579622, 12.314007089560722, 1.4281686835441798
-13.886683469711153, 0.1463956830202411, -2.1576065590868048, 6.766430854993707
-5.09164191347585, 12.646885753914098, 11.495887442626946, 2.9925829242016118
6.912417448814966, -6.665574873557651, 1.151155335156432, -0.6640377982398373
-9.113965483524893, 0.17091547645187904, 8.641075211372208, 5.286538565467229
-1.2567254042976823, 5.164052700782884, 20.666158803034385, 6.834113353876274
11.68565608832498, 0.1376283054488916, 9.680007297860453, -9.083740334934317
-2.8579319627809685, 7.177036020827731, 16.79378947059185, 8.993526865174083
0.5877323236066174, 0.12607190134934942, 12.758141148462512, 6.182325945603781
8.973128153882922, -7.844560210966776, 7.034815808631333, 5.850706823951871
6.763328522350376, 0.39654128395636107, 15.085637230618566, 6.0650934878769505
-3.869535308362946, 7.020956598134348, 16.061106136892377, 0.7769771353926478
-7.991812548856176, 23.545170156933644, 12.907770494831617, 6.297697876581333
4.444435701896193, -5.327129932568598, 5.5598677105812015, 14.95843898728754
14.882398497675311, 0.36778456208186117, 3.9896966086371273, -13.823702398210337
-12.088498128680312, 0.291447228474214, 3.601694919773097, -0.8956212585548107
-1.726458664543033, 0.4373072704545279, -11.355602057368625, 4.856980667236386
0.674590522771843, 0.6880574973869666, 15.177730392049904, -16.209874354402228
1.3648743884156316, 5.860398231655667, 4.4686520422217875, -0.32542518243413454
6.994372437634742, -7.9968812725450125, 3.2634060028529954, 11.120958603479778
-11.872475316172725, 4.322822347522926, 17.987565018393276, 17.108644704170793
11.756008484997086, -6.75726569322886, 1.3893237233555227, 25.7647389309159
11.834414785135408, -9.629481272263146, -6.195156476922653, 3.094530735520004
1.4746771893063855, 9.088670661842725, 10.938861769858917, -2.338788121459398
-8.366497502668107, 15.084424533403041, -5.844979048473235, 3.1939052374252626
-2.2900918645884647, 22.74764894320421, 3.7903347053385916, 2.931215321026525
-10.469096940301762, -0.2496706699152872, 3.975066319557829, -2.128210458498555
6.839122883740384, -7.675838829718616, 7.207591186784539, 8.92560887507433
4.5154938568302825, 5.674572357059407, 12.170275472579732, 6.32665155011852
-4.435712572971486, 10.149471040104602, -5.900957597214337, 3.4167785523715173
4.5959387478646825, -0.9894604557534596, 7.062109155162516, 2.8956127838079304
-11.927490630364824, 0.45237397534533536, 6.323733607207842, 3.454676117959961
11.756957924532738, -6.594303624069218, 10.567740701431939, -21.65594663749053
-7.358230814917864, 11.982540287298496, 6.76027103140799, 3.7707419275185607
5.135370897249334, -6.13355213854046, -5.329889065380646, 16.486027519144713
-4.063448282941448, 0.22835020601828834, 1.0065601839209983, 1.9257698470387417
4.8967851236407665, 6.159080492713351, -11.707103313781463, 4.613450802535798
-1.0466848749622137, 0.7750641452426246, -12.416849421570017, 1.7647764711941312
12.815846804155875, 7.7898301154508225, 2.7568173113515586, 8.925038289307292
-14.335823022664911, 0.10260933733812869, 7.304531250890742, -0.49804299395652807
-10.824145642791926, 9.61852498903013, 10.471776512058963, 6.639316858093956
-11.240704744193486, 0.12839983020854895, -2.935807871551229, -0.8034828444369246
5.813298068952749, -2.339309703486557, 2.8086418825053188, -3.358343919905277
-14.675567876056427, 0.09248220350500325, -13.733673008798105, -1.9310516940144513
-6.57728494124553, 16.323618703006375, 18.10433821952845, 8.400854727824639
-6.282754205082663, 2.719063696197437, 8.47697973944509, 12.156230605560395
8.538292859604008, -10.112553984351107, 0.8224874796683301, 14.975987196456547
-4.2314642705338485, 15.512290625493229, 2.9868421553723064, 0.8569247216681837
6.120054067113397, 2.7302935066099465, 23.2660895673857, 1.1020866786157355
-4.435282133455377, 0.06442319485192367, 7.09496019160897, 1.979969655409035
7.601393043196516, 8.132441416490273, -14.510526672250577, -13.429750254200943
11.571432597783755, -7.697606305298445, 4.802742580092945, 0.6418183860041164
3.5037713481890713, -7.604856180616309, -2.487977632499647, 13.492276063407887
-3.159860758976997, 2.3386301617189202, 9.56320885559361, 3.7702704211773037
-6.229392160208014, -0.16576121938696364, -4.734454119273983, 6.825913406833372
-6.259423597542944, 14.088120306051737, 4.465845848228649, 6.235641209350594
-11.1970312009917, 1.0271313306833791, -1.83048362064363, 4.661318460724721
0.46644303900611206, 7.000302746448497, 2.844509021220098, 13.590596139543981
-5.999153969035627, 4.4478496143242445, -7.401345368959962, -21.520184821073435
-12.962547756923472, 0.34561066789366124, 1.1358544011745608, 0.506839241890984
-5.509802121030553, -0.07800543363826795, 1.7317406879757127, 2.3155067583129383
2.5346527520811115, -7.381313461957503, 4.259906277611841, 39.26170873628591
-20.262690068233262, 0.1794620157267937, -2.259530366742757, 7.019109403498595
4.129997555922997, -6.346266944430861, -2.2239613131949056, 33.077650013753896
2.6325801746519293, 3.853529999755183, -2.309159976813449, -9.045449271516956
-9.074927466260066, 6.984647092615187, 0.7111260286275769, -0.5031114040159119
11.79852758503905, -0.013044782368932084, -9.827216499714101, 6.306775005565534
13.182293196356483, -8.010408184452379, 5.481320974141337, 6.907214751561129
6.854082014794994, -7.245567154885085, 7.826726196491498, -11.528869164366178
-5.3825668431368605, 0.22559661547790033, 13.39818928848072, 2.434845501573491
4.023870026728115, -7.7677752810246385, 9.584751616327551, 4.432524289727021
6.856284387996423, -7.753724442359329, 6.744853580435533, 12.568604852856634
8.519844721927296, 8.099419620292963, 16.30414362898638, -7.870387164962869
4.639608498306162, -7.674467438565946, 1.0557713190938642, 5.507565731358901
22.029153214865794, 1.3416005096676376, 6.723828325056465, -3.536879443420622
-8.3884231760439, 2.0757603892700707, 9.591317823376478, -5.0558889970958365
8.002208378343408, -6.932307925006337, 4.380050104129709, 7.150557503490273
-9.13858563894771, 2.6311391600684235, 4.793871435310308, 0.40008912356893234
-9.82527953474876, 21.151005942046645, 9.480695657754394, 6.529395728217966
6.810946094228233, -7.398718168400136, 7.380282913541511, 1.9917262288970132
2.4949650209191416, 11.291805107727303, -2.2823774383246906, -14.30385508710529
2.1603957094620636, 0.43373861029261845, 2.1367587343673886, -0.8690622163249673
-1.0018048625012606, -0.09598454115467903, -5.474107051248624, 2.46116950761639
-10.447754594662772, -0.01661639178777062, -10.017387999625166, 4.530987981943986
16.43894405849817, 5.9783084966749875, -6.320835334826047, -18.40276866485673
7.856553369105491, -1.5849691439725975, 3.3762809931246873, -4.858313326001938
-1.9439756138043016, 0.09664740417212261, -1.044324473919259, 6.075236060284687
8.4863558590019, -7.811531942423077, 5.078845122308792, -7.47516534859659
-3.653895282097962, 0.11764529475401245, 5.67503792246591, 6.212066429333428
2.6286782245793905, 0.3706383843350256, 4.109608320362436, 3.3872418440380505
-10.43718795482149, 10.11984562333047, 7.875765612017617, 2.3032862900470468
-1.2534774369604658, 7.962840885137011, 7.679980571320957, 1.9150072698866452
5.121291007838727, -6.595125467248201, 10.851399502372587, 2.5153623905066995
-9.777148663850193, 0.2375899910585589, -3.4433497033067177, 1.6733596120728826
3.774747918049332, 1.4784808574852728, -9.0319141975558, -9.4933364335524
11.866869461669337, -11.749867948893817, -2.0023265660118175, -7.586411219734378
4.184753839289892, 6.7124613291070165, 8.23414156056511, 2.4442445799830192
5.205320208564279, 6.149166794316956, 0.8158507293734536, 4.008446215184881
8.387416391436966, 0.906941133175857, 8.084499996195193, -15.651127568038323
-10.75065807630142, 0.3140696896977191, -4.425981350457228, 0.4143130557251431
-22.123786404875, 0.43933098303620094, 12.81295377294183, 3.856813605220372
7.963685681426378, -12.560682445615079, 3.229625763811049, 5.076183961957328
-9.49368973845539, -0.2973273306264712, 19.573187549525894, -1.16034340840572
2.4253186013135917, -5.459132209328267, -1.4921763409378563, 5.447600504018584
1.8532790510860302, -0.21076009356884629, -2.391228503117193, -11.246655958498494
4.1226837047987095, 25.09414593947565, 13.41637472984428, -2.9862807314204725
0.7114757638539402, 2.773082472674452, 7.036942177651695, -7.062871696196365
-5.480976311144578, 0.12845512589173225, -13.047997034400048, 12.098242888894495
10.418621577727453, -7.119164402316356, 1.7969212966095847, -9.331515234859385
3.9700814107309075, -1.4507651510537314, 9.272793506332137, -33.03557923442614
-14.284229460231753, 0.46646916510420366, -8.043321462718577, 2.734492679209682
6.2320749116943706, -7.381099110417637, 9.865467937984956, 12.61631083801084
7.03806482595393, -8.263158828016428, -5.147477088545827, -8.364973608917065
-7.275671791661267, 8.026268411978585, -2.5114087265442837, 7.780476799080377
6.866687048217013, -6.722826810266354, 7.363056643438384, -11.368816298095094
6.874632978762703, 3.170805502875712, 3.4264680809664028, -6.75734350164733
-8.608000240373975, 0.44161304248507616, 13.128758076524036, 9.854983271960363
-5.064576623908001, 0.3814647030969616, 4.676913477695803, 11.209262877931666
7.295250854042798, 6.366089815796525, 8.284018673516357, -9.034473194231582
10.091260456364829, -8.24886355036557, 4.99254121715521, -5.782143031273787
7.377818480863229, -6.9477535389206615, 4.418713887771131, 1.6459808388457935
-2.846891103230777, -1.5904320692596485, 4.089591813710594, 3.799014901076591
-13.038171647075716, -0.03414091745347936, 4.4907043933371025, 6.506862214770471
-3.7874445118995084, -4.750091092360879, -2.900762641875997, -8.13239125794028
23.302990807927635, 4.8798827137094, 17.52015381985562, -17.19370843684682
3.362849557856947, 17.93213690645657, 6.301709293582054, -2.6604372869176043
-0.9680268773562428, 4.909491991085748, 11.168736669126712, 6.886586957612886
8.343158212092899, -8.780838257040248, 8.37587984618471, 16.080255956966724
8.832204673425135, -8.184333726222146, -5.827348206018225, 10.819002443748643
11.192608617261701, 6.182534812415888, -8.490731168698131, -10.144583546051578
-5.776335800545268, 0.1157695003154789, 0.7280860472945812, -0.11935573531142607
5.279584717965727, -7.297562495630769, 5.389155306921536, 12.522333326846367
-15.439334406106966, 0.09010598594352992, -5.806887080641517, 11.320842371492612
-12.673587870740999, 0.3086025744068406, 4.7244488689062445, 9.861112049104445
5.765632603234352, -8.356956354247094, 6.750575849725699, -9.792100024207027
-7.676239062842738, 7.129120893540771, 8.034501660715096, 11.27318836234419
7.729109906020974, 2.639737564709618, -0.30755168485562834, -16.629976918115315
-5.370996403844589, 10.560854177459554, 6.794988542932554, 3.076314837265334
