0,40,184,35,123,38,216,232,192,193,64,42,167,100,191,69,237
1,247,65,129,231,55,188,118,219,50,71,94,77,152,85,119,31
2,108,171,70,196,251,156,248,249,141,215,223,57,79,252,17,33
3,54,230,63,250,80,83,222,233,58,109,236,124,199,76,239,137
4,217,95,167,12,232,183,40,176,72,193,165,226,47,121,126,191
5,108,79,215,70,202,196,156,33,205,249,197,234,114,32,248,157
6,236,34,63,8,104,143,187,230,54,22,109,148,239,45,23,124
7,239,143,198,10,230,75,8,82,241,132,34,112,116,173,30,22
8,239,230,75,76,10,104,6,143,233,58,241,80,7,124,82,54
9,167,46,47,184,123,153,191,193,216,174,182,49,95,209,149,93
10,34,53,230,236,8,145,58,54,239,83,139,75,143,76,63,233
11,73,239,230,82,80,145,189,34,88,63,58,124,8,250,198,143
12,216,122,4,191,167,72,153,93,226,193,40,35,90,42,142,95
13,156,248,228,215,249,29,223,227,172,254,252,140,74,196,136,160
14,246,26,138,21,57,169,74,204,196,205,160,44,252,223,254,24
15,167,46,78,121,153,226,149,237,232,72,90,95,209,217,64,123
16,118,71,55,85,115,77,128,43,219,253,41,220,185,117,89,129
17,57,29,79,169,114,221,248,66,157,2,234,70,26,204,215,84
18,117,188,85,99,253,129,128,55,16,244,89,43,247,50,200,94
19,240,119,118,129,128,89,52,41,101,219,71,185,94,152,55,188
20,128,119,41,67,50,71,102,117,99,238,85,31,186,188,43,125
21,160,213,26,44,138,205,114,215,14,206,196,74,136,29,127,248
22,45,143,6,23,73,34,10,230,8,124,54,236,139,76,7,173
23,143,45,145,22,34,54,76,6,236,63,124,208,10,230,222,82
24,172,215,33,66,140,202,196,254,70,249,32,157,138,248,108,26
25,113,200,94,50,119,244,41,238,242,67,128,219,118,115,56,89
26,33,196,29,254,57,74,215,169,21,248,14,141,156,234,235,190
27,219,185,117,175,71,253,59,41,194,68,244,201,102,77,186,105
28,138,215,97,235,213,140,196,234,246,160,206,204,66,60,33,195
29,215,248,79,234,196,156,17,81,26,110,204,213,74,235,33,84
30,63,198,230,233,199,34,6,10,82,37,236,225,143,239,7,137
31,117,102,219,186,85,65,89,99,177,41,68,94,201,119,20,128
32,196,234,215,223,204,141,156,29,202,108,169,33,97,114,24,228
33,97,235,108,215,26,138,204,66,196,172,171,136,213,251,29,140
34,82,63,236,53,10,230,6,233,124,75,132,143,208,109,23,37
35,40,232,122,153,69,191,12,0,46,167,95,176,49,162,216,126
36,176,98,95,210,149,217,142,69,61,72,162,47,167,193,232,178
37,137,34,236,132,241,124,63,233,30,88,75,225,7,8,23,199
38,207,191,163,210,40,179,47,226,162,209,174,182,167,176,184,121
39,199,80,91,230,124,116,148,6,145,63,86,3,250,239,198,104
40,100,232,153,35,93,167,126,191,210,165,38,176,209,69,0,184
41,71,117,85,118,240,50,129,186,113,119,67,175,185,154,115,77
42,69,167,184,166,193,12,174,126,181,176,182,192,191,146,216,149
43,119,186,85,118,219,129,71,117,41,16,200,50,94,89,115,244
44,196,252,190,202,215,248,223,114,108,141,21,156,140,29,127,74
45,143,22,23,63,145,6,236,241,198,124,208,225,230,10,148,104
46,174,193,209,167,216,90,9,120,210,47,149,162,155,191,178,72
47,181,210,167,46,69,93,209,191,72,95,61,174,232,9,98,207
48,67,41,200,55,118,77,71,117,129,255,186,242,113,115,150,154
49,216,162,47,46,95,232,176,153,191,72,9,149,121,78,179,178
50,41,200,67,55,71,154,117,186,94,219,119,128,129,20,188,238
51,169,66,33,138,228,171,205,57,156,248,254,251,223,29,172,97
52,41,211,255,129,188,19,240,118,219,71,94,59,99,102,55,242
53,34,10,83,230,236,116,239,132,250,112,58,63,54,139,30,189
54,3,222,80,83,230,124,236,82,63,173,233,131,10,76,112,6
55,102,185,50,16,231,129,117,71,41,118,48,201,1,188,255,101
56,128,71,253,185,67,102,117,50,41,125,175,59,201,129,219,119
57,17,248,197,215,26,29,108,169,2,196,14,33,127,204,228,234
58,148,236,80,230,173,10,3,124,83,233,8,143,250,112,137,107
59,102,219,117,128,71,27,185,211,67,129,56,154,41,65,89,50
60,215,234,28,196,97,140,66,204,29,248,138,235,249,114,195,2
61,167,209,47,100,166,210,216,182,153,149,176,36,237,163,226,78
62,123,166,191,232,226,121,210,193,95,46,93,179,167,237,174,64
63,83,34,198,208,236,3,54,164,6,80,30,143,187,45,230,239
64,191,176,184,130,72,153,216,120,167,46,226,123,192,182,95,90
65,128,1,219,113,154,31,102,71,67,50,117,85,89,59,41,119
66,138,221,204,33,97,79,111,215,227,29,28,51,24,205,156,157
67,128,119,150,117,41,50,185,48,238,188,244,219,129,89,113,200
68,185,117,102,41,231,85,186,71,31,67,194,219,94,129,27,119
69,126,191,47,149,42,100,167,176,40,142,72,162,216,184,153,35
70,108,2,196,202,190,140,5,215,249,24,17,33,157,127,44,248
71,185,41,119,77,129,102,115,128,16,117,253,43,56,85,50,219
72,149,191,167,47,46,159,78,232,210,64,90,193,12,69,49,209
73,230,11,22,3,45,80,112,82,8,132,236,250,7,139,58,239
74,156,138,196,252,29,26,160,221,215,246,114,249,235,248,169,205
75,8,80,34,230,239,124,10,7,143,37,132,250,145,63,82,109
76,139,233,230,8,54,83,137,10,82,250,80,208,23,3,173,34
77,71,253,41,16,115,200,185,154,118,101,48,129,247,186,220,102
78,149,90,191,72,47,216,15,121,237,183,167,163,49,176,153,40
79,215,29,110,5,66,196,33,17,234,108,138,111,197,136,221,2
80,54,58,148,236,132,75,3,222,63,83,230,104,212,164,173,239
81,234,29,215,235,108,33,84,196,44,138,17,97,66,79,28,251
82,34,230,233,54,124,199,109,143,76,83,11,198,8,7,96,107
83,63,139,54,250,53,148,3,80,124,76,222,230,58,10,109,224
84,234,215,29,196,227,245,81,17,156,66,249,79,252,108,157,110
85,41,117,129,244,43,89,118,115,113,185,186,71,16,119,102,220
86,91,58,112,145,148,39,45,76,80,104,224,236,143,83,230,124
87,196,204,28,138,97,156,171,141,215,74,114,251,202,33,246,172
88,230,145,124,173,107,37,109,3,8,76,137,11,83,22,224,151
89,128,85,117,244,119,41,219,113,67,186,154,200,94,31,118,43
90,167,149,46,78,176,178,232,193,237,209,47,72,182,210,40,174
91,86,39,225,112,199,236,80,212,58,45,63,250,76,132,233,148
92,107,230,250,112,45,212,76,3,109,6,83,143,222,145,124,80
93,210,100,191,47,98,40,95,181,12,153,226,133,176,209,9,149
94,128,219,200,119,186,41,103,50,231,89,238,67,118,25,43,188
95,176,165,191,232,178,149,210,181,226,47,4,36,49,93,46,98
96,199,233,82,3,230,83,236,241,76,239,250,198,54,132,7,225
97,33,28,140,138,172,127,108,66,196,204,234,171,160,249,246,60
98,153,243,93,179,176,182,47,142,191,217,209,36,167,121,95,149
99,129,238,18,94,31,20,102,128,43,219,117,119,118,188,67,41
100,162,40,210,216,93,179,153,167,69,191,47,142,61,193,126,207
101,119,253,117,129,77,128,41,200,55,118,185,43,50,125,240,67
102,117,219,71,59,128,55,31,201,177,185,238,129,220,68,85,211
103,94,219,170,119,50,128,67,118,25,89,99,186,188,244,55,247
104,8,6,199,80,143,45,76,124,112,212,10,54,22,82,236,30
105,117,67,185,119,128,219,152,71,41,188,129,56,94,118,50,200
106,80,6,145,143,22,82,34,250,76,10,239,23,218,54,8,109
107,124,230,148,222,92,58,173,82,112,88,80,8,54,3,6,63
108,2,33,70,249,5,196,127,97,171,172,215,248,44,223,202,79
109,230,82,3,34,83,6,54,239,137,58,63,134,250,148,132,116
110,215,79,29,197,196,252,136,141,33,156,114,108,234,28,245,204
111,235,66,221,29,79,215,114,140,234,138,157,28,251,254,141,136
112,54,143,58,63,239,230,80,236,107,91,82,124,53,7,86,104
113,41,85,25,119,89,67,65,128,200,118,115,175,203,186,255,211
114,196,156,141,160,223,246,215,44,29,169,74,111,252,202,17,221
115,71,85,220,129,41,119,16,77,113,175,43,247,128,117,186,154
116,230,239,53,143,39,109,124,7,208,212,63,112,144,80,189,82
117,185,186,41,102,85,168,201,219,67,31,128,71,119,89,43,50
118,41,43,85,16,219,247,186,129,200,128,117,188,231,55,119,77
119,128,43,71,67,41,186,117,94,219,89,101,125,200,115,113,129
120,46,167,123,64,100,121,193,162,210,40,72,216,179,98,217,47
121,210,217,167,179,191,237,207,226,193,46,183,162,178,98,78,15
122,12,35,90,95,232,167,93,243,98,191,40,176,216,179,133,209
123,149,167,237,9,179,193,62,98,120,191,210,40,216,153,121,100
124,107,54,230,199,145,82,34,222,83,58,75,88,250,173,143,3
125,128,119,102,117,85,219,67,89,56,41,71,101,168,186,20,180
126,69,47,40,100,167,176,159,98,191,210,174,46,162,193,226,232
127,138,108,97,196,160,215,248,66,74,44,204,227,57,157,249,70
128,119,94,89,67,56,102,200,117,71,65,125,219,154,118,175,185
129,71,85,41,43,115,219,99,188,118,1,55,102,119,67,185,50
130,216,46,64,193,47,95,90,153,163,100,176,49,210,78,191,98
131,233,54,144,241,34,230,63,76,137,212,124,139,208,82,23,80
132,137,80,34,230,37,63,236,54,58,53,82,109,7,187,239,233
133,179,98,93,100,123,167,12,47,207,122,40,162,243,191,209,153
134,83,109,250,80,151,239,54,76,8,107,63,82,208,116,148,124
135,236,10,54,233,198,76,63,82,187,230,23,30,241,83,124,45
136,33,215,110,205,252,156,171,140,79,29,138,213,206,108,254,196
137,132,233,76,37,109,58,80,3,63,250,212,30,230,131,88,54
138,66,28,74,127,206,97,213,33,156,215,157,227,235,196,205,29
139,76,83,10,54,230,208,250,22,145,148,53,23,63,3,224,131
140,196,249,97,215,28,235,33,254,248,157,171,111,70,44,24,246
141,196,114,156,234,169,215,32,110,29,44,245,26,223,2,190,87
142,153,210,98,100,69,217,167,176,36,121,12,179,191,216,207,64
143,145,45,23,7,34,63,8,6,22,82,58,124,10,112,198,230
144,131,241,116,233,230,7,75,8,250,112,137,53,10,124,63,239
145,143,230,88,124,10,23,45,148,63,224,58,80,199,83,11,218
146,181,216,210,159,46,42,176,62,191,153,64,167,209,142,72,95
147,244,201,41,255,71,117,55,175,102,185,67,150,56,129,188,242
148,58,80,236,83,107,145,212,54,6,222,230,218,10,173,109,39
149,167,183,191,72,123,178,90,78,176,192,232,95,69,46,226,207
150,67,71,200,119,255,41,102,50,43,128,94,244,185,238,154,55
151,236,143,134,148,34,239,88,250,8,58,82,53,76,10,124,230
152,188,41,185,105,129,71,1,50,240,55,19,117,211,102,48,253
153,167,191,210,216,98,40,142,209,232,100,46,9,49,64,149,15
154,41,128,50,71,119,77,65,89,67,85,186,102,219,200,129,113
155,209,184,46,243,174,167,153,9,40,191,90,161,47,64,182,98
156,205,74,114,196,141,29,169,227,249,138,13,204,223,215,213,2
157,215,248,138,196,227,140,169,235,66,251,204,33,111,234,17,24
158,254,196,74,138,249,223,202,246,160,114,205,245,171,156,221,235
159,191,226,210,72,167,46,126,181,216,121,209,176,47,183,232,149
160,196,114,215,21,74,28,127,138,97,234,246,197,156,252,202,204
161,184,98,191,243,153,217,209,49,165,182,47,181,174,155,46,232
162,176,100,191,46,49,121,216,178,149,193,232,69,95,38,207,72
163,38,46,167,149,216,193,210,78,237,95,130,9,61,126,183,47
164,63,80,233,54,30,132,148,34,137,37,236,88,58,82,230,11
165,95,210,232,47,181,40,193,46,191,98,93,100,4,9,153,176
166,167,149,61,121,62,207,42,210,179,90,47,181,193,232,182,98
167,149,209,232,166,184,90,153,61,9,46,123,121,47,72,193,174
168,117,102,50,71,125,67,201,41,101,119,188,185,18,128,240,85
169,196,156,215,190,251,51,26,141,248,29,202,157,223,114,138,17
170,219,67,188,94,186,201,117,103,119,102,203,129,231,99,118,56
171,251,2,108,33,254,196,140,97,138,205,136,248,202,87,252,156
172,24,97,249,33,204,108,202,228,29,140,156,196,246,28,171,215
173,230,58,54,222,233,212,124,80,88,107,76,148,3,199,83,7
174,46,167,184,183,47,149,9,193,191,90,121,38,126,232,155,209
175,41,128,185,27,117,119,113,115,71,85,244,56,129,67,101,253
176,162,95,149,192,216,191,217,232,36,98,207,90,178,64,193,40
177,102,186,31,41,117,253,185,85,71,55,188,125,201,154,77,175
178,149,232,95,207,210,46,90,176,121,162,191,193,153,100,167,216
179,191,121,207,193,167,100,98,210,47,123,133,38,176,209,232,216
180,128,201,125,175,41,85,50,117,119,56,71,65,67,200,94,168
181,47,191,210,95,46,165,159,93,226,72,153,207,98,100,176,232
182,184,98,167,47,176,90,9,207,179,38,232,61,149,40,191,192
183,149,174,121,167,78,191,40,90,4,237,217,47,159,178,123,126
184,167,155,182,209,174,9,64,191,46,40,42,72,47,69,232,243
185,117,71,68,85,55,41,67,102,27,201,128,175,253,77,129,186
186,117,219,43,41,119,85,94,200,118,50,71,201,231,185,89,31
187,63,6,236,34,230,80,132,54,143,3,58,250,222,198,208,135
188,231,129,247,67,117,118,240,18,152,185,41,50,186,200,255,94
189,218,222,239,124,6,82,34,143,236,11,230,10,53,116,58,23
190,44,215,202,169,196,223,29,70,246,141,26,138,24,172,108,213
191,179,210,149,72,159,153,232,38,216,95,181,193,93,69,121,226
192,149,176,226,207,167,193,98,123,64,182,232,47,49,72,12,40
193,237,46,232,216,191,226,167,179,121,90,47,100,176,149,123,95
194,41,119,129,68,185,71,67,27,115,20,186,43,117,105,219,50
195,215,234,28,140,196,29,84,81,110,235,60,114,160,44,74,246
196,215,234,202,141,245,114,252,44,140,249,254,32,169,156,246,108
197,57,215,252,110,246,79,160,196,204,5,17,29,114,169,136,248
198,63,30,239,208,34,7,82,230,143,45,199,83,236,39,135,112
199,39,230,124,82,104,96,3,30,80,239,225,145,198,236,173,212
200,128,94,50,240,186,119,118,71,77,117,150,89,67,113,48,85
201,244,117,102,185,186,41,219,253,118,71,119,55,128,94,31,170
202,196,44,190,252,172,204,169,70,108,215,32,114,24,5,246,171
203,113,240,41,67,128,170,102,219,201,119,129,94,117,242,188,168
204,246,196,248,33,66,29,172,156,97,32,87,28,215,202,157,228
205,156,138,136,66,171,21,196,252,74,33,79,5,221,24,234,108
206,138,28,33,221,97,21,136,127,235,66,17,196,74,213,215,79
207,38,179,178,210,121,192,176,149,226,167,232,47,243,191,100,209
208,63,230,34,198,222,54,236,76,233,139,45,82,23,250,143,109
209,167,155,46,61,47,153,184,98,243,90,232,40,179,191,72,207
210,121,191,100,93,153,47,46,165,95,181,207,142,178,159,179,38
211,219,102,119,52,117,128,113,59,242,129,41,188,43,118,85,99
212,173,80,148,143,199,137,145,104,116,54,91,131,92,230,112,222
213,215,138,28,29,33,21,156,74,136,227,205,169,108,234,26,97
214,114,138,111,21,33,74,26,213,254,28,215,160,29,172,24,196
215,196,29,234,227,248,251,28,157,110,252,33,79,84,213,140,44
216,49,46,153,191,193,100,176,12,130,78,162,163,167,210,9,179
217,121,176,4,98,167,149,142,243,95,193,191,183,72,36,232,162
218,189,148,222,80,6,124,145,83,143,54,58,236,250,109,224,151
219,94,102,186,117,43,27,119,128,118,129,59,71,211,253,65,50
220,115,102,41,85,16,128,117,77,71,89,244,242,129,94,154,113
221,66,235,74,111,114,17,138,33,79,206,156,196,157,205,26,215
222,54,230,189,80,173,3,124,83,107,208,148,58,218,82,63,34
223,252,196,114,215,156,32,44,246,29,108,169,190,249,248,228,141
224,230,83,145,143,112,139,148,58,34,88,124,45,198,82,222,212
225,250,34,63,199,45,91,30,3,236,37,233,82,198,23,230,241
226,159,193,191,192,121,149,95,46,207,232,47,210,15,216,167,38
227,215,156,196,66,138,157,84,248,29,127,108,234,24,213,44,141
228,248,215,13,172,29,156,223,204,32,74,57,51,254,169,17,246
229,191,167,193,174,72,9,149,159,183,38,40,47,95,232,226,46
230,88,3,8,239,250,173,73,82,54,107,199,76,34,145,58,222
231,188,55,94,118,186,117,1,219,41,129,68,185,201,43,255,67
232,167,191,178,193,149,95,40,176,153,165,47,90,207,35,226,209
233,76,131,82,34,54,3,137,236,173,241,58,8,230,10,30,96
234,196,215,84,235,29,81,32,141,60,28,97,195,252,79,160,33
235,33,111,234,196,28,29,140,138,221,157,81,245,114,74,215,26
236,34,58,6,80,63,54,148,10,233,151,187,37,3,132,135,208
237,193,121,123,167,90,149,78,15,216,47,163,183,232,100,98,61
238,67,102,117,99,94,219,50,41,128,25,20,55,31,150,240,119
239,8,230,7,198,10,75,11,189,63,250,80,109,6,116,112,3
240,41,200,188,19,117,203,89,185,85,129,186,55,119,101,255,52
241,233,230,8,37,144,45,7,239,131,96,63,173,3,54,23,30
242,41,118,25,211,253,220,48,94,129,77,188,244,50,200,255,231
243,98,209,207,217,184,155,40,191,149,122,93,167,9,120,181,161
244,201,85,89,253,67,119,128,117,219,185,94,43,200,25,102,175
245,196,141,215,235,234,84,114,33,157,205,251,110,169,227,156,29
246,204,196,114,14,215,223,28,74,197,97,160,248,66,254,169,190
247,1,118,188,200,77,94,115,117,85,129,55,18,255,128,219,186
248,215,29,57,204,228,157,44,13,196,140,2,108,169,26,138,156
249,196,108,140,172,156,215,252,13,97,223,74,33,114,2,70,248
250,230,83,3,225,124,239,76,80,58,109,10,134,82,54,208,53
251,215,171,196,169,33,2,108,254,157,252,234,29,111,138,140,28
252,196,215,44,223,202,74,249,197,110,234,156,29,114,136,205,108
253,77,71,101,244,219,185,201,56,16,27,18,177,242,129,55,117
254,196,171,26,140,33,156,158,246,29,251,169,215,114,24,223,66
255,41,67,150,71,188,185,52,55,200,113,48,240,118,247,129,231
