0,218,34,129,87,229,149,47,141
1,96,85,254,166,43,97,104,201
2,28,188,50,249,39,94,220,171
3,89,103,98,90,168,226,68,107
4,104,254,166,29,63,106,201,187
5,202,160,205,154,249,53,161,39
6,164,120,196,243,70,23,237,200
7,79,162,180,241,88,209,108,55
8,54,234,213,134,210,163,236,93
9,80,67,100,78,32,189,131,167
10,195,12,93,112,113,232,185,73
11,35,70,62,107,68,226,24,90
12,195,10,113,232,93,185,112,213
13,119,36,59,46,72,224,148,137
14,175,194,81,155,191,122,121,208
15,123,65,183,25,214,132,16,24
16,25,91,146,15,214,248,167,123
17,84,144,229,239,34,218,0,76
18,217,23,110,181,128,238,62,3
19,55,248,170,241,79,108,57,7
20,156,225,48,147,136,82,204,192
21,94,152,115,249,154,188,138,2
22,220,50,169,172,28,159,188,2
23,120,18,70,6,62,243,164,246
24,65,226,133,107,11,68,35,92
25,16,15,91,146,214,183,123,248
26,53,161,215,207,52,124,31,251
27,186,29,4,104,201,166,190,254
28,2,50,188,220,39,22,171,169
29,201,4,166,104,27,254,43,1
30,77,142,200,237,243,45,240,203
31,251,124,207,52,197,161,138,53
32,189,167,235,25,16,80,183,91
33,173,69,116,73,97,112,93,10
34,218,0,229,129,87,149,47,239
35,11,70,62,107,68,226,24,90
36,13,224,148,59,72,119,46,153
37,60,40,66,247,121,127,155,41
38,51,71,83,192,212,193,145,205
39,102,50,220,28,2,249,160,188
40,66,41,121,127,37,119,60,155
41,121,66,40,137,155,119,127,194
42,170,130,51,19,38,248,146,55
43,201,166,1,96,85,254,97,104
44,101,185,232,143,112,12,10,195
45,56,237,142,30,246,240,77,129
46,72,59,253,36,148,224,64,13
47,149,141,87,0,34,129,218,76
48,156,225,147,20,219,215,99,177
49,255,244,115,138,158,152,21,197
50,220,28,2,22,39,188,102,169
51,38,192,71,83,193,212,82,145
52,31,197,251,161,124,207,53,138
53,161,202,52,26,5,31,251,124
54,8,134,234,163,236,213,210,73
55,79,241,19,7,162,57,108,248
56,246,237,135,45,243,30,23,142
57,220,102,22,50,172,39,55,162
58,114,198,101,231,44,222,185,232
59,72,46,148,224,253,36,153,64
60,37,247,66,155,40,121,222,194
61,211,191,235,165,81,247,194,32
62,107,68,226,35,3,11,103,90
63,178,106,140,252,4,84,187,17
64,253,242,72,46,59,153,118,148
65,123,24,90,226,103,15,132,68
66,40,41,121,127,37,155,119,60
67,78,100,131,9,80,167,189,32
68,107,226,62,90,103,3,35,11
69,33,43,173,96,1,201,97,116
70,35,11,120,62,23,107,196,68
71,212,193,38,83,145,205,192,51
72,59,46,253,148,224,36,153,64
73,116,234,93,134,213,8,54,173
74,158,238,110,217,105,128,152,49
75,117,216,109,151,250,153,224,148
76,239,144,149,47,228,141,34,87
77,142,30,200,240,203,237,199,45
78,67,100,131,9,167,80,189,130
79,241,7,162,108,55,180,209,88
80,9,67,78,100,32,189,167,131
81,194,155,14,175,191,121,211,41
82,204,83,192,145,193,212,71,205
83,192,82,145,204,71,193,212,38
84,17,229,144,239,34,218,0,76
85,96,1,187,254,97,104,166,43
86,182,105,174,169,171,159,128,172
87,47,141,149,129,0,34,218,135
88,162,180,7,172,159,79,241,22
89,3,168,98,103,184,90,176,206
90,103,226,3,68,107,98,89,132
91,146,16,248,214,25,170,19,108
92,227,133,208,139,122,126,157,183
93,213,234,195,113,73,12,10,8
94,21,188,152,171,2,249,28,154
95,137,157,119,196,250,126,13,151
96,1,85,97,254,43,166,104,187
97,96,85,1,134,116,73,187,54
98,184,89,168,3,103,125,90,206
99,219,177,215,150,26,179,147,207
100,78,67,9,131,80,167,136,189
101,58,185,114,232,44,64,198,113
102,39,220,50,28,2,57,22,205
103,90,3,226,68,98,89,107,132
104,254,4,166,201,1,85,96,187
105,86,182,171,158,152,169,94,188
106,140,63,252,187,178,254,104,4
107,68,226,62,90,103,35,3,11
108,209,233,241,79,7,214,55,125
109,75,117,118,153,148,224,242,210
110,217,238,74,18,128,181,135,158
111,221,178,17,223,84,144,63,230
112,10,195,143,12,173,93,44,185
113,232,12,210,93,195,213,185,10
114,58,198,101,231,222,37,127,247
115,255,138,244,152,21,49,94,197
116,73,93,234,173,134,54,8,213
117,75,224,153,148,109,250,36,151
118,242,210,109,153,253,64,148,224
119,13,36,137,46,95,72,59,224
120,6,23,164,70,243,196,35,11
121,41,66,40,155,194,81,137,37
122,227,208,92,139,183,133,126,175
123,65,132,15,125,90,103,226,24
124,207,251,31,52,197,161,179,150
125,132,184,206,233,98,209,108,168
126,157,133,139,208,92,227,137,122
127,40,66,46,72,41,59,13,253
128,181,174,238,86,182,105,176,217
129,0,218,87,34,229,47,149,141
130,42,170,146,19,248,91,51,167
131,130,136,78,67,42,167,100,170
132,125,184,98,123,233,90,103,206
133,92,139,208,227,126,157,122,24
134,54,8,234,163,236,213,73,116
135,246,56,141,87,47,149,129,217
136,131,20,130,51,192,42,82,83
137,119,157,95,126,13,41,139,121
138,197,115,244,255,21,154,52,251
139,208,133,92,126,227,157,122,137
140,106,252,63,178,187,229,84,17
141,47,149,87,135,0,129,34,218
142,77,30,240,200,199,45,203,237
143,112,44,10,195,12,173,185,232
144,239,76,17,84,34,229,149,228
145,204,193,212,83,82,205,71,192
146,91,248,16,170,214,19,25,130
147,225,156,219,99,215,177,48,26
148,224,153,59,72,36,117,46,253
149,47,141,87,34,0,76,239,129
150,179,177,207,124,31,251,99,219
151,250,216,75,117,196,164,6,109
152,21,94,115,158,171,105,188,138
153,148,224,117,59,242,72,253,109
154,249,160,21,2,5,94,138,39
155,194,81,14,121,175,191,41,66
156,225,147,48,219,99,215,20,177
157,126,133,139,208,137,92,95,227
158,152,105,74,115,49,21,94,171
159,172,169,88,22,180,162,182,86
160,154,249,5,39,2,202,28,94
161,53,52,26,202,31,251,124,207
162,88,180,7,79,241,172,159,55
163,236,54,134,203,8,234,216,213
164,6,196,120,243,70,151,23,250
165,231,222,247,60,37,211,114,198
166,201,104,254,43,1,96,85,4
167,146,189,16,91,130,25,170,248
168,89,98,176,3,184,206,174,181
169,22,171,172,159,188,182,28,50
170,42,130,19,248,146,91,55,51
171,188,169,94,28,2,182,50,105
172,159,22,169,88,162,180,220,50
173,33,116,73,112,10,93,195,12
174,176,128,181,86,182,168,206,159
175,14,81,194,155,191,235,122,208
176,206,174,168,184,98,89,180,125
177,99,219,215,150,179,26,207,124
178,63,140,106,111,17,84,221,252
179,150,207,124,177,31,251,26,99
180,88,162,7,79,159,172,241,206
181,128,174,168,89,176,238,18,3
182,86,105,169,171,159,174,172,188
183,122,227,92,15,208,133,65,139
184,206,98,125,168,176,132,89,3
185,232,113,12,195,101,10,44,93
186,27,4,29,178,223,63,104,221
187,85,252,106,254,140,199,96,1
188,2,28,171,94,50,169,220,22
189,32,167,25,16,91,146,235,183
190,29,201,43,166,69,27,104,1
191,81,194,211,175,155,14,235,60
192,83,82,204,145,71,38,51,193
193,212,145,71,205,83,204,202,192
194,81,155,14,175,191,121,41,211
195,10,12,93,113,232,112,185,213
196,164,6,120,70,151,250,95,11
197,52,138,251,31,124,207,244,154
198,58,114,101,231,222,44,165,247
199,240,142,77,203,45,30,200,252
200,30,77,142,243,237,203,216,6
201,166,43,104,1,96,29,254,4
202,5,205,53,161,160,212,193,145
203,77,236,163,142,199,240,200,30
204,82,145,83,192,193,212,71,205
205,212,193,5,202,145,71,102,39
206,184,176,125,98,168,180,233,7
207,124,31,251,52,197,179,161,150
208,139,92,227,133,122,126,157,183
209,108,233,241,79,7,214,125,206
210,213,118,113,8,109,242,234,93
211,191,81,194,155,235,175,14,60
212,193,205,71,145,83,202,5,204
213,234,210,8,93,54,113,134,118
214,233,108,209,248,241,125,132,79
215,219,99,177,26,179,150,53,161
216,75,151,250,117,109,200,236,163
217,110,238,18,128,74,181,135,23
218,0,34,229,129,87,149,47,141
219,99,215,177,26,150,179,147,207
220,50,22,28,102,39,2,188,169
221,111,223,178,17,230,84,144,63
222,231,247,165,60,37,114,198,58
223,221,111,178,17,63,230,84,144
224,148,153,59,72,36,117,46,253
225,156,147,48,219,99,215,177,20
226,68,107,90,103,62,3,89,35
227,92,208,122,133,139,183,126,157
228,245,230,76,144,239,149,49,47
229,218,34,0,129,84,17,87,239
230,228,245,144,76,239,17,84,149
231,222,165,247,114,60,37,198,58
232,185,113,12,195,10,210,101,93
233,209,108,125,241,214,79,132,206
234,8,213,54,134,93,73,210,116
235,175,191,14,81,194,211,122,155
236,163,54,203,134,8,234,216,213
237,243,56,30,246,45,200,142,77
238,110,217,128,74,181,105,86,158
239,144,76,34,149,84,47,17,229
240,199,142,77,203,45,30,200,237
241,79,7,108,209,55,162,180,233
242,118,253,64,153,59,72,148,224
243,237,6,30,120,164,200,56,23
244,255,115,138,49,197,251,31,124
245,228,230,76,49,144,239,255,244
246,56,135,237,45,243,141,23,87
247,222,60,37,231,165,211,155,191
248,19,55,214,91,108,146,241,170
249,154,160,2,94,21,28,39,188
250,151,75,117,216,196,95,224,148
251,31,124,207,52,197,161,138,244
252,140,106,187,199,240,229,218,129
253,64,72,59,46,242,153,148,224
254,104,85,166,1,96,187,4,201
255,244,115,49,138,197,251,21,31
