0,0.1046432627255074
1,0.09523706957480182
2,0.09930759267154853
3,0.07780763720416692
4,0.09498519782163142
5,0.1166628306698417
6,0.08856159211686412
7,0.11878646767301759
8,0.12544450231901563
9,0.07687214111640919
10,0.09095651218655593
11,0.09073030059582891
12,0.12321376320843674
13,0.10341993742050813
14,0.10020420032191282
15,0.13222202219928383
16,0.12569219913169966
17,0.09808779658544982
18,0.11993642050342664
19,0.09380140020654071
20,0.12830312557242907
21,0.12822831593404027
22,0.12055290323960466
23,0.08236938911327917
24,0.06068382347282359
25,0.10648873911386109
26,0.08364535047841261
27,0.08701506273985926
28,0.10079291630158013
29,0.09106500473129336
30,0.09048225992592035
31,0.09638685122106247
32,0.0598660615753981
33,0.10085124822319193
34,0.11618136446605443
35,0.12172699784546465
36,0.1401780485203307
37,0.10666185555367334
38,0.07857597607334807
39,0.11249172945115463
40,0.07776521185374569
41,0.11425991586843322
42,0.07020981338628496
43,0.0857221701286934
44,0.10222332586681193
45,0.1021282403614113
46,0.1075100654692487
47,0.08648797131292128
48,0.08839176052611998
49,0.08881474892607168
50,0.08715374281372011
51,0.11080231134535713
52,0.10565585260395256
53,0.14128484978592012
54,0.11482474915172322
55,0.13529267788687813
56,0.09563246283273322
57,0.10717218183803426
58,0.0668905218539694
59,0.08392922838498362
60,0.09473414540359108
61,0.08980599509992188
62,0.11469632276160759
63,0.09550960377839078
64,0.10016138343822976
65,0.12578944275432258
66,0.05923141461098282
67,0.08932032470827732
68,0.14534626591485597
69,0.08922299399253439
70,0.10175481634459278
71,0.07968930900840511
72,0.10115700577085202
73,0.13227845563139012
74,0.09120345690561987
75,0.06784595520411962
76,0.07137519254398189
77,0.13547532321392922
78,0.052899296413023586
79,0.07088539473388068
80,0.09818972344667244
81,0.0814781111229293
82,0.07801342949138869
83,0.09107439911191308
84,0.10852448774522513
85,0.08231735196967281
86,0.09668270861354254
87,0.11623042794541999
88,0.05845434956138959
89,0.12113279654322381
90,0.14550424737988432
91,0.11097120903509562
92,0.09952984521906734
93,0.13738701664539643
94,0.08313840534089581
95,0.08411053361671557
96,0.1251052233191131
97,0.10914157387375037
98,0.08972639199423146
99,0.09612644968957944
100,0.11334445676562066
101,0.09882667443300631
102,0.08002606720064595
103,0.12834301180629443
104,0.1051916223206291
105,0.1226996467150106
106,0.11061563752996781
107,0.08454306970404986
108,0.09552687413852476
109,0.10276887775696238
110,0.1423084028083573
111,0.10559338687325952
112,0.09316506784328034
113,0.08607966810101836
114,0.11963841898011775
115,0.056118299670263154
116,0.10275392077613374
117,0.09117408756319127
118,0.14046937010195826
119,0.08049017985840927
120,0.11324596702152294
121,0.10526506563666947
122,0.0864012170400823
123,0.12915169817193556
124,0.11596239243973626
125,0.12186576112581875
126,0.07069108491614348
127,0.08797928050974353
128,0.08691634772767022
129,0.1565069879905126
130,0.08160311683730859
131,0.08159432984681428
132,0.0706937039837775
133,0.13343741660905967
134,0.11494474067877553
135,0.12076903810404696
136,0.09710077236008767
137,0.09554035819717017
138,0.1557055092119106
139,0.1060398269330027
140,0.07875347508535395
141,0.0807273993935197
142,0.11273347193286969
143,0.06509340640420766
144,0.09095016060542854
145,0.10152707441643054
146,0.07290805446412671
147,0.07964303186311217
148,0.11671751417634675
149,0.10644470340399577
150,0.11448210829488355
151,0.1301968508536655
152,0.09283338997318864
153,0.12439915112507831
154,0.08156428623270527
155,0.10082290785737853
156,0.10788809619692638
157,0.09910811557597392
158,0.12086652108854705
159,0.09010760710770872
160,0.10408835871526294
161,0.13853154650044944
162,0.0969910798785657
163,0.10261295845163783
164,0.08602658295952394
165,0.12791661680063357
166,0.08278814457404805
167,0.13677905656864972
168,0.08483487305562865
169,0.10596511499592497
170,0.1158325766262715
171,0.09149310069996942
172,0.13986362389952586
173,0.08261145707541628
174,0.11795178479006042
175,0.08651505164106274
176,0.11524699039049571
177,0.09703805338499094
178,0.1020855009057013
179,0.09421271167364692
180,0.09600498426849981
181,0.08945791278666464
182,0.09849762436096234
183,0.07982762096262759
184,0.07788407241357528
185,0.14743490201841314
186,0.1454529868680997
187,0.11019908756063479
188,0.15136725875149198
189,0.13457110492978577
190,0.12985394121583965
191,0.11168054684864817
192,0.07965340987007885
193,0.07577377180508611
194,0.06077207325851951
195,0.10702390419051946
196,0.16298627923896736
197,0.07952636492391547
198,0.0964494934157855
199,0.12408510950064557
200,0.10331594633390435
201,0.10285520353468525
202,0.13856024191567742
203,0.07285543681602352
204,0.12353989154136116
205,0.1226435659119958
206,0.10244411729556555
207,0.0932090955256961
208,0.09689301737613297
209,0.10860995788397175
210,0.0724735091243419
211,0.13101777139185564
212,0.128738250932134
213,0.096175343689071
214,0.09749569003259671
215,0.10912443568393639
216,0.07952279099675036
217,0.10138555189998016
218,0.10923300612975986
219,0.10701009741555934
220,0.10018712812107347
221,0.10291180725677565
222,0.10438515931452894
223,0.1306229310097059
224,0.13321378398226025
225,0.09635212167247112
226,0.08933687317927784
227,0.13410108058588857
228,0.09734685731054969
229,0.09307198379762971
230,0.137719955941588
231,0.09983919011381208
232,0.11215549326383825
233,0.07402010168302872
234,0.07995768541749593
235,0.09325757913999969
236,0.10470339828220086
237,0.12622474879444326
238,0.12221166772147199
239,0.07076660976423398
240,0.09671169375724864
241,0.1219768424649581
242,0.11314853480059112
243,0.14932689018699527
244,0.1302842491485594
245,0.1103148478004806
246,0.13611457589359352
247,0.11668352246368385
248,0.08439569295170503
249,0.08132258060079439
250,0.09675957726274842
251,0.07348325019378646
252,0.12983017185414822
253,0.11278441887097673
254,0.08048732366543654
255,0.11943429017732808
256,0.11104545483084403
257,0.08516503058167875
258,0.09762589804360079
259,0.08415790383524237
260,0.09506738801915748
261,0.07553482044697377
262,0.06726386701111367
263,0.10138549411018981
264,0.14872328402165272
265,0.1342849988487593
266,0.09225031629554137
267,0.12637260025109578
268,0.09833850883973193
269,0.09106126277374052
270,0.06755044058627405
271,0.12439515353586246
272,0.13525036747139643
273,0.09588207379335222
274,0.1023501874882425
275,0.13054799594660396
276,0.08116289198997352
277,0.11792676151050871
278,0.08322382720605359
279,0.13221561996877154
280,0.12254887700423536
281,0.11038915808184074
282,0.10229740640132208
283,0.12024271233152087
284,0.12154935204991371
285,0.06581817045656041
286,0.14650591106486313
287,0.08477635076742739
288,0.08682295434084701
289,0.06131357578174448
290,0.0934469839446682
291,0.12888979108496007
292,0.08017805793886028
293,0.1378064259153715
294,0.10305224574542153
295,0.10175940364832511
296,0.08382276317026559
297,0.10808680422484639
298,0.09117782077351302
299,0.1367032067963245
300,0.10630278959620353
301,0.0607835544551494
302,0.14412458744980752
303,0.1405874262893202
304,0.11561367208062567
305,0.08413136984551622
306,0.13379667408624063
307,0.08577102375950353
308,0.13146115415165216
309,0.07538505294303256
310,0.08345954967828517
311,0.10995419586927596
312,0.08742352596850039
313,0.12680845849876374
314,0.1137154830218159
315,0.1267099169092476
316,0.0826200604625055
317,0.11443037708907376
318,0.0812456027683218
319,0.09962375841696613
320,0.10913186040010732
321,0.1263414485633802
322,0.09046648741534447
323,0.13036938173111226
324,0.08840553814608716
325,0.14694361112135743
326,0.10348205886328311
327,0.11189013748439418
328,0.15705430154385222
329,0.12211060664113957
330,0.08963283845167559
331,0.12123880636210443
332,0.11055931230604149
333,0.11749270862925466
334,0.06810648462583976
335,0.11495467900403075
336,0.13475823068720869
337,0.11769776188773094
338,0.08805109835041543
339,0.0798258211069753
340,0.14132588604421442
341,0.14401587907193117
342,0.1248472463776889
343,0.0879228805927001
344,0.13024674893845722
345,0.057478258411932895
346,0.09767331726198603
347,0.11199777081199061
348,0.09692334891220517
349,0.11886965472569357
350,0.09300732203475942
351,0.12012941895855753
352,0.13121925611368437
353,0.11473136235333166
354,0.07804325007650287
355,0.12535522095703652
356,0.09093297461625889
357,0.07652006237662988
358,0.0938407056589983
359,0.0874967674339902
360,0.1343949976353253
361,0.1170418337046342
362,0.12241397544095509
363,0.07906931432849772
364,0.10451444245554291
365,0.08473893988364369
366,0.13806795540260283
367,0.1274159738096037
368,0.08503039992544328
369,0.0948222478874623
370,0.09487670383177961
371,0.10781752194234348
372,0.09203652713067817
373,0.1270594372652218
374,0.11913414125763405
375,0.10513908994128633
376,0.08301003425497397
377,0.09901631436912639
378,0.10313918817302552
379,0.07544793950677726
380,0.08368635318055644
381,0.10634335168551934
382,0.13597484390451875
383,0.10699008420193018
384,0.11585093973026818
385,0.08551147547216456
386,0.11842718298125672
387,0.11134101257463172
388,0.10876953155553479
389,0.07746063052490688
390,0.09959943862006142
391,0.13620956879738116
392,0.07895119929212661
393,0.14915183660273953
394,0.10162495869336573
395,0.12866142421161875
396,0.09035144143885658
397,0.12666173760130248
398,0.11089069999596389
399,0.0847528114139059
400,0.10498964558355801
401,0.13079742963847463
402,0.09561091087120747
403,0.12181346396573291
404,0.05871191580651827
405,0.09886696675680014
406,0.12949286365860893
407,0.10453083692671923
408,0.11046498187929407
409,0.12937160998397831
410,0.11918942582044699
411,0.09622999303961123
412,0.08779872332947414
413,0.1176692272536747
414,0.13436880411996335
415,0.11891368026382707
416,0.0691362742033945
417,0.07492730381988082
418,0.08623400824209791
419,0.06641332307313853
420,0.1112095497925119
421,0.10744775985713766
422,0.10438515931452891
423,0.10380191748363599
424,0.10271083295158438
425,0.0948676283691161
426,0.12895316210196242
427,0.130547995946604
428,0.1319063403111483
429,0.09565357398874909
430,0.1094234339856853
431,0.06707951779498182
432,0.10262920726459546
433,0.09719286469209151
434,0.10411803965220838
435,0.08891549027594661
436,0.12619937505743267
437,0.105584984482183
438,0.12573423969275854
439,0.10194386762766487
440,0.07508373701342393
441,0.1129479924004348
442,0.11992719440638039
443,0.08683851915595979
444,0.10419712082196524
445,0.08286044743883372
446,0.10698262222397467
447,0.0982832779438597
448,0.07075032158253092
449,0.09227539508812099
450,0.09404538818239364
451,0.14114560892017447
452,0.08232746605254969
453,0.11898742220430811
454,0.10261581899424671
455,0.095116472688099
456,0.08534473072319543
457,0.10962361960325206
458,0.11821353200593726
459,0.090049087974606
460,0.12528288768713872
461,0.11646055155072195
462,0.058091607156444076
463,0.12127057748111815
464,0.1034637405388163
465,0.06539358393523377
466,0.07622653588951306
467,0.11883498684879057
468,0.1321452417289433
469,0.11275047772249307
470,0.08275566412258942
471,0.11484131074266966
472,0.08557456039446422
473,0.07938128226151822
474,0.14042797500541437
475,0.09733851778748877
476,0.1492402309343652
477,0.1298416395471311
478,0.10103953672643455
479,0.09138715106081076
480,0.08492810550908257
481,0.08133796104164943
482,0.08607313289518047
483,0.10457463000981838
484,0.09043550286320347
485,0.14600299617425183
486,0.12749569461810684
487,0.09376501229529421
488,0.12783109537708864
489,0.08135936772642281
490,0.1058700489097756
491,0.0962406248653129
492,0.06019750591428736
493,0.12925821322620634
494,0.14454869238488688
495,0.0965898074621507
496,0.05941317788197664
497,0.08738487805909025
498,0.07567675190475756
499,0.10368777415451605
500,0.07423510749721834
501,0.1525422707406079
502,0.10438515931452891
503,0.11017049710627973
504,0.09549384989864809
505,0.10237164148991076
506,0.11170402086765087
507,0.11898892788136366
508,0.08219181346143607
509,0.09030909744849784
510,0.1273332672198332
511,0.12162270969401102
512,0.09871839607218405
513,0.10376895209720466
514,0.11809885213036891
515,0.13929265090746853
516,0.15328236773399245
517,0.08743789001958228
518,0.05760284795032002
519,0.07531301346418112
520,0.12280496559753945
521,0.09931759328790213
522,0.09305577733551959
523,0.10191677934848435
524,0.1099030177773673
525,0.0896798156141834
526,0.13624383289177358
527,0.0987622549917649
528,0.10200796048238732
529,0.13578127595701883
530,0.10817250283241636
531,0.12215763911147827
532,0.08858936339160363
533,0.1471602175220828
534,0.09298757991693248
535,0.13434619080106586
536,0.1026884399268621
537,0.09390848282443642
538,0.07537769223303048
539,0.11706446287799291
540,0.06470224509860374
541,0.08227911047629502
542,0.07449279333615645
543,0.059574063804882026
544,0.11371116072344922
545,0.12007628848228022
546,0.11634938526914733
547,0.09711835027135256
548,0.07184108598085769
549,0.07285400177608557
550,0.07606974961692745
551,0.11018583122292308
552,0.09219962290225084
553,0.09922134723757232
554,0.10389863332245138
555,0.10211353158049327
556,0.14074116615809892
557,0.09602939221430978
558,0.0892212970024436
559,0.08674791030703588
560,0.11706647624016418
561,0.1128636543094014
562,0.09736280097432323
563,0.10577730820574227
564,0.09261473552556254
565,0.10655094952615672
566,0.12095449689000115
567,0.0848932221744387
568,0.12444616290196135
569,0.1114327124766968
570,0.12529353846388513
571,0.05446689866403768
572,0.10864392856586115
573,0.09433544947268122
574,0.1228939203187377
575,0.12456097731458642
576,0.10636301608142527
577,0.1363077746447615
578,0.08415352015730333
579,0.08155271380980036
580,0.09576763339234994
581,0.13965132064979202
582,0.12102346098752145
583,0.11257208955395226
584,0.08416558271139127
585,0.112195011660299
586,0.12441068279397868
587,0.10191767595382259
588,0.09694622870774074
589,0.12673480214279373
590,0.10013795871797149
591,0.11396419245729879
592,0.10294893119106151
593,0.08315281878173038
594,0.0824341682134261
595,0.1432875389273994
596,0.10060702516667269
597,0.11734976117738147
598,0.09006774366426698
599,0.06378781884454604
600,0.07051592402592097
601,0.11978218810660163
602,0.09874344556301326
603,0.1233643807099962
604,0.13648946309251242
605,0.12751848782228323
606,0.0982067989734612
607,0.10660801560888275
608,0.10612874596302352
609,0.09231883442146917
610,0.12587144305928277
611,0.07217956097874148
612,0.12110558648148052
613,0.11279525894486112
614,0.08125907845820046
615,0.09183319470128588
616,0.10291639721578014
617,0.09189086730163458
618,0.11530311600976205
619,0.12070376102868242
620,0.061151129969422284
621,0.13054799594660393
622,0.13340037495601545
623,0.09342218836307781
624,0.09022167714478675
625,0.12341436523243532
626,0.12991037681584414
627,0.12116259950488507
628,0.08975505489597935
629,0.10813891629884852
630,0.12422146337726321
631,0.0850817933703843
632,0.10186928176047101
633,0.10083618108811784
634,0.1030461994139563
635,0.10563935566737861
636,0.09311923810239982
637,0.13301904215561225
638,0.11075381325865476
639,0.09001711229193893
640,0.0805245293623714
641,0.1319061457725498
642,0.12611710723694494
643,0.0621148591191695
644,0.13776360723099518
645,0.1145649501540883
646,0.09611366136305324
647,0.10185154083884611
648,0.12325542245596535
649,0.06671575666636075
650,0.0660068981414214
651,0.08658886461615219
652,0.10833929407367335
653,0.08023806197548944
654,0.11504132883467076
655,0.12585693329157865
656,0.10144851064168937
657,0.10231001800931545
658,0.1166880528449896
659,0.1231296106225051
660,0.11820646790743843
661,0.12599835310964422
662,0.07072497214271167
663,0.09761208979705131
664,0.10337560749871703
665,0.11619535347869094
666,0.11817071125399294
667,0.07730622094135114
668,0.09416498225631327
669,0.13843311442754716
670,0.12838018268161835
671,0.10106194145851144
672,0.07512884910589485
673,0.07630034749069242
674,0.1129381332488189
675,0.12059497822756443
676,0.0829473240904127
677,0.12507856313175156
678,0.06191778521640852
679,0.09346974044887611
680,0.06073812081383475
681,0.13386750139971035
682,0.1303811797420796
683,0.10624241254469387
684,0.1255168552695742
685,0.10839146669371513
686,0.07889799879077816
687,0.10443670640663953
688,0.13897213651677467
689,0.07530597235103156
690,0.09074718448358862
691,0.07526333022365565
692,0.08078133766627948
693,0.08143350896841561
694,0.10594348688849442
695,0.10002844179681258
696,0.10642325799220814
697,0.12935090013434147
698,0.12847823564031063
699,0.08474462036651054
700,0.13965132064979202
701,0.10575590192138677
702,0.0654769068802005
703,0.07110195609912873
704,0.07234987978698404
705,0.09922780104997962
706,0.14608561793694158
707,0.1228717494543403
708,0.12566261655634475
709,0.06891274113311807
710,0.10206594186371579
711,0.1010611327850248
712,0.0847049097798926
713,0.1044265349762171
714,0.09363641504838564
715,0.12813308793247347
716,0.1423632214695461
717,0.14384800248159718
718,0.14978009551751886
719,0.0996022428169825
720,0.08217473208176258
721,0.10560297173224412
722,0.0725418204522825
723,0.08672834760803602
724,0.1298021591491669
725,0.10629008477826277
726,0.11379905705394819
727,0.09092628754794913
728,0.12154096368596594
729,0.11664163343089946
730,0.06318625800322998
731,0.12450730548241583
732,0.10749456522626404
733,0.09956243784249293
734,0.13377097831551088
735,0.07222133057898902
736,0.11991459981133992
737,0.12438336148301002
738,0.10996229893915321
739,0.08187589730825849
740,0.13533752797238716
741,0.11861942022274921
742,0.16682299842868015
743,0.06001332881158912
744,0.13452870422198973
745,0.06109194635143295
746,0.10186360964788926
747,0.09753470554834806
748,0.11941965544672328
749,0.12696965763904972
750,0.09868522697077022
751,0.12440769097811293
752,0.06964360206263127
753,0.05512124347348972
754,0.07196210630594671
755,0.09511829542267095
756,0.08486205077672418
757,0.06978715638704254
758,0.11593027565182121
759,0.11655134032350363
760,0.10001874150211602
761,0.10876953155553482
762,0.13435243663484125
763,0.10088766458494292
764,0.09970168473784044
765,0.12742197763055021
766,0.09809320491487343
767,0.09192932960406995
768,0.10075434398250291
769,0.10936485054494398
770,0.12630536755868788
771,0.10063179403527821
772,0.12457764266765174
773,0.12123896630353379
774,0.10999765463200968
775,0.11870723705225948
776,0.13717634511977425
777,0.09076108055048754
778,0.08102567646226182
779,0.13840240787919875
780,0.12801076365393307
781,0.07158050314873955
782,0.10722858877256232
783,0.12754309610368658
784,0.07238189855034745
785,0.14324777985596823
786,0.09418906185783821
787,0.0719300758492361
788,0.11983647785434197
789,0.11279578799953044
790,0.10318524392958953
791,0.08698584331477553
792,0.11416301397185895
793,0.10519122946561633
794,0.11273792420099503
795,0.10113473678370691
796,0.12511690942208445
797,0.09676767421298466
798,0.08398235121494593
799,0.0888520386774399
800,0.11784320803452701
801,0.12160588307821493
802,0.10438515931452891
803,0.1265901690262317
804,0.12267413469393634
805,0.0825108346893995
806,0.10212837299348533
807,0.11724418880723192
808,0.10781587556214844
809,0.07943882785743177
810,0.10876530940792221
811,0.061535155933457084
812,0.13776132385662856
813,0.08379325121945674
814,0.11229613519938678
815,0.112366708258056
816,0.10726136483822749
817,0.0830316781862309
818,0.12391368499702057
819,0.11915867201789852
820,0.10652530741769628
821,0.08411425716511681
822,0.0615852649204729
823,0.08421343433285963
824,0.06648347625392524
825,0.05636471500405783
826,0.13591133848451162
827,0.09090998352723718
828,0.09123041031089335
829,0.06906392791045743
830,0.11117517853163587
831,0.08381022883223856
832,0.10463885234688662
833,0.097424697036635
834,0.11005666121063121
835,0.11594604313276563
836,0.08647571320581515
837,0.07429083310443862
838,0.10511319424135052
839,0.09198742998471704
840,0.07266494460800274
841,0.12383139227710255
842,0.12418546723029049
843,0.1298416395471311
844,0.11697116820302936
845,0.09968010967008499
846,0.09549748087823226
847,0.1032784589738885
848,0.0889406060825507
849,0.08473091287006122
850,0.13897239627559443
851,0.10003519982163968
852,0.10796589811254881
853,0.11920937102106577
854,0.05969686611545962
855,0.08306532025528561
856,0.10693287883026475
857,0.08624552771853107
858,0.09748230461368786
859,0.06826059699397992
860,0.08753584639110813
861,0.09579526376627463
862,0.14206880398406999
863,0.11196697691259519
864,0.1311278646075643
865,0.07860500035628734
866,0.09856131170736421
867,0.09262727882701177
868,0.04862665341824557
869,0.13055949494019067
870,0.15926476852643534
871,0.08369516958084092
872,0.11463883999929006
873,0.10237422609865443
874,0.1077980844236637
875,0.11062517651407622
876,0.09325415572730494
877,0.08609257253361005
878,0.10892170714357438
879,0.15001111966897204
880,0.11998794771377501
881,0.05915682739295675
882,0.10054121841659114
883,0.10616593117999086
884,0.11279655108759638
885,0.1082801379383525
886,0.07319091476932939
887,0.10568143236317047
888,0.09065930031237124
889,0.07956182171987257
890,0.09240760651061741
891,0.1009175005782058
892,0.12554065514555618
893,0.11329780511909093
894,0.06668079397044022
895,0.12574462167914965
896,0.1292019767356662
897,0.08987344301429295
898,0.07307376885065979
899,0.10909284374633842
900,0.10765430465846568
901,0.09782182041604118
902,0.08438978676040228
903,0.08522845029854278
904,0.11142247488234858
905,0.08659371819403115
906,0.12154601079400888
907,0.08177773492495631
908,0.1312141022504352
909,0.12136486337987223
910,0.07388728127460649
911,0.07440711194546319
912,0.07907332542980941
913,0.11830753393213601
914,0.07779961840670048
915,0.09946905120376848
916,0.08131854717807936
917,0.13832384972049347
918,0.14659602175940664
919,0.08586528261115885
920,0.10736421066640674
921,0.10118894574522776
922,0.10355674570502119
923,0.06326431912265236
924,0.08831875202864407
925,0.09729825534586722
926,0.13708052075824498
927,0.09497599045161317
928,0.14900844329905946
929,0.08589672554856914
930,0.14394959963665277
931,0.0800079622728811
932,0.08545229405492934
933,0.0709073443404337
934,0.09278992810730548
935,0.11692419129205825
936,0.12119861476847657
937,0.0783142176831234
938,0.08397618779923162
939,0.12586190016220652
940,0.086710368659055
941,0.1273332672198332
942,0.10731291580329791
943,0.10701949526593772
944,0.09228135799787189
945,0.13169893869283497
946,0.11270110807501242
947,0.08036165896440024
948,0.09427424276028709
949,0.06183547026740837
950,0.09097119923777276
951,0.11758481663505929
952,0.09626004046128307
953,0.06581446812539075
954,0.1312480791266945
955,0.12335581587374911
956,0.13004413669158302
957,0.10264270037750896
958,0.09005360175381899
959,0.09213568521763714
960,0.09259899369640898
961,0.10254053345941688
962,0.1253553745221429
963,0.10090254550396444
964,0.11736300461405916
965,0.13502954780123902
966,0.09655903410205828
967,0.08871897236374138
968,0.11243793695376798
969,0.11039891971616671
970,0.13385837287032454
971,0.07217490064878886
972,0.12212350860595884
973,0.09869533562411999
974,0.10095375045395898
975,0.08151454037757865
976,0.13111210988503413
977,0.1255014069624624
978,0.12437217723212786
979,0.07641094622204236
980,0.06696952127312807
981,0.0633258925614563
982,0.13382355933206108
983,0.11596618276990667
984,0.10184043674592505
985,0.1585997289146654
986,0.11619356389820829
987,0.08681922337397113
988,0.1336905840547194
989,0.09080118250904586
990,0.08445870777358662
991,0.07732115921678842
992,0.09216334750913374
993,0.09681375017555538
994,0.08071149395764238
995,0.08462610420542073
996,0.10559199987277794
997,0.10544463130793069
998,0.10560741480241562
999,0.1120503911763027
1000,0.1610942597961048
1001,0.13188827113552343
1002,0.09413416525296503
1003,0.1045807848309345
1004,0.10586936952715655
1005,0.1269472932140536
1006,0.13979832257482433
1007,0.10411755437806423
1008,0.11027454454115422
1009,0.09133923377532996
1010,0.11211675028680212
1011,0.09383260227530137
1012,0.10210996123680015
1013,0.09562864482694672
1014,0.07228595221923685
1015,0.10610122538283757
1016,0.10640350435560493
1017,0.10010731224003697
1018,0.09946053194272879
1019,0.08919892954568445
1020,0.11830688719080984
1021,0.08291114122262487
1022,0.07391282877631934
1023,0.12894337968643396
