0,549,579,997,211,692,426,706,21
1,221,131,446,693,274,557,993,629
2,537,520,798,905,931,631,205,404
3,414,522,23,405,354,582,281,1005
4,685,627,402,456,543,82,788,498
5,47,207,369,371,609,881,815,349
6,1009,738,686,62,27,371,5,502
7,480,188,627,541,456,334,543,82
8,502,397,29,716,700,267,613,368
9,12,15,904,611,843,205,779,797
10,963,793,697,803,331,866,447,1023
11,24,270,119,126,45,807,297,621
12,9,611,15,499,440,926,843,822
13,631,306,520,356,626,891,931,537
14,969,695,663,789,310,196,453,37
15,9,473,779,52,499,12,611,623
16,31,831,1019,259,273,647,282,171
17,689,42,656,949,573,58,21,712
18,778,233,122,246,810,347,525,128
19,360,368,1007,109,808,898,355,491
20,851,268,893,253,705,275,939,850
21,949,573,405,17,42,689,363,712
22,701,0,777,236,548,911,970,32
23,319,354,332,945,678,514,790,750
24,807,788,11,126,840,703,45,270
25,778,759,240,234,122,810,897,347
26,859,307,553,206,763,539,996,870
27,805,79,709,311,372,622,190,684
28,834,640,775,88,817,84,590,323
29,267,450,121,700,355,8,220,502
30,908,255,294,930,723,798,854,176
31,1019,710,275,501,771,256,16,171
32,365,748,779,178,899,340,200,104
33,491,807,250,166,794,360,270,590
34,589,150,729,852,442,163,46,389
35,1011,330,262,885,475,110,458,814
36,235,941,261,642,241,903,406,870
37,947,902,70,425,116,380,981,185
38,274,205,669,854,557,707,629,2
39,470,620,373,407,764,177,156,184
40,736,834,245,488,817,555,323,95
41,366,83,650,753,976,760,643,861
42,656,17,689,949,363,712,21,573
43,913,99,656,39,632,1020,478,42
44,30,219,908,255,930,294,821,939
45,788,153,124,270,769,309,126,613
46,780,541,764,308,1006,589,646,456
47,5,371,369,609,815,207,881,78
48,77,114,604,322,28,496,659,775
49,177,698,113,298,883,407,782,159
50,192,892,313,952,468,436,231,566
51,426,179,524,406,328,900,536,692
52,15,209,611,317,655,550,971,100
53,748,32,365,732,104,771,415,658
54,496,228,965,263,536,900,123,71
55,81,767,294,854,581,607,38,747
56,365,971,710,899,658,596,317,340
57,530,199,194,267,121,220,29,562
58,689,696,790,750,17,419,377,949
59,880,344,320,252,959,939,274,253
60,653,106,617,68,392,172,478,943
61,645,580,930,412,76,255,171,798
62,749,805,293,935,435,898,530,121
63,426,72,750,115,692,608,280,790
64,103,202,612,101,999,300,575,136
65,363,783,656,564,42,332,917,632
66,529,936,718,240,302,388,162,427
67,173,641,468,391,437,436,676,952
68,943,157,384,886,982,990,325,392
69,897,759,246,556,122,25,778,347
70,444,425,902,37,733,919,380,947
71,965,594,387,640,451,555,263,887
72,63,750,790,510,377,280,608,802
73,196,296,170,650,116,337,544,760
74,831,16,647,612,574,958,596,259
75,918,156,791,386,231,752,313,470
76,545,398,61,500,734,94,476,735
77,48,496,142,659,322,1006,147,54
78,82,369,609,371,815,207,505,47
79,27,372,684,109,622,311,805,609
80,565,86,902,947,921,443,301,444
81,767,55,294,581,934,854,908,223
82,543,78,505,685,188,869,703,788
83,976,41,170,753,544,366,882,347
84,740,351,491,804,590,87,191,868
85,993,812,394,844,739,329,335,747
86,80,443,136,857,925,673,1017,699
87,868,801,740,773,84,308,852,804
88,566,436,817,271,322,659,952,684
89,205,854,669,994,747,604,38,951
90,827,642,811,261,673,310,433,699
91,859,870,539,996,26,774,301,406
92,218,675,291,719,118,254,353,112
93,532,463,950,167,795,493,235,816
94,706,734,696,745,500,949,398,21
95,736,158,1014,977,555,40,588,972
96,224,23,354,3,678,319,945,750
97,278,783,373,215,564,177,407,65
98,257,223,151,495,285,777,398,294
99,43,1020,923,953,708,248,942,106
100,841,243,710,971,797,550,974,537
101,136,999,350,185,907,741,884,202
102,427,842,302,570,961,849,66,618
103,64,612,202,948,466,859,300,809
104,32,701,748,939,959,994,236,572
105,181,260,683,486,367,169,283,411
106,943,617,653,696,1020,871,172,583
107,850,269,939,344,501,285,930,379
108,133,687,301,143,848,546,395,430
109,664,360,19,79,293,684,898,369
110,266,262,814,458,123,885,319,605
111,466,948,933,525,234,519,353,1018
112,778,759,120,25,218,122,928,345
113,838,458,266,319,514,605,159,165
114,567,813,775,676,48,437,28,641
115,63,187,608,426,656,72,900,213
116,185,929,650,741,399,350,976,337
117,232,359,565,80,907,1017,86,101
118,472,719,254,675,969,291,454,929
119,381,342,536,137,665,807,11,671
120,928,757,345,643,861,122,366,41
121,267,530,652,62,450,29,397,602
122,347,928,556,778,41,366,246,345
123,363,110,885,65,458,54,608,319
124,769,808,237,671,45,292,342,309
125,776,220,977,208,134,716,267,158
126,788,543,360,685,4,208,652,505
127,982,392,824,449,159,593,678,157
128,388,186,711,753,944,810,410,164
129,340,586,748,806,346,596,365,434
130,486,932,549,105,821,260,151,710
131,1,221,993,139,286,657,937,669
132,621,699,1017,832,559,741,498,992
133,108,531,494,430,687,600,408,287
134,220,955,652,125,140,1014,95,977
135,439,617,1015,154,325,158,314,157
136,101,884,741,86,1017,947,912,699
137,731,381,191,665,342,237,119,308
138,656,879,42,17,696,720,211,1020
139,980,394,361,937,131,812,335,657
140,168,134,220,972,923,125,158,498
141,914,321,527,17,58,689,172,571
142,147,77,496,222,48,900,604,54
143,688,186,687,395,848,637,547,108
144,895,862,243,204,812,362,844,198
145,1002,826,756,611,904,633,693,658
146,437,728,868,740,174,87,84,114
147,614,142,900,594,887,865,496,965
148,448,481,717,433,948,519,976,649
149,883,782,1022,228,514,475,49,661
150,163,589,386,791,46,780,752,1006
151,398,777,734,495,884,426,328,287
152,249,319,524,328,790,1004,443,235
153,45,126,456,292,498,788,124,119
154,887,1015,614,965,708,620,840,248
155,1011,514,968,1012,465,957,458,785
156,918,214,659,386,796,322,480,620
157,1015,447,325,949,332,722,571,945
158,168,972,1014,95,555,4,588,923
159,332,514,698,597,982,593,319,113
160,217,667,428,469,393,283,315,444
161,240,234,201,810,553,711,302,25
162,240,400,529,690,849,534,302,307
163,386,780,150,1006,470,589,342,46
164,688,388,529,186,690,128,531,936
165,113,973,298,445,838,940,49,266
166,807,507,804,491,270,794,33,682
167,443,903,406,533,235,463,532,289
168,158,972,1014,140,95,923,761,220
169,849,283,553,162,534,873,469,871
170,753,83,760,544,41,316,327,73
171,31,282,984,710,612,798,905,501
172,321,914,571,106,141,314,157,871
173,935,67,391,311,435,749,437,805
174,368,84,19,397,194,749,935,740
175,318,918,231,156,659,214,952,584
176,255,635,798,797,30,771,253,930
177,407,373,49,782,727,620,883,113
178,674,200,32,899,635,276,9,951
179,426,564,51,65,917,524,151,745
180,560,922,367,569,624,238,477,906
181,105,367,411,922,683,1001,247,321
182,477,751,763,206,955,238,610,26
183,499,877,587,655,376,15,317,823
184,470,39,764,620,746,156,357,258
185,116,947,101,912,350,907,741,37
186,711,944,688,128,856,143,690,962
187,696,419,656,17,115,264,42,619
188,7,82,451,456,659,869,480,796
189,909,526,310,969,882,291,83,347
190,805,372,609,207,27,684,79,780
191,804,731,507,137,896,166,491,84
192,952,892,313,50,231,566,436,584
193,927,745,777,564,133,151,289,781
194,562,591,295,174,57,1008,749,1000
195,875,611,299,52,888,1003,209,655
196,73,170,544,14,453,296,116,279
197,656,608,17,689,363,42,58,750
198,265,466,715,862,226,841,933,948
199,57,562,530,194,715,121,956,1000
200,899,674,178,986,726,779,32,276
201,162,547,637,161,240,961,849,277
202,992,999,350,920,116,929,101,809
203,73,861,758,650,196,296,116,643
204,895,862,964,537,144,198,356,38
205,994,854,38,274,669,253,779,176
206,553,763,988,944,711,26,539,307
207,609,5,369,47,371,78,881,190
208,716,355,685,126,972,4,652,125
209,877,911,15,52,655,230,611,473
210,166,665,381,807,804,985,137,682
211,0,879,706,138,656,549,696,65
212,230,236,482,877,851,893,552,638
213,654,330,990,942,475,363,840,115
214,248,156,796,659,331,584,558,566
215,564,745,783,490,816,94,706,65
216,695,663,14,37,380,819,981,533
217,316,160,653,444,393,327,457,667
218,254,291,909,508,675,92,969,118
219,986,915,44,908,970,30,644,951
220,134,125,652,776,955,503,977,972
221,1,131,937,629,274,693,625,286
222,867,142,488,830,147,864,231,567
223,257,581,767,98,934,294,81,989
224,96,23,513,527,712,319,354,824
225,830,906,276,488,951,569,894,779
226,612,265,206,574,198,810,525,763
227,509,964,880,306,253,517,38,853
228,54,496,820,1022,149,123,514,1011
229,1012,159,516,982,698,785,585,514
230,851,212,877,401,499,473,482,893
231,952,313,892,752,192,566,436,918
232,117,907,359,999,546,289,1017,565
233,246,962,778,418,18,759,347,711
234,810,525,519,759,1018,539,466,25
235,903,406,167,36,443,241,870,492
236,212,344,482,572,20,638,851,275
237,124,804,491,137,270,731,342,191
238,314,1005,873,922,610,462,325,573
239,730,333,242,516,597,522,828,661
240,162,529,25,810,302,161,66,961
241,648,528,235,903,699,36,1017,443
242,522,585,597,281,354,332,514,1012
243,100,635,797,841,812,905,715,971
244,774,374,466,688,988,763,395,525
245,1008,817,1007,360,40,898,977,736
246,347,962,233,909,897,856,122,508
247,411,409,683,1005,487,571,181,1001
248,214,923,689,42,887,17,708,796
249,733,857,479,80,86,884,328,443
250,451,33,543,456,869,188,1006,685
251,290,873,573,21,606,283,549,314
252,344,939,959,850,294,59,285,269
253,255,930,798,797,905,915,30,176
254,962,118,291,472,508,969,218,909
255,930,253,798,30,908,176,723,797
256,31,268,275,797,771,905,851,253
257,223,294,98,767,81,211,701,908
258,536,407,334,402,423,783,957,65
259,958,16,31,831,268,275,1019,501
260,583,105,871,283,619,571,821,398
261,811,642,90,719,492,118,422,463
262,814,110,968,524,458,426,155,63
263,420,54,965,71,828,451,1006,536
264,419,696,187,632,720,615,564,619
265,198,226,739,635,715,432,243,955
266,605,113,319,110,458,838,885,123
267,121,29,1007,530,125,977,397,450
268,851,256,275,20,31,1019,850,269
269,850,344,851,501,107,379,253,285
270,166,491,807,665,794,368,804,668
271,664,558,881,566,88,694,322,659
272,702,582,288,963,1023,459,803,886
273,984,282,596,16,31,171,836,905
274,38,557,205,629,669,854,747,707
275,31,851,256,797,268,501,822,771
276,674,830,951,200,986,779,219,970
277,1016,570,936,395,860,201,637,718
278,632,97,264,615,419,656,564,303
279,757,296,643,366,345,672,196,861
280,63,72,426,720,152,110,790,303
281,242,990,522,654,1023,354,762,330
282,905,171,991,836,273,31,931,256
283,871,169,534,479,766,287,486,967
284,905,568,520,658,282,756,631,243
285,853,850,269,344,294,107,268,629
286,916,669,131,335,747,361,630,221
287,976,856,307,848,882,920,136,101
288,272,702,1001,424,963,866,878,1023
289,533,1017,795,816,832,443,167,490
290,251,283,766,871,141,606,94,549
291,909,254,472,948,218,118,675,882
292,124,729,456,342,389,334,731,153
293,684,109,686,805,369,79,898,19
294,908,30,854,81,255,767,257,915
295,293,194,1008,245,1007,817,1000,591
296,73,753,366,279,337,799,170,196
297,11,270,613,45,668,24,124,126
298,445,49,113,165,814,159,475,698
299,888,56,875,625,401,971,596,568
300,64,612,103,809,202,350,226,399
301,443,848,80,546,101,406,86,733
302,427,718,162,240,936,529,570,66
303,973,264,632,280,419,720,278,814
304,776,95,977,460,134,125,158,770
305,837,446,826,1,893,693,875,705
306,13,517,891,227,631,356,964,651
307,374,481,287,690,553,976,539,186
308,1006,671,342,801,731,87,507,869
309,808,502,613,124,45,769,505,237
310,969,929,472,919,663,189,83,90
311,372,27,805,79,684,773,709,935
312,487,181,247,409,1001,105,424,411
313,952,892,231,752,192,436,88,566
314,238,571,683,873,1005,606,1015,325
315,667,444,733,857,327,170,839,919
316,327,217,170,393,912,559,444,315
317,489,56,971,841,658,596,365,52
318,584,175,960,558,214,918,659,952
319,23,332,790,514,113,266,949,363
320,880,59,512,853,742,707,344,851
321,172,141,914,943,247,603,181,409
322,659,1006,271,88,817,480,703,338
323,834,555,640,523,977,40,682,28
324,812,666,335,630,139,361,394,131
325,447,990,157,1005,314,573,462,839
326,336,625,970,629,56,299,365,995
327,316,912,170,559,350,315,444,921
328,524,426,734,1012,443,884,832,249
329,412,85,607,915,891,835,723,394
330,213,838,654,475,332,363,608,514
331,1023,447,214,17,914,990,248,689
332,514,159,319,585,949,363,23,689
333,597,883,730,239,697,1022,661,722
334,402,627,456,4,258,913,7,869
335,361,669,812,139,747,394,324,863
336,995,625,915,797,930,326,572,401
337,565,350,116,833,902,185,399,73
338,561,703,322,676,507,588,817,896
339,948,466,660,291,358,422,717,848
340,365,971,748,710,346,56,32,100
341,189,526,544,170,757,83,41,310
342,671,308,456,1006,746,124,731,869
343,356,626,575,933,171,948,467,189
344,850,269,252,379,851,236,107,285
345,928,378,643,347,120,122,547,474
346,340,841,574,100,971,317,52,489
347,122,909,962,246,378,920,759,928
348,876,902,833,981,559,921,457,741
349,664,881,685,369,109,271,505,543
350,399,337,101,116,912,907,202,185
351,84,491,740,677,590,308,33,19
352,70,444,733,425,672,380,667,772
353,1018,759,855,254,233,649,111,218
354,23,332,242,585,514,319,330,281
355,716,208,19,505,360,869,808,543
356,537,631,171,343,905,243,13,626
357,214,614,887,156,147,879,248,17
358,848,717,967,301,148,374,395,339
359,565,117,80,921,232,457,185,600
360,19,1007,245,898,109,1008,664,543
361,335,139,669,670,916,937,630,131
362,432,844,144,739,265,198,644,721
363,42,712,332,949,656,65,21,689
364,429,537,631,145,843,987,284,356
365,56,340,971,32,710,899,748,705
366,41,753,643,861,760,83,417,122
367,560,411,181,180,754,569,105,260
368,19,174,360,497,491,270,794,977
369,609,47,78,207,5,815,898,881
370,485,213,982,36,384,475,673,159
371,47,5,207,78,369,609,815,505
372,684,79,311,805,27,780,190,271
373,407,177,39,363,712,783,215,470
374,307,244,774,395,688,519,848,287
375,498,769,124,402,770,4,627,45
376,893,56,705,365,230,877,183,20
377,790,750,58,72,997,692,510,461
378,345,962,920,347,474,928,454,122
379,850,269,344,268,851,107,483,413
380,37,70,425,981,902,457,947,80
381,665,137,731,119,270,166,210,768
382,792,416,782,407,1022,470,883,661
383,704,598,806,586,548,1021,984,268
384,942,68,325,839,213,990,708,597
385,935,484,502,351,397,174,442,84
386,163,1006,918,156,659,780,541,322
387,71,968,536,166,957,594,451,692
388,128,529,164,842,711,186,810,988
389,729,292,137,119,342,381,746,731
390,513,113,592,824,712,783,319,215
391,591,684,749,88,676,437,590,436
392,982,653,127,940,678,943,428,68
393,667,457,316,217,672,70,444,160
394,812,520,139,937,441,85,725,993
395,1016,967,374,143,774,688,277,108
396,586,129,705,910,383,552,548,598
397,1007,19,502,368,450,174,491,794
398,884,989,151,706,734,479,871,583
399,350,116,650,185,912,753,337,202
400,162,534,283,628,624,690,936,529
401,230,851,275,625,893,336,611,299
402,334,423,4,456,671,627,342,543
403,687,873,744,766,565,600,576,733
404,504,587,2,499,1019,742,979,227
405,949,894,997,573,750,21,1005,692
406,903,443,235,167,301,493,1017,546
407,177,783,373,258,698,782,708,49
408,474,531,133,430,108,874,695,380
409,247,321,487,603,786,141,595,506
410,760,128,753,476,366,296,799,842
411,367,247,1005,181,683,571,821,314
412,255,930,253,915,798,964,336,329
413,552,850,851,926,344,742,379,482
414,858,821,1012,3,1005,998,405,571
415,958,748,701,53,259,129,104,606
416,792,942,620,384,382,407,782,373
417,366,425,662,861,41,471,650,643
418,539,962,233,202,246,206,999,992
419,264,696,615,187,619,58,949,479
420,828,263,1006,965,308,671,342,665
421,941,751,36,406,649,466,353,870
422,811,261,433,90,492,339,719,642
423,402,621,588,4,769,536,507,887
424,606,878,683,172,314,247,571,500
425,70,444,37,380,947,912,417,976
426,524,63,328,692,179,564,734,405
427,102,302,570,849,718,66,240,162
428,160,392,603,871,217,653,479,678
429,364,145,657,324,980,666,284,537
430,457,600,662,133,108,393,565,667
431,594,820,680,496,71,210,77,896
432,739,362,844,265,198,776,95,644
433,148,642,301,90,772,310,261,811
434,489,346,841,596,340,129,616,574
435,561,676,62,749,805,591,338,740
436,468,817,88,641,566,952,271,1008
437,391,114,728,146,676,590,801,740
438,137,381,665,420,731,536,210,263
439,1015,500,865,157,135,998,314,154
440,12,822,32,779,269,9,926,638
441,394,56,520,899,986,875,971,365
442,79,1009,27,372,646,738,729,311
443,301,167,86,406,1017,699,80,903
444,70,733,425,902,925,976,912,919
445,814,298,458,113,475,155,838,165
446,693,1,837,625,520,221,557,629
447,325,1023,573,990,157,914,1005,331
448,948,148,519,481,882,189,83,759
449,593,127,883,722,485,824,333,982
450,397,502,484,121,29,1009,267,19
451,250,543,869,188,456,965,671,588
452,881,694,791,207,918,416,5,156
453,663,691,526,969,310,14,196,189
454,929,920,472,681,962,116,378,848
455,802,461,619,510,280,825,377,72
456,869,671,342,505,543,334,4,451
457,430,393,565,667,444,70,672,80
458,113,605,445,885,838,814,266,155
459,886,506,963,990,599,281,702,68
460,497,682,640,166,594,794,71,739
461,377,802,619,510,549,579,825,786
462,839,599,325,238,1005,571,871,914
463,532,811,681,167,493,663,533,699
464,793,890,824,521,866,661,924,727
465,1011,514,698,785,155,536,585,957
466,111,519,948,763,774,234,244,933
467,645,580,171,575,846,300,343,882
468,436,641,952,817,88,775,892,313
469,849,169,667,160,162,427,400,315
470,39,163,386,620,184,796,156,373
471,714,417,799,662,366,279,760,845
472,118,929,454,254,291,969,310,920
473,15,625,779,230,209,623,611,205
474,378,547,345,408,688,961,143,551
475,782,838,330,213,445,514,458,363
476,799,662,753,845,410,760,296,576
477,182,751,238,955,763,180,610,206
478,106,94,60,563,1020,617,43,706
479,884,249,871,136,283,80,921,444
480,7,188,659,322,541,156,627,918
481,148,307,649,519,539,448,733,83
482,212,552,230,236,911,344,851,850
483,850,554,379,259,268,344,269,285
484,19,109,450,360,622,355,502,368
485,370,883,449,127,793,333,982,803
486,529,936,718,534,283,302,162,169
487,247,411,409,571,603,367,312,181
488,736,40,813,867,830,951,245,817
489,317,658,596,633,1010,841,434,56
490,289,564,215,816,795,533,1004,832
491,794,84,351,33,166,270,804,807
492,261,719,903,118,406,493,811,235
493,681,903,167,999,406,528,463,992
494,662,600,927,133,283,425,766,417
495,777,151,645,781,98,179,193,550
496,77,54,820,142,147,900,1006,801
497,640,682,794,368,460,166,491,33
498,4,972,621,126,132,788,208,153
499,974,15,12,504,31,183,1019,926
500,865,706,439,398,94,314,1015,734
501,31,771,797,710,275,989,930,269
502,309,1009,397,808,19,450,8,355
503,685,245,923,360,349,972,208,664
504,1019,499,974,31,404,704,979,742
505,869,543,808,82,456,369,769,355
506,459,914,321,922,331,247,1005,409
507,703,807,166,769,671,588,804,191
508,254,969,246,909,218,962,291,347
509,581,269,227,880,256,964,253,255
510,802,72,619,377,790,750,713,187
511,661,730,697,333,1022,762,963,803
512,20,979,320,880,850,742,344,518
513,390,890,527,824,224,712,319,113
514,332,159,585,698,319,155,465,113
515,617,563,866,478,606,106,172,99
516,698,597,333,585,159,242,883,514
517,306,227,412,607,336,837,679,268
518,991,979,282,651,893,20,512,13
519,466,234,448,948,481,148,374,111
520,394,905,631,798,812,625,2,336
521,924,824,727,593,157,439,333,159
522,242,762,582,1023,281,585,157,990
523,323,555,542,834,95,736,40,739
524,426,328,692,63,564,152,734,262
525,810,234,347,800,882,246,111,128
526,544,189,650,741,116,83,453,765
527,712,17,689,141,58,914,943,21
528,992,648,241,493,681,699,202,418
529,936,486,162,66,388,240,718,302
530,57,121,62,267,199,562,194,749
531,133,164,408,494,688,690,108,474
532,463,533,167,93,795,289,827,950
533,289,947,167,532,185,37,832,80
534,400,283,162,624,529,169,690,936
535,165,485,298,445,370,113,940,838
536,258,423,119,957,671,387,54,887
537,631,356,2,100,862,550,841,520
538,770,125,700,716,432,208,776,761
539,856,418,553,962,481,859,920,307
540,939,253,991,255,930,994,176,905
541,46,780,7,764,188,386,480,659
542,523,95,158,555,736,168,776,40
543,82,505,869,451,685,788,126,456
544,741,526,912,116,976,170,650,83
545,76,500,606,424,735,94,483,478
546,301,999,848,443,167,101,903,289
547,637,961,474,345,143,201,688,186
548,383,911,482,107,704,777,586,877
549,997,0,821,894,696,906,706,734
550,100,841,15,537,995,971,710,52
551,772,556,672,969,345,378,919,920
552,482,413,586,212,851,598,230,850
553,206,711,763,988,944,539,307,26
554,850,483,107,927,704,94,379,285
555,834,323,1014,736,588,40,523,95
556,122,551,347,919,310,969,772,83
557,274,629,607,38,707,853,625,336
558,271,664,584,659,566,322,918,214
559,921,741,912,925,876,136,80,544
560,367,180,161,201,754,411,624,169
561,338,977,78,435,703,1014,898,808
562,194,591,749,199,397,530,174,1008
563,1020,106,653,615,138,172,321,766
564,215,745,490,65,264,426,524,734
565,80,337,902,359,457,350,921,117
566,88,817,271,436,952,558,1008,664
567,676,813,114,641,817,488,436,892
568,888,756,658,826,633,401,284,299
569,754,894,180,906,367,72,225,624
570,427,936,718,277,302,849,1016,860
571,871,314,1005,821,583,949,157,172
572,915,822,638,275,797,253,336,930
573,949,21,17,405,689,447,1005,914
574,748,771,346,710,340,31,841,501
575,765,882,64,526,948,202,929,650
576,600,744,766,350,912,565,687,327
577,846,273,74,901,831,634,16,647
578,715,243,721,987,1000,635,265,1008
579,0,549,377,692,997,461,734,58
580,645,171,61,467,704,287,575,984
581,509,81,964,767,294,223,934,908
582,522,3,272,599,762,722,242,414
583,260,571,871,398,696,479,949,1012
584,558,318,214,918,952,566,192,231
585,514,332,597,242,698,1022,354,516
586,598,1021,806,383,877,911,552,129
587,836,404,183,596,499,504,550,984
588,703,1014,788,507,543,555,423,82
589,746,342,308,150,163,46,1006,420
590,801,84,491,804,740,728,807,351
591,676,749,391,1008,562,817,194,872
592,390,783,727,215,698,816,49,745
593,159,449,157,722,332,127,949,117
594,71,614,431,820,965,865,147,1015
595,940,354,392,678,603,943,68,409
596,971,56,841,273,365,317,489,340
597,333,516,942,585,159,698,242,332
598,586,1021,383,911,806,482,552,275
599,462,839,1005,325,886,411,990,571
600,576,687,766,457,494,430,912,744
601,72,692,932,997,461,377,0,63
602,1013,652,121,815,47,421,898,450
603,141,786,428,321,409,678,595,487
604,775,558,659,48,900,142,88,77
605,266,458,885,113,838,110,319,123
606,314,251,873,617,683,500,290,424
607,557,629,336,227,38,517,329,55
608,750,197,63,330,363,72,115,790
609,207,369,47,5,78,371,805,190
610,238,325,953,873,573,447,996,922
611,12,15,9,401,52,779,209,638
612,226,64,809,307,884,287,171,103
613,309,270,668,45,808,237,794,297
614,1015,147,865,594,887,405,500,154
615,419,264,632,696,141,187,619,713
616,346,434,129,244,841,340,806,901
617,106,314,135,606,172,325,500,398
618,711,637,961,186,233,427,944,849
619,802,419,713,187,510,264,696,583
620,39,156,177,470,154,416,887,712
621,132,423,498,4,11,126,402,788
622,79,27,109,815,609,369,47,808
623,15,473,9,2,499,550,12,843
624,534,922,400,238,718,180,302,169
625,336,473,520,401,299,56,629,326
626,836,356,13,282,343,631,284,537
627,334,7,4,456,913,402,869,188
628,162,400,240,160,534,302,847,366
629,557,274,336,38,625,915,779,970
630,872,657,937,980,916,139,324,131
631,537,520,905,13,356,2,693,284
632,656,278,42,264,419,615,65,712
633,658,568,1002,489,826,888,756,843
634,806,1010,655,647,1021,974,273,586
635,243,176,674,739,710,100,797,899
636,956,295,57,194,960,530,477,591
637,547,961,143,201,849,618,186,688
638,822,572,779,797,851,12,611,275
639,187,619,802,754,400,115,419,1020
640,682,497,834,323,28,166,555,804
641,468,436,775,567,817,676,88,114
642,90,261,811,433,118,310,472,827
643,861,366,41,928,345,83,882,976
644,219,993,986,915,844,970,739,276
645,580,984,61,171,846,151,777,467
646,308,740,677,852,87,773,684,372
647,16,74,634,806,1021,129,831,259
648,528,241,493,992,699,681,463,1017
649,481,353,148,1018,556,759,642,519
650,41,116,399,544,976,526,73,366
651,13,891,306,518,412,517,329,991
652,815,898,955,220,1013,788,1007,360
653,217,392,106,982,60,316,172,921
654,990,213,330,281,115,608,664,840
655,209,15,877,52,183,317,489,843
656,42,17,632,197,187,363,689,65
657,630,980,131,139,666,670,904,872
658,899,1002,56,633,826,568,365,317
659,322,918,188,271,796,88,558,214
660,848,454,920,929,882,378,474,472
661,730,333,883,1022,697,511,782,516
662,476,799,494,753,366,417,600,430
663,453,310,14,675,463,969,691,765
664,271,881,694,109,349,558,360,369
665,381,270,731,166,828,137,507,985
666,324,657,139,812,980,361,630,85
667,393,672,444,315,457,70,160,733
668,270,613,768,351,491,237,381,794
669,335,205,38,274,361,747,286,854
670,361,916,657,139,669,904,131,335
671,342,308,456,1006,507,807,543,869
672,874,667,772,733,457,551,70,352
673,925,86,699,857,827,90,902,136
674,178,200,276,635,899,779,32,986
675,118,291,969,472,719,663,218,254
676,567,591,817,813,114,391,338,641
677,351,646,308,731,729,84,87,743
678,945,23,392,790,982,319,571,249
679,268,910,20,517,383,61,851,259
680,210,431,460,594,387,71,555,682
681,493,454,463,992,118,254,472,929
682,640,804,497,794,166,323,460,807
683,314,821,571,247,411,181,1001,105
684,372,293,79,805,109,391,311,27
685,543,82,503,4,349,972,126,208
686,805,293,369,609,684,207,190,5
687,600,744,143,967,403,108,70,444
688,143,186,164,374,690,944,856,547
689,17,949,42,58,943,573,696,332
690,307,162,186,688,529,164,143,374
691,453,663,196,981,876,14,544,526
692,997,426,63,524,405,377,894,328
693,446,625,401,1,631,520,611,145
694,881,664,840,271,815,82,796,751
695,14,216,454,37,551,663,969,920
696,419,58,706,264,187,17,689,583
697,1022,333,762,661,597,1023,963,722
698,516,159,514,597,785,465,585,883
699,1017,857,443,673,741,907,902,86
700,208,355,716,29,1013,8,125,498
701,104,501,748,269,958,107,415,379
702,272,886,459,803,963,506,582,599
703,588,507,788,807,543,82,671,338
704,1019,383,504,31,16,268,806,984
705,275,365,893,20,376,56,930,568
706,94,696,734,745,500,398,949,21
707,38,274,853,629,557,473,880,638
708,887,942,42,597,332,248,157,949
709,27,805,207,372,311,190,79,609
710,971,930,31,797,100,56,501,798
711,944,186,988,553,128,206,388,233
712,363,42,17,527,879,689,21,949
713,619,802,720,510,419,615,187,696
714,471,847,760,628,366,845,662,842
715,578,987,265,243,198,933,100,841
716,355,208,977,368,19,126,270,125
717,148,948,358,448,519,481,929,472
718,936,302,570,529,66,486,427,534
719,118,261,675,492,472,811,254,642
720,21,419,264,656,187,138,696,42
721,578,144,895,362,243,844,812,674
722,157,333,447,593,1015,449,597,522
723,30,255,253,798,854,908,931,205
724,1001,922,683,867,181,914,238,247
725,937,394,862,812,895,993,520,38
726,200,980,899,1003,830,872,674,178
727,177,924,592,407,521,783,620,698
728,868,590,84,87,740,801,804,437
729,389,292,768,342,237,677,124,731
730,333,239,661,828,511,1022,516,697
731,137,191,665,308,769,381,671,507
732,826,53,658,1002,568,365,32,705
733,444,857,772,919,249,70,315,80
734,706,328,398,884,151,94,745,479
735,76,259,476,559,831,958,766,483
736,40,95,488,555,245,588,1014,834
737,1006,801,308,773,87,322,271,351
738,5,6,686,1009,709,442,207,47
739,844,635,776,432,265,908,219,95
740,84,87,868,351,590,804,801,646
741,544,912,559,976,116,947,902,136
742,926,979,504,851,1019,499,230,413
743,137,237,191,731,668,677,729,87
744,576,687,766,873,600,967,350,403
745,564,706,734,215,94,783,193,65
746,342,589,671,402,334,782,420,292
747,854,669,205,951,274,908,335,30
748,53,32,340,365,574,710,104,275
749,1008,591,62,898,391,684,1007,817
750,790,608,58,405,377,63,72,945
751,955,694,898,763,477,245,664,360
752,313,892,918,952,231,889,780,271
753,366,41,760,170,976,912,83,128
754,569,400,367,619,560,802,72,201
755,87,852,773,801,868,728,743,896
756,568,888,284,145,633,658,611,401
757,120,279,928,861,643,122,366,41
758,757,861,203,643,928,650,196,279
759,778,25,897,353,347,234,1018,122
760,753,41,366,410,170,650,73,476
761,770,168,158,498,95,972,1014,542
762,522,1023,697,1022,281,965,242,828
763,206,553,774,466,26,234,539,519
764,46,541,334,7,39,746,480,780
765,575,929,882,472,526,811,681,663
766,600,576,744,283,479,217,871,687
767,81,55,294,581,223,854,934,257
768,668,381,119,729,33,491,270,153
769,124,507,808,505,869,788,731,671
770,538,45,761,716,621,125,498,158
771,31,501,797,256,275,176,974,574
772,919,733,920,672,551,833,929,962
773,852,801,87,311,740,590,646,372
774,244,374,763,466,395,1016,553,26
775,817,641,813,114,28,88,1008,590
776,125,977,739,95,220,304,158,134
777,495,151,645,193,704,734,548,383
778,759,25,18,122,233,347,246,810
779,15,32,473,638,200,365,205,710
780,46,372,541,1006,271,163,752,801
781,495,193,179,151,777,564,264,745
782,475,883,177,698,597,407,149,746
783,407,65,215,564,698,816,745,592
784,114,28,640,323,676,567,834,48
785,698,465,832,155,816,957,514,159
786,58,377,603,247,696,790,141,461
787,964,204,227,306,356,343,931,581
788,126,703,588,543,807,45,507,82
789,14,919,992,969,118,310,681,472
790,750,377,58,319,63,945,72,23
791,386,752,163,150,207,918,452,271
792,416,382,942,373,384,593,597,407
793,890,824,485,127,513,10,68,449
794,491,682,166,497,33,807,270,804
795,816,289,532,490,533,1017,167,832
796,887,188,214,659,840,82,694,156
797,253,710,501,275,905,771,176,798
798,930,255,253,710,176,30,797,520
799,476,662,845,296,471,410,760,753
800,525,374,240,810,162,388,529,690
801,773,590,87,1006,852,308,84,740
802,619,510,419,713,72,461,264,754
803,963,722,702,485,459,697,10,582
804,191,166,84,507,682,491,807,985
805,27,684,686,372,311,190,293,609
806,1021,383,586,634,598,974,31,984
807,166,507,33,270,703,788,671,491
808,505,309,19,769,124,788,869,543
809,857,350,202,907,859,699,612,101
810,525,234,240,897,128,388,759,778
811,90,261,642,422,463,118,827,765
812,394,520,324,635,85,243,139,993
813,567,817,676,488,114,775,1008,245
814,445,262,458,155,110,524,298,113
815,652,369,47,78,694,1013,82,371
816,795,289,832,490,1017,698,783,785
817,1008,245,436,566,88,40,813,775
818,455,278,264,419,927,615,428,564
819,981,663,876,544,37,691,380,741
820,594,496,807,965,507,431,703,588
821,894,571,865,683,549,414,906,500
822,638,572,797,275,440,269,851,253
823,655,183,499,843,568,877,633,15
824,924,890,585,127,883,333,793,521
825,72,377,802,510,461,367,619,754
826,1002,658,568,875,888,633,299,145
827,90,673,443,86,699,811,642,832
828,420,665,965,242,762,263,730,381
829,463,950,532,691,93,298,663,261
830,225,276,951,488,906,994,726,32
831,74,16,259,31,612,958,704,1019
832,289,328,1017,533,443,827,136,884
833,902,337,565,772,919,80,348,699
834,40,555,323,28,640,977,736,817
835,329,85,863,335,747,723,286,891
836,282,587,905,626,273,596,991,2
837,446,517,336,20,557,607,329,629
838,113,330,332,458,475,514,266,319
839,462,315,857,325,599,384,673,68
840,543,694,703,588,796,990,82,887
841,971,100,596,710,550,346,317,56
842,388,128,102,711,529,410,66,427
843,9,15,974,12,100,499,611,655
844,739,432,362,85,644,265,144,812
845,799,476,760,170,753,662,667,316
846,645,467,984,574,273,61,580,831
847,240,628,714,302,25,810,800,388
848,301,920,929,454,287,101,143,443
849,469,169,162,961,667,427,637,570
850,344,379,269,107,851,268,285,483
851,268,275,230,926,20,269,256,401
852,773,801,87,646,372,740,590,311
853,285,880,344,707,850,269,227,557
854,747,908,205,30,294,38,994,723
855,1018,353,254,962,233,637,539,418
856,287,920,186,539,753,246,976,962
857,733,699,86,673,809,249,919,443
858,414,997,692,821,906,405,894,377
859,26,870,91,857,809,539,443,848
860,1016,570,277,936,395,143,531,718
861,643,366,928,41,757,650,417,345
862,895,537,204,144,725,198,550,356
863,335,723,891,908,747,85,30,329
864,178,830,222,784,674,32,567,276
865,500,614,1015,821,734,706,594,439
866,135,697,154,515,10,447,1023,325
867,488,222,567,736,214,40,724,830
868,87,728,740,84,801,804,773,237
869,456,505,543,451,671,82,769,188
870,859,91,996,26,903,941,235,406
871,571,283,479,884,583,398,314,249
872,630,591,1000,391,726,980,657,1008
873,251,744,314,238,403,169,573,766
874,672,772,547,457,637,667,551,430
875,899,658,299,56,826,1002,365,1003
876,348,981,559,925,921,902,544,741
877,209,230,911,183,212,655,586,15
878,411,424,1001,487,599,172,247,683
879,712,138,42,706,211,656,94,21
880,320,853,227,509,59,269,344,707
881,694,664,271,369,349,207,5,47
882,976,920,575,83,909,287,347,948
883,149,1022,333,597,514,698,661,782
884,136,479,101,398,86,287,1017,249
885,458,605,123,110,266,1011,113,838
886,68,459,599,702,595,582,506,963
887,965,708,796,154,614,588,248,840
888,299,568,826,875,756,658,401,633
889,752,311,372,709,805,190,780,313
890,824,793,513,924,390,712,177,224
891,306,13,329,863,651,964,607,335
892,313,231,952,752,192,436,50,88
893,376,705,20,401,230,212,568,877
894,906,405,997,1005,821,750,549,573
895,144,204,862,725,812,198,966,537
896,191,804,507,338,166,682,590,985
897,759,69,246,810,122,347,233,25
898,1007,1008,360,245,652,369,19,109
899,200,658,56,875,365,32,674,635
900,147,796,363,608,250,115,197,659
901,933,1010,841,111,273,466,616,984
902,444,80,70,833,741,565,37,919
903,406,235,167,443,493,241,301,546
904,9,12,611,669,205,657,145,178
905,282,520,797,284,631,253,256,798
906,894,997,821,405,549,1005,225,569
907,999,350,101,699,992,185,1017,202
908,30,294,255,854,798,930,219,176
909,347,291,254,189,962,246,882,969
910,679,20,383,705,16,979,268,259
911,877,209,598,1021,482,586,230,806
912,741,350,559,185,544,116,327,444
913,627,334,7,43,4,188,917,402
914,141,1005,573,172,447,922,17,238
915,572,986,219,930,253,255,336,798
916,286,361,630,670,669,335,747,657
917,65,708,968,957,179,783,4,706
918,156,659,386,752,271,558,780,214
919,772,733,929,920,902,70,444,310
920,962,929,454,772,919,856,378,116
921,559,80,565,359,912,479,457,925
922,624,238,914,180,181,1005,141,610
923,248,972,934,503,158,685,168,214
924,824,521,585,1022,727,890,620,333
925,673,86,444,902,947,559,741,912
926,851,742,499,256,504,1019,12,269
927,494,479,133,193,600,430,554,921
928,345,861,120,643,122,378,347,757
929,454,472,920,919,116,310,976,37
930,255,798,253,710,30,915,797,501
931,2,798,723,905,282,255,520,356
932,130,601,461,754,802,619,713,825
933,111,466,715,901,948,198,525,103
934,923,908,854,81,581,294,989,767
935,62,749,684,174,173,293,805,311
936,529,718,486,66,570,302,162,277
937,725,139,394,630,980,274,38,131
938,684,369,566,898,88,293,749,62
939,540,930,959,253,255,107,994,252
940,595,392,982,68,127,229,678,354
941,36,63,870,405,945,421,72,433
942,384,708,597,416,213,325,990,840
943,689,17,106,58,68,696,42,949
944,988,711,186,206,553,128,688,233
945,949,678,23,790,750,332,405,573
946,99,43,384,452,942,1020,563,515
947,37,185,741,80,533,925,902,136
948,448,291,519,148,466,882,111,909
949,21,689,573,405,332,17,42,945
950,463,532,167,93,648,493,795,829
951,830,276,219,40,488,994,747,854
952,313,231,892,436,566,192,88,752
953,955,82,610,566,214,78,694,685
954,503,934,581,685,923,767,669,854
955,652,751,898,953,82,815,245,134
956,194,562,636,199,591,57,295,530
957,968,536,155,785,1011,917,387,698
958,259,415,701,574,831,748,16,501
959,939,994,252,104,59,44,344,236
960,88,318,28,641,175,566,295,40
961,547,637,849,529,345,162,240,936
962,920,378,347,254,246,233,454,539
963,803,697,1023,10,762,459,272,522
964,581,204,227,171,798,255,509,412
965,71,887,451,588,828,840,594,54
966,895,204,286,630,669,954,335,55
967,395,687,307,744,479,374,283,848
968,957,155,387,65,262,917,426,524
969,310,254,472,118,675,909,189,508
970,986,219,56,276,365,644,200,629
971,710,841,56,365,100,596,340,31
972,158,168,685,4,923,208,95,498
973,165,303,113,266,615,838,319,632
974,499,31,771,504,100,1019,843,256
975,640,28,263,804,737,48,420,87
976,83,287,741,41,116,920,444,544
977,1007,1014,245,323,95,776,555,561
978,568,888,634,910,273,893,647,756
979,1019,742,504,404,512,518,20,851
980,139,726,937,394,657,1003,630,899
981,819,876,37,380,348,902,544,947
982,127,392,159,945,157,68,940,653
983,669,89,707,286,221,38,638,966
984,273,31,971,171,841,596,645,710
985,507,804,665,210,191,166,769,270
986,200,915,219,970,276,644,394,674
987,715,1000,578,843,749,100,1008,243
988,944,711,206,553,186,128,388,244
989,398,501,908,176,708,226,972,685
990,654,325,447,213,840,1005,281,942
991,282,518,540,905,836,931,376,893
992,202,528,907,699,999,919,681,350
993,85,394,644,131,812,725,986,139
994,205,854,779,253,939,951,176,30
995,336,550,100,401,984,504,625,256
996,870,26,859,91,751,573,610,941
997,692,894,906,405,549,0,377,750
998,1015,1005,314,325,414,751,405,571
999,101,907,202,350,546,992,1017,848
1000,1008,987,749,245,898,872,1007,360
1001,724,683,181,247,321,411,172,878
1002,826,658,633,875,145,899,568,56
1003,899,875,56,726,980,317,299,200
1004,380,490,80,352,152,827,249,70
1005,571,238,573,894,914,314,447,405
1006,308,671,801,322,737,342,780,386
1007,898,245,360,977,1008,19,652,397
1008,245,817,898,1007,1000,749,360,591
1009,502,47,309,450,371,79,505,808
1010,634,489,346,633,901,317,596,843
1011,465,155,514,458,957,536,885,698
1012,328,332,583,514,414,405,155,159
1013,652,815,47,602,126,208,369,898
1014,588,977,158,555,95,543,82,168
1015,614,998,157,439,154,865,314,887
1016,395,277,774,936,860,570,143,244
1017,699,443,86,136,101,907,289,884
1018,353,855,759,254,962,234,539,291
1019,31,504,704,16,268,979,499,974
1020,106,696,187,563,138,99,419,264
1021,598,806,586,911,383,634,647,877
1022,697,883,333,585,661,762,597,924
1023,447,762,522,331,990,281,1015,157
