0,0.013076703173005867
1,0.010680668646499872
2,0.012313875800001511
3,0.01125221005171982
4,0.012409283559572054
5,0.011141034786756493
6,0.012769732483026517
7,0.01140314745598384
8,0.013256367195807358
9,0.01198291058658799
10,0.012369323034964031
11,0.013420101809443707
12,0.011641231179881474
13,0.012399806910109676
14,0.012880351169445957
15,0.01170782725730162
16,0.0115814921250069
17,0.012045449584466588
18,0.012088104201645127
19,0.012272358719979903
20,0.012455896955181334
21,0.011527357134208728
22,0.011247372761004135
23,0.013317393007036325
24,0.011543200709084253
25,0.01096599980213071
26,0.012960802909091913
27,0.01144061510756999
28,0.011557165534249847
29,0.013040651688559023
30,0.012408631513676629
31,0.011660942394640694
32,0.011364430534433876
33,0.012506487722009147
34,0.013440415123322875
35,0.011944344097122743
36,0.013260868812255156
37,0.010938823341801024
38,0.01301066948078993
39,0.01192604933399288
40,0.012326202119846473
41,0.01150315367834081
42,0.012820453683769844
43,0.012460897004611093
44,0.011957323028973996
45,0.012570531879274968
46,0.012318163540927012
47,0.010959394844299732
48,0.012212557178242621
49,0.011031031110699653
50,0.013229929087326342
51,0.011948458186744459
52,0.012293547296452153
53,0.011993990013649165
54,0.011627655843141129
55,0.012091402138001996
56,0.012857076180636818
57,0.013569363060103064
58,0.012315681482504165
59,0.012617704056604452
60,0.01234761080326969
61,0.012834776512031505
62,0.012949705950170686
63,0.01310298460317764
64,0.01145037566394126
65,0.011629221412464967
66,0.011309800675174255
67,0.012171961134718958
68,0.012225890669719124
69,0.01319931308513684
70,0.012274160412776238
71,0.012259362971216227
72,0.011371248625937917
73,0.011634103509374048
74,0.012005877444568946
75,0.01178842368616942
76,0.01177992625334823
77,0.011372533938927428
78,0.011980445332059305
79,0.012347097913273635
80,0.012015742986695239
81,0.013261465826066075
82,0.011482915501994633
83,0.010497106171238262
84,0.011539047297189044
85,0.011826390559595891
86,0.011618368210812354
87,0.012041800928449326
88,0.013223247315615774
89,0.013384159155748258
90,0.011981504060770703
91,0.01214693842218698
92,0.011757876276994858
93,0.012492433202610313
94,0.011947441036208603
95,0.011631188800655199
96,0.012395365186350524
97,0.013218932113449789
98,0.011494738555362167
99,0.013164171593354814
100,0.010945078113802872
101,0.011013421846548384
102,0.012235799035250955
103,0.013037710730247029
104,0.01229812770069873
105,0.013259093723619117
106,0.011123387037640941
107,0.012465798871999674
108,0.01088099267605767
109,0.010926941220566347
110,0.013141395464507726
111,0.012292873505907185
112,0.01327394491641453
113,0.012246677734798511
114,0.013129434510110075
115,0.011725735988315703
116,0.013011802828988606
117,0.011481005365613011
118,0.011247115718252763
119,0.011724391200142794
120,0.013268762575262305
121,0.011401863089666755
122,0.012325657850317941
123,0.013049707601528153
124,0.010681191373734708
125,0.01323155795977274
126,0.01092167719764601
127,0.012291262089902954
128,0.012427031782451045
129,0.01227427658744696
130,0.012183898331141134
131,0.011534903641331197
132,0.011887275749994958
133,0.011023732543541465
134,0.012328429098768372
135,0.012259500490340818
136,0.010998606560709499
137,0.011274096997218217
138,0.01178703636788935
139,0.013337050236568488
140,0.01234737266199918
141,0.013016376390774125
142,0.013540712450730033
143,0.010554979720995233
144,0.01275467109485674
145,0.010355018874802599
146,0.011765843440199805
147,0.012009280689615133
148,0.01318341309642661
149,0.011457054026675519
150,0.013362661526944694
151,0.011459469590093974
152,0.011953483765434978
153,0.01143102562229517
154,0.012121838283938386
155,0.012803187377902455
156,0.011120621539418727
157,0.01130808990451829
158,0.01153047521902684
159,0.012353110338852374
160,0.011936061540154112
161,0.012135042659828387
162,0.011631018164395115
163,0.011284593268990279
164,0.012061433497813284
165,0.011740743377005996
166,0.011126528428006257
167,0.012162311562783596
168,0.011525274849956699
169,0.011515099865588047
170,0.01219212366149881
171,0.012144755746128784
172,0.01127670336819647
173,0.012283040297157976
174,0.012365955745374782
175,0.011231265693119993
176,0.011985115800529324
177,0.01172778616816784
178,0.013258800552526236
179,0.011231584007261628
180,0.012654039289473834
181,0.013020509585971776
182,0.012453496702159575
183,0.012289722514946783
184,0.012125938532752265
185,0.011689260857726159
186,0.012309503730232527
187,0.012018085506678594
188,0.012010550144982701
189,0.011379337627104986
190,0.011223342232978524
191,0.011701218740739488
192,0.01145983132280519
193,0.013244649274786236
194,0.01157920326307689
195,0.011472758832834397
196,0.011304619572802242
197,0.011987032056697808
198,0.011720602610653413
199,0.012139622908793665
200,0.010641538613603667
201,0.012031751337902526
202,0.011003721958824752
203,0.011110030399106
204,0.011945676239866788
205,0.010969110817487204
206,0.012241145191223959
207,0.011645449940839367
208,0.011563947289630035
209,0.010658588265787531
210,0.011275191326901534
211,0.013139000234676955
212,0.012335731041408952
213,0.013095028171971182
214,0.011718393415870415
215,0.012062871313357296
216,0.013042151971280029
217,0.013109747770159552
218,0.012254943827033706
219,0.012154852802771666
220,0.011855547811140336
221,0.013282708251305956
222,0.013098256924926265
223,0.011048422426366902
224,0.012951642901926588
225,0.01294902544973312
226,0.013201418254827369
227,0.01302983096552311
228,0.012182817142580791
229,0.011680203532891726
230,0.01229355376628343
231,0.012277889354285757
232,0.012307010406804462
233,0.012258433131470372
234,0.01203503431691899
235,0.011569594250777583
236,0.011076677049249946
237,0.01208666744145178
238,0.011582333507851279
239,0.012204890241401048
240,0.011624181651254199
241,0.012388038278037472
242,0.013328225087118091
243,0.011438954395676668
244,0.012049951578779389
245,0.011339761891789242
246,0.012223571334713043
247,0.012309749405294574
248,0.011853763306688022
249,0.012120796069535629
250,0.012315859181346579
251,0.012687550879985585
252,0.012549794099799392
253,0.011460008486479592
254,0.011056078852940769
255,0.011949256247834295
