0,65.137521671193,70.36628361688038,70.81147989110644,72.35510807982945,72.41206288500909,72.77917869619546,73.8584310150621,74.1193916221717
1,90.49582417068257,92.60196097772011,93.13513360455612,93.18219665450295,93.33601202578284,95.22515601450401,95.42483939673278,95.61565361109294
2,79.15447666259966,79.70307625968766,79.82776240055695,80.12568670587957,81.38064636815879,81.7419190723373,81.76049332658397,82.59805909703829
3,84.37062068540472,84.74378351515537,86.78644639651841,89.90722511553658,90.68980982054246,91.12038125964875,91.33821388129729,92.01496077781411
4,73.9743816302974,79.00970554743027,79.21433374247012,79.92037119624926,80.64735631086704,80.75910831479219,81.3965934567581,81.42685685596176
5,85.40302810423384,87.68868296721408,88.45472643426302,89.56029672945353,90.83305310147055,90.87767880219658,92.56551215978426,92.68317561922318
6,75.63727238781503,76.76036987704498,76.94480959317005,77.27355631965432,78.7950661945036,79.03008046780238,79.05125824638148,79.28938343521547
7,83.16898055421902,85.58475555986028,86.98178258111729,87.19733686411601,87.64190646590355,87.84718435793745,88.84458252819327,89.38588423316462
8,65.137521671193,71.46090516741735,73.54713480834576,73.61644665393261,74.0330094622469,74.03881938140441,75.53742018914387,75.88608318721529
9,79.752809522881,79.7633186900827,80.72998975634685,81.499505894192,81.72700510024418,82.6603254821795,83.30956798801944,84.31983972023825
10,72.76257109981263,76.44531353765406,78.56351337187753,79.23192313620983,80.69694109897148,80.78960357969054,81.11713733152293,82.17088083053969
11,67.58017829748543,69.20589875083745,72.95423288651936,73.67813603414758,74.72411277544997,75.43768367824654,75.53742018914387,76.92531931333508
12,76.57832248183449,77.92277657283407,78.39606342890184,79.16225749289679,79.31383148713292,79.39583452311683,81.05220616747118,81.66217274319901
13,75.92766066072664,77.47639796126059,78.44073774734318,78.52328066017793,81.06902932762199,81.4341751600086,81.74581581796342,83.18081924386821
14,74.51503946047848,75.47460931556475,75.64410669714364,75.89619503576127,78.08308767162198,78.19182621350583,78.22932127533659,78.25618122887381
15,81.36936931874196,81.82407585617541,85.53729580365514,85.63750095237845,85.84649326457382,86.35388621240755,87.93449595947308,88.8004388070685
16,81.47611585461966,83.72758281579237,85.07953322897865,85.38652358068424,87.03882690112357,87.21540809221594,87.6897954708873,88.11003268351632
17,78.77558175889277,80.07185002482908,81.19740129568383,82.75176399524243,83.14333647181009,83.24998787946258,83.30730731213855,83.38197495658181
18,80.00846866203113,80.2357492844572,82.37616057313504,82.4659442009877,83.13826510773619,83.18081924386821,84.17000573985845,85.54883911803596
19,76.93711668511102,77.73908885329084,80.402598092162,80.64565292020124,81.74581581796342,81.90637295016518,82.35458620208243,83.40032052070961
20,77.04620450136541,77.10026064342344,77.57273685756023,78.0881114632221,78.14499933838333,78.26243914284248,78.44284652756974,79.39736945031461
21,83.24632247000008,85.51229991701902,86.08777415641605,86.28074524919835,86.29362334052767,86.85709758837324,87.26220007862213,87.6897954708873
22,82.78076740904866,83.47845949147772,86.30626458394329,87.69256736100706,90.78656657878842,90.91761252576904,92.93198564691056,93.5402093533422
23,71.29476726307298,71.7666968594517,73.30015288618328,73.61222937796884,74.54189013401613,74.73294714229809,74.75132661988782,74.87163302861428
24,77.26364413779459,85.20327340117939,86.61349043229586,86.62424602214014,87.59721542962907,88.21984622448075,88.45667802204291,88.59504474184423
25,87.73930936450763,89.46589085510526,89.76178286629373,90.10356232724222,91.08625877125121,91.34466218995928,91.37180802708576,93.10034160868587
26,72.88272308506473,77.1171269161652,77.55570254037595,77.58132581589368,77.80021188551203,77.86331022389764,78.07895465489435,78.36635535634021
27,84.4858792937862,84.92441223155885,85.41772584396838,86.58825911480533,86.63373390864567,87.5482454323066,88.45005334968192,88.95122211971372
28,80.56454901763577,81.18784739086915,81.66811206485028,81.8568246677394,82.00941393042,82.57281867024649,83.2427261069038,83.64768081758226
29,71.78379138637523,74.13728727831177,74.6188514678572,75.4672395105195,75.74806522201017,76.29608567535023,78.3696358200651,79.29102408462066
30,73.96421424600855,74.51431285576052,75.29243849472357,76.00001196850775,76.7177813796901,78.10461155705596,78.19755464125004,79.00970554743027
31,80.38736933293602,83.96641474156063,84.25535001087847,86.59852963997086,86.81866994006795,86.84685318497877,87.81165400885563,88.01454187785434
32,80.79364233932594,84.8859865733611,85.50129541493868,86.14717955171851,86.25475450634241,88.1730853964426,88.41745863089393,88.46151663117315
33,72.8618704229704,73.19718259802865,74.51429091572261,76.29859573809287,76.3609905952972,76.6079231612788,78.04377155933263,79.37656074461061
34,63.62092372468024,68.53893166910682,70.070806456034,70.70091792801412,73.20015249640109,73.30015288618328,73.48024194620976,73.67813603414758
35,80.64858184500218,81.58143570221151,81.99187053645014,82.72132248017334,83.41720198206211,85.70941472697962,85.74405790219421,86.0631562033462
36,70.21289429540867,73.24208516895786,73.90597756395694,74.59919178929457,75.08675709317397,75.72963496824202,76.4954643941502,76.95320087413327
37,84.11536433128398,85.7246490808392,89.73973710732253,92.08903211415848,92.34181180979748,93.33913167987029,93.43932203981902,93.50334098948666
38,71.70345230943795,72.37896278676222,72.65770979716675,75.4672395105195,75.50489991034368,76.7625682117225,77.18908676983553,77.93131252596106
39,78.40907678035381,78.78733904105422,83.32920235081654,84.40782772096787,85.38602322511531,85.86475396915057,86.30179504856048,86.92346387358245
40,70.60911845242066,72.3958055570672,75.5773407377201,76.9274759003828,77.15606071487372,77.21075900020372,77.47639796126059,77.608355757942
41,81.58253809931924,81.80944200190031,85.70905177898307,85.8674762040944,87.84347754931383,88.67799353034434,90.26578689881201,90.37648442171592
42,75.59280883871212,76.15685750889752,77.02199447055015,77.28564464671524,77.78270029949685,78.10802427343367,78.11544889964809,78.3696358200651
43,77.21375445084459,77.25847686353522,78.29521406381978,78.5211356581556,79.57099867025177,80.64565292020124,81.29983643660228,82.42288758537654
44,78.64293987453112,81.6784496980586,82.0402292781764,83.90616507559461,85.34586903637702,85.54313386385172,85.77749449091033,86.11179033294371
45,73.58778146931319,75.48579267730176,78.92843220895016,79.4563974566309,81.19460127092094,81.63642425898338,81.83280473881089,82.20370040559627
46,74.54995796839503,77.6234826426843,78.38955092931616,80.72998975634685,80.92989998827046,81.42583842705062,81.5428751368062,82.94857714782793
47,85.76653233729037,86.72211344495783,89.29518924845391,91.79555263034314,92.36801244615695,94.23333984910676,94.70285065828692,95.08372178242413
48,76.56302046392409,77.37937267095322,78.26243914284248,78.40038896583738,78.55782781177435,78.59833453054796,78.84224157124687,79.19007641270588
49,89.27794296569884,89.53899618712197,90.07360449933428,90.16380744664733,91.20238511464441,91.44989449864659,91.71265130593243,91.80757299750393
50,68.83543062492816,69.59890043978704,70.73683276005032,72.37896278676222,73.96325129678509,74.76415452014938,75.84871804081538,76.46948441885819
51,80.4826138311575,81.02159510271872,82.21552648745033,83.51655142722267,83.9652018713366,84.8125276019311,85.21673181226856,85.30127297225576
52,75.80855383589707,77.6932405528902,78.23917551284057,79.41779912796665,79.8280332515543,79.88366168438115,80.64735631086704,81.11853823359998
53,78.28493954445621,79.81843052056631,83.49913517969942,83.71262066510485,84.03618998241396,84.65824241376144,84.85756668445512,85.0470023423837
54,81.05220616747118,81.4546191749687,84.46168831165696,84.92441223155885,85.88283156656685,86.25475450634241,86.52201881247098,87.21947241319563
55,73.9565581093582,74.54995796839503,74.56752149086805,76.61079775194636,76.93711668511102,77.25847686353522,78.52328066017793,78.80647365127473
56,74.51503946047848,74.79457899815232,76.25939599889416,76.76036987704498,77.00455931203629,77.58829371343487,78.09971757876521,78.56254718872823
57,60.15584885870722,70.73683276005032,71.63591825565854,71.7666968594517,72.21561476264195,73.61644665393261,74.22164108145174,74.24382707108371
58,76.27818332815154,76.61079775194636,76.66924577992428,77.21375445084459,77.29609756356297,77.50470235976836,77.6234826426843,77.66212732822709
59,76.27818332815154,77.04620450136541,77.15606071487372,77.40084176246762,79.12928619509303,79.78082955773745,79.93636034585785,79.97968878215873
60,75.89974033943282,75.97919439128269,76.00001196850775,76.7263376240036,76.81461573669873,77.77083047447196,78.90424045990693,79.02334953508968
61,72.12476077855972,74.87163302861428,76.10223540620322,79.01402991680754,79.02656116598209,79.3720236465984,79.7763042612172,79.78057302096997
62,75.10624649714116,75.18578788845191,75.88170273959973,77.14818449446295,77.18908676983553,77.44667389453299,77.95993909778102,78.10263418406537
63,70.70906083997413,73.54713480834576,73.58778146931319,74.11451731971664,75.17436240234198,75.37761815980865,75.54015128130098,75.6708769920722
64,82.32907871652098,85.6746981129268,86.50379714549923,87.47041988183435,88.09870651944958,88.24293292384729,88.75266592799298,90.45121261003958
65,79.92662114323313,84.30855488632902,85.16656160766743,85.20908029859744,85.52763633446212,88.15990952698911,88.41090993584916,88.75402437331392
66,84.25241807292677,84.45495809206994,87.85813930528339,88.41745863089393,88.45005334968192,89.15805391466677,89.2802952739837,89.84871352104398
67,75.89974033943282,78.1337681872806,79.03459367614317,80.13092848035056,81.73867608216011,82.20619585268301,83.20085532273546,84.4582119642031
68,78.08184586108278,79.24608223790568,80.09151685549367,80.13092848035056,80.36077404126833,80.75910831479219,80.9042395526955,81.80408594170679
69,73.36634442067738,74.03675503042618,75.05837642650954,75.9896313318035,76.76557800498239,76.8795599179444,76.9652842977545,77.03061706181951
70,72.42968030898388,75.18444928771693,76.0640890919427,76.37731449543107,78.56351337187753,78.9694593104902,79.08899259897854,80.63665310806577
71,72.42968030898388,78.26056123238116,79.00372337557513,79.37096223640768,80.31826041875858,80.80632582832948,81.98899688268132,82.7694243389551
72,83.43858688895806,85.8212519235374,86.49782503917793,88.06478843188698,89.05894079753972,90.06365693187026,90.17067325257375,90.41299755961087
73,81.14354787522743,82.63607233076263,83.54800549214221,84.14980953061166,84.2912091873757,84.79282968138392,84.98794989270766,85.41772584396838
74,74.4995737214328,77.81660400279247,82.56059588363635,83.34167673045596,84.57169785851843,84.84811418789174,85.30647033742245,85.47474877893177
75,73.9565581093582,73.9676681131654,78.20989977316626,84.32493974240764,85.8674762040944,86.04939566850194,88.1260558246559,88.2046501211554
76,79.74279531652964,82.21031752329289,83.52257759767022,84.11569887318716,86.08814591238533,86.12715388077376,86.25499180484043,86.3032013397379
77,78.58128404488443,82.76204664653744,85.12071932674131,86.64179302348357,87.64803835633002,88.01247708081517,88.13427660120996,88.30280583874061
78,78.77558175889277,80.25081450927233,80.29117479488652,81.12422917400241,81.88764363312423,82.39709100720351,82.4284620909452,82.5493331318891
79,74.91827760929428,76.8698788736081,77.21075900020372,77.46195937569746,78.55782781177435,78.87667919857847,79.75003290734571,79.97968878215873
80,74.67651003273807,76.13275376883782,78.50128655094733,81.49277964244241,84.11848345794998,84.58735488214093,85.45247184540989,85.86738385126107
81,68.30943359792651,69.0592175519695,74.02987502741136,74.10762702259343,74.54189013401613,74.85711940754996,75.04877205616,75.19921137804012
82,76.57832248183449,85.38909457107322,85.55996596252075,86.0200622868436,87.39772693105769,87.54108565386149,87.66751675582617,87.69256736100706
83,88.75498306218832,93.8539569880071,94.95371374580546,96.33225191772182,96.52381413582671,96.73266200268975,96.76014951796168,98.20327146101637
84,81.45834223469096,82.74020741646432,83.2427261069038,84.4858792937862,86.3538563238513,86.36462134293603,86.51682680707998,87.05572886693898
85,79.36090916116515,81.93760097216531,82.66800242768798,84.15340333236797,85.16978784536957,85.80354762607267,86.11328088365629,86.21188573319932
86,75.43486879784457,78.72246479131792,80.5323462909459,80.88073501098174,82.41747521863599,82.50668710995957,82.97273901359624,84.15486703199302
87,72.96885600969169,78.93035630500633,81.18743246862016,81.23104576685812,81.27526848083012,81.65401286030189,81.76271161418805,82.19476849220752
88,70.8598788664479,71.63591825565854,71.69690055447059,71.9035167765129,72.77404537861098,72.96836573442909,73.33549248058199,73.34569600244811
89,70.80500055514987,70.95895280809837,71.84960697927002,72.37298029132779,74.02987502741136,74.69105250494522,75.07967619643676,75.08675709317397
90,79.0135623148824,81.9870180271302,82.07633574199075,83.80223486359132,84.52830993672514,84.80459584390437,85.21278219127362,85.33560915455058
91,78.1337681872806,79.61046882698216,79.69082706446508,81.22846541998888,81.88764363312423,82.81897629944733,83.13210066882,85.11378631808293
92,78.14499933838333,82.5590528048331,85.4629727189778,85.56336077805396,85.70941472697962,86.64171195126625,87.10191448838785,87.60544208638694
93,72.76257109981263,72.91315237313214,75.29243849472357,75.495363155486,76.40889130763064,76.6079231612788,76.80711112109879,77.54788136977194
94,80.30183222242418,82.63013321175706,83.06394365625188,83.2860541573592,83.36722397062472,84.17848556634128,85.15437280982245,85.91284840798473
95,75.0502748866142,77.92277657283407,83.47845949147772,83.54800549214221,84.82974836082303,85.1196392637531,86.0911077194789,86.25288669341178
96,73.19718259802865,75.18444928771693,75.69339533396328,76.79897347584618,79.20137998346146,79.37100789882658,79.40815849268522,79.5461473645419
97,71.89313172198216,73.45930782836194,73.66514739981663,73.8584310150621,74.28138513898637,74.96765442146044,76.0632056290775,76.9652842977545
98,79.16225749289679,85.34997069045966,85.5455187858578,86.2782859200515,86.7642787584932,86.77364856662587,90.60866081317442,90.6224476521019
99,71.65077734341384,72.38064565306699,72.46073777697141,73.45930782836194,74.3305323640063,74.5747804971398,74.91580079452542,74.98820690240156
100,80.45756681545171,87.38598825753648,92.15817154848156,92.96561015583545,93.13061867937292,93.2644491358866,94.30753740120169,94.72360407606045
101,86.3056796919806,90.06423378838954,90.08795544986194,90.54223152246193,91.27190615041553,91.40253955325704,91.4233930629174,93.54903135090116
102,79.70053404923445,79.78498198292706,79.94825536144444,79.99515357955654,82.43167738033219,83.7569559546793,83.98557663601555,84.21603754650437
103,70.81147989110644,74.3305323640063,74.74965743365279,75.58451109384576,75.95424966993264,76.29961811096234,76.62208993529218,76.88711555225196
104,76.81802989322574,78.23917551284057,78.56393242815415,80.48805909576812,81.3278320158824,81.97806270338516,81.99196339627572,82.31946525175769
105,68.84710569809256,73.33549248058199,74.50352202533469,75.72963496824202,76.08815489683069,76.16617257972963,76.59569810706326,76.82432039640315
106,84.28980630498106,88.93171328033922,89.59107593885926,90.41469149963642,91.2876262769468,91.41475860283259,91.51258448827248,91.76314147116913
107,72.91315237313214,73.72629980029626,76.23507614243479,78.08184586108278,78.56393242815415,79.08899259897854,79.4104416518907,79.5461473645419
108,88.47013428497914,89.56700482189916,91.08625877125121,91.8195054064813,92.0333586088177,92.49828257186657,92.9325537935534,93.2464342407504
109,88.24942752952157,88.27238020531414,88.54878586615058,91.88901906826774,92.35556284916775,93.04161105950213,94.29687457619885,94.67291177723355
110,70.1186925261635,71.00110554511839,71.06636349900889,73.28921115897425,73.82759385171849,73.97402916278398,73.9882654777951,74.13728727831177
111,74.2986555018419,74.4995737214328,76.66924577992428,78.0881114632221,78.47515295811577,79.85427266128654,79.96141323802763,80.34650464291032
112,65.4910919738709,68.53893166910682,68.83543062492816,69.20589875083745,69.37524466142672,70.39504903518775,70.80500055514987,71.52265308515813
113,74.0183902424741,76.29022495502196,76.9274759003828,78.20989977316626,79.08128830650288,80.41314366323185,80.79665686482268,81.6691262758482
114,71.52265308515813,73.3150507127826,73.48024194620976,76.53247428962244,77.51514468153543,77.86271548504628,78.50817946094321,78.50875102013802
115,80.69267187782198,82.4784925571435,83.24632247000008,84.53392971562603,85.13992902192028,85.30157239120874,86.45647874511918,87.59745440122876
116,71.9035167765129,74.55965634080388,75.64410669714364,76.10610551589663,76.53247428962244,77.49789712898608,78.14481079776604,78.40731035229646
117,82.19851009663388,84.83595699967476,85.1827677967583,85.5455187858578,85.77816681170833,86.37274488670113,87.29109402972604,87.91112709340936
118,83.25712582063404,86.90470941552523,87.24412680078801,87.65235494338027,87.85813930528339,88.64424746332762,89.81469538014137,90.79311872756065
119,79.19993562346416,81.18277750874717,81.83398048846412,84.90356142357341,86.4576987491209,88.31175779706837,88.62865580418872,88.80569996266107
120,70.70091792801412,70.80423229388484,71.5165893814981,71.78379138637523,72.95423288651936,74.24234326025089,75.27687122565737,76.09205234589274
121,80.53941276574679,82.5115980159065,84.81178145501131,86.26641158362172,87.49051456852737,87.89389965084563,88.18449953145134,88.28307693854026
122,76.29859573809287,76.81654645332561,77.53181845230097,77.65639114305999,78.33051289456641,78.93035630500633,80.61223598061385,81.75853773708856
123,72.65770979716675,74.05378627499874,74.6913247059326,76.25860976499021,76.5048263743608,76.66034827398099,77.10395007182478,78.2316860671295
124,90.33889760406542,90.86924316797061,92.74626643604913,93.56755761544152,93.84144278064781,95.32067714552113,95.40307475508052,95.56885111115874
125,69.56301077594924,72.86860511417784,73.96325129678509,74.50908738137169,74.65563663771981,75.50489991034368,76.20038122403021,76.38780358365084
126,86.90659553102722,89.03744089242862,90.12218936358857,92.0661136690732,92.13686731574023,92.49828257186657,93.77635777558486,94.05770378953473
127,75.80855383589707,75.97919439128269,76.81802989322574,77.46077678633728,78.53717944665539,79.20137998346146,79.38024756280348,80.14091257695766
128,73.34923343907178,75.5773407377201,75.92766066072664,76.87803952133072,77.10026064342344,77.37937267095322,77.46195937569746,78.11406683014776
129,76.37731449543107,77.65639114305999,77.77083047447196,78.77992873975772,79.23755337259216,79.87806323011752,81.31328431764676,81.66868655796497
130,78.28493954445621,79.1058609924616,79.77322244730004,79.87806323011752,80.01090795471954,80.07185002482908,80.12568670587957,81.37153431380159
131,78.619968062068,79.6015958781418,81.77354716872391,82.63607233076263,85.03677783477961,85.1196392637531,86.14717955171851,86.72211344495783
132,80.75114631912085,82.00749910505643,83.07467344675057,83.788379611768,84.43203755251746,84.45913242535279,84.77263695261604,84.77674407120755
133,84.30765928557037,87.49174302923709,90.34333590604594,90.55604536276402,90.84646897054257,91.83074350397511,93.93287364863927,94.96042012531375
134,70.60911845242066,74.67651003273807,76.05090187495877,77.81660400279247,78.11406683014776,78.47515295811577,79.40799285155991,79.8904933971006
135,71.52811677873308,78.40450779797695,80.39803060583655,80.86749476835854,83.14822108412272,84.15322756519615,85.12519549696347,85.23165981439347
136,82.83533702742196,88.75908916081208,90.33488323498173,91.87062313827668,91.92886373901467,92.98691193579846,93.27640613526209,93.73094567827354
137,83.19791287186287,85.5025845618215,86.64179302348357,87.92336708691565,88.21307048544676,88.24942752952157,88.35919771077215,89.05821055065356
138,81.58597761837923,82.5416050566549,84.77964182799779,85.33927382807666,85.66279100613683,85.76921408753745,86.47469492671685,86.5585448127485
139,60.15584885870722,63.62092372468024,65.4910919738709,66.18732858621134,67.0143415779149,67.58017829748543,67.73301288629281,68.30943359792651
140,73.59011207256209,76.8698788736081,77.93471457621371,79.35540810422383,79.6256577028972,79.90495984556247,81.23958496424518,81.5428751368062
141,68.80240470786289,70.80423229388484,72.12476077855972,73.9882654777951,75.0217896321918,75.28622871381845,75.33281301632813,75.36316869265507
142,67.0143415779149,70.1186925261635,71.43413197185464,73.20015249640109,74.10762702259343,75.07967619643676,75.41016877418122,76.1071451194914
143,93.89143138005932,94.33095561597442,94.67337015305986,94.74552556438145,94.76685905727483,94.83241585126221,94.95636513776189,95.7391615776039
144,73.97402916278398,74.67873255049787,78.49834807233306,78.98357664859248,79.12041818070387,79.86922557182805,80.61064543541245,80.97906085637241
145,91.13297330516504,92.00302988029321,96.11378671518239,97.38471708681841,98.60238683356597,98.72652872240741,99.05932411955395,99.54948103797204
146,79.752809522881,81.42583842705062,81.83398048846412,82.38584555969757,82.4784925571435,83.68274658492194,84.71934335713723,84.84811418789174
147,74.08355980282231,80.14091257695766,81.66724905221251,82.56407114572416,82.66800242768798,82.76259431270647,83.92591879995021,84.48995496563218
148,72.35510807982945,73.28921115897425,73.64507443582306,74.03881938140441,76.62254809370744,76.69801318951119,76.842082113435,76.88711555225196
149,75.31173734691666,78.55233130911809,78.58128404488443,79.39583452311683,80.45756681545171,81.8568246677394,82.50668710995957,82.98616829086882
150,66.18732858621134,68.84710569809256,70.070806456034,70.8598788664479,71.43413197185464,71.89313172198216,72.37298029132779,72.88272308506473
151,78.16866068204634,82.19851009663388,82.5115980159065,83.19791287186287,83.51892336234937,84.15486703199302,84.2912091873757,85.34357031438246
152,80.04022676333787,81.53658834685365,81.73946260016884,82.2217527777371,82.84345702301654,85.71560703441027,86.02805990012033,86.12878204385969
153,78.39606342890184,78.619968062068,80.76449482609213,81.14354787522743,82.83533702742196,83.25712582063404,84.45495809206994,84.47714413900196
154,77.6932405528902,79.55404645536494,80.62897354456001,81.4500190151756,81.66724905221251,82.75642665669145,83.36722397062472,84.05509992092622
155,74.85711940754996,76.02729097044273,76.92531931333508,78.09971757876521,78.5030191187171,78.79629652786004,80.36021138428937,80.47050917644691
156,84.61136467753376,88.86794046340712,89.21841308581209,90.26190077862478,90.47379540394695,90.77818424719631,90.90163618120711,91.04482254729528
157,84.81178145501131,85.76965738433098,86.5211687804081,86.83173645280776,87.35692901327836,87.49174302923709,87.66751675582617,88.92946471913893
158,78.16866068204634,85.12106923868798,85.27918134136414,85.58696007120832,85.8000037290376,87.39772693105769,87.60107181490064,88.04512303169174
159,69.96960968542014,76.05090187495877,77.608355757942,78.50128655094733,79.21450668277518,79.6256577028972,80.7912247982321,82.19713420591759
160,81.66868655796497,81.69427390319198,81.85170487691876,81.93760097216531,83.0710819142015,84.11569887318716,84.14970756421361,84.8082854657573
161,74.3291406507975,77.29609756356297,78.80647365127473,80.51257761539571,80.82334494439758,81.73946260016884,82.11228903811164,83.30956798801944
162,79.29658523929702,81.35927919112304,83.09689571133801,84.51285267813141,87.5317394537642,89.67227939116376,89.80958149500246,90.3743910992382
163,83.29007073229327,85.37574107760163,87.64803835633002,87.91112709340936,88.04634950246707,88.54102217667072,91.30053452672378,91.37634019591653
164,73.19851319702494,77.26364413779459,79.38024756280348,80.38736933293602,80.74147365438716,81.37153431380159,81.43764072920139,81.73888447758847
165,80.68307123187019,82.11228903811164,84.43203755251746,84.44874178595573,85.44974509649342,86.4484021520592,87.85151633233684,88.42007096076307
166,84.11536433128398,86.7802493597854,87.92336708691565,88.08633359983297,89.04467859253658,89.52701032119124,90.00217591076412,90.13884723697021
167,74.91827760929428,76.56302046392409,77.59845233665997,81.6945369971633,83.09957156483998,83.16246589275,83.63402493875817,85.02266550058918
168,83.64768081758226,84.49152029776864,84.79282968138392,85.39186842398571,85.41071070201934,85.7246490808392,86.38104023754308,86.74886269892819
169,85.33225162618707,85.71526987046717,86.06546309533644,86.40803587336661,87.09322631335175,87.6641748243426,88.01084672848287,88.45068992954386
170,76.44531353765406,78.85986003679808,78.9694593104902,81.38411378679584,81.80408594170679,82.43445803858924,82.84839204590662,82.88170612058708
171,75.78205628518492,78.53717944665539,79.65088487667278,80.5843648908858,81.20847355211521,81.56276408318344,81.85170487691876,82.33070874249628
172,82.76204664653744,85.68081158769128,87.24412680078801,87.49051456852737,87.8609569648434,88.62481834206386,89.42339231849907,90.45821079206078
173,73.72629980029626,74.11226043805952,74.51429091572261,74.51431285576052,76.40889130763064,79.03459367614317,79.36090916116515,79.70307625968766
174,74.11226043805952,76.0640890919427,78.10461155705596,78.77992873975772,78.81578473920571,82.03234711762701,82.51511117661133,82.55609546145986
175,80.56454901763577,83.16898055421902,83.29007073229327,85.39186842398571,85.75426411994835,86.17318242620672,87.24393470633734,88.0772576376367
176,72.96885600969169,79.74279531652964,81.21368211559309,81.80420125395467,82.13385867827132,82.59957106772616,82.8374725695764,83.80672570473698
177,75.0502748866142,79.31383148713292,79.6015958781418,80.70030118009234,80.76449482609213,81.4546191749687,81.66811206485028,82.18368252720994
178,71.56742843819706,72.77404537861098,74.81797313144865,75.14530105601547,75.27499467892699,75.88170273959973,76.62254809370744,76.66034827398099
179,82.98616829086882,83.91906574712287,87.41211369600609,87.98557525479254,89.14950474297237,90.29539345423379,90.33889760406542,90.84646897054257
180,74.50221553310828,75.33281301632813,77.8902873312298,78.1581025111224,78.38844185893478,78.40450779797695,78.67361395260531,79.12221848631654
181,69.59890043978704,73.2167634644119,75.36316869265507,76.12140230844359,76.21337481406962,77.0785586783694,77.28564464671524,77.5216068558241
182,72.8618704229704,73.9743816302974,76.23507614243479,76.81654645332561,77.54788136977194,78.7871290262338,78.90424045990693,80.78815111188327
183,73.19851319702494,76.65104929101805,76.80711112109879,78.19755464125004,79.00372337557513,80.07913647360358,80.3184709048242,81.23104576685812
184,73.96421424600855,78.22851960851382,78.7871290262338,80.29117479488652,81.3278320158824,81.9870180271302,82.04711813453433,82.92237503849276
185,78.55233130911809,80.53941276574679,81.18784739086915,81.66217274319901,82.18368252720994,83.67865710933918,85.76965738433098,85.77816681170833
186,72.3958055570672,73.34923343907178,78.59833453054796,79.96141323802763,81.96427560469755,83.07467344675057,83.8914240262263,84.01290097828743
187,79.9410630159132,80.34650464291032,82.28700045691413,83.09673268826927,83.13492308471426,83.39236615980164,84.11848345794998,85.30157239120874
188,78.22851960851382,80.5843648908858,81.87677559168984,81.9837170165046,83.57573200627115,83.77636394864525,84.76375830051317,84.77098983061512
189,84.94013419752167,86.55111958404031,86.59085386390909,88.63754656191728,88.77230112514843,88.9699737590189,89.08970835053287,89.4769800527748
190,85.38652358068424,86.23225086620344,88.26352945840027,89.50490419878211,89.95528186004626,90.11946927725164,90.19469416230976,90.41998507198285
191,80.25081450927233,80.3184709048242,81.76271161418805,84.61136467753376,84.86342190267202,86.70066124063105,87.26785498625807,87.83755858043457
192,80.88073501098174,81.77354716872391,84.10994080241619,84.1502914959491,84.46168831165696,84.73417387075212,84.8859865733611,86.63373390864567
193,70.36628361688038,71.00110554511839,71.46090516741735,72.56598463435786,74.28138513898637,74.6913247059326,74.92680051892114,75.24188392479202
194,83.33152398727957,83.67865710933918,84.1561700762868,86.60788756377252,86.73848138168174,87.2130210594749,88.28307693854026,88.78549434091046
195,82.60708212821145,82.97273901359624,84.42328486524863,85.76657684620709,86.03923876734723,86.52865379757635,87.35692901327836,88.46151663117315
196,84.78332805773759,87.25715470032247,87.68211814517662,88.07163986232247,88.58848502098037,90.16165838793673,90.27515039141431,90.31584216710031
197,82.2415367030617,82.56461523454848,82.85336007174811,83.57673673416123,83.67178434198004,83.81538522351222,84.13069506009867,84.5337739870741
198,82.15013327307588,83.9652018713366,84.0906409414415,84.48134678970996,84.63098781755018,85.54883911803596,85.93555534781345,86.23225086620344
199,78.04377155933263,79.1058609924616,79.24608223790568,79.8280332515543,79.92662114323313,81.91627408868199,82.27247595432603,82.38555929379247
200,88.32981686316108,92.91021357675145,94.43191131607621,94.47320105008774,94.5273405885646,95.31004067130668,95.40307475508052,96.21961306745472
201,74.3291406507975,77.66212732822709,79.7633186900827,81.58253809931924,81.8816617024638,82.24738493807605,82.53572318391177,82.57456919879395
202,87.96654388201725,88.1730853964426,90.03682977207438,90.77991410938657,90.93591397284746,91.37180802708576,92.56275321216854,93.182917396689
203,82.93522256092882,87.8953095971094,89.77870460437427,90.30382652475714,90.47455059388423,92.44790344404272,92.59008122198817,93.64443840212594
204,79.98719010592963,83.01918587267565,83.95703685546403,84.11294195397463,84.3799212058761,84.41434963612815,84.8390100168904,84.98874218886114
205,88.61249437165011,88.64424746332762,88.69121383581069,89.76178286629373,90.43127037521353,90.60482703990324,90.73726288271314,91.3445260387953
206,78.87667919857847,79.31043983243222,79.74514031673992,81.20977992851152,82.76418387571124,82.86557105808498,83.72121592876216,83.85067639643673
207,75.43486879784457,80.70030118009234,80.79364233932594,82.57281867024649,84.25241807292677,84.69878589774818,85.88283156656685,86.38104023754308
208,80.5323462909459,84.7862404571265,85.34357031438246,86.0911077194789,86.17318242620672,86.3538563238513,86.74886269892819,87.19733686411601
209,88.07857092840584,89.84152915607064,91.89240600716282,95.20896193901964,95.50798977230018,96.29904588833725,96.68465629592056,97.05528308420492
210,83.51892336234937,86.26096498928275,86.3056796919806,86.36462134293603,86.90659553102722,87.1797668602236,88.03043889304243,88.04512303169174
211,67.73301288629281,74.5747804971398,74.96765442146044,76.49467622826812,76.65035181413015,78.01573567115948,78.07886368697389,79.27377088117541
212,77.74175991969287,79.15447666259966,79.37096223640768,79.82003871072364,80.07913647360358,80.54355360154328,81.22646062556984,81.29010746052602
213,70.70906083997413,70.95895280809837,73.39269208081278,74.97125623565726,75.1685274565147,75.97060059899543,76.05817070308457,76.58061061273483
214,82.13385867827132,83.35684471823546,84.921893587043,84.9565577195676,85.89774643844729,86.34325507061145,86.66944557843891,86.73497101200816
215,78.26056123238116,78.56208706436053,79.40815849268522,81.35927919112304,81.9575061332707,82.96686928648828,83.49395384658011,83.52164142073435
216,63.26503541270896,70.21289429540867,71.52811677873308,72.32893478951766,72.56598463435786,74.0330094622469,74.08809347685069,74.50908738137169
217,71.40655684379824,73.34569600244811,73.8875365993507,74.97125623565726,75.6106576602672,76.44381424906676,76.81547566411942,77.00163786024396
218,74.2986555018419,77.50470235976836,77.57273685756023,77.59845233665997,77.66110898340315,78.40907678035381,78.44073774734318,79.19007641270588
219,78.98195971610862,79.75003290734571,79.95446104215024,80.80537563035945,80.96926467643344,81.23958496424518,81.31697134717251,82.617128469039
220,78.84224157124687,81.30155783835238,81.31697134717251,84.1891922486213,85.09523786438723,85.86738385126107,86.32414729699343,86.37319049007371
221,69.37524466142672,69.56301077594924,70.16447434017022,71.40655684379824,71.65077734341384,73.64507443582306,73.66514739981663,75.59280883871212
222,69.0592175519695,71.87512850284965,74.73294714229809,76.4954643941502,76.89217807353802,77.10395007182478,77.62303480875062,78.1581025111224
223,84.10994080241619,88.0772576376367,88.57765644769212,88.69121383581069,90.53337704099107,92.09787109120866,93.1239563933831,93.69689726340403
224,73.8875365993507,74.13687596974985,74.56098846966854,75.59401891791121,76.48831505331627,76.94480959317005,78.49834807233306,78.84224487503599
225,73.39269208081278,74.1193916221717,74.50221553310828,75.24625176552348,76.64695680078462,77.14818449446295,78.6073443386306,79.38170292910031
226,70.39504903518775,72.77917869619546,73.54815327656702,75.01890914659175,76.85777141292675,77.54110105661078,78.01573567115948,78.11374527275463
227,63.26503541270896,72.96836573442909,73.2167634644119,75.95429750865507,76.29608567535023,76.48831505331627,77.23372980784285,77.27804510785427
228,74.08355980282231,77.53181845230097,77.65609968695402,78.61608833271015,78.85986003679808,80.64917617124273,81.18743246862016,82.00103379066177
229,82.30770100374714,84.31983972023825,84.54223028214237,84.85951616261158,84.90433139641259,85.81191668824695,86.38731428630146,88.04976752550904
230,75.78205628518492,76.7263376240036,76.79897347584618,77.63926604627977,79.94105354393089,81.65401286030189,82.77861471708013,84.24751566272977
231,75.90365048929475,77.65609968695402,80.09151685549367,80.35993729133875,80.69694109897148,80.74829471389478,81.80616499204122,82.38555929379247
232,73.59011207256209,74.0183902424741,76.42152363188676,78.05953738367425,78.40038896583738,81.07474340315262,81.53658834685365,82.97350477886275
233,73.9676681131654,77.66110898340315,77.66310526401053,79.08128830650288,79.93636034585785,80.39582901326665,80.80170925403307,81.07474340315262
234,80.43373289491578,81.67257357746797,81.75853773708856,82.87935600497133,83.06394365625188,83.94880370509746,84.03950112029973,84.08062815937936
235,75.31173734691666,78.72246479131792,81.45834223469096,85.8000037290376,85.96886891718994,86.81225826024087,87.30061120018657,89.1440116045951
236,82.00941393042,82.60708212821145,85.75426411994835,90.13884723697021,92.4513708179911,92.92103839041775,92.93198564691056,93.0003428487612
237,78.53889345266401,79.15469746921539,83.03275698358408,83.79375265726144,83.81672532959418,84.08429857816265,84.47791901337025,84.98729025889354
238,84.1891922486213,84.37949098019645,84.86640077261944,85.70688053310741,86.48907712781654,87.34735830150778,87.52385582472243,88.02084696716028
239,72.99474876263159,78.47752931044339,79.94105354393089,80.36997658649639,81.19740129568383,81.86078722533557,81.9837170165046,82.06435889230606
240,83.98351089811544,84.21566177156195,85.79901110376491,85.82840517682847,86.41539979891178,87.13863626279105,87.15007021529802,87.26220007862213
241,75.495363155486,75.69339533396328,76.3609905952972,76.65104929101805,76.81461573669873,77.63926604627977,77.74175991969287,78.56208706436053
242,72.38064565306699,72.75597666488054,74.51812137061788,74.69105250494522,74.79930384570785,75.0217896321918,76.09205234589274,76.62637226516513
243,81.65578077388467,85.90575289868491,86.15760634574238,88.56429408529432,88.58848502098037,88.81392494000653,88.82301522237789,89.1284040792903
244,81.1088480256028,81.5486150157039,81.6945369971633,81.95348969007546,82.617128469039,83.40084845079666,83.7603593898916,84.49112819589423
245,84.3940816661724,85.03361468431709,86.48260640433325,88.06490611525507,89.27607258778045,90.1849567316512,90.45121261003958,91.59473448191376
246,72.99474876263159,75.90365048929475,76.7177813796901,77.46077678633728,78.61608833271015,79.23755337259216,79.82003871072364,80.30183222242418
247,69.96960968542014,74.56752149086805,76.13275376883782,76.29022495502196,76.87803952133072,79.57099867025177,80.31609993606885,80.4982053512299
248,79.1992900624743,80.96926467643344,82.30770100374714,82.32946256074854,85.30127297225576,85.35982636431649,85.98975073107462,86.04465554210347
249,76.42152363188676,77.40084176246762,77.66310526401053,77.73908885329084,78.29521406381978,78.78733904105422,79.31043983243222,79.39736945031461
250,76.29961811096234,77.95578830750964,79.00241142668736,81.26100186868926,82.92454565712383,83.09742573223383,83.74125124939447,84.6994332020685
251,75.28622871381845,75.83858894382129,77.66844707357605,78.11544889964809,79.15319122247075,80.55193722083331,81.06651234510939,82.5278619844958
252,77.89035801054109,78.32770393268551,79.65704633822953,79.81876227479077,79.95327637070521,80.3349671714076,80.60995967282412,80.86858385967236
253,82.48679054428263,84.47714413900196,86.80839234286185,87.66695851930804,88.87716164894216,88.94108770272123,89.33098696448371,89.49124042035095
254,84.42714322597234,86.94860705073249,90.42115667008315,91.14949181091777,92.13120734951265,92.49152897465585,92.96575912342736,93.04894653976172
255,80.49967298381178,81.31220024572332,83.38197495658181,83.73902058498905,83.88509266879733,85.36226977402333,85.603909449652,85.7135949331766
