0,1.2764473453447196
1,1.1297717996076804
2,1.0228411144643956
3,1.0252117666016685
4,0.9702893827555126
5,0.9724072052093824
6,1.0202414373171398
7,1.1600334051101528
8,0.9833350363593435
9,1.0757429309232853
10,1.0471744467323774
11,1.0410456072465728
12,1.00884948050262
13,0.9661494682558799
14,1.0033876904380254
15,1.0370741194372546
16,1.0208153502985229
17,1.1307645348472908
18,1.063831411799506
19,1.1279641862258984
20,0.9762388399167286
21,1.0397676479748337
22,1.0004234307919697
23,0.9376448999493123
24,1.2590267392101742
25,0.9971120282854931
26,1.1879312685067722
27,1.3971408769672462
28,1.0924040813295874
29,1.0419478212316309
30,1.046948490946586
31,1.0282781654642041
32,1.0547056024963894
33,1.0327766601160153
34,1.0755377441243938
35,1.108252788623429
36,1.0092707325135915
37,1.013519153283123
38,0.9962655125347157
39,1.0200874768763502
40,1.0587207825818206
41,1.00127730927793
42,1.0037269984751545
43,1.0356402140575482
44,1.368553008281761
45,1.008476312765767
46,1.0169492331768262
47,0.9999595214771625
48,1.0475652245159621
49,0.9966152315393597
50,0.9780021670352743
51,1.084753897413449
52,0.9792840076151303
53,0.9927057999407831
54,1.0925265613852895
55,1.0468375209448846
56,0.9769191619009481
57,1.0468767765924938
58,0.9985466343727795
59,1.081828964425079
60,0.9929972764744474
61,1.001452764625208
62,1.0583603263018682
63,0.9967839221446843
64,1.0499720078848256
65,1.1477668244972103
66,1.0387141690769193
67,1.0282555135742366
68,0.9427260177639182
69,1.024074978753697
70,1.0522105696656585
71,1.021394217424378
72,0.9648880559213596
73,1.0522106750583724
74,1.0387569267437418
75,1.0837216060458332
76,1.1495324182716
77,0.9933333102572443
78,0.9881430780063367
79,1.3145508483001855
80,1.0392323669794847
81,0.9927912144747165
82,1.0358159720512792
83,1.0454741593063432
84,0.9986039723011171
85,0.9840651714354739
86,1.0967025787999725
87,1.075184268056911
88,1.0912456158359838
89,1.0369636538816016
90,1.0668546186353058
91,1.0379971250770783
92,0.965791168641181
93,0.9728538569146006
94,1.3235671488549787
95,1.0256570581152789
96,1.0604445925103645
97,1.1352260637310545
98,1.001565224741277
99,1.0050074021172275
100,1.0559429856860452
101,1.0187968359170712
102,1.0040778169365425
103,1.0289429263662815
104,1.003902551192021
105,1.0068339231903347
106,0.9691681917295144
107,0.9851886699672274
108,1.21276964765201
109,1.421339895701831
110,1.1844936067367282
111,1.0554491898849607
112,1.1047928969899203
113,1.1663611971392644
114,1.0548886235048225
115,1.0285903538320698
116,0.9802721759338429
117,0.9959414550477453
118,0.9794057230938669
119,1.0073190993869006
120,1.0338192101400339
121,1.0508399803653323
122,0.9759562488453234
123,1.0343225452067035
124,0.9636389383427384
125,1.082027894479784
126,1.367472882864899
127,1.1630529696118097
128,1.0200091975174577
129,0.9737861569754788
130,1.0057949268314046
131,1.1292412091103206
132,1.065209984453837
133,0.9666081265144049
134,1.0044893005615023
135,1.1600015405122686
136,1.0228060564176116
137,1.0207610930999733
138,1.1882865711130162
139,1.0497732762003218
140,0.9739301403243027
141,1.0686747583128962
142,0.9850835431235223
143,1.0794396661871342
144,1.0106936868340055
145,1.0177796880867884
146,0.9829613460896418
147,1.0221257375314692
148,1.1020808927543868
149,0.9876866038607216
150,1.1664692119534141
151,0.9959805786537266
152,0.9834094021610648
153,1.0112148851257239
154,1.113757621897018
155,1.0123514573993577
156,0.9922719691706948
157,0.9772101010908856
158,0.9604509202941318
159,1.1791598283158797
160,1.2747105123305418
161,1.0107133944190203
162,0.9995293296091327
163,0.9797395006946902
164,1.3056613435390139
165,1.6411776446948356
166,1.001514258736172
167,1.2286791903200558
168,0.9699306769260352
169,1.0059744379548814
170,1.012235443136556
171,1.1391966062284733
172,0.9929466892258713
173,1.0429448178656457
174,0.9922408705419132
175,1.147912202451021
176,1.1086899584487306
177,0.9851886699672274
178,1.059469463154681
179,1.1880140937045427
180,0.9974979558591719
181,1.0105999920047735
182,0.9781739942905632
183,1.0343100099755078
184,1.2424053857290775
185,1.2890377989654291
186,1.0826032873580156
187,1.0411995484603649
188,1.0538415113141009
189,0.9752364894580352
190,1.1037979126179702
191,1.0308421581658551
192,1.0151312571245774
193,1.0224106953598828
194,1.0353250501191957
195,0.9915061239187568
196,1.0896925650404024
197,1.254072667743196
198,1.0222731836343468
199,1.1812423816362645
200,0.9654516708616587
201,1.1438036345802067
202,1.0201587122369289
203,0.9897396688624036
204,1.2471426274356365
205,1.1901367673989454
206,1.0438444394308088
207,1.045019809860166
208,1.092761668474561
209,1.0557810886496823
210,1.0494572226441652
211,0.9513993905763078
212,1.5286703560510186
213,1.101967933002384
214,1.1010491975888261
215,1.2713271432430924
216,0.9879351456944113
217,1.0170321429064324
218,1.1234796327699268
219,1.0024405866618913
220,1.0726974100562536
221,1.1563264702571452
222,1.0630337304697912
223,0.9753034218999383
224,0.9829008231631696
225,1.0478740699038358
226,1.006618042866131
227,1.0967470775402237
228,0.9948479665812491
229,1.0109118808050999
230,1.0732221997390323
231,1.043108474895417
232,1.0077427177041267
233,1.0110009137687113
234,1.0339255855482867
235,1.0535332077105233
236,0.9893604259893302
237,1.0114124489031115
238,1.0178589300253589
239,1.1493265964661439
240,0.9819549115163198
241,1.1318318274857115
242,1.142295111496736
243,1.0729132653798779
244,1.0095498839017973
245,1.0196380083325383
246,0.9949832474671847
247,0.9881613190626732
248,1.0421555838974104
249,1.0680818234998781
250,1.0238450474471668
251,1.0309780923332208
252,0.985996688377123
253,1.007612808774274
254,1.001193013904335
255,0.9471485254435013
256,1.031558271964765
257,0.9616830452872842
258,0.9910354923800235
259,0.9685221078566035
260,0.9574677459313403
261,1.032543206216507
262,1.0168006403675456
263,1.1428131866000504
264,1.0773825551805563
265,1.0535663795699335
266,0.9780562206800757
267,0.9673386792075378
268,1.0308852041944372
269,0.9623005216217266
270,1.0589103783911586
271,0.9811470506643664
272,0.9912242010877237
273,0.9597529564657008
274,0.9803904179073181
275,1.0032472420672587
276,1.0851577410009616
277,1.0187185367693126
278,1.0335122138963846
279,1.0201854281071208
280,0.9838102811163816
281,1.0401874776833462
282,0.968387592913514
283,1.001579666161653
284,1.098902618186524
285,1.011444101195296
286,0.9367700655118807
287,1.080668971446082
288,1.1014116201906752
289,0.9897173699283864
290,1.0020424654935651
291,0.9786665666739192
292,0.9792996025712389
293,1.05155843858666
294,1.0569021319445349
295,1.05379218298037
296,1.0213130137830113
297,1.1402347286195542
298,1.0523034652756786
299,0.9907840539926305
300,1.0846357002505478
301,1.0141969241962698
302,1.001564183038607
303,1.067058224030208
304,1.1191988838268472
305,1.352536076389816
306,1.0436061246432349
307,1.194623704132254
308,1.1651809706039253
309,0.9725688103577422
310,1.0198190196718522
311,1.0291647082704525
312,0.9785698505166163
313,1.047857508601262
314,0.9648672442227715
315,0.9686154256443043
316,0.9955473390181075
317,1.0547323220515616
318,1.0927554540618658
319,0.9838666721281869
320,0.9651575533260066
321,1.001259999158966
322,1.03964339165165
323,1.16398672229637
324,0.9715954863212756
325,1.0401852813922692
326,0.9454109731811614
327,1.7932000704284348
328,1.036827976917882
329,1.0296105646091964
330,0.9688945335766904
331,1.0122440807424462
332,1.2669328562295141
333,1.009610213876185
334,1.0135374914850612
335,0.9615476593913772
336,1.159802440704284
337,1.0591841198931244
338,1.0380032237403816
339,1.1109218010173552
340,1.0466339983308268
341,1.1243618632877337
342,1.0806394396136179
343,1.0507463548477556
344,0.9666704061201837
345,1.0052230842462104
346,1.023934628443425
347,1.0029929386369216
348,1.0615199279788792
349,1.1338259609923051
350,1.2400225231538253
351,1.0242085653504343
352,1.1774281803799522
353,0.9440584429985108
354,1.2280966695770315
355,1.2109210198086073
356,1.1246670059351258
357,1.012076044941145
358,1.0385666368404087
359,1.0985706194567584
360,1.0345898825050441
361,1.1066248318566905
362,0.9669138448150871
363,1.1298917026348252
364,1.1458264691653004
365,1.0720172310883416
366,1.0948366239264904
367,1.2517379034065277
368,1.1739603016308107
369,1.2366022470844689
370,0.9741988238349727
371,1.0425163539523032
372,1.100863690553287
373,1.0492870304743491
374,1.0696853695358222
375,1.0100660819964773
376,1.0545536165235092
377,1.0649132726426753
378,0.9823045856012955
379,1.0566502173223855
380,1.0871972665034029
381,1.014378202921944
382,1.0225874792043046
383,1.000670942201161
384,1.1547035417309042
385,1.052127703204397
386,1.0266825929049384
387,1.0100963600310857
388,1.0310688687148386
389,1.0102344639735572
390,1.0096947026466359
391,1.220674350514438
392,1.0714753581871757
393,1.0207492341642679
394,1.0324570762502727
395,0.9674180673811266
396,1.0232831320461917
397,0.9825654404791128
398,0.9968519882329675
399,1.1381195938862405
400,1.0225257641171037
401,1.0910199984730031
402,1.0450990383518346
403,1.0272810549527027
404,0.9739544181259503
405,0.9662265807693731
406,0.979749825363465
407,1.012975736439787
408,1.2213688580381237
409,0.9986050156483428
410,1.0120515304829272
411,0.9791470337116022
412,1.0314251466534272
413,0.9961534460657153
414,1.0118832552561825
415,0.9775004222384953
416,0.9862185083170704
417,1.2129258558765237
418,1.1043541639079395
419,1.005621834622792
420,1.0020450617136767
421,0.9970505402645149
422,1.013962298845543
423,1.1168567040858175
424,0.9330823031543658
425,0.9860838652687046
426,1.0394470865792607
427,1.0604830019355234
428,1.1131096238924356
429,1.0296447971944378
430,1.039719989287117
431,1.144787428149572
432,0.9932765171549246
433,0.9372632781936241
434,3.4391304450849605
435,1.0446326892906006
436,1.037691632359685
437,0.9698674786763927
438,1.0210435533949478
439,0.9688712801519678
440,0.9518639915349414
441,1.809441385653575
442,1.0093339010087348
443,0.9951711106006171
444,1.0887404319343759
445,1.1788311541500538
446,1.0029328838362688
447,1.0171807048853556
448,1.2360918456332368
449,1.0031499355797182
450,0.9820509910964954
451,1.0552415298700457
452,1.2471440050381888
453,1.0246913608132628
454,1.0136910900283356
455,0.9955103414486982
456,1.015208660635226
457,1.001206662813061
458,1.0315713075791948
459,1.0111844843895483
460,1.0424564294369358
461,1.0915063569064347
462,1.1089963081949872
463,1.0846891605850841
464,0.9898942216384248
465,1.022810975039653
466,0.9784971919880883
467,1.0027444082471106
468,1.032748160755572
469,1.08846149817471
470,1.0561783232461546
471,1.057779194915501
472,0.9956163487870009
473,0.979466716391264
474,0.99549691447286
475,0.9605349337090785
476,1.1296724161980032
477,0.9722411909325241
478,1.217856781933209
479,1.0110288133385075
480,1.0382558084613136
481,1.0731519468456605
482,1.0828827273033625
483,1.0373489678185532
484,1.0040729451770671
485,0.9939173845884286
486,0.9684786226698232
487,1.2552176618322703
488,0.9963911014787631
489,1.0172416607620207
490,0.9575132781373037
491,1.02496552660118
492,0.9593444291093726
493,2.518805713124211
494,1.00606786505139
495,0.9884274146997539
496,1.0233915941817304
497,1.0916656631862607
498,1.0358424321073143
499,1.0277069167626176
500,1.073730897166264
501,0.9813774377518572
502,0.9972998502050303
503,1.042793625018024
504,1.0352749853539025
505,0.9959057417526197
506,1.0040673314191746
507,1.0510476645609745
508,1.0096102138761853
509,1.1036453356401954
510,1.003795800162516
511,1.0400023066771102
512,1.01012180892593
513,0.9771665192017194
514,1.1812471974714553
515,1.0298764691388103
516,1.6876649071264538
517,0.962956366494349
518,1.0245557250510866
519,1.0831058766910604
520,1.0286470999159811
521,0.9838017042831498
522,1.062785538671251
523,1.1462009425779738
524,0.9790558806080762
525,0.9927389218815106
526,0.9825654404791124
527,1.5661797386044864
528,1.0028609252430774
529,1.1037328412709084
530,1.2816418100184015
531,1.1417520698900834
532,0.9526201826948767
533,1.0362438987993703
534,1.0066749661993635
535,1.0100963600310857
536,1.026734762804197
537,0.9797839428632007
538,1.0088249321374128
539,0.9646311657643011
540,1.043550065191006
541,1.0184736507893652
542,0.9921719933716964
543,0.9555362417536337
544,1.0054862039296593
545,1.0289653321963201
546,1.347737606357202
547,1.0972927026705273
548,1.0319390605512455
549,1.0397310927195174
550,1.0493381758532907
551,0.9725985570302985
552,1.1016455914011725
553,1.0528291250537514
554,0.9728922268330897
555,0.9786515460440052
556,1.0739484072488499
557,0.9700682758533468
558,1.4659276436921673
559,1.0825642366226127
560,0.9953741671724522
561,0.9726816203086572
562,1.0218288529225807
563,1.0566366229882214
564,1.0616662328714561
565,1.257722269583939
566,1.0137894964937326
567,1.0086778040724664
568,1.1080269044092743
569,1.0887213942137253
570,1.0674632313097845
571,1.0144395613831465
572,1.0566958176063912
573,0.984634674776814
574,1.0884740823243675
575,1.0363541565952965
576,1.0291247251847553
577,1.0650264426778646
578,1.0174809120899606
579,0.9884205174232515
580,1.082481243590931
581,1.0299187056304273
582,1.0158433483160973
583,0.989548301829033
584,0.9993152889908818
585,0.9951384788595483
586,1.1777075752406607
587,0.982745651409484
588,1.0123211039270654
589,1.032346478161722
590,1.006329216146623
591,1.1618262152811125
592,1.0427782701237847
593,0.9724767022340991
594,1.0433775546019892
595,1.1406722307745714
596,1.054463577595
597,1.0672220699251618
598,1.0804514581656202
599,1.0378431542769364
600,1.0180257731011375
601,1.0168912898360865
602,1.1309242759294493
603,1.0178360520419307
604,1.0858325034764877
605,1.0055328472887508
606,1.0180565279016844
607,1.1080262010418187
608,1.2196761932719373
609,0.9978522290110795
610,2.332268118893983
611,0.9853944930796579
612,1.005512643773364
613,0.9592551629221648
614,1.1190268688312353
615,0.9555976039403948
616,1.010114295645163
617,0.9462385130841523
618,1.0804485424410772
619,0.9825638647767398
620,0.997998856212072
621,1.017532819526561
622,1.0622426642148959
623,1.0134964807646631
624,1.0251722291842382
625,1.0019729007001343
626,0.9993152642806769
627,0.9715879119841673
628,0.9975155753133413
629,1.029129834033427
630,0.9834253827981718
631,0.9626898080820511
632,1.045224570865373
633,1.1108542573020281
634,0.9960853677692307
635,1.0080556881936362
636,0.9523155504669878
637,1.098048990616721
638,0.9792669297186061
639,1.0298905292245157
640,1.0379929315164862
641,0.9581492937503089
642,1.0015641830386075
643,1.120161634633034
644,1.0678227270835716
645,1.124999777685689
646,1.0119558956867571
647,1.0237167875391353
648,0.9892259938646686
649,1.077343842354889
650,1.010160750255436
651,0.9715792254068861
652,1.0458099054112862
653,1.0324767437760465
654,1.081392003351545
655,0.976453739386903
656,0.9715137712452105
657,1.2200484509937195
658,1.1345506618476635
659,1.1001704309245768
660,1.0359438686920868
661,1.0079178753131435
662,0.9815837087061725
663,1.0020053707477163
664,1.1067279172383255
665,1.0876529435347706
666,2.0187190526982333
667,0.9909912964317604
668,1.0462468665024263
669,0.9941752728675942
670,0.9470689925594972
671,1.0957582281456644
672,1.7344321576868378
673,1.024815313301334
674,0.9471485254435013
675,1.073730060262457
676,0.9991765307606872
677,0.9877872419368524
678,1.0749154333936344
679,1.057851416310499
680,1.1478544972012141
681,1.0077810243592995
682,0.9922702845548986
683,1.4904662246089595
684,0.9692540563150641
685,1.0412022659533198
686,1.0785196602496399
687,1.030511205009713
688,0.9933442965870161
689,1.0127583232340285
690,1.1884559253405
691,1.2613453642917607
692,1.4590537051428976
693,1.0007667986750335
694,1.0447136613139594
695,1.0450044821243876
696,1.0048446109495042
697,0.9973308680530717
698,1.0256394306141616
699,1.026725094383499
700,1.010504251670545
701,1.1451960812912327
702,1.0542541367603768
703,1.0485468874452506
704,1.0816463361427084
705,0.9734497143508817
706,1.2289643984473468
707,1.0211554659141957
708,1.117711194649758
709,1.3298152844624358
710,0.9694137271316555
711,1.2009972377272435
712,1.0202752498807641
713,0.9794083903928346
714,1.040423053183798
715,0.9786609716816537
716,1.029928863648316
717,0.9965787851037384
718,4.339928632848961
719,1.0108262873271445
720,1.0657752959235005
721,1.0484919050298664
722,0.9871103547589198
723,0.9403522780006031
724,0.9258125865386866
725,1.0606184184434562
726,1.2819628417652429
727,1.0120409855605832
728,1.022168856103249
729,0.9237467995649024
730,1.0681824036335594
731,0.9798931058733353
732,0.9877562275806102
733,1.0999653673529632
734,1.009650560113543
735,1.2565266166879077
736,0.9651220013701908
737,1.2042318267016494
738,1.000436140287473
739,1.092790320953922
740,1.1563848553447698
741,0.9792401574434169
742,1.0368365168833031
743,1.1467336685297493
744,1.0211117609973397
745,0.9495489263534536
746,1.0675210971511646
747,0.9736335152577114
748,1.0426042556651445
749,0.9874931405290874
750,0.9805413188257516
751,1.0155304513783752
752,1.0534941841232255
753,1.086164358528944
754,2.3060849015275986
755,1.0005870400457122
756,0.9447417609800743
757,1.0141789379416615
758,1.0134185350856082
759,1.0642035549060345
760,1.0510935320028774
761,0.996850456503918
762,1.006424282099751
763,1.030698192535286
764,0.9810260866536158
765,1.031236946988432
766,1.0207086701273922
767,1.1246097067528618
768,0.9614254007791112
769,1.0405328518838102
770,0.9865647663508091
771,0.97787371878411
772,1.0805956148940854
773,1.0343873056298722
774,1.0340654733787162
775,1.0479134298851531
776,1.0525096720516522
777,1.0670141677257114
778,0.9772013342674466
779,0.9845137855814206
780,0.9616513364546766
781,0.9998420681311473
782,0.9725982704998073
783,0.967354643953287
784,1.0724134875744722
785,1.479651144261707
786,1.0817183032397928
787,0.9765677594399507
788,0.9780679959434844
789,0.9772775938542615
790,1.038209784260398
791,1.0704416698254526
792,1.0754419562834907
793,1.0217480081480863
794,1.1206407723234284
795,1.1170106020266117
796,1.001564183038607
797,1.2247517601561144
798,1.0147739432043068
799,1.003947048310391
800,1.0455616210958691
801,0.9737395240019735
802,1.0222363115409518
803,0.9634958613834425
804,0.9956481850127745
805,1.0253769488125515
806,0.9655913486331199
807,1.0006829994825468
808,0.98396417692062
809,1.0019013847695013
810,1.0383884039048208
811,1.1146391431315452
812,1.1979347162516065
813,1.0037924140783858
814,1.0333541721291206
815,0.9500941774329774
816,1.115821208585028
817,1.0500259601567916
818,1.1282573571175316
819,1.0793980788917765
820,0.9943057664436367
821,1.0117240936932563
822,1.0530854178153835
823,1.2815006436739416
824,1.419513698885687
825,0.9657251064306744
826,1.0499045076623645
827,1.0305444590469677
828,0.956299154762515
829,1.0162008147964128
830,1.00767267674477
831,1.000081293809663
832,1.0542329858894932
833,0.97397713833486
834,1.0011313653358538
835,1.2962823853462238
836,0.988671401172384
837,0.9853858287001702
838,1.2613407493970175
839,1.3540962501283422
840,1.109385678044509
841,1.0702978200257731
842,1.020761093099973
843,0.9849192743830864
844,1.0727726641513742
845,1.0880912626891246
846,1.089335188874116
847,0.9864336797095364
848,1.0209029577539586
849,0.9635751029583626
850,1.0336969345417464
851,0.9810461997619369
852,1.116228970883498
853,0.9959352226330604
854,1.0411220044577316
855,0.9893378724179464
856,1.996707263910381
857,1.1452137602899317
858,1.0151328428261115
859,0.9794851243201017
860,1.9080037871791409
861,1.1025180244526271
862,0.9951837162833604
863,1.0295375146428531
864,1.1066117874637007
865,0.9593820510504922
866,1.1581609990450439
867,1.0728711559548716
868,1.007030536875686
869,1.1497444477112284
870,0.992976064666329
871,1.008055063846696
872,0.9962564101963212
873,0.9609490094416773
874,0.9328328017417518
875,1.1055556987398945
876,1.0756496148725683
877,0.9787885588340361
878,1.2627911653086297
879,0.9774843550569472
880,1.131894959057616
881,1.0316922666477273
882,1.0265494205164196
883,1.1893974687683997
884,0.9903460089517209
885,0.983645269896661
886,0.9927858499611194
887,1.0495506754517958
888,1.0887404319343759
889,1.053856518456095
890,1.0112354026695398
891,1.1141179028285981
892,1.0330822814934426
893,1.120557911842941
894,1.1122008207641167
895,1.3163213924062078
896,2.2942589530435904
897,1.0851337267455283
898,0.9885245742341257
899,0.9903506436761262
900,0.9898670557388203
901,1.1299457742939751
902,1.0086918195415024
903,0.976189823891491
904,1.0440599751007191
905,0.9347417130193906
906,0.9810909264471893
907,0.951420344491728
908,1.0069939318505858
909,0.9745341399362232
910,1.0085892593092152
911,3.948971793979979
912,1.2341194709528012
913,1.0309533009433232
914,0.9730486322048835
915,1.0770006343831482
916,1.1029940465088006
917,0.9873199066029001
918,0.990098432438671
919,1.1721980916955645
920,0.9962055903109598
921,0.976189823891491
922,1.0121357009882006
923,1.00258014247048
924,1.1444822703466366
925,1.0365460093120833
926,1.0623577269095683
927,1.223304729879915
928,1.0012803077481816
929,1.0205000229761008
930,0.9592853728914712
931,1.016031426669848
932,1.1119121997797152
933,1.0241771092771628
934,1.181248505203424
935,0.9573893085768423
936,1.0805599088857911
937,1.0037384700069885
938,1.3845009168901221
939,1.0331725623396297
940,1.0322751500771874
941,1.1083286028190242
942,1.0383039166442058
943,1.0386150793878306
944,0.9634498918972422
945,1.0359564833505381
946,1.1198753781712423
947,1.008368414538854
948,1.048482120031189
949,0.9745906267835591
950,0.9655758166539106
951,0.9880035688021631
952,1.50575952620857
953,1.083476917642097
954,1.0069161636351605
955,1.128513502573066
956,1.0061843425248007
957,1.0551226294338596
958,1.0708152659008001
959,1.0048832006405628
960,0.9775262740665149
961,1.0482808724220218
962,1.0454204598415282
963,1.0209439710336377
964,1.0830257033784152
965,1.0076485792776848
966,1.0058861323438144
967,1.0244462689600125
968,1.1163148755135748
969,0.992871040708336
970,1.34461308178216
971,1.0174580726038531
972,0.9500064823700884
973,1.5905955042890465
974,1.0151997352868332
975,1.014261143861077
976,1.0944037160899542
977,1.0382097842603977
978,0.9800892354771135
979,1.3276740442060349
980,1.0581040775593338
981,0.9833811474706775
982,1.053887573048446
983,1.0357405109356799
984,0.9868385725708193
985,0.9692355819623074
986,0.9884057942052341
987,1.0169513422156384
988,1.0048569734747088
989,1.0380890252375798
990,0.9849842427021214
991,0.9836229201131632
992,0.9654586945837942
993,0.9595387726072826
994,0.9423006984525816
995,0.990207776362849
996,0.9818291745844506
997,0.9962402545865057
998,0.9708898071961303
999,0.9629096835123551
1000,1.0528291250537516
1001,1.0315465938688766
1002,1.0282030918036502
1003,0.9945579930865165
1004,1.060279842696471
1005,1.0435446845697098
1006,1.0391608448213947
1007,0.9671045390233084
1008,0.9951867213390941
1009,0.9960224342297604
1010,1.320944927852838
1011,1.0177285489481753
1012,1.1280485005777547
1013,1.0195239667119227
1014,1.0131464009330258
1015,1.5028645330377972
1016,1.0473494235743088
1017,0.9980755067656875
1018,1.0970154656247468
1019,1.0150945385130554
1020,1.001212735513353
1021,1.1447964393245205
1022,1.1213246330287663
1023,1.0426637287106046
