0,313,17,310,201,147,1,116,184,114,213,289,494,227,401,136,349,384,40,478,487,489,197,83,257,216,410,187,171,42,182,290,250
1,313,257,184,171,118,213,494,478,487,187,97,0,260,147,201,401,17,91,106,457,310,489,114,384,410,112,42,40,116,269,182,474
2,220,13,287,275,200,168,80,432,377,140,404,212,144,178,236,293,344,104,381,90,65,143,251,191,335,263,372,358,286,427,378,320
3,185,403,318,189,435,57,420,239,41,269,222,304,454,315,155,91,181,369,118,106,225,355,291,86,182,270,16,475,353,467,51,483
4,410,148,173,355,138,57,106,118,91,457,139,487,403,41,354,114,171,474,260,194,331,443,454,277,213,270,318,97,184,1,462,283
5,408,503,270,356,457,122,162,32,443,20,193,192,190,479,424,133,454,364,177,44,405,221,196,233,282,209,174,291,366,150,486,511
6,459,265,452,151,120,7,78,111,311,261,509,107,218,482,85,9,45,271,14,326,492,84,26,175,303,505,62,441,329,254,126,285
7,261,482,85,441,311,111,131,45,492,314,258,6,271,238,58,254,9,452,107,265,505,303,288,62,458,120,44,138,277,177,146,190
8,309,10,472,502,234,267,204,488,274,486,20,246,233,434,82,50,192,499,390,186,160,386,137,475,455,352,199,374,102,209,461,25
9,111,303,45,361,482,489,7,261,265,120,85,311,201,11,6,58,17,504,313,376,314,452,126,492,289,0,83,107,474,114,277,138
10,199,8,309,179,488,204,210,82,234,186,486,50,472,499,390,274,297,137,20,233,386,455,375,502,464,231,475,121,105,192,467,496
11,376,392,14,504,314,489,72,9,303,485,277,482,265,237,107,505,201,87,474,84,83,141,218,278,276,120,509,470,311,227,126,142
12,227,276,470,201,123,265,303,415,84,474,294,313,83,311,307,349,97,489,114,250,9,6,111,184,0,11,218,290,187,14,98,182
13,2,220,358,381,378,262,200,320,143,140,191,275,168,406,344,212,63,372,287,377,119,293,345,335,74,170,236,404,188,144,104,180
14,218,84,11,120,265,509,452,72,392,87,107,482,505,303,6,165,474,311,504,141,237,458,314,9,151,278,431,459,28,376,276,485
15,323,382,208,156,166,305,81,53,446,344,176,302,67,37,451,150,236,80,409,256,413,134,404,424,464,198,200,333,161,287,104,232
16,395,402,473,225,300,27,188,125,448,465,490,350,67,336,468,170,121,302,359,134,320,292,39,262,451,181,466,375,206,467,291,211
17,310,0,313,40,147,114,1,112,410,184,201,457,197,289,489,136,257,487,138,494,269,384,44,213,9,118,401,290,41,106,4,443
18,245,343,258,177,480,190,376,314,411,126,146,485,127,277,504,408,337,244,138,9,7,254,32,363,11,484,133,81,482,107,44,489
19,333,409,413,305,330,81,244,36,371,133,236,263,322,166,156,56,203,432,37,198,200,382,323,339,293,252,446,65,287,15,427,282
20,233,405,503,221,192,77,434,124,486,215,209,8,50,479,321,10,61,386,364,137,159,374,467,309,59,429,181,270,122,342,391,443
21,422,89,162,259,501,196,417,389,301,288,146,145,32,426,190,441,428,66,298,367,408,356,296,471,295,508,272,193,131,418,177,424
22,412,479,366,100,52,255,73,511,394,434,243,174,221,60,249,334,64,29,374,59,20,122,469,449,502,77,209,493,192,55,407,365
23,135,202,460,92,25,132,248,312,373,475,340,379,315,229,342,31,364,352,79,299,316,267,348,386,239,456,498,472,398,499,346,29
24,373,379,153,499,186,472,241,274,31,475,82,202,398,267,455,390,25,496,135,386,463,297,352,204,308,488,199,486,10,50,8,179
25,248,386,391,86,202,181,499,455,315,475,50,31,486,82,132,239,507,364,92,472,342,373,346,429,352,267,71,229,215,192,379,398
26,317,217,459,497,6,265,482,452,107,419,78,58,492,311,7,28,111,9,237,361,131,126,504,441,509,14,45,326,66,396,11,392
27,125,130,176,445,16,473,161,134,490,150,306,402,226,105,282,350,39,300,302,297,121,336,446,395,464,207,179,465,240,468,164,67
28,419,438,504,45,361,452,482,107,165,317,458,7,288,311,363,265,495,218,217,303,111,492,84,295,285,14,9,145,326,441,58,337
29,334,364,407,52,34,281,174,316,122,412,192,55,132,366,498,221,255,511,365,209,342,493,374,460,64,100,299,352,429,267,73,270
30,128,110,167,332,483,399,353,304,331,222,439,444,440,368,189,420,369,155,318,75,57,94,185,91,354,118,435,3,260,171,269,187
31,499,463,373,239,379,25,181,202,475,86,71,315,206,149,248,135,92,455,398,391,346,82,241,375,229,486,24,472,507,50,496,386
32,408,196,162,259,417,145,44,258,277,190,457,314,193,288,5,428,177,245,489,158,356,192,443,122,424,482,441,376,343,131,174,352
33,264,172,481,45,285,296,271,85,49,62,426,108,421,238,120,295,337,272,453,111,161,198,324,458,261,203,370,256,438,431,462,446
34,316,29,334,55,407,64,449,100,460,183,365,52,255,360,281,498,88,469,364,412,249,299,267,174,73,312,246,352,209,122,374,342
35,151,175,447,70,271,62,256,49,387,113,505,254,308,362,161,382,481,85,120,462,347,134,397,298,396,329,109,15,450,484,453,176
36,442,203,176,305,282,133,484,207,256,397,93,445,166,19,446,226,306,244,150,81,382,198,156,323,161,413,236,37,411,130,39,464
37,377,104,323,236,251,166,372,164,220,156,287,433,402,67,74,320,200,176,404,344,170,63,80,168,65,39,293,305,207,339,150,15
38,75,416,341,95,354,51,253,510,439,353,383,368,155,444,223,332,478,57,171,331,213,106,59,369,98,250,483,91,117,128,228,475
39,67,446,320,282,166,133,473,170,350,140,490,176,93,232,200,125,402,400,150,236,323,211,27,445,188,344,432,251,423,404,161,203
40,112,147,17,257,310,313,136,1,0,42,401,41,487,289,410,403,118,457,290,171,184,197,182,454,269,489,260,223,114,494,291,478
41,410,355,454,57,403,257,318,487,171,435,223,239,118,106,457,112,4,270,91,401,155,42,475,353,478,3,40,147,369,148,185,192
42,223,182,155,401,171,257,118,478,147,313,106,184,1,354,41,114,213,439,57,250,40,187,487,185,410,416,318,95,435,403,0,355
43,508,396,324,238,131,298,271,327,7,62,261,78,441,126,146,471,426,492,370,258,459,26,6,447,66,259,343,85,89,111,367,482
44,443,464,138,408,161,177,114,457,277,85,193,363,32,489,297,282,410,303,231,150,245,458,314,291,139,261,474,485,296,77,106,192
45,111,452,9,7,492,85,337,361,28,261,285,120,438,303,482,295,165,138,458,107,33,296,238,441,311,66,271,421,6,78,265,326
46,94,280,253,117,368,294,341,440,228,328,439,416,444,51,319,128,332,383,38,510,98,307,75,54,95,273,354,123,187,349,331,169
47,418,283,417,259,113,501,447,387,428,484,356,411,70,258,471,424,347,462,397,343,505,254,127,382,193,298,138,162,252,154,408,277
48,160,152,195,246,103,102,183,88,477,157,449,390,502,55,360,60,434,64,309,73,209,8,234,267,243,274,204,316,115,407,34,472
49,161,297,426,453,308,70,271,256,464,462,198,179,397,210,296,203,382,134,446,199,85,62,27,301,463,306,186,298,375,10,424,499
50,486,455,233,181,137,25,386,499,82,338,398,192,239,467,503,248,472,274,215,20,496,179,375,86,429,10,342,8,391,71,463,364
51,383,510,341,75,280,95,38,155,439,106,228,253,416,307,223,124,57,182,353,328,475,478,318,128,354,332,42,91,98,369,187,171
52,334,412,29,100,174,366,407,281,122,249,364,34,365,255,192,73,221,55,511,316,59,469,209,299,64,479,22,352,434,394,342,493
53,232,451,67,170,15,198,446,134,344,208,140,473,323,402,382,293,200,409,335,166,467,375,320,176,430,358,39,156,322,302,210,16
54,439,94,250,349,478,416,354,182,368,42,213,171,494,187,116,155,216,118,123,184,223,95,401,1,440,167,444,128,38,46,307,313
55,64,246,449,316,34,267,88,407,498,192,209,460,243,183,29,360,352,334,364,160,100,52,195,434,73,255,102,412,274,502,472,281
56,371,244,413,409,81,333,335,305,252,203,133,446,432,140,200,177,166,301,208,232,190,93,198,193,464,344,296,236,19,15,382,323
57,318,91,353,118,106,355,171,403,483,41,354,410,189,331,155,439,4,222,478,369,270,487,454,148,187,257,184,213,416,269,223,3
58,311,492,145,482,111,441,66,7,489,361,474,277,131,303,504,265,9,367,261,196,314,419,139,45,32,276,201,288,44,97,190,114
59,124,221,192,95,231,434,352,77,205,52,139,159,20,91,342,479,132,106,353,98,209,246,169,270,73,510,213,383,29,412,478,364
60,195,88,73,434,115,449,209,412,152,246,55,22,64,102,160,100,366,52,103,407,334,243,255,502,221,479,48,59,374,192,77,511
61,215,391,507,503,321,86,224,20,124,159,248,25,364,221,476,181,233,189,122,71,493,386,405,511,132,174,429,50,374,467,82,479
62,271,85,238,261,324,161,426,254,7,256,446,285,49,151,120,447,93,45,6,33,35,298,111,203,138,176,308,370,296,175,166,78
63,372,68,74,320,381,170,378,433,358,268,345,406,448,67,119,402,188,69,262,357,377,13,465,200,168,293,211,37,220,140,212,490
64,55,449,100,316,34,267,243,498,88,255,246,407,460,29,334,364,183,412,209,192,52,502,73,174,365,360,352,374,281,434,195,274
65,168,263,339,69,287,293,90,74,220,377,357,212,178,191,200,432,372,144,381,322,2,251,37,143,214,236,358,63,345,275,406,13
66,441,295,492,145,367,58,111,361,288,101,45,7,482,296,311,272,261,327,131,298,238,308,337,389,21,196,419,259,28,426,32,9
67,170,39,320,232,473,402,140,200,446,166,344,63,350,53,358,323,188,490,282,176,16,236,133,37,302,335,211,293,150,432,448,465
68,345,381,406,63,372,119,69,74,378,433,268,358,143,436,129,212,191,448,262,357,168,188,320,13,377,170,380,465,211,402,164,293
69,381,191,74,357,345,168,65,143,68,406,372,212,63,358,293,90,214,339,436,377,263,287,13,220,144,119,200,268,320,433,322,2
70,49,382,397,351,256,447,462,347,198,161,426,453,254,35,484,387,113,134,203,301,424,308,127,418,297,271,306,15,356,442,47,226
71,206,86,181,149,463,507,375,31,391,239,25,315,346,50,455,388,92,503,430,499,486,215,248,338,224,229,398,241,61,82,496,467
72,141,14,11,392,218,120,107,485,237,329,278,376,509,505,452,142,314,9,127,126,480,242,6,84,303,265,254,504,363,151,482,431
73,434,88,255,209,195,407,412,374,246,60,160,52,334,100,55,429,502,192,29,64,449,59,342,115,221,20,103,34,22,316,366,233
74,381,372,69,63,293,357,358,65,68,287,168,143,433,377,220,345,170,322,263,191,406,37,90,200,320,212,268,13,104,2,339,378
75,38,341,353,332,51,369,439,416,95,354,57,483,128,444,155,280,510,383,331,368,478,91,253,318,59,106,171,223,221,213,117,328
76,415,98,307,159,205,77,328,470,228,124,158,59,383,437,510,117,201,95,97,273,321,443,169,12,303,291,474,276,44,280,231,250
77,20,192,221,434,479,124,59,159,209,405,291,443,233,44,352,231,10,121,491,342,437,503,234,486,429,321,73,8,270,274,50,386
78,111,492,6,459,326,452,45,265,271,7,324,217,370,261,151,327,311,62,26,441,9,66,120,107,58,85,238,482,285,126,361,108
79,229,340,92,224,299,163,348,235,493,346,23,248,507,122,281,25,135,364,391,312,174,393,388,132,202,86,460,429,215,29,342,365
80,220,404,377,287,2,251,104,208,323,236,286,344,166,275,37,325,168,15,427,200,81,13,156,432,333,372,140,378,180,65,178,212
81,371,413,305,333,382,323,244,166,56,236,156,409,256,208,15,19,254,446,464,127,203,133,252,198,404,193,176,150,344,161,424,140
82,386,499,25,472,248,475,50,86,10,496,338,391,486,375,241,455,463,181,8,274,124,31,342,398,488,373,202,467,199,137,379,132
83,266,227,87,0,201,276,313,123,9,116,11,303,12,494,250,14,1,114,349,17,197,489,213,289,310,265,474,361,142,218,84,120
84,265,474,218,173,303,165,14,311,431,452,154,87,120,114,139,201,505,504,123,107,276,458,470,482,138,6,509,169,151,45,294,277
85,261,271,7,120,238,62,161,45,44,254,138,256,458,111,505,485,482,441,9,311,6,426,127,442,297,453,285,272,49,464,296,347
86,507,181,391,25,71,248,206,463,31,239,375,315,92,82,215,124,475,346,386,499,503,61,50,486,388,467,149,338,132,455,202,496
87,123,83,84,474,165,173,14,169,303,201,114,139,504,213,250,11,194,218,416,363,276,266,349,361,265,313,116,494,489,227,9,0
88,195,73,209,407,449,55,246,160,64,60,183,434,102,334,360,34,255,103,316,374,100,29,52,412,192,267,502,352,233,152,342,364
89,21,422,162,501,417,471,259,146,428,196,301,418,389,298,508,32,426,272,190,288,424,408,356,258,343,131,238,145,441,193,367,296
90,144,143,65,168,287,214,191,220,69,74,381,293,263,2,178,322,212,339,427,377,357,13,372,406,200,358,345,104,286,432,236,80
91,318,57,353,483,106,270,222,118,171,187,184,478,269,213,403,189,304,221,124,457,410,97,439,384,476,487,260,331,4,354,257,95
92,346,229,388,25,248,79,507,340,86,149,391,23,224,31,135,71,181,132,202,315,386,379,393,364,239,455,342,475,215,206,109,373
93,133,203,446,282,244,39,445,161,166,371,296,232,176,464,305,198,413,36,400,140,150,272,190,473,56,67,426,301,442,125,200,424
94,46,128,440,54,439,368,280,319,444,332,51,354,253,187,416,75,167,182,483,155,307,341,328,331,38,349,118,30,353,294,510,478
95,510,383,416,98,478,250,106,213,38,253,59,51,307,114,171,91,75,124,223,354,341,439,474,353,184,169,139,57,187,401,205,349
96,465,336,378,468,180,448,119,325,350,164,466,433,402,240,188,302,129,262,284,404,125,372,437,395,377,320,400,300,268,251,207,63
97,187,184,476,106,1,443,91,201,474,470,277,291,307,457,118,313,139,260,384,213,269,169,489,270,4,478,173,124,303,114,494,318
98,95,510,383,307,250,228,76,416,59,415,253,123,169,205,117,349,478,213,328,294,51,201,341,106,38,114,474,280,276,124,139,184
99,145,419,101,504,288,177,28,139,245,408,58,194,361,32,146,363,66,482,295,162,277,337,343,480,21,165,314,196,495,169,317,492
100,412,64,255,52,34,449,249,469,334,316,365,22,55,174,366,29,73,243,281,407,88,479,122,394,364,299,460,374,434,493,192,209
101,145,66,295,99,419,361,58,492,495,288,441,21,327,28,296,337,389,367,111,45,177,504,422,272,482,196,311,162,7,146,32,131
102,195,160,246,209,103,88,309,152,8,434,233,55,267,477,486,192,137,390,407,64,204,502,20,73,48,374,274,50,60,234,455,369
103,160,152,195,102,246,209,477,88,434,390,73,48,115,157,233,502,8,279,309,360,204,137,231,60,274,234,407,10,20,192,352,374
104,236,220,377,37,323,344,404,251,80,287,208,166,372,433,156,140,320,2,200,168,74,293,402,170,13,67,378,63,164,448,176,180
105,306,297,453,27,226,390,161,121,10,125,199,179,486,464,153,499,274,150,445,134,44,442,397,49,506,186,50,352,309,130,192,455
106,91,57,184,118,187,124,114,318,95,171,478,410,403,416,4,213,97,443,354,182,474,291,353,439,270,510,457,173,307,313,475,1
107,452,126,482,254,504,438,265,505,218,7,28,237,6,45,127,329,14,419,326,347,285,84,120,497,11,303,9,151,138,459,492,165
108,33,296,78,492,111,481,295,66,45,327,271,426,172,495,264,308,441,49,272,389,324,462,337,261,101,326,62,285,370,238,421,361
109,496,388,338,241,398,149,362,206,430,379,450,346,31,455,92,375,86,25,71,373,463,499,82,467,181,24,315,475,386,50,137,486
110,222,304,399,483,189,353,420,332,30,318,91,369,221,331,57,128,439,269,75,270,444,511,476,328,3,440,403,260,187,118,280,124
111,492,261,45,7,311,9,58,78,361,265,6,303,441,85,482,66,271,452,474,120,296,295,145,489,44,201,238,28,138,337,114,62
112,40,257,403,147,454,457,17,41,1,310,291,313,118,410,136,260,269,318,487,270,184,401,171,42,106,355,443,489,57,4,0,289
113,387,484,505,254,347,127,47,411,256,278,382,397,283,447,485,70,141,138,35,329,242,258,156,154,175,462,392,418,198,351,442,458
114,474,313,201,106,213,410,173,489,139,44,303,17,95,184,478,416,0,1,171,4,250,276,138,277,165,42,289,169,487,118,349,443
115,60,152,434,195,73,103,209,88,279,160,20,405,157,102,221,477,374,77,246,233,234,502,412,59,22,511,255,407,8,479,366,192
116,216,494,0,213,349,384,1,487,310,313,147,478,171,184,118,17,54,401,187,201,266,83,354,260,257,269,42,439,227,194,250,169
117,273,328,253,341,228,46,280,95,98,416,59,124,169,307,444,332,383,75,510,368,205,483,38,353,331,91,106,51,439,476,440,189
118,171,57,187,91,184,106,354,318,439,1,260,257,403,478,487,213,483,4,355,269,155,182,42,410,494,353,331,416,41,222,401,384
119,378,406,372,433,345,68,448,129,262,63,377,96,465,268,188,381,336,350,212,13,325,320,168,358,164,220,402,251,466,74,180,425
120,151,85,505,452,218,6,14,45,141,9,265,458,84,7,138,482,254,165,107,303,509,485,271,311,278,431,285,261,347,111,114,175
121,292,16,125,27,297,105,10,300,423,77,437,225,350,468,199,179,161,230,465,464,499,82,466,488,302,44,291,219,473,210,336,491
122,364,224,174,429,407,192,334,281,29,342,52,299,248,493,132,215,209,491,233,352,25,159,366,5,255,391,507,503,270,20,486,386
123,294,349,201,87,276,227,169,12,250,98,84,416,474,303,470,415,173,83,213,114,307,54,95,494,313,265,187,184,478,139,0,97
124,106,132,192,221,443,59,475,205,159,20,248,86,291,386,91,181,342,467,352,503,270,25,82,486,364,318,77,391,95,189,507,233
125,490,27,445,350,39,473,282,16,300,402,176,465,468,336,292,400,130,448,188,320,284,150,423,395,180,121,211,207,67,446,464,164
126,107,452,396,7,9,505,329,18,258,254,45,482,392,238,343,138,324,120,497,6,242,85,127,146,492,508,237,261,62,11,485,131
127,254,347,458,411,438,256,177,138,245,258,285,81,484,505,343,146,382,107,113,480,85,198,363,252,165,7,288,314,462,301,485,203
128,332,94,439,30,368,440,75,280,444,483,167,51,353,155,110,341,331,399,46,38,328,54,253,354,189,304,318,57,91,222,420,416
129,119,378,380,345,406,68,188,448,284,465,372,96,63,262,336,436,212,350,325,180,268,381,320,433,13,425,466,168,400,423,468,69
130,27,176,445,125,240,164,306,207,226,490,402,336,134,442,150,473,161,282,350,323,166,302,39,395,397,256,446,211,300,156,16,468
131,258,7,441,259,482,196,343,508,58,428,190,417,367,261,314,492,146,311,298,145,32,277,288,66,238,471,501,396,254,111,162,242
132,342,386,248,352,25,364,124,192,475,429,486,233,205,467,29,202,315,23,122,86,407,92,50,181,391,215,455,82,267,398,239,507
133,282,203,93,446,39,244,305,166,413,150,198,176,424,371,140,464,409,232,67,161,236,190,200,323,81,56,36,356,432,170,177,333
134,226,397,176,150,302,179,27,496,395,137,382,199,467,402,161,430,210,256,306,464,486,398,16,156,323,198,206,338,53,130,282,50
135,23,456,379,373,202,229,31,92,393,460,25,248,346,340,499,475,79,315,24,348,239,299,312,149,267,472,352,364,498,388,132,386
136,147,40,0,17,112,290,310,313,219,1,269,289,257,184,414,457,384,401,291,260,116,494,489,201,487,227,197,187,490,182,118,270
137,467,233,486,50,455,398,338,496,430,204,386,134,10,309,8,20,179,181,82,199,315,25,239,215,132,395,503,375,302,206,475,499
138,505,254,4,44,198,277,177,85,462,256,443,127,474,485,114,303,458,457,165,347,173,410,17,45,139,278,161,397,120,7,482,203
139,474,277,169,173,114,504,4,213,165,106,59,303,97,416,410,489,44,95,201,457,138,91,443,84,482,363,194,478,408,283,311,171
140,200,320,236,170,335,232,67,344,166,39,446,13,432,404,2,133,220,244,104,293,323,413,208,282,400,251,473,180,358,377,63,275
141,278,485,72,120,256,505,442,127,14,254,85,218,411,138,392,11,142,458,113,484,363,306,347,376,245,397,314,176,431,303,156,17
142,278,141,201,227,11,114,0,349,485,87,415,123,303,83,169,14,17,313,489,276,494,72,184,474,213,12,470,116,376,250,84,363
143,381,191,90,69,214,144,74,358,406,13,168,345,212,68,293,287,2,220,372,63,65,357,119,377,322,378,433,200,263,385,262,320
144,90,143,287,214,427,220,2,178,191,65,293,168,263,381,212,13,322,286,74,69,377,200,385,358,80,432,275,406,372,104,339,333
145,58,66,288,32,177,196,441,295,101,482,361,408,504,492,190,7,337,162,419,277,131,111,44,139,296,314,311,272,21,146,489,99
146,343,508,301,258,177,259,288,337,238,127,417,190,245,7,438,426,501,131,471,21,254,89,408,18,145,272,347,482,441,418,480,296
147,40,257,401,0,313,112,1,136,17,42,184,310,269,171,487,118,182,478,290,185,116,223,318,41,187,435,410,494,213,403,260,384
148,355,4,57,331,410,239,41,462,189,356,106,454,475,354,403,91,315,353,369,118,318,483,173,283,222,139,124,270,138,416,171,181
149,71,388,206,92,346,31,109,86,362,463,181,430,507,25,338,375,315,398,241,239,379,496,455,229,391,499,373,248,135,50,486,393
150,464,226,176,282,323,161,302,424,397,133,134,446,207,382,166,39,203,156,27,125,193,179,297,236,67,486,50,402,256,44,306,208
151,120,6,452,459,509,329,505,35,271,218,175,85,370,62,265,254,347,107,285,84,14,7,431,78,396,481,311,447,45,326,482,458
152,477,103,157,195,160,102,115,434,279,246,48,234,502,309,8,60,88,209,73,390,204,247,10,20,233,369,374,231,488,55,137,77
153,186,24,398,373,204,499,241,379,496,199,455,390,453,472,105,179,475,309,31,10,274,267,463,486,239,297,8,362,82,49,50,109
154,283,474,505,277,84,173,139,138,97,175,265,4,254,504,482,107,311,237,509,462,303,165,113,470,278,497,476,489,485,106,452,347
155,223,171,42,57,439,435,118,478,167,401,318,354,257,353,185,51,355,41,182,91,106,403,416,483,75,38,487,95,213,3,187,510
156,323,176,382,236,37,15,81,166,150,104,240,226,256,397,208,134,207,305,464,302,446,402,282,404,251,377,164,198,411,80,344,133
157,152,234,477,502,8,309,279,160,103,434,195,246,390,10,204,247,48,488,102,231,115,243,369,20,73,199,472,274,60,186,209,267
158,314,489,376,32,44,437,311,219,289,485,159,261,482,7,277,58,196,303,443,258,77,408,76,363,85,193,474,291,245,201,145,114
159,205,124,248,321,429,386,77,342,443,20,391,122,59,192,507,61,479,132,215,352,291,193,224,25,221,82,76,503,44,364,233,86
160,246,103,195,102,88,434,209,360,152,8,502,267,309,73,390,55,274,48,352,472,374,233,192,407,183,204,64,157,342,255,234,449
161,464,297,49,176,256,150,446,203,27,85,397,424,44,382,282,226,306,426,198,133,271,134,193,453,93,442,323,445,166,308,62,39
162,196,417,259,32,408,356,21,89,501,428,422,193,5,190,424,288,471,454,145,174,418,177,258,367,301,364,457,122,389,192,493,181
163,79,235,224,340,92,493,229,507,281,299,122,476,61,215,346,174,348,364,388,391,71,86,149,248,25,503,29,454,181,291,132,283
164,402,433,268,336,448,37,490,372,130,465,395,377,240,96,119,176,350,378,468,211,63,320,251,125,323,302,207,170,27,188,104,236
165,458,84,173,363,139,474,431,347,138,114,303,504,45,218,28,87,288,482,505,120,127,462,14,438,452,4,254,285,311,44,245,169
166,236,323,446,251,404,344,39,176,140,200,67,133,305,37,377,320,81,244,282,208,150,15,207,156,104,220,432,400,413,464,170,350
167,155,439,30,128,118,171,483,435,354,331,185,57,353,440,223,368,444,318,42,332,355,54,478,257,94,75,487,401,91,3,216,403
168,65,377,339,220,69,212,372,287,251,191,90,381,74,2,357,13,345,293,406,200,143,263,236,358,275,178,144,63,119,320,37,432
169,213,139,349,416,201,173,384,474,95,97,123,114,184,187,478,59,303,91,106,87,307,354,98,494,415,117,171,216,231,4,353,250
170,67,320,402,63,140,39,473,232,490,358,200,211,268,448,188,74,236,293,395,372,166,16,53,433,282,446,344,350,262,37,176,378
171,478,118,487,213,257,401,57,223,91,155,1,354,318,410,42,439,106,353,184,416,187,483,41,95,313,216,147,403,355,114,250,4
172,285,33,431,438,264,347,481,370,45,462,458,165,452,198,326,254,256,120,324,271,49,218,127,296,85,70,426,151,138,62,453,203
173,474,4,84,114,139,416,165,354,106,169,213,118,138,154,303,201,494,87,1,97,171,410,187,277,194,184,505,95,313,57,123,478
174,493,281,364,122,365,29,52,299,334,412,192,249,366,224,479,100,202,498,248,391,221,64,460,316,270,407,255,429,229,511,25,454
175,505,485,509,151,120,277,278,35,138,85,489,6,311,7,154,396,254,261,474,271,392,482,265,62,329,258,276,242,443,283,113,114
176,282,446,150,226,166,323,27,130,161,256,134,39,156,464,397,445,207,473,402,125,236,133,382,490,306,442,198,67,302,203,240,36
177,245,408,190,44,138,146,288,127,301,337,363,203,145,258,193,254,371,296,356,277,458,32,133,504,18,343,259,56,7,244,198,314
178,263,65,432,2,144,168,220,275,200,90,287,333,427,286,293,339,191,214,13,212,322,335,330,251,244,413,80,377,236,140,69,143
179,199,210,10,302,241,134,50,204,297,455,496,375,186,338,486,137,150,464,82,161,451,49,226,499,488,398,27,8,206,105,309,390
180,400,404,350,465,378,96,423,320,466,188,275,262,325,344,448,125,140,39,302,67,251,13,166,236,119,336,284,208,402,468,323,377
181,86,239,486,463,71,50,25,206,507,499,31,503,455,248,391,375,475,315,124,443,467,386,291,82,454,388,398,364,192,202,496,215
182,42,184,187,118,106,313,290,439,478,147,171,155,1,349,307,354,225,494,269,401,223,185,318,213,51,57,403,54,257,114,91,0
183,449,360,34,55,88,316,64,246,460,160,407,267,48,334,195,100,209,498,73,255,469,352,29,102,274,52,243,192,502,342,365,364
184,187,269,106,118,313,1,384,182,91,213,97,478,171,494,201,349,307,318,260,0,114,57,439,147,291,257,17,403,401,410,42,487
185,435,3,155,318,147,42,403,182,41,57,223,225,118,269,401,167,257,369,171,439,304,184,51,353,91,355,112,478,187,106,420,189
186,153,204,499,24,309,10,199,8,472,463,179,210,241,373,82,398,475,455,496,375,31,379,486,390,488,50,297,239,267,274,49,137
187,184,118,97,91,106,182,269,439,1,384,494,307,478,213,171,349,260,318,313,483,57,354,222,201,416,420,353,403,95,42,257,304
188,448,350,465,320,262,336,378,211,473,423,268,292,16,284,402,466,63,119,170,359,67,125,300,490,39,180,358,468,129,400,345,425
189,222,318,483,57,91,403,420,476,110,399,353,3,304,124,86,331,106,270,315,221,239,369,118,454,332,503,355,61,269,467,181,328
190,196,177,258,259,133,424,32,193,408,471,162,131,44,343,443,146,145,277,7,417,5,244,93,356,508,56,261,138,18,203,296,301
191,214,69,381,143,212,406,345,168,13,90,65,144,358,74,68,2,293,372,63,220,357,287,263,275,200,178,436,377,119,378,339,432
192,352,364,209,342,486,20,233,124,132,267,221,122,386,274,59,429,475,407,50,434,248,270,25,55,77,472,246,202,29,239,181,8
193,424,356,464,408,44,150,259,382,161,301,417,190,177,501,32,162,297,196,252,81,443,411,5,258,133,371,159,203,288,486,418,208
194,487,310,4,410,139,138,504,173,1,277,213,457,165,494,17,87,245,260,474,384,114,169,177,116,171,303,118,313,489,216,505,257
195,88,434,209,246,160,102,103,73,60,152,55,502,115,407,192,64,449,8,48,234,390,20,309,233,77,157,255,477,274,352,243,360
196,32,162,259,190,417,428,131,408,258,145,193,277,441,21,424,471,501,367,58,443,356,44,5,457,288,174,177,343,422,89,122,159
197,310,17,0,40,289,313,9,116,410,487,266,194,147,114,83,442,136,1,120,216,489,257,401,141,112,41,138,213,201,494,245,42
198,203,256,446,382,397,138,133,282,462,176,161,409,232,226,464,254,53,413,371,81,442,244,150,49,134,93,356,70,44,166,305,177
199,179,210,10,204,186,134,496,82,241,137,488,302,390,297,8,338,50,486,451,309,375,455,398,153,499,49,464,105,467,226,274,150
200,432,140,335,293,320,67,263,2,166,220,236,344,170,39,287,13,232,275,358,413,168,322,377,446,333,244,65,251,63,133,404,74
201,303,313,227,114,474,276,0,184,415,489,349,97,470,1,213,169,187,12,123,17,494,250,307,106,139,384,173,478,277,9,84,44
202,475,373,25,248,499,31,267,472,23,352,239,135,364,315,460,379,192,386,342,132,229,181,391,498,274,86,82,486,174,92,463,455
203,133,93,198,446,282,371,244,161,464,301,413,150,305,256,36,176,382,409,397,177,81,442,424,56,166,226,39,296,426,264,232,356
204,309,186,199,8,10,179,137,390,210,153,472,455,398,486,488,50,82,496,499,274,160,267,233,234,24,467,241,338,386,502,102,475
205,159,248,124,342,383,132,510,386,228,59,352,429,95,25,475,192,202,391,328,82,98,364,253,86,174,507,221,122,299,76,52,106
206,375,463,71,181,430,86,149,31,496,338,398,388,239,241,455,499,362,50,507,486,109,467,25,451,315,82,134,346,137,16,503,391
207,176,150,445,323,166,404,240,251,130,236,464,400,125,282,36,156,37,226,27,161,164,446,39,302,180,81,133,306,104,377,490,350
208,323,404,344,15,166,80,104,236,302,81,464,140,451,156,150,220,446,67,2,382,200,53,180,371,37,176,413,377,56,251,193,232
209,407,192,434,195,73,88,233,246,102,160,20,55,352,342,364,334,429,221,122,374,29,486,77,255,267,52,64,274,132,103,8,50
210,199,179,10,186,204,134,451,375,49,302,496,241,297,16,137,82,27,338,161,464,53,309,8,463,150,206,226,50,232,499,121,67
211,473,268,490,188,320,170,448,402,39,350,359,67,63,125,336,358,357,164,465,16,176,372,345,284,300,282,166,446,27,140,445,433
212,406,191,168,381,345,69,372,65,220,275,2,143,13,377,119,287,68,378,214,74,63,90,144,358,325,129,200,339,293,251,178,263
213,478,171,487,416,184,1,91,169,95,216,187,118,114,313,106,354,250,349,410,401,384,201,494,353,439,57,139,116,0,257,223,474
214,191,143,144,90,381,69,212,65,168,406,13,263,178,293,74,2,287,385,345,358,220,322,68,357,200,275,372,432,427,63,436,377
215,61,391,507,503,224,233,86,20,321,25,50,364,386,248,122,486,429,181,405,374,132,71,467,124,137,455,315,159,342,82,192,338
216,116,213,487,171,478,354,349,384,494,439,118,353,0,184,416,401,410,169,187,54,1,147,310,91,57,269,223,313,42,483,155,257
217,317,26,28,78,459,452,419,326,6,361,45,492,265,111,107,327,482,9,7,311,66,370,438,218,58,497,495,441,324,14,504,120
218,14,84,452,431,120,265,107,303,165,6,285,326,151,458,45,72,28,141,509,505,87,363,9,11,474,311,254,438,504,482,85,173
219,437,289,291,125,491,489,292,158,136,313,77,0,17,44,443,468,121,445,457,490,27,201,415,400,423,300,485,112,336,147,184,32
220,287,2,377,168,104,80,236,251,13,200,404,372,65,344,293,275,37,212,140,74,144,166,90,432,381,320,263,178,378,323,339,143
221,20,270,124,192,434,59,91,479,511,318,353,77,364,29,304,209,52,503,412,233,222,291,189,366,174,132,57,483,122,61,369,110
222,304,483,189,420,91,110,318,269,353,399,57,260,476,270,403,118,187,331,384,221,184,439,106,3,97,171,124,369,4,454,457,332
223,401,155,42,171,478,257,41,435,57,487,95,213,118,250,318,410,106,416,354,510,439,38,51,182,147,353,91,114,355,1,313,383
224,122,507,215,391,79,364,248,429,25,92,493,229,61,174,346,491,299,503,86,181,342,340,132,281,50,386,71,159,233,388,486,192
225,16,300,359,473,182,395,292,230,188,3,185,121,448,125,290,27,490,402,211,184,269,336,465,468,291,106,350,187,268,284,403,147
226,397,150,134,176,306,282,464,442,161,256,382,27,156,198,130,203,323,302,105,446,125,207,486,179,133,490,240,445,395,402,424,44
227,12,201,276,83,313,0,470,123,349,494,415,303,290,184,1,17,187,114,250,266,97,489,116,9,474,182,142,265,307,213,11,87
228,383,510,328,341,205,253,280,117,51,98,95,46,273,307,124,38,75,59,76,132,416,106,475,159,248,342,386,82,294,250,332,439
229,92,79,346,248,391,25,135,507,202,224,493,31,23,86,299,174,364,71,340,379,149,373,393,181,315,456,386,239,132,122,388,499
230,300,284,468,292,359,336,125,225,465,423,16,188,490,448,121,27,350,395,211,473,402,219,445,268,96,466,320,437,129,39,180,164
231,59,44,114,10,124,77,352,192,95,106,234,363,458,139,169,464,246,410,390,434,8,165,20,475,443,416,309,386,199,486,274,342
232,67,140,446,53,335,170,39,473,200,320,133,344,198,282,166,203,93,413,451,244,409,176,236,293,432,16,402,464,358,150,323,56
233,486,50,137,20,209,192,455,215,386,467,405,503,429,342,132,364,374,8,25,352,181,434,122,124,309,274,407,267,82,472,10,221
234,8,502,157,309,10,434,488,20,152,243,246,390,477,231,195,77,204,472,160,192,274,479,59,267,279,369,186,102,199,221,209,233
235,163,79,281,299,340,249,224,122,348,334,29,493,394,174,312,365,364,407,511,366,52,34,92,132,229,215,460,429,316,507,23,342
236,166,251,104,404,323,140,377,220,344,37,200,320,446,156,176,81,39,208,80,170,2,67,207,168,287,333,282,133,244,400,413,339
237,497,392,329,242,107,509,11,14,505,154,452,482,126,459,265,72,26,504,376,6,314,396,175,258,151,254,84,485,113,317,277,7
238,271,85,426,261,62,324,7,272,298,146,441,337,508,45,296,161,471,301,258,396,295,308,254,111,93,49,259,131,203,482,288,297
239,315,181,31,499,475,25,486,463,454,202,86,455,71,364,398,50,373,403,206,192,267,41,248,472,391,498,503,467,132,355,507,386
240,207,130,302,156,164,323,176,150,402,395,96,226,27,134,125,404,464,104,236,166,336,37,468,448,278,208,433,490,251,465,161,445
241,496,338,109,455,179,379,499,82,375,24,398,206,463,50,31,373,186,199,25,346,362,386,153,486,181,149,388,472,71,297,430,86
242,392,237,258,485,343,396,484,376,497,505,329,113,126,131,175,314,411,254,107,482,11,428,7,277,127,18,509,278,259,72,141,417
243,64,55,502,479,246,434,100,412,267,449,192,234,59,52,8,255,316,472,352,174,22,195,221,309,73,498,274,29,364,202,209,160
244,413,56,371,409,133,305,203,93,446,333,81,166,200,140,432,236,19,335,282,198,39,232,177,190,344,323,36,464,404,176,251,263
245,177,480,363,408,411,314,127,458,44,288,18,504,32,258,146,277,138,343,337,376,482,485,165,254,139,193,145,85,301,7,194,489
246,160,55,195,434,209,267,88,360,102,192,352,8,502,309,73,64,103,274,407,472,390,243,316,449,59,183,342,369,233,152,29,255
247,279,477,157,152,234,103,10,204,199,210,390,488,115,195,8,309,502,102,179,160,231,48,434,264,405,77,226,464,20,105,246,186
248,25,386,391,342,202,132,86,507,92,429,82,346,475,181,364,352,229,205,124,499,31,486,192,50,224,159,472,215,122,455,239,315
249,365,281,394,100,334,469,52,366,299,174,412,493,34,122,29,235,255,316,407,511,364,64,22,224,348,460,55,449,429,79,312,498
250,478,95,213,98,510,401,313,276,416,114,201,171,223,383,42,1,54,349,307,184,123,474,106,187,0,182,489,169,289,253,439,87
251,377,236,166,404,220,168,37,344,323,339,104,80,400,320,207,200,372,287,275,140,2,350,39,65,446,176,325,164,180,119,378,13
252,56,81,409,371,413,193,301,382,305,127,254,333,424,177,462,447,244,501,203,356,15,198,418,347,146,19,70,259,133,426,343,190
253,416,95,510,383,117,228,328,38,341,46,51,106,439,368,440,98,444,331,91,354,280,75,478,483,205,124,307,353,57,171,474,187
254,127,347,138,256,505,285,458,447,85,81,258,7,462,107,382,484,177,198,113,438,271,452,485,62,411,161,120,482,44,277,343,314
255,73,374,100,429,316,412,64,407,34,52,29,342,434,334,88,209,122,502,267,364,55,192,352,274,174,22,449,360,246,472,386,479
256,382,397,198,161,176,254,442,226,464,127,81,446,203,306,138,85,70,156,484,134,150,347,323,49,36,278,282,458,166,141,44,62
257,171,401,487,1,112,147,118,40,41,478,403,410,223,318,42,313,457,57,155,454,91,184,213,106,270,435,260,17,355,310,187,269
258,343,259,131,417,428,314,146,190,7,484,482,411,277,254,32,196,127,485,471,177,408,18,505,193,501,245,376,424,242,508,288,138
259,417,501,428,258,162,196,471,418,343,131,298,32,190,356,424,193,146,408,288,367,441,21,47,89,283,177,301,484,277,426,7,447
260,269,118,384,222,187,1,184,91,494,403,483,318,97,487,4,257,171,57,457,304,270,112,420,476,147,213,106,410,310,439,353,331
261,7,85,111,271,238,441,62,311,45,482,9,44,6,492,161,296,272,131,337,58,314,258,190,120,303,426,308,489,138,254,66,485
262,466,378,188,425,448,465,119,13,320,350,63,358,180,170,402,16,68,67,336,433,344,406,268,96,372,129,423,381,345,140,473,395
263,65,293,322,432,200,178,287,333,168,74,220,90,2,357,69,413,144,339,140,191,335,409,236,377,330,381,19,427,37,214,305,244
264,33,203,296,172,198,446,371,93,285,244,49,161,232,464,256,56,426,301,337,133,413,282,62,85,271,344,81,409,272,176,210,166
265,84,311,6,303,452,218,111,474,14,482,276,107,459,7,9,12,120,470,492,58,509,504,45,201,78,151,326,11,505,28,173,489
266,83,313,1,0,116,276,227,87,494,250,42,40,401,201,17,197,289,310,114,257,147,489,9,213,171,487,478,11,54,474,223,123
267,472,274,352,202,8,192,246,55,475,364,309,499,25,498,373,386,460,342,316,64,486,315,502,455,360,239,160,429,50,374,248,132
268,448,211,402,433,164,63,372,188,320,68,170,465,490,119,378,336,359,345,473,358,395,74,350,357,377,67,262,381,16,37,284,69
269,384,184,260,187,222,304,91,318,118,270,420,403,57,147,457,106,483,1,291,97,171,353,494,478,257,182,410,213,487,414,443,313
270,457,91,318,454,221,291,443,403,192,57,410,269,222,503,364,124,304,106,353,5,476,41,487,483,257,189,184,20,171,122,118,478
271,62,85,238,261,426,7,308,161,49,324,441,298,254,111,151,45,296,285,447,6,120,33,256,297,492,78,35,481,138,446,462,347
272,296,295,337,238,426,301,297,261,85,93,288,44,66,161,203,177,441,45,145,32,146,421,408,7,453,49,105,162,271,464,308,245
273,117,328,341,228,124,280,59,253,46,205,98,307,332,75,169,95,159,231,383,221,416,76,510,51,106,38,189,353,82,20,61,91
274,472,352,267,488,390,386,342,429,192,8,502,486,50,499,455,82,25,10,202,475,246,309,248,24,360,373,233,209,160,460,364,255
275,2,432,220,13,200,404,212,168,180,251,178,80,377,400,325,344,140,287,335,378,166,320,236,191,65,406,350,263,372,39,358,119
276,12,201,474,227,313,250,489,114,265,303,123,311,470,1,84,97,83,294,184,173,182,415,0,95,266,307,58,187,289,106,9,98
277,489,474,139,457,314,138,482,485,443,376,504,44,505,283,97,258,303,32,114,408,58,154,4,177,311,196,201,1,7,410,190,278
278,485,141,505,256,138,114,411,277,113,120,142,397,44,489,175,254,474,314,156,176,226,376,85,458,442,240,484,306,392,17,127,14
279,477,247,152,157,103,234,10,115,199,204,210,8,309,20,434,405,231,195,137,77,179,488,102,395,233,160,390,302,502,226,150,464
280,328,51,341,307,228,46,383,319,128,510,117,75,94,439,332,253,95,440,273,420,98,124,187,353,483,189,106,416,91,399,38,182
281,365,174,493,299,334,29,249,364,122,52,498,34,460,407,366,316,100,235,224,412,64,348,55,79,192,312,270,454,511,202,255,340
282,133,176,150,39,446,203,93,226,490,445,464,125,166,161,198,473,67,397,442,27,236,140,170,232,323,44,36,207,320,424,244,306
283,154,277,47,259,4,138,139,505,356,417,443,476,457,113,411,193,258,462,474,254,148,408,196,428,97,181,92,132,454,485,106,424
284,468,230,300,465,188,336,448,292,359,423,125,490,350,129,96,320,180,378,402,211,268,16,63,395,400,164,262,466,119,39,473,27
285,438,172,254,347,452,431,127,45,458,326,218,85,107,33,271,62,256,120,165,462,138,151,198,370,7,324,264,28,363,447,177,81
286,427,287,80,333,220,2,178,144,432,208,330,413,293,15,200,81,263,409,344,322,104,90,56,305,377,275,236,404,65,323,166,335
287,220,2,377,293,65,168,144,74,80,90,200,427,104,263,286,37,432,372,381,322,236,143,212,13,251,358,178,344,333,275,166,69
288,295,458,441,177,145,301,408,482,259,146,245,367,32,417,7,296,66,44,165,162,193,258,272,127,347,21,426,28,314,139,337,363
289,489,313,219,0,17,401,114,376,40,201,257,1,9,457,250,158,485,310,147,44,277,112,291,410,276,478,32,136,197,314,213,487
290,182,184,147,313,187,414,136,494,269,0,227,17,1,225,40,112,260,118,201,384,42,97,349,310,257,415,359,291,211,116,403,106
291,443,457,270,124,181,106,403,503,437,184,318,454,97,91,491,192,269,44,476,219,221,77,507,112,364,187,16,489,159,86,313,122
292,423,300,188,230,284,350,125,121,336,465,468,16,448,466,437,225,400,473,180,27,359,219,262,490,320,211,39,445,96,402,378,425
293,322,200,74,263,287,358,65,220,432,168,69,381,377,170,140,2,143,144,357,90,320,63,67,13,344,335,236,191,372,37,427,104
294,123,46,276,98,253,84,416,12,474,173,250,470,95,169,307,54,349,201,117,265,87,510,383,227,228,187,97,94,303,368,415,439
295,66,272,288,296,337,441,145,45,361,426,495,111,301,238,7,261,458,367,421,177,85,101,492,28,482,308,44,146,21,58,311,33
296,426,272,295,301,337,177,203,44,93,161,288,297,49,45,261,238,271,33,441,85,308,66,464,264,111,462,190,446,145,56,7,133
297,161,49,464,308,105,179,453,499,10,426,424,150,44,27,199,50,486,193,121,296,463,181,274,272,85,241,306,226,488,397,82,455
298,426,308,259,367,441,238,471,417,271,447,501,131,49,396,196,389,62,7,66,261,297,258,492,508,161,85,89,162,462,21,296,424
299,281,365,174,460,79,493,122,348,249,364,312,316,334,29,52,229,224,340,23,248,34,342,202,235,429,407,132,352,92,135,205,100
300,230,468,336,284,292,16,465,125,359,188,225,27,448,490,350,395,402,121,423,473,211,268,130,96,164,445,320,466,39,262,437,180
301,426,203,146,296,177,288,193,356,371,424,252,501,272,259,21,161,337,464,56,408,417,49,127,297,133,238,93,462,295,198,190,418
302,150,323,402,179,134,395,451,240,208,464,176,67,27,50,16,465,199,226,338,180,137,125,404,164,96,15,350,166,486,39,156,210
303,201,474,265,84,9,311,470,114,363,489,504,111,277,139,482,44,276,138,45,314,313,165,173,218,7,227,58,169,97,12,87,11
304,222,110,420,318,269,483,91,353,189,270,221,399,384,57,260,187,184,3,403,476,118,511,414,439,478,369,171,291,106,503,30,124
305,413,409,333,244,133,166,81,19,432,323,446,15,203,371,56,382,200,236,36,424,39,37,93,282,150,156,176,252,198,140,67,464
306,442,226,397,105,176,161,453,27,130,256,445,134,150,282,464,297,36,49,203,484,207,85,125,382,198,278,446,44,179,70,485,240
307,415,187,184,98,95,349,319,510,328,280,383,106,97,201,124,182,478,91,250,213,51,169,76,416,439,384,291,313,117,253,269,59
308,297,49,441,426,298,271,367,161,499,453,296,31,85,463,462,261,24,379,288,259,238,241,373,7,44,193,82,181,70,424,295,311
309,8,204,10,472,234,267,186,246,502,486,499,160,137,390,274,102,233,50,369,20,192,488,475,455,434,239,82,199,315,352,386,461
310,17,0,40,197,410,487,313,147,1,112,194,457,257,494,116,384,114,184,136,138,269,4,118,41,213,260,171,201,489,216,401,289
311,482,58,265,7,111,474,441,303,6,492,489,261,314,84,361,276,277,114,85,9,45,504,139,505,120,367,452,459,458,44,131,201
312,348,23,299,460,365,316,34,340,79,281,135,29,498,235,202,229,364,493,174,334,456,92,132,249,407,360,52,342,315,248,55,25
313,0,1,201,17,184,114,213,489,147,478,401,257,289,187,182,276,171,310,494,42,250,227,106,40,118,474,97,487,410,349,303,384
314,376,482,158,277,489,258,485,7,504,245,311,44,303,32,363,11,458,474,177,343,131,261,139,408,58,505,85,127,254,411,288,9
315,239,25,475,31,86,202,181,398,499,364,455,486,373,71,267,132,463,498,391,248,472,50,23,467,386,137,92,461,454,189,192,206
316,34,460,360,55,64,29,255,407,267,100,183,334,498,449,365,352,364,52,342,299,281,246,202,88,174,429,23,192,312,412,132,73
317,26,217,419,28,482,361,497,107,452,504,459,9,265,45,58,7,6,311,14,492,111,66,126,237,441,11,131,78,438,145,392,314
318,91,57,403,353,270,483,118,222,189,171,106,304,269,454,3,41,478,257,184,155,187,221,410,435,457,487,124,291,439,355,260,401
319,307,280,187,94,328,349,420,46,439,184,415,440,414,117,97,182,384,54,399,128,483,304,98,269,222,91,169,494,51,368,478,253
320,67,170,140,188,63,39,350,448,200,473,402,344,211,378,236,358,465,372,166,268,490,13,262,232,180,377,400,251,446,125,220,104
321,61,215,405,159,503,20,507,233,124,391,208,451,77,443,466,224,86,221,50,140,262,291,302,122,429,386,170,467,181,180,248,437
322,293,263,200,74,287,65,333,409,90,427,432,330,144,358,357,413,140,220,170,335,143,168,69,2,19,178,381,236,53,232,67,377
323,166,156,236,208,15,176,404,150,37,446,344,302,104,81,251,382,464,207,377,67,80,305,39,402,140,240,282,133,220,200,161,320
324,370,238,62,271,327,438,45,78,285,426,508,452,396,43,447,126,85,7,298,261,151,33,492,347,326,146,254,6,107,172,337,111
325,96,180,378,119,404,275,377,251,80,212,220,129,400,372,2,350,168,406,465,433,207,164,336,13,37,236,104,166,323,448,320,287
326,452,78,285,107,218,45,6,265,370,438,111,28,431,217,492,151,84,459,120,324,419,303,172,7,126,327,9,254,62,271,33,311
327,492,324,508,441,438,66,45,419,78,447,7,146,426,131,452,28,367,370,298,238,296,111,288,271,462,107,285,295,326,347,482,145
328,117,280,228,273,307,253,124,341,383,510,205,51,189,476,95,46,319,91,221,98,483,106,59,420,75,353,332,187,61,97,439,222
329,509,151,237,107,505,452,392,396,497,126,120,459,6,175,242,254,113,14,218,347,72,141,370,265,154,35,447,127,84,485,285,11
330,19,333,409,322,427,413,263,178,286,244,293,305,81,65,56,287,432,90,144,200,371,236,220,339,335,2,166,252,140,168,133,104
331,483,444,353,354,57,439,332,368,91,440,118,222,416,148,189,355,171,4,318,75,110,106,253,38,155,213,187,369,260,478,167,487
332,75,444,331,128,353,483,439,368,341,110,440,369,354,189,38,30,57,399,280,51,222,117,416,91,253,328,94,318,155,167,46,420
333,413,19,409,305,244,81,330,432,56,263,371,200,236,286,322,166,427,287,178,140,133,220,293,323,2,335,65,15,37,80,104,208
334,52,407,29,281,34,412,122,366,249,100,364,316,174,55,209,365,469,88,73,255,64,299,192,511,460,449,342,221,352,429,270,132
335,200,140,432,232,56,344,413,67,244,2,293,13,446,320,275,409,166,39,263,170,371,133,208,236,358,333,322,220,53,178,404,305
336,465,350,468,448,300,188,96,284,164,402,125,119,378,268,16,292,490,27,211,130,262,395,473,230,320,359,129,466,180,423,433,437
337,421,272,296,177,45,295,146,238,301,261,145,7,245,288,85,93,363,203,438,111,426,495,9,44,361,190,66,28,244,508,18,458
338,496,430,241,398,455,137,388,467,375,109,50,206,82,386,486,451,86,25,179,181,71,302,346,149,199,233,134,499,463,248,507,215
339,168,65,251,357,377,236,69,220,372,263,90,37,287,74,166,200,293,178,212,432,2,320,345,191,381,104,211,140,400,63,333,433
340,79,92,23,388,348,224,299,132,135,235,229,346,25,460,364,312,248,393,122,342,163,315,281,149,507,202,429,407,29,455,386,239
341,75,51,38,280,383,228,332,510,117,95,328,253,273,416,46,353,124,439,369,59,98,128,475,106,354,205,444,57,307,368,483,132
342,132,352,429,386,248,192,25,364,274,233,486,122,205,407,267,475,472,124,202,209,50,460,82,255,159,455,29,360,316,59,391,23
343,258,146,259,428,131,417,508,127,18,190,177,411,501,314,484,245,254,7,482,471,408,32,418,196,288,242,277,193,480,126,504,107
344,166,404,140,236,208,320,200,323,446,67,251,104,220,377,232,13,335,350,2,39,80,180,170,293,15,358,275,37,473,287,432,176
345,68,406,381,69,119,372,191,212,63,358,129,378,168,436,143,74,268,357,13,433,377,188,320,448,262,211,65,220,380,293,350,465
346,92,248,229,507,25,388,149,391,86,71,31,224,181,386,379,79,338,241,206,135,455,82,393,109,50,499,463,202,340,373,215,496
347,127,254,458,438,285,462,505,447,165,256,138,70,113,452,107,85,288,120,198,431,351,172,382,151,177,484,7,45,482,271,146,301
348,312,299,79,340,365,460,23,281,135,235,316,229,34,493,456,498,249,174,92,393,29,364,202,224,334,122,163,407,248,25,132,342
349,184,213,187,201,494,169,123,307,415,384,216,116,478,416,313,0,182,354,439,227,114,250,54,95,106,171,1,118,98,173,269,97
350,188,465,336,320,448,39,423,180,125,473,400,378,402,67,262,292,16,211,27,466,344,96,119,490,166,404,284,300,170,251,468,268
351,70,397,453,382,347,256,462,458,49,127,198,356,301,226,193,113,161,418,306,464,252,134,254,411,231,203,288,297,387,47,484,165
352,342,192,274,267,132,386,475,202,472,364,429,248,460,486,25,360,246,209,407,124,55,499,59,50,233,316,122,455,205,82,8,29
353,483,91,57,318,331,439,75,222,171,369,354,478,110,118,304,189,332,221,213,106,416,155,270,444,487,187,95,38,410,269,184,124
354,439,416,118,57,171,331,353,213,106,478,155,483,91,187,38,444,173,216,75,4,355,95,184,368,42,487,410,349,223,182,318,494
355,57,41,148,403,4,118,410,318,454,106,171,354,155,239,331,257,91,487,189,353,475,223,42,483,315,3,369,439,435,416,112,270
356,193,408,424,162,417,259,5,301,177,486,133,203,397,181,198,501,44,454,239,464,503,150,418,462,443,32,50,138,190,148,382,457
357,69,74,339,65,168,372,63,381,293,345,268,263,211,68,358,170,191,320,377,322,90,143,200,433,37,406,436,220,287,236,212,251
358,381,293,63,74,170,320,13,143,345,68,200,69,67,372,191,262,406,168,378,268,188,377,287,119,344,140,220,211,2,357,448,433
359,300,284,188,448,490,211,268,230,225,16,468,402,465,336,395,473,170,63,292,320,125,350,262,68,414,423,164,67,433,378,269,3
360,316,183,246,460,352,55,160,267,34,407,342,88,274,64,209,255,449,472,192,132,390,429,73,29,334,386,364,23,195,202,502,498
361,111,9,45,58,28,311,482,495,66,295,145,303,419,7,504,492,441,317,265,261,489,474,421,288,337,363,165,114,87,201,314,101
362,206,109,149,241,463,31,496,398,71,450,375,379,430,499,153,388,338,373,181,455,49,186,239,24,35,346,86,134,308,179,315,70
363,245,458,303,165,44,177,504,314,480,139,127,138,231,45,288,114,28,474,201,85,482,169,337,254,408,277,7,9,218,84,87,285
364,192,122,29,174,25,132,342,352,407,248,202,281,498,429,267,239,315,224,486,493,460,233,391,334,386,209,270,215,181,221,52,454
365,281,174,249,299,493,34,100,52,316,29,334,460,498,348,364,64,312,412,122,55,469,366,407,202,255,449,79,192,235,394,23,229
366,511,412,52,334,22,29,249,174,394,100,122,281,479,221,407,493,364,73,255,365,209,374,5,434,270,64,34,192,20,469,55,88
367,441,66,298,308,259,288,492,417,482,131,58,196,311,162,7,145,295,462,31,426,277,21,474,202,32,505,258,283,111,327,501,139
368,444,439,331,440,332,416,128,354,94,483,253,38,75,46,353,54,167,171,117,478,213,155,118,341,95,57,91,187,169,30,280,51
369,353,57,75,318,309,332,189,221,110,246,483,91,41,315,475,8,239,3,222,355,331,435,148,434,341,467,155,354,51,124,192,38
370,324,452,151,285,78,271,172,326,481,62,438,45,327,459,447,238,347,120,33,6,396,107,329,85,126,492,254,426,7,431,462,505
371,413,56,244,203,81,409,133,333,305,464,446,177,198,301,93,140,252,166,236,193,282,150,19,382,335,208,232,323,200,424,264,161
372,63,433,74,377,381,68,378,119,168,406,345,268,69,220,320,37,212,357,448,164,104,358,287,170,65,13,251,402,129,236,143,2
373,379,499,31,24,202,472,475,135,25,267,239,315,463,455,398,23,248,82,241,153,274,186,386,352,181,486,50,460,496,86,92,346
374,255,429,233,73,434,209,215,364,267,407,29,20,461,8,342,386,472,122,192,405,160,64,502,88,246,25,316,50,132,274,486,412
375,206,463,451,71,181,86,338,82,430,241,50,499,496,179,455,486,31,507,391,467,210,25,137,10,503,16,239,149,398,199,186,302
376,314,489,11,485,277,392,482,289,258,158,504,9,245,18,32,505,278,7,303,411,242,311,474,14,44,343,201,58,457,114,139,408
377,251,220,168,372,37,287,104,236,80,433,166,404,65,2,74,119,344,339,320,378,323,200,63,293,212,164,13,381,358,275,69,140
378,119,262,448,465,372,63,188,433,406,96,129,320,68,350,180,13,466,345,377,381,268,336,402,358,325,212,220,425,164,170,2,67
379,373,24,31,135,499,202,241,25,475,472,23,398,82,248,346,463,455,109,386,496,456,92,153,315,239,267,149,186,229,274,86,181
380,129,425,406,68,378,119,345,262,436,466,465,188,448,381,284,63,212,96,372,13,336,191,433,268,325,180,350,468,359,143,69,358
381,143,406,68,74,69,191,345,63,372,358,212,168,13,119,378,293,287,433,357,220,65,90,214,377,2,144,320,200,170,268,262,436
382,256,397,15,198,81,156,323,464,161,70,150,176,424,226,134,193,305,446,203,254,484,166,208,133,127,252,49,413,371,462,282,409
383,510,95,51,228,98,205,253,341,307,124,106,280,250,38,416,328,75,478,59,475,223,132,91,117,155,439,182,352,342,187,213,57
384,269,184,187,260,213,494,91,349,216,118,1,222,169,116,97,487,478,0,304,171,201,313,270,457,318,483,353,410,106,310,17,57
385,144,214,143,13,381,191,90,2,427,287,293,322,220,74,358,212,406,263,286,335,200,69,178,63,262,68,168,140,65,372,275,104
386,248,342,25,82,132,429,486,50,352,472,475,274,455,233,391,192,499,124,267,86,202,181,338,496,364,137,215,398,467,205,507,159
387,113,447,47,70,347,35,254,462,382,283,154,505,127,256,15,351,484,252,397,329,198,151,138,418,411,156,175,278,259,81,458,285
388,92,149,346,338,109,496,398,455,430,25,86,206,181,71,507,340,50,248,486,467,132,386,315,31,241,239,137,224,391,215,342,375
389,422,21,162,298,89,196,66,190,296,259,367,426,145,441,492,463,272,471,356,454,417,308,301,327,31,71,508,295,32,181,101,501
390,274,488,502,8,10,204,160,309,472,246,267,199,105,352,103,24,153,186,234,360,179,195,486,102,231,297,499,386,192,455,50,209
391,507,86,25,248,215,61,181,386,224,229,71,82,346,364,92,503,50,31,202,315,124,463,239,499,429,486,132,159,475,375,493,122
392,237,11,242,376,505,485,14,509,497,72,329,482,120,141,278,107,314,175,126,489,277,396,258,9,452,113,6,7,504,265,151,254
393,456,135,92,346,229,79,340,379,149,23,388,348,31,373,109,25,248,202,299,224,460,71,312,241,507,86,391,24,362,455,499,315
394,249,366,412,52,511,22,469,334,100,174,255,122,299,281,493,29,235,365,224,407,73,479,429,34,159,364,374,316,205,221,61,79
395,402,16,490,448,302,465,134,468,125,170,164,467,268,473,27,137,67,433,300,240,336,320,176,188,226,150,225,359,430,233,486,350
396,126,329,238,505,298,175,497,242,43,324,151,459,7,131,62,271,258,447,392,6,85,120,452,482,484,107,370,441,261,254,508,509
397,226,256,382,306,134,442,176,198,150,161,282,464,70,484,203,156,424,411,453,49,356,138,36,133,446,27,323,278,351,297,486,44
398,496,455,486,137,338,467,475,499,315,239,50,109,388,25,241,206,181,386,31,373,430,82,153,379,132,463,134,86,472,186,24,204
399,420,110,222,189,304,483,440,332,30,476,353,331,91,318,128,328,3,269,439,57,280,187,260,403,319,118,444,369,221,61,414,124
400,180,350,404,251,39,423,320,125,166,445,236,207,140,275,188,446,344,93,200,292,465,282,377,490,67,325,378,448,211,473,176,336
401,223,478,257,171,42,147,487,213,155,313,1,250,118,410,318,184,41,0,435,106,289,91,95,57,114,182,40,187,216,17,112,353
402,395,448,490,164,170,67,16,268,465,320,473,433,302,188,350,125,39,63,176,336,211,27,134,323,378,37,468,372,150,166,262,236
403,318,454,57,3,118,41,91,355,106,112,257,189,270,457,239,269,291,222,410,260,181,171,4,184,187,476,443,483,155,435,353,124
404,236,166,251,323,344,80,208,180,220,104,377,400,140,207,275,2,320,200,350,446,325,37,39,81,464,13,302,150,176,378,67,287
405,20,233,321,503,215,50,77,374,486,209,429,434,61,137,8,302,192,479,10,5,159,150,491,122,386,221,391,455,488,73,180,224
406,345,381,68,212,119,191,372,378,69,63,143,129,168,13,358,74,436,433,377,262,2,380,220,320,214,65,275,188,448,287,268,357
407,334,209,29,88,122,364,34,52,55,192,73,342,316,255,429,352,132,360,64,460,246,281,374,233,412,434,267,100,174,366,195,160
408,32,162,5,177,356,193,245,44,457,288,417,196,259,277,411,190,424,258,443,192,145,139,314,270,301,138,464,410,428,122,343,454
409,413,333,244,305,56,19,371,81,133,198,203,432,200,446,330,322,252,166,335,232,140,15,382,263,293,236,53,93,323,282,177,67
410,41,487,4,457,57,171,106,114,257,213,91,118,454,270,355,318,310,478,17,403,401,1,184,44,313,139,223,353,354,138,443,269
411,484,127,485,245,258,408,397,193,254,343,113,278,424,256,138,382,177,277,314,81,417,156,442,44,356,505,226,259,283,18,150,32
412,52,366,100,22,334,29,255,73,511,479,174,249,221,434,64,407,34,394,55,243,281,449,365,469,122,364,316,59,209,192,88,60
413,409,333,244,371,305,56,81,19,133,432,200,203,166,446,140,335,236,198,263,252,232,323,93,330,322,15,382,282,293,208,344,39
414,420,269,290,304,187,184,260,359,182,291,222,147,319,97,318,136,384,307,3,403,91,476,1,118,399,225,185,112,313,270,494,483
415,307,201,349,184,76,227,98,470,12,187,303,313,97,169,114,123,384,106,0,276,443,77,95,213,182,291,250,44,474,319,124,478
416,354,95,213,38,439,478,171,253,106,173,169,118,57,353,75,114,250,510,331,91,368,187,444,474,349,139,383,223,184,155,51,98
417,259,501,428,418,162,258,471,196,32,356,408,424,343,193,47,288,298,89,146,21,367,131,484,190,301,283,411,441,177,426,277,308
418,501,417,428,259,47,471,424,484,356,193,162,258,343,301,411,89,146,70,252,298,447,408,426,382,21,397,127,196,283,288,113,32
419,28,504,317,492,107,482,58,361,145,45,452,99,265,327,7,303,217,111,311,26,66,438,101,165,288,9,177,84,139,441,474,326
420,399,222,304,189,269,110,483,187,318,476,91,3,414,260,403,184,57,353,118,439,440,384,319,328,106,280,97,307,270,221,124,503
421,337,495,45,295,272,361,9,33,261,111,296,363,85,238,28,7,438,177,264,245,285,303,480,145,458,146,93,44,288,66,271,120
422,21,89,389,162,196,501,259,417,298,471,301,426,367,190,356,428,66,441,145,296,32,508,418,146,288,424,131,308,272,193,408,295
423,292,350,188,180,400,284,125,465,320,466,39,300,262,121,448,336,16,473,230,468,67,490,437,378,140,27,211,129,170,96,445,402
424,193,150,356,464,161,133,471,382,259,501,417,297,484,190,203,305,418,397,408,282,323,301,50,162,176,486,44,446,181,428,196,411
425,466,262,378,380,188,448,465,119,129,13,96,350,336,68,406,292,180,16,423,63,468,345,358,320,284,359,433,268,381,402,300,437
426,301,49,296,238,271,308,298,161,297,203,62,272,70,85,447,441,462,146,259,288,424,261,93,295,471,501,464,193,453,7,254,417
427,286,287,144,333,322,2,293,220,178,90,330,80,263,432,200,65,409,413,168,143,15,377,104,236,344,208,335,19,13,81,305,74
428,417,259,501,258,418,471,196,343,162,32,131,424,193,484,47,408,89,190,411,283,146,356,21,298,277,288,367,314,508,441,242,482
429,342,386,122,248,255,352,274,132,25,364,192,233,374,224,50,407,159,486,209,472,215,267,391,205,455,20,82,73,29,202,316,174
430,338,206,467,496,375,137,388,398,71,451,455,134,109,149,86,181,50,486,302,395,241,463,16,402,507,179,503,233,315,215,239,53
431,218,165,285,84,172,452,120,458,347,173,151,14,438,254,326,45,138,107,505,462,303,127,141,256,265,363,33,474,198,28,87,85
432,200,263,335,275,2,293,413,305,140,333,178,287,166,220,244,65,67,409,39,236,168,344,322,133,56,320,446,377,251,13,404,232
433,372,268,119,63,164,378,448,402,377,68,74,104,37,381,170,320,465,406,220,96,345,395,262,168,358,236,188,287,490,251,336,67
434,73,209,195,20,246,221,502,192,160,8,59,77,374,88,234,233,479,255,60,55,412,309,243,407,115,152,352,102,103,267,52,29
435,185,155,41,318,3,223,401,257,57,403,42,147,171,167,369,454,353,118,355,478,487,91,410,112,239,270,304,498,269,483,40,106
436,345,68,406,69,129,381,191,357,63,372,380,212,119,74,143,168,268,378,358,433,214,211,359,188,65,448,13,339,284,320,90,262
437,491,219,291,468,292,121,443,125,350,77,96,159,336,180,466,423,158,16,448,188,27,44,400,465,181,321,404,262,240,124,507,302
438,285,347,127,28,452,458,107,45,254,172,146,165,288,7,177,327,337,324,85,326,301,480,431,482,370,238,363,462,218,419,120,504
439,354,118,483,416,353,187,171,155,57,331,478,368,440,444,91,75,213,54,184,106,332,182,318,128,94,51,95,167,38,42,253,349
440,439,368,94,444,331,483,332,128,253,399,354,46,118,187,189,420,222,353,416,167,57,280,91,328,155,30,54,110,319,318,106,171
441,367,66,7,482,311,492,308,288,58,131,261,111,298,295,259,145,85,238,271,196,45,426,296,258,417,32,361,44,272,327,458,277
442,306,397,226,256,36,176,282,445,161,203,198,484,130,85,138,453,150,27,141,133,93,446,411,464,485,105,382,134,278,207,44,17
443,291,44,457,124,270,106,97,503,181,277,476,138,91,159,192,184,454,403,4,410,77,489,282,20,5,114,486,408,464,507,193,269
444,368,331,332,439,483,440,354,353,416,75,38,128,253,94,117,57,91,46,171,118,110,167,341,213,478,30,169,222,155,54,95,187
445,125,27,130,282,176,207,39,490,306,442,93,400,161,446,150,473,226,166,36,350,133,464,203,211,105,85,336,164,402,251,320,236
446,166,39,133,176,282,232,203,93,67,161,323,244,473,198,344,464,140,236,150,305,200,320,256,413,382,81,170,371,15,404,27,409
447,462,254,347,70,298,387,426,271,259,47,127,35,62,113,505,382,252,138,49,256,308,484,285,324,327,501,198,238,417,258,151,418
448,465,188,268,402,378,336,262,320,350,119,433,395,63,468,16,490,164,211,96,284,170,372,125,359,466,473,300,180,67,129,68,358
449,64,55,183,88,34,100,316,246,73,412,334,243,469,60,255,407,360,195,52,160,29,209,434,460,498,267,365,502,48,192,102,374
450,109,241,362,496,338,35,379,149,206,24,398,388,179,430,153,375,346,199,31,186,82,463,49,308,210,373,455,70,134,451,499,71
451,375,53,302,338,430,210,208,467,206,67,82,16,179,496,199,134,232,15,10,86,137,402,50,321,181,395,344,463,323,466,503,170
452,107,6,218,326,120,265,45,151,459,285,438,28,7,84,482,14,505,254,347,78,329,126,111,492,431,311,370,165,85,458,9,303
453,49,306,105,297,161,397,70,85,308,256,442,153,351,458,226,426,464,134,44,199,24,390,347,186,499,272,179,198,271,462,27,231
454,403,270,457,41,239,318,410,181,112,57,257,364,291,91,355,192,443,503,315,4,106,189,202,356,487,486,174,498,3,475,118,162
455,50,486,398,137,25,499,181,233,496,386,338,239,315,472,241,82,388,467,274,475,31,267,71,206,463,248,373,179,86,342,375,352
456,135,393,379,23,373,229,31,92,202,348,346,149,79,312,340,24,460,25,248,315,499,109,299,239,475,388,367,498,71,362,241,463
457,270,443,454,410,291,277,91,403,487,257,112,4,44,318,106,408,1,489,41,97,269,5,17,184,138,32,57,192,310,260,139,118
458,165,347,363,127,288,254,85,438,285,245,138,44,482,177,45,120,256,505,7,28,314,462,84,303,139,311,474,504,431,453,218,114
459,6,151,452,509,78,265,26,311,497,120,107,7,482,217,329,111,492,396,14,317,505,441,218,84,370,175,326,237,271,45,261,85
460,316,352,202,34,360,23,498,267,364,299,55,342,407,281,135,365,64,29,192,312,132,274,334,174,25,122,373,248,348,429,472,475
461,472,315,267,374,8,25,364,391,309,239,215,498,499,50,233,455,202,82,20,486,475,386,86,192,61,429,181,463,248,29,373,503
462,447,347,198,138,254,70,49,4,458,426,356,382,148,165,256,308,285,127,296,301,161,288,177,505,283,271,193,252,367,397,44,259
463,31,499,375,206,181,71,239,86,25,82,475,373,50,315,455,486,241,391,186,149,507,398,496,379,202,248,472,338,297,503,362,386
464,150,161,297,44,193,176,226,446,424,203,282,323,382,256,133,166,208,302,397,371,207,81,198,134,179,27,39,49,404,125,10,443
465,448,188,336,350,378,96,468,402,284,262,180,320,466,300,16,125,119,268,395,164,63,423,490,292,433,67,129,302,473,372,170,211
466,262,425,465,378,188,180,448,350,423,96,16,119,292,336,320,13,468,437,402,451,321,67,302,63,344,284,129,395,121,170,300,404
467,137,486,496,233,398,430,338,50,455,181,132,124,86,386,134,395,475,206,315,82,503,239,20,25,215,388,451,375,16,10,192,342
468,336,300,284,465,96,448,230,125,395,490,16,402,188,350,292,164,359,27,437,180,378,423,466,302,268,491,121,262,240,433,119,130
469,100,249,334,34,52,412,449,316,394,365,255,407,281,73,29,88,299,64,366,183,55,22,174,460,122,360,209,429,364,60,511,235
470,12,201,303,97,227,265,276,415,474,84,123,169,307,187,184,489,277,313,349,294,173,139,311,1,494,11,504,76,154,114,443,58
471,259,417,424,428,501,418,484,258,298,190,89,162,196,238,146,426,343,133,508,356,193,32,161,301,131,93,203,408,297,21,411,47
472,267,274,499,8,386,82,475,373,25,202,352,309,486,455,24,50,488,192,502,248,342,10,429,379,315,186,239,364,390,31,246,461
473,211,39,67,16,320,170,402,490,350,188,446,232,125,27,176,282,448,268,166,140,395,465,344,225,336,445,358,300,134,133,359,130
474,139,173,114,303,84,201,311,277,489,276,97,106,265,482,165,313,138,169,154,213,4,416,504,58,95,1,44,505,87,184,470,443
475,499,202,239,25,472,352,315,386,31,82,373,248,132,124,398,181,486,267,192,86,342,463,455,379,496,364,50,23,106,274,467,8
476,97,189,91,222,443,270,124,403,420,291,318,106,483,187,457,61,503,507,260,86,328,304,57,184,269,454,118,4,221,283,399,181
477,152,157,279,247,103,234,102,195,309,204,160,48,8,390,10,502,246,434,115,199,488,209,231,137,210,20,233,179,60,186,369,105
478,171,213,401,223,95,91,184,250,487,118,1,416,106,187,257,439,318,353,155,57,42,313,354,410,216,114,483,510,182,349,384,147
479,22,221,20,412,77,174,434,192,243,59,52,366,159,122,364,5,124,511,255,100,405,503,73,502,270,209,493,61,29,234,64,429
480,245,127,363,18,177,146,458,438,411,314,343,504,337,258,28,254,288,408,347,107,141,376,81,482,165,371,7,285,301,485,421,44
481,33,172,271,370,151,49,62,285,35,120,85,453,308,324,431,108,78,45,264,462,426,6,70,452,161,256,111,238,296,347,326,458
482,7,311,314,441,504,58,277,489,505,131,258,474,288,9,265,107,111,376,303,261,45,492,28,458,361,85,452,145,6,120,139,367
483,353,91,222,331,57,318,110,439,189,304,118,444,171,332,187,354,478,260,440,420,399,269,106,270,368,213,184,75,403,476,155,416
484,411,258,113,397,471,256,424,485,127,254,382,36,442,418,161,417,259,343,176,505,428,193,306,85,47,138,150,81,501,203,70,305
485,278,376,505,314,277,489,141,411,484,258,138,175,85,44,392,254,482,11,120,256,7,127,17,114,443,176,245,442,242,261,303,289
486,50,455,233,137,181,25,386,192,239,499,398,467,475,352,472,503,20,82,315,364,342,248,132,274,496,8,267,10,86,309,338,463
487,171,410,257,213,478,118,1,401,41,57,91,457,310,216,318,223,4,147,270,353,184,313,260,194,384,116,354,106,17,114,42,494
488,274,502,10,8,390,472,82,234,199,309,386,179,204,267,50,297,499,352,186,429,486,20,192,434,77,24,233,342,455,160,246,121
489,277,289,376,474,313,201,114,314,485,303,482,311,457,44,1,9,276,58,17,139,158,97,443,11,0,32,291,504,138,7,505,410
490,125,402,211,39,473,282,170,395,320,448,164,16,27,268,176,67,188,359,284,445,350,468,300,465,336,150,130,63,226,433,446,166
491,437,122,291,224,50,181,192,503,429,364,486,77,219,507,248,233,20,159,405,468,443,25,342,455,174,391,215,32,125,352,209,274
492,111,58,441,66,45,7,78,311,327,482,261,367,265,145,419,452,131,6,361,9,303,271,474,138,296,107,85,28,295,298,277,504
493,174,281,364,365,299,224,122,229,29,79,391,249,52,248,507,202,498,366,61,25,334,454,412,215,511,479,192,235,196,92,162,100
494,116,1,187,184,384,118,349,213,260,313,0,201,216,171,269,310,354,182,478,487,227,173,17,439,97,290,147,169,54,114,106,91
495,421,361,295,28,45,337,363,111,101,296,145,419,66,303,9,33,165,288,458,272,438,7,311,504,492,261,58,177,217,482,108,285
496,398,338,109,241,467,455,137,430,206,82,388,486,50,386,375,499,134,475,199,181,179,25,86,463,31,379,451,315,239,186,132,248
497,237,26,107,392,459,329,509,396,317,482,242,452,505,126,154,131,6,265,14,11,7,504,151,311,175,258,419,492,277,343,58,376
498,364,55,267,460,64,29,315,316,202,281,34,239,174,365,192,454,472,407,493,25,461,23,352,373,246,475,334,122,499,374,243,135
499,31,373,475,463,472,239,25,202,82,181,455,486,379,50,24,186,398,315,267,386,248,241,86,274,375,496,8,352,206,10,309,297
500,389,422,66,108,327,21,298,101,43,89,492,367,441,296,426,508,78,308,295,196,145,131,58,162,272,238,324,463,111,259,190,271
501,418,417,259,428,471,424,162,89,193,21,301,356,258,343,47,146,196,298,426,484,422,288,408,252,190,131,32,447,508,367,308,411
502,8,488,234,274,434,472,246,309,267,390,243,160,195,255,10,73,64,157,192,352,55,374,209,20,479,152,429,88,386,204,102,77
503,20,215,181,507,61,233,486,50,443,86,270,291,391,321,124,405,71,5,364,192,221,239,467,454,122,224,25,137,375,455,189,170
504,482,419,303,139,314,277,28,107,474,363,11,165,245,177,58,145,84,489,311,376,265,194,9,7,87,458,361,288,45,138,14,452
505,138,254,120,485,175,482,278,277,347,85,392,113,127,107,151,154,474,452,7,258,458,141,84,329,14,165,509,311,489,256,283,173
506,105,297,272,150,274,306,390,464,424,102,445,226,408,32,161,282,491,50,486,471,488,179,356,203,162,192,64,455,301,10,193,207
507,86,391,181,215,71,248,61,224,25,346,92,503,229,50,388,386,124,206,364,375,31,486,463,239,159,149,132,82,122,315,321,291
508,146,343,131,238,258,190,43,259,327,471,7,426,324,301,298,89,501,21,337,417,126,261,177,447,441,62,271,254,428,196,438,127
509,329,151,459,14,6,237,265,392,175,505,120,452,497,84,218,107,154,11,311,276,482,474,72,396,485,278,12,242,303,7,141,26
510,383,95,51,98,253,228,250,205,307,106,341,416,478,38,124,223,280,328,75,59,155,475,91,171,213,439,132,401,42,182,187,114
511,366,221,412,29,52,334,122,174,270,479,22,61,394,364,304,407,20,281,493,215,434,73,209,110,5,249,374,503,192,91,59,222
