0,1.0069128028350744
1,1.0150172779823667
2,0.9947359043422197
3,0.9956850502400988
4,1.0004894046175452
5,1.007936400058035
6,0.9954032330000031
7,0.9990887104925428
8,0.9953613459678552
9,0.9923591671473561
10,0.9908936109127793
11,1.0082330081335087
12,1.0009859519541036
13,0.9954612712680305
14,0.9983930393006955
15,1.0173266565299288
16,1.0373723385550875
17,0.9990458702228601
18,0.9910452188288578
19,1.0104495811746876
20,1.030699965494133
21,0.9981260774183648
22,1.0094836977122095
23,0.9962535509574035
24,1.0105860868921241
25,0.9999020849055339
26,0.995154748373982
27,0.9946231213777086
28,1.062699528598467
29,1.0934456012738063
30,0.9957378027298841
31,0.9843890537487154
32,1.0083189974493205
33,0.9951212855950126
34,1.0033524200193
35,1.0085417114073965
36,0.9995873026491351
37,1.0060632487772783
38,0.99780435586167
39,0.9974864521458602
40,0.9959921797641663
41,0.9974790466381342
42,1.0012136486030547
43,0.9894353942368286
44,0.989698389647517
45,0.9951340146123483
46,1.0296629150588026
47,1.0842522807918509
48,1.002365875601671
49,1.007871035876481
50,0.988080094810071
51,0.9962959752534087
52,1.0371703463190456
53,1.021162187954444
54,1.0292692202779081
55,1.13633986822795
56,0.9914163705691275
57,1.0099486844203336
58,0.996706026500457
59,0.9994749437841736
60,1.0113018248130017
61,1.0070966743394545
62,1.0206601413467085
63,1.0083948079239267
64,0.999037657682094
65,1.0590808700723082
66,1.0035296549410382
67,1.0032556249882503
68,1.0270059672714171
69,1.00072788994273
70,0.995316234445485
71,1.0074743501815082
72,1.0036019930500102
73,0.9972835062043129
74,1.0311274244612192
75,0.9967883062954133
76,1.0000718923543193
77,1.0624566294845206
78,1.0628574146390908
79,1.067135200327392
80,1.0072824661929722
81,1.0022163757757168
82,0.9930379280918965
83,0.999097693008948
84,0.9972055732545659
85,0.9921456356518167
86,0.9934442756836206
87,1.0007182366576368
88,1.0098033602104572
89,0.9985927218268562
90,0.9917564699190022
91,0.9918335812175202
92,0.9961819335133136
93,0.9931937575706626
94,1.0107755548497286
95,1.022773316727878
96,1.0042221832668115
97,0.9989585665440639
98,0.9898207651983901
99,0.9891575615349439
100,0.9982062425821363
101,0.9957417073053856
102,0.9916420816866409
103,0.986460464077473
104,0.9966990415544157
105,0.9976374335576113
106,1.020393244650022
107,0.991935896054028
108,0.9963663079358445
109,1.0012829384163422
110,0.9965075908385195
111,1.0017151102050554
112,0.9994335852531225
113,1.001944113079497
114,1.0032166012795338
115,1.0145913384001624
116,1.0257501725829503
117,0.9909547205986697
118,0.9943827139072093
119,1.0163122992666747
120,0.9908567788449055
121,0.996440002736622
122,1.0565423472052728
123,1.0654345909913507
124,1.0006877010336186
125,0.9990093921930026
126,1.0451403184372028
127,1.012962784377541
