0,0.011595577784208904
1,0.012176645594319432
2,0.01098681345511783
3,0.012637200602217707
4,0.011435964346876971
5,0.01150771483862977
6,0.011864017849800483
7,0.01056272584027646
8,0.0104163613290885
9,0.012269525793328864
10,0.010964412829915681
11,0.010524495907829477
12,0.012868764451500562
13,0.011374917491717198
14,0.010284621458114748
15,0.01181652917001177
16,0.012848826413881438
17,0.011654893017299687
18,0.012066710611648882
19,0.012122288773385047
20,0.011376636420674109
21,0.012100920664825076
22,0.012184225816052986
23,0.010780645168715944
24,0.011372517196743962
25,0.012141630891813917
26,0.011655068504876718
27,0.011309476030945608
28,0.011350668512746472
29,0.011304101795313985
30,0.011527685297431667
31,0.012646370377288647
32,0.011803444143767963
33,0.012107656576833178
34,0.0118202718607288
35,0.011673115456776526
36,0.012301540923719094
37,0.011898661346902572
38,0.010785406836817665
39,0.010818655616714568
40,0.012168250108171007
41,0.01235161438561173
42,0.01203161355230916
43,0.01180017800390169
44,0.011394132339621105
45,0.012369434316225215
46,0.01102187624299733
47,0.011789901277659316
48,0.010937558375749702
49,0.010989724933582199
50,0.012135754693036793
51,0.011964231963388899
52,0.011986634108787786
53,0.011954540011380405
54,0.012738834806513413
55,0.011650653202154632
56,0.012684737616826548
57,0.011211717100692097
58,0.011347100854586357
59,0.012023206415063721
60,0.01249122969428276
61,0.011337588219147878
62,0.01286955324406577
63,0.011263140168804415
