0,495,70,247,124,458,59,93,465,226,307,13,467,112,271,162,139
1,467,382,199,247,154,411,83,151,112,193,14,406,124,472,375,164
2,369,501,479,91,229,496,269,327,308,345,80,342,73,32,37,168
3,77,208,461,67,323,374,82,126,348,331,137,319,290,336,354,241
4,163,427,324,61,217,145,113,376,417,482,46,88,159,463,227,240
5,161,460,408,103,343,503,68,473,420,52,232,41,364,396,6,118
6,364,368,41,15,279,286,55,232,52,223,413,190,303,114,343,445
7,29,350,181,111,366,115,485,313,263,469,95,416,156,243,173,133
8,22,501,265,229,357,372,36,312,379,153,237,37,276,178,140,320
9,387,192,430,182,310,22,56,357,407,153,203,178,8,377,361,144
10,225,35,234,152,81,76,142,483,195,24,340,198,429,97,363,46
11,500,130,84,488,129,119,489,179,138,464,211,102,123,404,170,346
12,28,326,224,365,349,60,492,78,122,507,34,252,150,318,403,441
13,59,92,93,169,375,472,284,458,139,434,231,338,508,116,411,124
14,465,139,472,83,411,112,162,508,467,450,199,93,509,375,92,307
15,364,6,286,301,368,396,200,41,303,44,63,68,223,161,279,47
16,426,88,325,55,422,198,171,449,483,46,249,61,376,318,234,417
17,289,363,314,302,340,152,110,418,437,35,10,370,64,184,81,429
18,510,213,74,60,78,365,145,412,21,403,104,388,384,317,217,158
19,138,313,175,156,263,123,53,335,448,196,176,389,378,500,71,470
20,309,448,378,138,207,313,451,346,129,469,263,170,239,176,220,246
21,43,317,497,210,213,440,94,74,334,201,60,78,358,332,122,353
22,8,312,36,182,43,501,37,192,153,144,178,334,66,187,229,430
23,71,119,404,123,389,53,84,11,491,176,311,500,138,263,391,464
24,200,42,35,225,321,143,10,476,466,195,341,97,503,473,486,68
25,373,482,330,46,299,258,399,324,261,163,463,131,402,114,376,64
26,170,129,346,464,130,484,119,211,451,11,306,207,179,176,311,138
27,70,197,256,278,128,235,162,284,59,458,465,134,185,509,93,508
28,252,349,444,12,326,276,410,379,233,441,507,36,492,205,342,320
29,7,350,366,181,504,156,173,111,149,95,263,243,115,313,469,485
30,485,490,149,167,270,49,292,240,95,502,181,242,462,471,264,477
31,101,493,491,84,11,484,130,451,109,404,294,257,447,346,243,306
32,501,345,2,327,91,229,265,73,479,8,424,312,66,276,150,372
33,232,5,368,6,413,408,157,304,114,90,300,41,383,186,52,343
34,12,507,410,326,444,329,28,298,349,252,69,174,318,365,141,215
35,476,110,209,486,363,184,76,42,10,24,429,394,340,200,494,341
36,187,50,22,334,441,379,8,153,43,28,37,320,349,236,501,205
37,80,342,501,397,144,398,87,229,379,441,22,327,386,312,345,36
38,259,402,191,285,106,405,147,177,79,360,475,220,246,291,218,131
39,431,241,337,194,214,3,438,331,66,347,290,374,436,348,193,323
40,128,454,228,212,457,277,423,388,395,256,433,273,248,453,120,384
41,445,6,98,364,190,223,90,368,148,324,483,339,114,15,52,420
42,476,24,505,35,110,486,321,511,200,260,355,503,473,443,274,209
43,21,317,497,22,440,36,82,334,213,348,78,353,122,392,210,137
44,178,187,364,15,317,374,77,286,258,25,43,430,331,113,334,463
45,366,243,62,85,115,391,53,133,219,181,111,491,470,250,84,156
46,324,482,376,483,25,88,81,148,339,64,258,163,463,274,98,223
47,97,466,234,301,15,358,286,63,279,142,364,275,396,198,427,367
48,151,356,154,406,164,75,194,193,337,124,436,434,467,204,375,338
49,462,485,181,106,242,220,240,219,133,506,115,250,239,270,402,147
50,187,215,36,334,407,379,153,205,492,236,203,305,320,410,386,99
51,321,121,209,244,24,499,486,418,275,35,260,355,283,107,97,200
52,232,55,103,343,460,6,364,41,420,161,417,422,195,5,15,324
53,123,19,23,156,263,84,389,391,71,176,335,138,268,313,404,196
54,255,231,137,384,315,82,67,92,353,77,440,508,254,169,319,461
55,52,103,232,279,364,422,6,409,41,343,325,286,88,399,15,16
56,361,178,245,182,328,357,140,430,9,187,387,265,8,203,345,80
57,89,392,262,238,214,438,461,272,206,254,359,323,82,439,440,96
58,390,401,453,474,228,315,122,277,433,498,395,454,440,120,254,318
59,458,70,13,284,93,495,92,278,338,197,139,162,375,472,169,112
60,74,78,510,334,213,104,144,369,365,440,236,479,353,12,21,276
61,217,159,452,224,145,479,414,104,376,369,136,492,78,482,73,113
62,133,218,115,177,219,405,250,335,416,428,181,196,313,470,489,85
63,396,459,343,244,76,200,97,195,107,15,301,420,121,503,303,394
64,340,339,258,223,108,46,261,437,148,363,25,249,483,429,299,131
65,86,311,102,335,196,500,391,464,489,160,404,119,488,415,11,71
66,372,282,214,463,36,22,438,381,258,43,327,348,392,236,182,424
67,137,348,77,82,54,323,374,3,461,319,331,231,354,392,255,92
68,161,503,200,460,473,5,408,15,396,511,204,420,244,52,364,63
69,507,141,444,308,371,28,233,168,12,379,398,492,342,224,386,397
70,495,458,59,197,162,93,27,112,284,278,139,0,226,465,13,92
71,404,119,23,389,123,176,138,464,500,311,11,211,488,53,84,26
72,443,108,274,98,339,352,445,494,251,363,110,483,64,340,42,324
73,479,327,496,345,91,492,305,369,501,80,178,168,452,371,2,236
74,60,78,510,334,236,213,187,104,144,21,440,353,18,126,492,82
75,154,164,48,247,406,124,151,1,467,356,495,481,458,338,382,375
76,429,195,459,209,476,35,63,301,10,340,363,394,420,223,97,396
77,82,374,67,461,3,137,323,331,208,348,354,54,96,353,126,290
78,60,213,74,104,510,145,236,334,479,369,440,217,144,492,353,82
79,220,489,129,172,291,402,131,415,280,500,179,367,130,299,488,322
80,37,342,144,168,397,501,328,398,386,91,379,229,73,327,345,479
81,376,234,198,46,358,10,174,64,482,289,217,332,483,249,261,414
82,77,137,353,461,440,67,54,348,323,96,254,392,206,374,315,354
83,450,411,472,331,375,14,194,193,467,151,139,436,199,112,1,154
84,123,11,130,119,404,263,469,493,176,170,451,389,138,378,243,207
85,218,62,360,405,219,489,250,86,367,133,470,45,102,242,115,177
86,102,65,489,415,500,391,367,335,218,160,79,488,360,405,11,196
87,441,37,342,386,36,80,269,327,318,22,144,442,430,397,379,398
88,148,339,46,483,163,324,171,16,249,376,251,223,55,482,417,195
89,57,392,238,214,262,438,461,3,348,82,319,323,272,206,67,137
90,157,190,445,304,114,98,41,368,300,324,413,383,373,258,148,6
91,168,496,73,501,345,140,229,333,2,80,327,479,379,265,369,328
92,284,255,508,93,139,13,472,231,169,278,54,59,509,375,162,116
93,139,92,271,13,59,162,169,284,472,458,509,508,375,278,255,465
94,210,21,43,99,317,261,287,272,50,332,25,258,64,439,36,44
95,506,485,350,270,181,49,117,115,490,462,133,478,456,7,469,416
96,359,354,461,323,353,290,82,374,77,440,254,208,99,336,438,122
97,47,466,143,142,63,351,301,275,234,195,76,459,10,396,15,200
98,445,443,41,324,90,339,157,190,483,148,420,494,161,114,300,46
99,439,359,96,336,254,461,206,262,353,208,82,272,323,440,77,354
100,343,396,107,459,63,103,5,351,503,420,473,303,244,362,121,195
101,31,306,484,493,11,346,491,130,451,109,322,211,179,129,239,243
102,500,489,415,488,86,11,335,391,218,65,179,79,405,246,367,177
103,343,52,55,232,460,5,364,161,420,41,473,195,422,6,279,118
104,78,479,369,144,60,231,213,217,334,74,365,216,61,120,440,145
105,202,258,131,381,242,463,240,280,470,402,49,421,304,462,494,190
106,220,49,462,285,177,147,309,264,402,416,475,246,313,405,181,485
107,275,396,63,459,244,100,303,466,209,97,503,321,200,76,121,221
108,352,64,443,258,72,274,494,370,363,98,202,339,432,437,131,90
109,451,484,493,330,180,294,227,469,447,471,130,201,101,206,306,254
110,35,42,476,355,363,302,209,340,486,446,10,17,72,260,76,494
111,173,263,469,243,123,350,378,84,7,313,207,156,366,493,389,138
112,162,139,14,458,495,83,134,465,455,70,472,284,93,59,375,1
113,145,412,463,236,414,217,439,82,376,99,240,96,77,492,213,482
114,413,300,304,90,373,157,368,41,445,25,98,324,190,6,258,399
115,133,181,219,485,416,250,62,366,49,242,470,313,117,243,95,218
116,434,338,356,436,375,354,92,450,374,472,284,290,83,331,255,13
117,416,115,133,95,350,485,181,478,49,219,106,250,456,264,285,270
118,460,161,5,505,103,473,75,232,204,408,503,420,98,445,511,48
119,404,311,464,11,71,123,84,23,176,26,170,130,500,389,138,129
120,273,384,231,453,454,256,255,54,315,169,92,390,278,388,401,508
121,244,459,63,200,503,321,195,209,51,486,76,473,420,396,24,476
122,440,353,401,390,315,82,96,54,254,498,231,474,384,359,453,318
123,263,176,84,138,389,119,53,71,11,23,313,19,378,207,130,500
124,406,467,164,154,247,411,375,13,472,1,151,458,193,59,495,0
125,328,168,245,80,496,91,140,333,144,361,37,162,73,310,386,112
126,319,137,206,77,158,82,3,348,67,54,254,353,253,461,440,208
127,492,371,73,452,305,236,224,74,496,479,159,217,187,78,369,414
128,40,235,256,509,454,27,273,508,278,230,255,228,384,395,468,498
129,346,306,130,26,11,179,451,464,170,79,220,211,239,484,138,500
130,170,451,11,484,129,84,346,469,26,306,119,239,207,123,138,500
131,280,258,402,172,367,299,105,79,242,463,415,322,220,202,358,306
132,197,185,256,458,284,278,338,59,134,70,27,495,380,423,325,434
133,115,219,181,416,250,485,62,49,242,218,117,285,470,366,177,313
134,284,278,135,162,139,508,338,92,112,458,230,255,256,59,434,116
135,134,455,338,284,116,434,450,468,112,278,508,162,139,255,83,92
136,224,159,269,414,61,305,452,492,371,217,344,327,479,12,73,441
137,67,54,82,348,319,77,126,231,384,440,353,315,255,461,3,158
138,263,448,313,123,176,19,500,378,488,11,129,239,389,175,71,130
139,162,93,92,472,14,112,508,284,465,230,375,509,458,255,134,83
140,91,501,229,265,333,345,168,178,56,8,496,80,73,328,125,312
141,69,308,12,224,188,28,507,369,127,60,492,34,371,444,365,276
142,97,234,10,198,152,466,143,47,225,81,275,24,171,487,351,314
143,351,97,225,24,466,195,473,200,142,417,10,321,503,52,460,55
144,334,216,80,37,104,60,369,312,386,479,187,342,78,397,74,501
145,217,113,213,78,412,424,61,403,159,414,236,376,463,104,479,492
146,298,238,497,474,21,213,272,57,210,401,89,206,440,349,403,122
147,475,462,402,285,106,49,437,184,191,280,242,131,220,264,502,421
148,339,88,251,163,46,324,223,483,41,445,98,64,25,373,90,52
149,490,292,294,270,30,366,240,95,504,485,109,180,29,181,239,57
150,349,424,326,28,12,414,441,492,403,213,252,276,145,32,78,224
151,193,154,194,83,467,450,356,411,48,436,375,406,434,1,337,472
152,10,142,17,289,81,225,234,198,314,418,363,35,24,171,174,480
153,36,22,8,187,387,50,407,43,334,320,497,357,21,215,192,372
154,151,467,164,124,406,75,356,375,1,338,411,458,83,472,434,193
155,39,431,165,222,352,262,438,214,337,66,443,108,241,381,383,89
156,19,263,53,313,111,123,175,7,29,268,138,62,378,335,389,196
157,90,383,304,300,190,98,114,445,324,41,368,161,408,413,443,186
158,509,253,235,271,384,126,255,230,508,54,137,319,139,468,169,93
159,61,452,217,224,414,145,136,492,479,113,403,305,188,376,127,73
160,500,489,335,488,138,313,196,123,176,79,405,11,464,86,177,102
161,460,5,68,473,503,408,200,420,511,103,98,52,445,41,364,15
162,139,112,93,230,134,284,458,92,278,70,59,465,14,271,508,235
163,330,148,281,339,223,88,287,46,267,4,25,240,324,373,64,435
164,406,124,154,247,375,356,467,75,458,59,495,338,411,13,48,151
165,262,272,57,89,438,214,238,298,99,94,439,392,359,431,282,287
166,363,370,340,64,251,108,302,429,339,494,223,72,287,76,148,184
167,30,477,490,485,149,95,292,270,502,506,49,456,462,240,471,264
168,91,328,80,379,398,229,397,496,73,333,125,501,233,342,37,140
169,13,92,93,231,508,509,384,255,54,271,120,472,59,284,139,137
170,130,26,451,484,346,129,119,11,207,84,469,211,378,306,309,464
171,225,88,417,16,10,148,251,195,198,142,46,174,143,249,97,318
172,367,280,131,291,79,322,415,201,358,360,191,250,435,299,489,332
173,378,469,111,263,350,451,448,493,389,294,484,243,504,20,207,123
174,318,376,332,267,81,198,435,287,249,46,365,482,21,201,64,122
175,470,313,19,138,181,246,335,177,500,488,115,239,448,218,62,489
176,123,207,138,263,119,464,71,389,378,311,84,448,313,26,160,11
177,218,405,335,196,106,62,285,313,489,246,220,259,470,250,175,102
178,56,345,73,44,187,501,334,91,361,22,80,144,182,140,327,236
179,129,322,415,306,488,464,11,500,257,211,299,346,79,489,102,26
180,109,506,451,330,484,439,471,281,336,462,346,99,240,294,469,239
181,115,485,133,49,366,313,219,239,250,243,470,242,416,469,175,95
182,430,22,192,9,178,56,44,37,203,36,66,8,87,387,361,204
183,320,189,203,205,215,398,379,36,357,397,387,50,441,444,153,442
184,35,363,394,494,421,147,370,437,202,476,486,341,429,502,432,105
185,197,132,27,256,226,70,423,380,278,59,458,495,284,128,134,162
186,408,190,511,445,304,41,114,494,161,157,6,98,413,90,5,364
187,50,334,36,215,407,236,74,178,144,379,492,73,44,80,153,353
188,403,159,145,224,217,78,213,510,369,424,61,127,492,141,452,60
189,398,183,357,379,393,203,397,320,295,215,387,205,229,50,168,328
190,90,445,494,157,41,98,304,223,368,186,6,394,114,15,258,408
191,475,172,291,147,280,402,131,79,38,360,220,367,437,299,64,106
192,9,22,430,182,387,43,153,216,497,37,8,312,36,183,144,203
193,194,151,411,83,199,450,467,472,331,337,154,436,375,1,406,14
194,331,193,436,337,450,411,151,83,241,374,375,472,467,356,199,208
195,420,76,473,200,459,503,483,225,63,476,52,343,103,10,161,97
196,335,177,405,500,160,489,62,102,19,488,65,138,313,218,175,176
197,132,70,59,458,27,185,256,278,495,284,338,13,134,93,92,162
198,234,81,376,174,249,10,358,289,142,332,267,16,46,88,314,365
199,411,193,467,307,1,83,14,194,382,331,450,472,151,406,375,124
200,503,68,476,244,161,24,473,195,63,15,396,341,420,42,394,486
201,332,435,358,267,427,250,210,280,317,172,227,21,471,287,242,270
202,105,258,131,437,381,184,280,352,108,432,242,494,402,240,147,463
203,387,183,189,50,357,182,430,361,36,56,187,153,205,215,320,9
204,300,356,48,324,337,327,436,241,194,345,164,161,374,406,331,98
205,444,441,320,379,233,36,507,28,410,349,326,183,50,252,398,344
206,254,440,82,126,353,439,461,315,99,137,77,319,96,474,54,359
207,176,263,378,170,123,130,309,138,26,451,448,84,20,313,469,129
208,336,354,374,77,461,323,450,290,3,436,96,359,331,254,82,194
209,486,35,476,76,394,260,244,110,459,121,355,363,184,429,275,321
210,21,317,94,332,201,43,497,385,358,49,471,456,287,267,264,270
211,129,346,11,26,500,179,306,488,246,138,71,170,130,464,448,119
212,457,248,277,40,388,228,454,395,128,433,423,273,474,401,453,390
213,78,510,145,60,74,424,104,440,403,21,365,217,122,236,18,43
214,438,392,323,57,290,89,461,262,96,241,374,82,348,354,66,359
215,50,187,334,400,407,386,36,183,379,398,144,320,397,153,60,28
216,144,312,104,334,60,400,37,273,80,120,397,325,369,231,22,342
217,61,145,159,224,414,376,452,78,104,113,403,479,213,365,492,482
218,405,360,177,250,489,219,62,470,367,285,133,242,102,335,115,500
219,133,250,115,181,416,242,218,49,62,485,358,405,285,201,470,177
220,79,239,106,280,462,129,49,250,402,246,309,313,471,489,131,405
221,260,362,107,503,209,486,511,266,303,321,275,394,473,476,244,396
222,511,494,443,352,476,42,432,186,98,266,394,408,72,445,190,486
223,41,429,64,148,301,163,339,402,190,6,340,445,279,483,25,15
224,61,136,217,159,492,479,452,369,414,305,12,269,73,145,78,371
225,10,24,143,195,171,97,200,88,417,351,46,152,483,142,420,76
226,70,495,27,0,197,185,458,59,162,112,93,132,278,465,271,235
227,427,201,462,471,412,109,250,240,242,239,270,49,181,220,469,280
228,395,423,454,457,433,277,40,212,128,58,390,388,256,273,453,401
229,501,379,397,398,265,8,91,37,168,80,2,233,342,140,237,312
230,162,255,139,509,271,235,92,278,508,93,134,158,498,284,384,128
231,54,384,255,120,92,169,137,315,273,67,508,13,453,284,440,82
232,52,55,103,6,422,460,41,399,343,5,364,300,161,368,324,417
233,379,344,444,28,398,229,441,371,296,205,168,342,265,397,507,269
234,198,81,47,358,376,10,142,97,46,301,466,314,289,502,480,429
235,509,230,158,465,128,271,162,508,139,27,468,14,93,255,134,92
236,74,78,113,492,187,334,145,213,412,36,60,463,73,82,126,348
237,229,295,8,357,265,397,320,398,379,276,501,189,140,312,22,233
238,57,392,89,440,122,214,206,262,82,254,401,461,315,272,474,438
239,220,346,448,484,181,469,313,129,451,306,462,138,49,240,470,471
240,242,462,502,490,49,239,113,280,270,163,258,131,105,471,427,201
241,290,194,337,436,374,323,331,354,67,3,438,193,461,208,77,450
242,250,280,421,240,219,470,49,502,181,131,133,115,485,218,462,105
243,469,366,181,313,239,130,111,11,115,491,84,484,263,451,219,123
244,121,200,63,396,503,486,209,459,476,341,107,394,68,321,76,195
245,328,361,125,56,80,310,168,386,178,377,430,37,187,398,189,91
246,488,220,500,129,470,175,211,177,138,106,102,313,489,79,131,405
247,164,467,406,124,1,495,154,112,375,411,458,0,75,382,70,59
248,212,457,388,277,40,454,395,228,128,273,474,401,120,384,433,365
249,449,340,64,88,339,198,261,148,174,483,281,81,330,223,287,46
250,219,242,133,416,115,218,181,220,201,405,489,49,280,62,367,358
251,148,339,88,64,163,46,108,98,287,324,72,166,483,90,445,249
252,349,28,410,444,320,276,326,288,205,295,12,233,379,507,36,150
253,158,271,307,93,509,169,319,137,126,139,67,14,472,348,92,411
254,206,315,461,440,353,359,82,96,336,54,401,498,77,323,390,122
255,92,54,508,384,231,509,230,284,315,139,278,169,390,120,93,158
256,278,284,273,120,128,27,423,508,92,197,134,255,454,59,132,231
257,179,404,415,11,119,464,101,322,311,316,488,500,26,306,211,129
258,131,463,105,64,202,25,381,108,280,46,402,299,240,482,358,44
259,38,285,177,106,402,405,335,218,196,246,79,309,360,220,160,475
260,321,486,355,42,209,476,446,221,110,35,503,244,511,505,200,107
261,64,299,25,281,94,330,249,449,435,437,46,339,99,376,274,81
262,57,272,438,439,99,214,392,89,359,461,96,431,238,323,206,165
263,138,123,378,313,176,448,19,389,207,469,111,84,173,156,130,11
264,416,49,106,485,220,250,219,147,475,210,133,471,462,181,117,242
265,229,8,501,296,379,140,91,372,233,357,168,345,398,56,327,32
266,420,445,5,190,186,494,98,161,503,511,408,222,41,394,476,473
267,201,318,163,317,174,287,427,435,330,21,376,482,365,122,358,88
268,123,176,263,53,156,196,160,207,335,111,19,313,138,62,65,84
269,327,342,441,2,344,136,224,233,87,479,37,305,80,73,501,369
270,490,485,49,95,240,502,181,427,506,149,201,366,115,456,227,317
271,93,509,230,139,158,162,169,253,235,92,255,508,384,278,13,59
272,262,439,57,99,206,298,238,254,359,94,484,89,392,461,165,96
273,120,384,388,454,231,256,278,255,128,390,453,230,92,54,509,169
274,443,352,108,72,324,483,46,339,98,305,64,414,376,258,261,42
275,107,466,97,301,209,35,76,63,321,396,476,487,486,459,200,47
276,28,252,349,295,60,74,78,8,36,379,236,229,410,501,308,510
277,457,395,228,212,433,454,388,474,40,401,390,58,498,128,248,453
278,284,256,134,92,59,162,255,93,273,230,508,458,27,139,231,70
279,55,6,364,409,385,223,15,301,286,41,368,52,343,103,303,232
280,131,242,172,322,220,299,201,258,435,471,79,240,250,402,462,306
281,330,163,287,435,299,471,261,339,25,306,373,64,180,148,109,249
282,66,372,424,349,89,150,36,463,57,214,236,8,381,32,410,262
283,499,487,51,209,110,321,260,275,35,355,446,10,76,142,486,418
284,92,278,134,508,59,338,458,139,256,255,162,93,434,13,472,116
285,106,177,218,147,49,402,475,259,133,360,219,250,405,462,416,220
286,15,6,364,317,368,44,348,279,55,375,93,137,104,13,331,67
287,435,281,163,201,299,330,267,471,64,94,332,280,174,240,210,306
288,252,233,444,28,349,410,205,326,296,276,507,295,320,379,344,265
289,314,17,81,198,234,152,332,480,437,340,429,10,147,475,363,358
290,354,323,374,436,96,461,438,208,241,359,77,337,331,116,82,67
291,172,79,191,415,367,280,322,489,131,405,360,179,220,332,316,299
292,149,490,270,30,477,502,366,427,240,89,485,478,57,480,242,167
293,311,464,129,26,170,246,211,119,179,102,79,176,500,404,130,11
294,493,109,504,149,484,451,469,173,180,366,239,243,101,57,378,206
295,379,276,237,398,320,229,397,252,28,357,168,265,233,189,444,8
296,265,233,371,344,327,379,91,168,205,501,305,288,229,372,73,345
297,316,291,179,299,415,257,172,322,131,79,280,258,306,464,191,108
298,146,272,238,474,57,329,206,210,401,262,94,34,254,410,21,440
299,306,25,131,373,435,280,261,316,179,281,330,287,258,79,322,64
300,114,157,324,413,204,90,383,399,304,98,368,373,41,482,445,232
301,429,15,223,76,47,97,63,394,279,303,396,364,234,402,466,358
302,363,370,110,17,340,437,184,446,494,166,35,108,72,432,352,209
303,396,15,364,394,6,301,343,63,41,5,279,107,408,186,368,190
304,114,90,157,413,190,368,300,186,381,105,258,6,408,373,445,41
305,492,327,414,73,371,224,187,479,236,113,96,441,127,269,136,36
306,346,299,129,484,179,451,239,101,322,130,373,211,26,131,11,280
307,199,411,467,253,14,472,124,1,193,406,83,375,247,465,139,331
308,2,69,28,233,369,397,168,276,229,141,379,333,342,398,295,91
309,20,220,106,207,170,129,451,313,378,130,469,448,462,346,246,239
310,377,430,245,9,361,80,409,37,182,328,56,125,325,192,144,386
311,464,119,404,176,65,71,293,500,11,26,170,123,130,160,102,129
312,22,501,144,216,37,8,104,229,80,345,78,334,369,60,2,479
313,138,263,175,181,469,19,448,239,243,378,123,470,177,220,500,115
314,289,17,234,81,198,480,429,147,35,184,358,152,475,437,363,301
315,401,54,440,453,390,384,254,255,122,353,474,231,82,498,137,120
316,415,299,297,131,179,172,373,25,367,258,322,291,306,79,482,90
317,21,43,210,385,497,358,201,44,267,286,440,94,353,334,82,213
318,174,122,365,267,440,58,376,401,390,21,482,12,353,87,104,43
319,137,126,67,348,54,82,3,158,77,206,253,384,315,461,254,392
320,183,252,205,410,36,379,444,349,28,295,153,398,50,357,189,8
321,260,42,24,503,51,200,473,486,121,355,476,209,244,35,275,143
322,179,280,415,172,489,306,488,131,299,79,11,201,435,239,129,291
323,461,354,290,374,96,77,82,208,359,67,438,392,436,3,241,254
324,46,98,300,483,482,148,445,339,41,443,25,88,274,157,204,163
325,278,284,338,256,134,409,386,116,92,59,144,162,255,458,132,231
326,28,349,444,441,252,12,150,507,205,233,410,342,269,379,288,36
327,73,345,501,269,479,305,91,80,37,2,496,441,492,342,32,233
328,245,168,125,80,361,91,386,379,187,73,398,56,178,496,37,144
329,277,298,433,34,474,58,395,401,457,498,212,228,390,254,365,122
330,281,163,25,373,109,299,287,435,306,267,471,261,99,96,223,180
331,194,374,450,436,83,77,411,375,472,67,337,208,193,3,241,290
332,201,358,210,435,21,174,280,172,287,480,94,81,317,267,198,250
333,91,496,168,140,369,2,308,73,125,229,479,501,345,328,371,80
334,187,144,74,60,407,78,36,215,50,104,43,353,236,80,178,440
335,196,177,500,102,489,160,405,218,391,62,488,313,19,175,65,138
336,208,359,99,254,461,96,354,439,77,323,3,450,374,290,206,436
337,194,436,241,331,290,374,193,450,151,208,356,354,83,323,3,411
338,434,116,284,458,356,59,375,134,92,154,472,13,278,139,135,164
339,148,483,88,445,64,98,163,46,251,324,443,223,41,340,281,249
340,429,64,363,437,249,339,223,76,483,10,35,494,110,17,302,166
341,200,432,421,486,184,476,244,35,24,394,105,42,202,502,494,370
342,37,397,441,80,398,386,379,87,269,144,229,501,2,327,233,168
343,103,396,63,52,420,5,232,195,55,100,41,6,303,161,459,15
344,233,269,371,441,327,305,296,205,507,444,136,379,342,326,492,69
345,501,73,327,91,178,496,479,32,80,2,37,140,229,369,312,168
346,129,306,484,451,26,130,239,170,211,448,11,179,101,220,138,469
347,382,199,194,39,406,1,337,193,408,467,307,331,411,481,151,186
348,67,137,82,77,319,3,374,392,126,54,461,323,331,353,440,231
349,252,28,410,326,150,276,36,444,12,320,205,441,233,379,288,492
350,7,95,469,181,506,313,485,111,173,117,49,378,29,243,263,115
351,143,97,225,195,52,473,459,63,466,503,417,103,200,100,343,396
352,274,108,443,437,494,202,432,72,258,381,64,105,98,222,476,131
353,440,82,122,96,254,54,315,77,206,498,461,137,390,359,255,323
354,323,290,374,96,461,208,436,359,77,116,82,450,67,336,438,434
355,260,486,110,42,446,209,321,476,35,121,24,51,432,302,244,363
356,116,434,338,375,151,436,48,154,164,194,450,83,331,406,472,374
357,387,8,189,265,237,56,229,379,203,398,153,320,295,9,22,183
358,367,201,332,317,234,402,81,219,131,172,376,21,250,463,258,242
359,96,461,354,323,254,99,336,290,208,353,82,440,374,438,439,77
360,218,367,405,172,250,285,177,242,358,219,131,489,291,85,280,102
361,56,245,328,178,430,80,168,203,187,182,357,265,91,140,37,310
362,221,107,100,260,321,503,473,121,244,459,266,5,209,396,420,275
363,340,35,184,302,370,429,64,166,17,76,108,110,494,476,437,10
364,6,15,41,55,279,286,44,52,103,368,303,324,161,460,232,483
365,401,60,122,318,213,217,104,78,12,440,474,388,390,403,395,273
366,243,181,115,239,469,270,133,470,250,313,7,242,219,427,485,240
367,172,360,131,358,415,218,79,250,489,280,402,242,102,291,201,86
368,6,90,41,304,15,114,413,190,364,157,286,300,373,223,279,399
369,479,104,496,2,73,78,144,224,60,91,80,61,452,342,217,501
370,363,302,184,108,166,432,418,494,202,437,17,341,64,352,35,340
371,492,305,233,73,127,344,327,168,91,296,224,69,496,479,269,136
372,8,66,265,22,282,36,153,501,178,182,32,236,56,296,357,345
373,25,114,413,399,299,330,306,163,148,90,368,41,482,300,281,316
374,290,436,323,354,77,331,208,461,96,67,82,450,241,116,194,3
375,472,411,13,83,139,467,116,331,92,434,164,356,406,93,450,338
376,81,46,482,217,414,145,113,174,61,234,463,358,25,318,198,324
377,310,245,430,9,361,393,189,328,387,125,56,203,80,400,192,37
378,263,448,469,173,138,20,451,207,389,313,123,176,130,170,484,84
379,398,397,229,233,168,342,441,80,28,37,36,501,265,295,91,187
380,423,433,134,128,132,228,256,135,27,278,395,40,185,284,197,426
381,463,258,105,202,66,304,131,114,352,113,413,236,431,25,300,246
382,1,467,199,481,406,247,193,124,154,151,411,307,83,75,194,164
383,157,300,90,161,98,408,204,304,114,68,445,324,5,190,511,460
384,54,231,255,120,315,273,453,509,137,169,508,158,401,92,390,440
385,317,279,409,456,210,21,286,330,44,407,267,223,43,402,25,506
386,342,80,144,37,87,442,325,215,328,398,441,397,400,187,334,379
387,357,9,203,153,192,56,8,183,22,182,189,430,407,320,361,36
388,454,273,457,248,277,212,395,120,40,384,128,401,228,474,453,390
389,123,263,71,378,138,176,84,23,448,119,491,19,53,173,404,170
390,498,401,315,122,58,255,453,474,353,440,384,54,254,231,120,273
391,102,500,335,86,11,53,489,65,488,123,160,196,218,415,175,313
392,461,57,214,323,82,438,89,440,96,67,348,238,290,137,354,254
393,189,183,357,387,377,203,398,320,397,237,9,379,295,400,215,245
394,476,494,486,209,184,200,76,35,301,190,303,15,396,429,63,244
395,277,433,228,457,454,388,212,390,128,498,40,273,401,423,58,474
396,63,343,303,459,15,107,200,244,503,301,420,394,76,68,100,97
397,398,379,342,229,37,80,168,144,441,501,233,386,28,2,189,295
398,397,379,342,229,37,80,168,189,233,441,386,501,28,144,295,444
399,373,482,25,300,232,324,413,6,55,46,148,114,368,52,88,286
400,215,386,216,144,334,397,407,398,325,342,183,80,442,37,187,395
401,474,315,390,122,453,440,498,58,384,254,353,54,277,120,206,255
402,131,147,462,79,475,220,358,223,49,285,280,25,258,367,106,105
403,145,213,217,414,365,424,188,376,78,12,159,113,61,150,224,122
404,119,71,311,23,84,11,464,123,257,176,130,389,500,26,170,179
405,218,177,489,360,250,62,470,335,196,220,488,219,500,102,79,106
406,124,164,467,375,247,411,154,151,356,194,1,193,48,472,83,382
407,334,187,215,50,153,144,74,44,317,178,21,36,43,400,60,385
408,186,161,5,511,68,460,157,364,6,41,190,304,15,445,383,503
409,325,55,279,385,286,430,364,162,278,310,230,284,134,44,52,92
410,252,349,28,444,320,205,36,326,50,276,12,288,507,492,379,215
411,467,472,83,375,193,194,199,331,450,14,406,151,124,139,154,307
412,113,145,236,463,227,217,49,462,126,213,78,77,240,74,348,18
413,114,304,373,300,368,25,90,6,157,41,399,324,381,211,445,186
414,492,217,305,159,224,113,145,61,376,403,136,96,150,12,424,452
415,102,489,179,367,322,500,316,172,488,86,79,11,131,291,257,280
416,133,115,250,219,117,485,264,181,62,49,106,242,405,177,218,285
417,52,88,325,422,4,55,61,232,171,356,324,338,104,116,143,434
418,363,35,184,370,17,152,209,341,51,314,486,302,499,110,432,355
419,504,31,493,294,491,173,389,101,484,378,451,447,469,109,84,448
420,195,503,161,473,343,445,98,5,52,200,41,103,459,76,63,396
421,242,502,184,341,105,133,240,147,49,219,427,218,485,115,360,470
422,55,232,52,103,417,325,16,164,59,460,70,458,495,399,278,364
423,228,256,454,40,128,380,433,395,120,278,457,273,132,390,453,58
424,213,145,150,78,403,463,113,236,66,32,414,217,348,392,510,282
425,370,202,432,108,352,105,280,184,302,437,242,258,470,381,282,131
426,16,395,433,365,498,390,228,217,278,380,277,135,61,134,318,256
427,201,227,502,270,242,267,4,240,480,358,250,366,163,421,490,219
428,62,133,115,177,218,175,416,285,219,405,181,470,335,485,196,106
429,340,76,301,223,363,35,64,184,10,394,437,476,494,209,147,483
430,182,310,9,192,22,56,44,37,178,361,87,203,80,245,204,409
431,39,3,438,262,214,337,439,241,374,290,208,331,323,461,77,348
432,341,202,352,108,476,184,370,486,42,35,105,494,394,363,222,437
433,395,228,277,390,498,58,457,128,380,423,40,454,212,401,474,426
434,338,116,356,472,284,375,92,450,13,436,354,154,83,151,508,59
435,287,201,471,281,299,280,332,330,172,267,306,322,163,174,261,376
436,374,290,450,194,331,337,354,208,116,323,356,241,83,77,151,434
437,340,64,147,202,184,352,494,363,402,429,261,258,108,105,302,280
438,214,290,323,392,461,96,354,374,262,359,241,57,82,436,208,3
439,99,206,336,262,359,272,461,254,96,208,3,82,77,353,126,323
440,353,122,82,315,254,401,54,206,96,461,137,390,392,359,231,384
441,342,87,269,379,37,36,205,326,28,233,398,397,327,386,80,444
442,386,342,507,441,87,398,397,205,183,444,379,400,215,37,80,269
443,274,98,72,352,445,108,339,324,483,494,157,90,46,64,190,476
444,507,28,205,252,233,326,410,379,349,320,441,69,398,288,12,397
445,98,41,190,90,339,443,157,324,148,483,420,494,114,223,186,161
446,355,110,260,209,302,486,476,42,35,494,394,222,363,184,432,499
447,109,484,493,330,101,451,359,58,306,122,390,96,346,281,373,170
448,138,378,263,239,20,313,346,129,469,451,484,389,176,19,211,207
449,249,261,16,483,198,426,340,81,88,339,64,330,174,46,386,281
450,83,436,331,194,472,208,411,193,151,374,116,375,434,77,354,14
451,484,130,346,170,469,493,129,109,239,378,306,26,11,448,84,207
452,61,159,224,479,217,496,73,369,127,145,492,136,305,414,104,327
453,315,120,401,384,390,454,231,54,474,58,255,273,122,440,388,254
454,388,40,228,120,273,457,453,128,423,277,395,212,256,384,401,390
455,112,135,83,134,450,162,139,14,1,230,338,151,472,154,116,284
456,506,385,270,49,210,317,95,117,350,18,471,264,462,21,490,485
457,212,277,228,454,395,388,40,248,433,128,423,474,401,273,58,453
458,59,495,70,284,162,112,338,93,139,13,375,197,278,92,134,472
459,63,76,396,195,121,420,244,343,97,209,107,100,200,503,429,301
460,161,5,473,68,103,503,52,408,232,118,364,204,164,55,420,343
461,323,96,82,354,359,77,254,392,208,290,374,3,67,353,440,336
462,49,106,220,240,147,471,402,239,506,242,485,280,227,181,475,131
463,113,258,482,381,131,145,236,46,66,376,25,412,105,424,358,43
464,311,119,26,129,179,500,11,176,404,488,71,79,130,211,138,170
465,14,508,139,509,162,472,235,93,112,284,92,458,59,468,134,169
466,97,275,47,143,15,24,301,234,200,364,142,107,63,396,35,10
467,411,1,406,154,124,83,199,375,193,472,151,247,14,382,164,194
468,508,509,255,465,235,158,14,230,134,128,498,139,92,54,315,254
469,243,451,378,130,313,239,484,173,263,111,493,181,350,84,448,138
470,175,242,181,488,218,489,313,405,239,500,246,115,250,177,105,220
471,435,462,280,220,239,201,281,287,240,49,227,330,306,109,180,270
472,375,411,139,83,92,14,450,13,434,93,467,508,331,284,465,116
473,503,161,460,68,200,420,195,5,103,505,321,511,143,343,42,52
474,401,315,390,453,498,440,254,277,122,58,206,384,353,388,54,454
475,147,402,191,285,106,462,49,220,172,358,280,250,264,471,227,131
476,394,35,42,486,200,494,209,76,110,195,503,184,24,98,511,363
477,478,167,292,490,270,30,95,149,485,502,506,456,115,133,350,117
478,115,117,133,270,477,95,485,416,181,7,219,366,350,490,250,49
479,369,73,496,104,327,224,2,78,345,61,91,452,492,80,144,501
480,502,201,427,242,332,250,358,234,475,219,280,421,314,289,172,270
481,382,75,1,154,48,151,467,247,406,124,164,347,193,199,411,83
482,46,376,25,463,324,399,217,113,104,145,122,43,78,353,258,358
483,339,46,324,88,98,148,41,445,195,443,274,64,340,223,10,364
484,451,346,130,170,306,239,493,469,129,26,109,101,11,448,378,439
485,49,181,115,133,95,416,270,30,242,219,462,264,490,350,250,106
486,209,476,35,260,394,42,355,244,341,200,184,321,110,494,432,24
487,283,275,142,321,107,51,143,97,466,10,499,260,76,35,24,209
488,500,489,102,11,179,138,470,415,129,246,464,322,211,160,405,335
489,488,500,102,415,405,11,218,79,470,322,160,250,86,335,220,177
490,270,240,502,149,30,485,95,506,49,292,427,462,181,242,317,471
491,31,101,243,389,493,84,11,23,366,123,504,138,469,263,211,484
492,305,224,414,73,236,127,371,479,78,327,217,187,28,113,145,74
493,294,451,484,109,469,101,84,31,130,346,491,378,173,243,170,11
494,394,190,476,445,184,108,98,443,363,437,352,223,35,340,202,76
495,70,458,59,112,247,162,0,197,93,164,139,154,284,124,375,13
496,73,479,91,369,345,2,168,327,80,333,452,501,328,125,371,224
497,43,21,317,213,210,153,510,22,78,74,60,219,312,358,440,334
498,390,353,401,315,255,230,254,440,474,122,384,54,395,128,468,206
499,283,51,418,110,209,35,355,152,10,17,487,321,363,446,76,260
500,488,489,102,11,138,160,335,464,415,179,129,246,211,391,313,79
501,229,345,91,37,327,80,8,2,312,32,265,73,379,22,140,479
502,240,421,242,490,427,270,480,49,163,201,358,184,147,462,485,280
503,473,161,200,68,420,5,460,195,244,476,321,396,511,63,42,121
504,294,491,173,448,493,29,149,484,239,378,469,419,451,89,366,346
505,42,511,473,483,118,161,503,476,443,98,321,195,460,274,110,260
506,95,456,49,462,270,350,180,490,485,469,309,471,240,181,412,106
507,444,69,28,326,205,233,442,379,12,441,398,252,342,344,397,410
508,255,92,509,284,139,465,468,472,169,93,54,134,384,230,278,162
509,508,158,235,255,271,465,92,230,139,93,384,169,468,162,54,128
510,74,60,78,18,213,104,145,236,365,334,21,497,137,440,126,384
511,408,161,42,505,186,222,476,503,473,68,443,200,98,494,5,445
