0,0.9995572875890765
1,1.0001579357733474
2,1.0001579357733474
3,1.0032206074426226
4,1.0021892647225688
5,1.002171078732331
6,1.000468973288546
7,1.000468973288546
8,1.0001579357733474
9,1.002171078732331
10,1.0010618382624332
11,1.0001579357733474
12,0.9998474807409168
13,0.9995747912642929
14,1.0005227309574953
15,0.9977536270457132
16,0.9981057963709226
17,1.000468973288546
18,0.9995747912642929
19,1.0001579357733474
20,1.0001579357733474
21,1.000468973288546
22,0.9995747912642929
23,1.0021892647225688
24,1.000468973288546
25,1.0026909408003077
26,0.999501678925419
27,0.9995747912642929
28,1.000468973288546
29,0.998122402181823
30,0.9995747912642929
31,0.9984218360061092
32,0.9977127252862155
33,1.0001579357733474
34,1.0021892647225688
35,0.9995747912642929
36,1.000468973288546
37,1.0001579357733474
38,0.9995747912642929
39,1.0001579357733474
40,1.0001579357733474
41,1.002171078732331
42,1.000468973288546
43,1.0026954112704498
44,1.000468973288546
45,1.0001579357733474
46,1.002690940800308
47,0.9995747912642929
48,1.0025276334240683
49,1.0001579357733474
50,1.000468973288546
51,1.0001579357733474
52,0.9995731756142949
53,0.998122402181823
54,1.000468973288546
55,0.9995747912642929
56,1.0018795267151899
57,0.9995747912642929
58,0.9995747912642929
59,1.0026909408003077
60,0.9989415640505186
61,1.0001579357733474
62,1.002171078732331
63,1.0026909408003077
