0,0.6244421321828084
1,1.0581169094313891
2,0.6863818628817794
3,0.3981973628674809
4,2.1465136330114527
5,0.46473750543882475
6,0.6244421321828084
7,0.4954173955188103
8,0.4094873108081954
9,0.4954173955188103
10,0.40119461425796993
11,0.24143174784312707
12,0.5915750294772849
13,0.22902830921014264
14,0.7307548823203976
15,0.4744887342394218
16,0.623556522979431
17,1.50779204102137
18,0.5642797477690213
19,0.7408931816289847
20,0.3164709596900768
21,1.1806817354428654
22,0.7062497078158231
23,0.7645370333232085
24,0.2409764866507343
25,0.20408454729250322
26,0.27457451618514717
27,0.7645370333232085
28,0.4913038760118229
29,0.3898480562438769
30,0.6529327772564135
31,1.0581169094313891
32,1.50779204102137
33,0.8616977171587381
34,0.7140380648202626
35,0.37548108382753864
36,0.2982524873144876
37,0.3818221950946122
38,0.22902830921014264
39,0.5977027558267077
40,1.0429367975946042
41,0.2684997737496126
42,1.2636482494030925
43,0.4221676431916214
44,0.3729238674127541
45,1.2162342794717884
46,0.2956431365406573
47,0.24870064720263946
48,0.4560215445529029
49,0.37251297142238937
50,0.7584428335167863
51,0.6499168335583225
52,1.2067279813578413
53,0.623556522979431
54,2.403814049548286
55,0.2956431365406573
56,0.14188529312767031
57,0.6503804679920113
58,0.17760362643612776
59,0.5767400266695303
60,0.4691982518871598
61,0.43695817071457943
62,0.1218246569662769
63,0.4347649321947445
64,1.0141034522212193
65,0.9243964738118577
66,0.41095514239148095
67,0.5915750294772849
68,1.1762191943153395
69,0.6620139534243262
70,0.37548108382753864
71,0.31660721010109943
72,0.7135287484490981
73,0.40836155353969344
74,0.11150160494788477
75,0.6779101038104541
76,0.5314830999643856
77,0.27457451618514717
78,0.21649482149140567
79,0.9243964738118577
80,0.8012656376382553
81,1.018076161626815
82,0.11806079240177275
83,0.42817477908026397
84,0.41485367387129146
85,0.6704383036431414
86,0.2885011179850181
87,0.23035540706134966
88,0.6211192678492391
89,0.3404366531545195
90,1.0869490427524053
91,0.6873420162796996
92,0.2409764866507343
93,0.7616173526747074
94,0.3133187275272198
95,0.3378141833890455
96,0.6611014318934721
97,0.7616173526747074
98,0.6295844252945891
99,0.4652023235907774
100,0.8394163646607208
101,0.6503804679920113
102,0.8616977171587381
103,0.3818221950946122
104,0.5225265062818982
105,0.2402824635822609
106,0.24870064720263946
107,0.5225265062818982
108,0.40836155353969344
109,1.0582939260025808
110,0.6611014318934721
111,0.17760362643612776
112,0.36587883979311603
113,2.403814049548286
114,0.2885011179850181
115,1.0166846489239894
116,0.639369413707079
117,0.7246612747875576
118,0.2402824635822609
119,0.48532124442132996
120,0.5642797477690213
121,0.18150095452415055
122,0.20421885366123207
123,0.6134528087275112
124,0.36423375283772574
125,0.6272633729857354
126,1.22506026609362
127,0.8394163646607208
