0,1.112833413237669
1,1.0907262996229385
2,1.040887419461571
3,0.9721500216151661
4,1.121255283338776
5,1.1045953860957842
6,0.9213824818894014
7,1.00861862217625
8,0.8976887987882227
9,0.9635620576795518
10,1.1089607748821417
11,3.0316978380105732
12,0.9590975613464168
13,0.9526544346407788
14,1.1478056138061978
15,1.0667227726516528
16,1.2572644779624786
17,1.0229216340186418
18,1.048048719815203
19,1.2290492867639442
20,2.967499706939681
21,0.9764125446233634
22,0.8368716000210068
23,0.954445781295759
24,1.7841325212052153
25,1.1379304942570392
26,1.136915114439546
27,1.1712338140214902
28,1.112833413237669
29,1.4077245694881992
30,1.297618370848834
31,1.8012339485586373
32,1.0940898240951187
33,0.9526544346407788
34,1.035117017127313
35,1.0832164719256732
36,1.0161944166596952
37,1.0907262996229385
38,0.954853718895091
39,0.9624912889008261
40,2.1345450305800333
41,0.9624912889008257
42,1.669986131464702
43,1.9419998718769496
44,1.0571601811012594
45,0.9232078378084325
46,0.7907609641003228
47,1.6288820101477044
48,1.0127594246625746
49,1.1141690526460688
50,1.2683527000326649
51,0.8890653634250352
52,1.4327983193323681
53,1.0811014434203046
54,1.0560578622249224
55,1.0559538896664304
56,1.2645456934071673
57,1.0560578622249224
58,0.9034273295694406
59,0.8976887987882227
60,1.5703358998320032
61,1.8967694879491046
62,1.7699622381415256
63,1.6953549826418373
