0,1.0243772075067352
1,1.043405231983067
2,0.9765687200306366
3,1.1515089693518772
4,1.0226649862009234
5,0.9915552930333649
6,1.014739000412832
7,1.033786302244092
8,0.9898398117824219
9,1.0167149573954815
10,1.0080634896017506
11,1.002710197173918
12,1.0200605562199554
13,0.9806402311558171
14,1.048593548143095
15,1.0105397078648128
16,1.0281748588276831
17,0.9703485655054707
18,0.9936005769344515
19,0.9942571740517462
20,1.0302537151986821
21,0.9996815195162045
22,0.9933699021210816
23,0.9945845572479204
24,1.024668513915153
25,0.9873363242331457
26,1.0018822875926034
27,0.9818392672497882
28,0.9935603141578013
29,0.9802172534260003
30,1.076185260729022
31,1.0263546682874736
32,0.9967007405140109
33,1.0294243127708786
34,0.9945992857507516
35,1.0267355173762645
36,0.9764717623895306
37,0.98499367753815
38,1.0613619681901683
39,1.0153902180147103
40,0.9778657823234834
41,1.0721363814729452
42,1.0300835113884743
43,1.0125946948995734
44,0.9895806194631733
45,1.0401071706877774
46,1.201162335420738
47,0.9843001227858759
48,0.9906034047048835
49,1.1171874756438265
50,1.0140492187983114
51,1.0332187647463456
52,1.0942767635533661
53,0.9732943997672473
54,0.9842084750147442
55,1.0013329563208033
56,1.0188971421101076
57,0.9830236670820816
58,0.9840161906801135
59,1.1895440562823498
60,1.0491182539960628
61,1.0218592668747117
62,1.086215061631004
63,1.0001241323081316
64,1.019070522008863
65,0.9981867399685379
66,1.038738823952776
67,0.9992939768301025
68,1.001235537912291
69,1.0371325006130112
70,1.0932451039775457
71,1.0168757026360393
72,0.98661889781106
73,1.013367228716634
74,0.9950915590890953
75,1.13039257876539
76,0.9867945944901295
77,1.071531846377933
78,1.0359194838531427
79,1.0000210983998434
80,0.9986920805574104
81,1.0902563419755977
82,0.9958537977996408
83,1.1437210709809014
84,1.040802501227191
85,1.0465297011865604
86,1.1699178484253077
87,1.050933265377123
88,0.9901454827560273
89,1.1349987573115383
90,1.0117317758829216
91,1.0864990384510902
92,0.9962950366060559
93,1.0044867091895664
94,1.0529937036706771
95,0.9926672120074459
96,1.0141236173730592
97,0.9862011443828922
98,1.027060587237838
99,1.003712821839776
100,1.1211732686240126
101,1.168557405215553
102,1.114942070163457
103,1.009000149693646
104,1.0194494657330964
105,1.021508715116728
106,1.0260114424839588
107,0.989125473967362
108,1.0214702407486107
109,1.0605660455798092
110,1.0289401476895264
111,1.056401289989299
112,1.0143644862129504
113,0.9968594463168552
114,1.0139825537165372
115,0.9821502456888394
116,0.9920402030427055
117,1.023627914716722
118,0.9985480556414168
119,1.1166561824488024
120,0.986484171087229
121,1.088968725429582
122,1.0000899055413388
123,1.028227602390707
124,1.0418531282571366
125,1.0381915424989554
126,1.0121225518351515
127,1.0883376272274063
128,1.0280479415706458
129,1.0169112977690222
130,1.069361002595015
131,1.0467558550418314
132,1.0740564146131462
133,1.0994436109737529
134,1.0610855281432694
135,0.9911457234901253
136,0.9749835509136696
137,1.0430550231423794
138,1.0223575146318167
139,1.144790629763585
140,0.9948878257074225
141,0.9712988321984386
142,1.1052620305499123
143,0.9940864272993646
144,1.0102046008835968
145,1.0524930720804146
146,0.9845859801300431
147,0.9897423378019878
148,0.9901969368670018
149,1.0720224893051402
150,1.0478490284151185
151,0.9872631608030842
152,1.0566806142123375
153,0.9957316285628455
154,1.100811038849692
155,1.0009732101832096
156,0.9931019241117742
157,1.145992776339584
158,1.0838615163793321
159,0.9996303300902518
160,1.0138816269211175
161,1.002714280777031
162,1.017519568165003
163,0.9675823220432205
164,1.1807840286905211
165,1.0478318469728394
166,1.0279984912702094
167,1.0437790312760362
168,1.0211211724167126
169,1.1202285279948416
170,1.127676872664387
171,1.0407943158196789
172,0.9971856765445034
173,1.0076549584594119
174,0.9857664506433458
175,1.1259752261573204
176,1.016022724181834
177,0.9861420588499024
178,0.980590589077196
179,0.9986046930931841
180,1.000774562529037
181,1.0200994477995917
182,1.1438247508058295
183,1.0028741550869427
184,0.9922066768125085
185,0.9995289847946112
186,0.9984432930138776
187,1.0638319209912082
188,1.0078097990343617
189,1.0390291174294504
190,1.0049571780028517
191,1.0160044247429296
192,1.0095002726616573
193,1.3293386425010854
194,1.042461343735391
195,0.9867409389693027
196,0.9656263114004193
197,1.0935847614565848
198,1.1023691065391397
199,1.0951930074056704
200,1.0134083246363634
201,1.1590682181587793
202,1.1483759821165016
203,1.0406290197312327
204,1.1372408086983574
205,1.0531014257938498
206,0.9839229824400813
207,0.9772209458744505
208,1.121909864405331
209,1.0093309152340852
210,1.0084065797331987
211,1.0372974642314907
212,1.2112121527505384
213,1.0470284022268364
214,0.9962033026578274
215,1.0415576893764897
216,1.001015352496586
217,1.0368011513223918
218,1.1022534912342579
219,0.9776582244434435
220,1.0385916895719995
221,0.9963186113954728
222,0.9984503204141305
223,1.0000558253778014
224,1.019718530441223
225,1.1301249484409648
226,0.9998911880710528
227,1.0087514350714981
228,1.0150963599904164
229,0.9815671199008724
230,1.010487298946107
231,0.9765110543201534
232,1.1359114176768688
233,0.9998826386067183
234,1.061664748571566
235,1.0813315478400476
236,0.9874598550267069
237,1.0084471603636598
238,1.0157301865943011
239,1.0165649148330456
240,0.9718435342481073
241,0.989095873215315
242,1.0238133669882876
243,1.04682376191188
244,0.9987062521585502
245,1.0694260385204388
246,1.1770416896094376
247,1.0138704929939568
248,1.0450182514101143
249,1.0259625651007838
250,0.9963496665694243
251,0.9815202317919658
252,1.0435113985384525
253,1.0137279221658337
254,1.0030552131438348
255,1.0254909506459273
