0,241,6,167,244,118,219,233,177
1,54,12,122,137,130,18,114,14
2,47,76,176,196,159,38,150,254
3,212,110,255,236,221,34,29,231
4,127,76,48,88,11,203,31,231
5,97,207,205,55,188,116,136,236
6,0,244,210,197,118,168,32,63
7,210,219,177,244,163,6,0,63
8,159,11,76,47,64,2,184,254
9,41,136,214,40,66,25,123,104
10,29,146,196,129,26,72,225,19
11,92,8,254,4,76,88,47,159
12,122,114,20,124,54,18,13,1
13,103,161,54,115,99,56,36,107
14,115,99,222,113,172,13,246,103
15,48,88,132,160,231,179,26,69
16,90,135,149,44,174,28,53,163
17,47,84,29,129,254,159,10,111
18,115,112,99,222,36,80,156,137
19,162,189,10,72,29,39,146,26
20,112,12,114,122,229,65,13,107
21,186,125,216,209,177,241,43,0
22,148,253,23,190,107,122,80,95
23,95,148,65,22,74,172,229,113
24,39,179,189,42,92,91,196,194
25,188,215,110,240,136,207,9,55
26,72,48,93,10,146,152,15,179
27,47,211,64,146,29,76,184,10
28,181,90,135,58,174,44,233,53
29,10,146,231,184,72,17,47,196
30,44,63,209,219,141,71,174,143
31,76,4,2,231,127,254,203,15
32,141,44,237,0,131,6,163,43
33,68,99,223,18,147,195,115,161
34,116,40,140,151,255,238,120,178
35,174,180,197,219,163,153,186,58
36,99,122,113,115,195,54,18,229
37,174,143,43,78,237,44,53,141
38,2,64,27,184,47,231,159,254
39,91,196,72,19,179,24,92,29
40,34,116,240,126,250,151,136,140
41,9,123,40,126,140,34,250,66
42,48,152,92,179,15,88,24,196
43,37,153,44,90,141,50,125,209
44,141,90,63,96,210,32,53,43
45,166,56,172,148,224,113,87,249
46,154,77,9,55,5,185,140,105
47,159,2,27,76,254,17,196,239
48,15,88,26,179,4,42,72,231
49,135,210,44,174,163,71,94,58
50,90,135,216,43,169,73,180,206
51,61,227,178,5,188,116,205,230
52,158,120,97,55,5,207,25,198
53,63,149,174,141,90,44,58,244
54,107,161,114,122,13,36,67,103
55,5,207,136,236,106,105,120,82
56,103,13,36,115,45,172,113,68
57,116,117,126,140,250,185,227,5
58,135,163,174,143,53,180,28,73
59,150,133,165,159,47,247,2,93
60,195,183,68,222,36,113,242,172
61,51,245,227,178,117,40,185,116
62,22,23,137,80,223,18,145,100
63,53,141,174,44,210,163,71,149
64,184,27,247,47,159,8,38,211
65,23,113,229,95,22,13,148,220
66,117,9,121,116,40,34,77,104
67,107,161,54,79,192,183,13,217
68,33,191,147,99,18,113,148,115
69,203,254,189,201,15,17,247,29
70,0,168,186,180,173,96,35,177
71,63,44,174,53,210,200,219,30
72,146,26,29,196,10,39,19,48
73,138,128,153,58,163,174,44,186
74,95,113,23,108,172,112,224,253
75,200,180,186,251,143,135,71,219
76,159,47,31,2,4,8,176,231
77,214,9,140,123,106,66,57,25
78,37,177,163,134,0,244,174,118
79,107,67,145,192,99,172,13,242
80,18,226,107,22,148,130,137,12
81,226,107,172,113,229,148,56,155
82,126,250,97,5,109,55,123,106
83,39,225,24,146,91,189,29,19
84,252,17,129,187,47,111,29,234
85,251,200,138,128,44,90,50,43
86,227,51,151,230,117,214,61,178
87,213,124,220,103,65,13,249,45
88,231,48,15,179,92,160,4,11
89,0,251,167,180,70,170,200,219
90,44,16,135,53,96,141,28,50
91,39,24,189,11,92,42,83,196
92,93,179,11,88,254,239,42,39
93,92,165,26,196,179,184,239,231
94,233,0,32,210,135,244,241,118
95,23,74,113,65,172,22,112,224
96,44,90,43,32,237,131,168,173
97,5,110,82,120,126,238,240,230
98,40,227,126,151,238,230,104,250
99,36,115,147,195,222,18,33,68
100,137,80,22,13,62,18,148,130
101,210,177,125,7,244,163,63,135
102,181,167,200,58,180,219,241,143
103,13,56,54,249,115,213,147,148
104,136,123,9,121,227,97,98,40
105,136,151,109,55,34,40,5,140
106,55,136,185,25,9,40,82,207
107,54,161,192,79,67,155,148,229
108,74,229,107,112,23,156,155,217
109,105,82,151,250,40,204,55,126
110,97,212,240,25,255,120,34,116
111,84,17,234,189,29,252,203,92
112,18,20,195,114,74,95,99,107
113,115,36,172,95,74,229,65,147
114,54,12,112,20,107,122,36,99
115,99,113,18,36,14,13,147,103
116,140,34,40,144,178,151,250,5
117,66,57,218,240,188,61,116,250
118,244,0,6,200,78,251,7,94
119,224,172,145,166,45,79,13,99
120,230,5,97,34,151,207,55,221
121,104,66,117,40,238,126,82,9
122,12,36,54,253,220,161,22,20
123,41,104,9,126,82,40,185,120
124,156,12,87,13,122,80,220,65
125,21,237,43,177,44,32,251,153
126,250,82,40,243,97,116,5,202
127,4,31,76,203,11,47,88,15
128,186,73,85,251,174,138,53,153
129,234,10,84,17,252,196,47,42
130,80,12,1,137,54,22,213,14
131,32,44,216,96,173,233,0,6
132,15,160,231,8,76,196,48,203
133,129,165,17,247,159,171,59,8
134,143,0,78,237,37,216,174,206
135,58,163,90,50,28,44,16,53
136,105,55,5,40,9,207,104,25
137,100,18,80,226,1,62,20,13
138,73,186,85,206,143,128,153,216
139,98,126,240,40,9,236,110,243
140,116,34,151,255,40,236,57,185
141,44,63,53,32,90,43,163,244
142,9,104,117,61,227,245,66,57
143,174,37,186,58,206,219,134,237
144,116,5,243,34,40,255,188,120
145,79,192,155,107,119,147,99,161
146,72,10,29,27,26,19,196,47
147,148,99,195,217,68,161,115,229
148,23,147,22,190,172,107,223,226
149,53,63,16,174,90,43,59,92
150,2,59,194,47,159,165,84,196
151,34,178,116,40,140,105,120,109
152,26,42,15,179,88,162,93,160
153,237,174,43,73,206,35,186,209
154,5,144,46,205,55,136,214,97
155,161,107,192,145,183,54,108,147
156,161,183,124,107,18,112,108,192
157,136,51,5,144,207,40,178,116
158,52,5,120,198,144,97,55,82
159,47,76,8,232,2,176,64,17
160,88,15,231,132,162,179,171,48
161,155,54,107,183,156,192,13,67
162,179,19,184,160,171,64,231,10
163,58,135,174,237,63,53,180,44
164,215,207,25,55,188,106,204,3
165,228,93,171,187,92,29,184,196
166,224,45,191,172,113,217,242,60
167,0,102,78,177,241,58,244,233
168,186,197,0,6,143,70,206,173
169,50,90,44,244,251,233,96,0
170,180,6,94,0,177,118,251,209
171,228,162,165,196,160,179,93,10
172,113,222,148,224,74,23,95,166
173,181,90,186,216,241,28,180,143
174,53,37,58,163,143,63,35,237
175,174,53,128,58,6,63,163,35
176,2,248,47,159,76,247,196,232
177,237,0,78,21,163,244,210,7
178,116,151,40,34,230,61,51,185
179,162,92,88,231,196,48,93,15
180,35,58,163,244,219,143,200,135
181,216,28,200,241,173,206,251,102
182,214,5,240,117,25,82,218,188
183,161,192,156,60,107,155,67,226
184,64,29,231,162,196,27,93,47
185,240,227,116,40,57,140,126,25
186,21,143,219,206,128,0,138,209
187,228,84,165,29,17,252,146,47
188,207,5,25,215,238,227,221,218
189,19,69,24,254,92,111,17,179
190,148,22,147,107,192,67,161,54
191,68,166,226,99,172,113,112,74
192,107,161,183,155,145,190,79,54
193,225,4,15,127,42,88,152,10
194,196,231,150,76,47,228,2,4
195,147,99,36,60,112,113,222,95
196,10,231,47,2,39,72,29,184
197,35,168,6,180,186,32,219,0
198,158,110,120,144,97,5,52,207
199,188,55,5,243,238,236,207,109
200,251,181,85,216,58,233,219,180
201,69,29,10,26,203,160,231,15
202,126,97,5,240,123,82,250,120
203,254,69,4,76,31,15,11,8
204,109,240,82,117,110,25,97,215
205,5,230,240,51,116,214,97,120
206,143,186,174,153,216,138,181,237
207,215,188,5,55,136,120,25,221
208,196,184,72,76,10,26,146,29
209,21,219,186,43,153,143,173,30
210,44,63,6,101,7,244,177,71
211,27,47,64,10,159,247,17,2
212,110,3,72,29,97,240,17,228
213,103,87,172,13,220,95,23,20
214,5,227,9,230,77,120,25,123
215,207,188,25,164,55,40,120,106
216,181,241,21,251,50,0,206,200
217,147,148,229,108,166,67,68,112
218,117,188,98,227,182,207,51,240
219,186,0,143,209,35,180,174,200
220,122,36,65,87,13,213,113,195
221,230,120,188,5,207,227,236,116
222,99,223,172,18,195,115,112,147
223,222,148,99,23,33,226,80,18
224,242,166,172,74,23,95,119,112
225,10,146,83,29,42,47,196,187
226,81,107,148,80,191,172,223,137
227,230,61,214,185,188,245,126,221
228,165,171,187,231,29,10,196,184
229,113,65,147,107,108,36,23,122
230,227,120,221,5,205,214,178,97
231,88,29,196,184,179,15,76,160
232,159,176,76,47,248,196,129,2
233,94,0,28,200,44,241,210,6
234,129,17,84,111,252,29,10,159
235,107,148,67,249,217,45,190,155
236,5,55,120,140,116,126,97,221
237,163,177,174,153,37,125,143,32
238,188,34,97,116,120,5,40,25
239,47,92,93,179,11,64,2,76
240,40,110,116,25,185,117,126,97
241,0,216,181,21,233,173,167,50
242,224,107,172,79,191,108,23,60
243,250,126,40,144,116,199,240,188
244,6,118,0,53,180,251,163,44
245,61,227,40,185,98,136,51,142
246,226,191,14,172,43,2,149,99
247,64,252,254,47,176,159,2,76
248,176,76,47,42,159,11,150,92
249,103,68,56,147,242,87,235,45
250,126,243,40,116,82,57,117,140
251,200,85,216,244,44,0,181,128
252,84,129,247,29,17,234,10,47
253,22,122,148,74,103,18,112,12
254,203,47,92,69,11,17,231,247
255,34,140,110,116,144,120,238,97
