0,0.1375615967935112
1,0.07692179806679966
2,0.16882635087560288
3,0.5599640943863693
4,0.47783078927417777
5,0.08411378220982604
6,0.09805264859078748
7,0.14137569743849776
8,0.1616851098116675
9,0.1211044686025011
10,0.11231225388534949
11,0.14406599822492916
12,0.0969161370547134
13,0.12929975754788836
14,0.3441009101870656
15,0.1826174072419994
16,0.1483351671748661
17,0.15322620023150954
18,0.665582111304301
19,0.1406864038503874
20,0.11530323218799575
21,0.08757815524619453
22,0.6960866856371967
23,0.3763146811342477
24,0.5243080230270473
25,0.6527553624410479
26,0.10153898687844692
27,0.10246768696989324
28,0.05992538394701095
29,0.13963813171488082
30,0.6831961742982732
31,0.17004912370819533
32,0.17225145109394155
33,0.18128042008852596
34,0.09402769707470345
35,0.11120968852688398
36,0.17901635105401278
37,0.06793905439156514
38,0.14140272129323644
39,0.6481938632251403
40,0.045619457595394916
41,0.0756848811536843
42,0.704772753947002
43,0.07623293818339963
44,0.05195138504613463
45,0.15853290392257435
46,0.5822741199215203
47,0.13783817320374153
48,0.17708341739858452
49,0.7163871136518777
50,0.08186399685165287
51,0.11031865337588039
52,0.16555465850583764
53,0.1179237452604919
54,0.13683321032356188
55,0.16890537950576143
56,0.4780010841556639
57,0.13413254895711813
58,0.4368678803123519
59,0.7103714453443322
60,0.11405738310438199
61,0.1302008416726469
62,0.13286664131913886
63,0.17324941670907798
64,0.11380445442332687
65,0.14726121082296922
66,0.11458771873121568
67,0.1581011115204521
68,0.699779557016289
69,0.12604654992924125
70,0.15083803140528224
71,0.17595736167696963
72,0.04729851608808599
73,0.11390481084402085
74,0.12943358622621462
75,0.09671353577550715
76,0.09743853723880605
77,0.16524899159647471
78,0.15651893574587336
79,0.1355289931143582
80,0.14025436294556512
81,0.148432717551729
82,0.07239560881238608
83,0.08376270609556948
84,0.07295040166515641
85,0.1425011642823046
86,0.07012558354180828
87,0.05729930932458772
88,0.12043349336703654
89,0.1123825585982185
90,0.18126567753138792
91,0.47364770540824613
92,0.16816730330053578
93,0.0911112284801081
94,0.15633119040336466
95,0.14138289974483706
96,0.15671513472334458
97,0.14021934805275704
98,0.09550750931202265
99,0.13641119889891254
100,0.4077307172393139
101,0.1581500153209838
102,0.1674618403921998
103,0.13374109750517238
104,0.08471138180773982
105,0.12852545104176857
106,0.10415468974522873
107,0.05757654968608761
108,0.0796334918236311
109,0.13818389367537567
110,0.09799622295164169
111,0.2073866997660836
112,0.5044982694600719
113,0.14793627509800122
114,0.15037415006603325
115,0.09877037157780688
116,0.14713216900838486
117,0.13861507212797508
118,0.08144455639592443
119,0.07164177085535448
120,0.7310311284320818
121,0.17921824794592256
122,0.1546195510825599
123,0.12233246577521384
124,0.11860008954466006
125,0.14051107319841985
126,0.644224641359365
127,0.0570626128352117
128,0.10853693057483371
129,0.6348205622039124
130,0.07465050683262595
131,0.1801152936490409
132,0.6539563229148893
133,0.10303392471684601
134,0.109717678794952
135,0.12120287168947372
136,0.149180649865165
137,0.09406465635824486
138,0.16514249647684628
139,0.12918857163366562
140,0.1346923021607109
141,0.19068235314170734
142,0.1637379180494522
143,0.6456689938650149
144,0.179725427648412
145,0.1007594961577647
146,0.1464294699248779
147,0.15298914532092753
148,0.3638848514190303
149,0.1262242699178038
150,0.1510794425904664
151,0.11127513726083199
152,0.4479077315752588
153,0.14941379193927184
154,0.10057830640150611
155,0.127799354245116
156,0.12684837723284312
157,0.49559267513402666
158,0.16250800271657784
159,0.10763643143278366
160,0.1677452223863971
161,0.14662435238205457
162,0.13900186303039105
163,0.07509587431147051
164,0.13436183092800583
165,0.6735277124143104
166,0.09395885935503646
167,0.05998837826963631
168,0.1782966135526076
169,0.10942299832978042
170,0.1565189062791043
171,0.1435450684241948
172,0.12387154349200413
173,0.12427770724534049
174,0.07941514933140982
175,0.5567835799166285
176,0.11403421077370407
177,0.14698312533245675
178,0.14729472923140563
179,0.5732211854473169
180,0.0890202427718787
181,0.575976928784295
182,0.0768786174435906
183,0.058870458476258165
184,0.12251875386752649
185,0.14509528474263222
186,0.09072009167758201
187,0.1522871747695168
188,0.4776551781793695
189,0.1217622440161402
190,0.10368576289783388
191,0.15390365248894203
192,0.14787070850608325
193,0.0939904132169158
194,0.16995281224952943
195,0.6226644794429925
196,0.4314804649052008
197,0.06677870210727993
198,0.17302399442792374
199,0.343132591726896
200,0.10185891418733468
201,0.09638469017822245
202,0.6062442367177391
203,0.7070995997167648
204,0.47655183008198077
205,0.12766527947956535
206,0.1446981523144087
207,0.6045119309955953
208,0.07241790689107187
209,0.6495450868231464
210,0.09660053595066975
211,0.46547719849837293
212,0.6510336358299873
213,0.10097242775832509
214,0.2877526239525647
215,0.12023038988188797
216,0.13847980230424112
217,0.08072871591277389
218,0.10741628030543113
219,0.1260111983498002
220,0.15849666237014248
221,0.6143091092823776
222,0.5879298569869202
223,0.33830912902384913
224,0.7242811557561503
225,0.16152194972341444
226,0.07365104952739306
227,0.15444735646103763
228,0.16791528928377342
229,0.15529954369608337
230,0.12086099429462376
231,0.6368699209063688
232,0.17526345034819807
233,0.587242314766357
234,0.5632318319160354
235,0.11185487433037836
236,0.3685991008718191
237,0.48197772257621435
238,0.5318229951307074
239,0.18272474309801656
240,0.0980842486054633
241,0.32177140616911454
242,0.17933789101398817
243,0.08436784740030365
244,0.7088705971849235
245,0.05200005219017192
246,0.42056033610754845
247,0.14872711332819277
248,0.7195604298853168
249,0.05461753277930433
250,0.12470011270657828
251,0.13453775384690836
252,0.6798241241094586
253,0.14751901066660023
254,0.11448495344268438
255,0.13943490033511455
256,0.1147287858427046
257,0.13447026251795463
258,0.08393486830523801
259,0.11658793406322487
260,0.155467196686781
261,0.1498916444717151
262,0.4003158481492424
263,0.17932811250459368
264,0.14281849375315328
265,0.5541999477747461
266,0.14746601407568818
267,0.16573313353434885
268,0.11677706895582116
269,0.08380345783843295
270,0.15725566467503657
271,0.09485391996036395
272,0.4811862086732136
273,0.14363680602549675
274,0.16012973668004574
275,0.06683582362850062
276,0.23636893655482397
277,0.13707366255654382
278,0.4375175266458675
279,0.15281713158654794
280,0.612227450487644
281,0.6090734044629528
282,0.11538030390136224
283,0.11000087458530514
284,0.0943123212432102
285,0.1451064189979196
286,0.7053953009294326
287,0.15764405179794413
288,0.710249724251697
289,0.13999919171958441
290,0.5171340646850359
291,0.5371215301018628
292,0.10635280141051978
293,0.17841988860517172
294,0.11010889370048918
295,0.576092082854998
296,0.1714239197349203
297,0.09229772752380085
298,0.6651367186169003
299,0.5613170364908303
300,0.16879246336115034
301,0.14880111847557015
302,0.16777275790786528
303,0.0907916908521146
304,0.14837517605937708
305,0.491187263138671
306,0.49635907617497843
307,0.04861804505416827
308,0.14403092302686016
309,0.10391764136340953
310,0.174376411286402
311,0.18064966168711225
312,0.09953365941210754
313,0.17749785026847942
314,0.1114513746992821
315,0.6508903530995571
316,0.44301566290852
317,0.10175133146908909
318,0.15221364977435303
319,0.12794318253800344
320,0.13666681458786326
321,0.12840807543950966
322,0.17746837653960787
323,0.604125376573761
324,0.17100060350045618
325,0.12671866248330674
326,0.15460451435246414
327,0.07671031334131913
328,0.06151544431059423
329,0.053692307150280796
330,0.14995294643929194
331,0.09082750649093412
332,0.16635762781177005
333,0.6259369915616392
334,0.1525974437344068
335,0.13145143458918843
336,0.14443527826471056
337,0.1679875785627723
338,0.13419781628834565
339,0.15569113227988654
340,0.13090844137914787
341,0.7278799802535563
342,0.06926704880138139
343,0.08716069227412807
344,0.15840552725978457
345,0.15239738602167202
346,0.08627516430864575
347,0.10564783761815338
348,0.0888867341268816
349,0.13009625097513622
350,0.13176307731543963
351,0.5072318781431361
352,0.5568543831353163
353,0.6342198769262094
354,0.13815299304202763
355,0.13756342562924204
356,0.5835038744681281
357,0.14159716280435006
358,0.1188317040684904
359,0.14060652796881695
360,0.1277632226551075
361,0.5900043703038885
362,0.14650693711197527
363,0.14995364158149602
364,0.12486197512601646
365,0.093356835360053
366,0.15251516431125886
367,0.07817023946490126
368,0.13195286948096824
369,0.15410521453141093
370,0.08708133104581844
371,0.09133943303340082
372,0.058198535259479586
373,0.08779116979256092
374,0.06720807951435698
375,0.13243725536072212
376,0.059628752443333266
377,0.13702172238318286
378,0.4915002320451826
379,0.587498122365684
380,0.13568065021388373
381,0.16125061523819603
382,0.35101621479457473
383,0.14546055939062347
384,0.12433143318277777
385,0.5340595876351327
386,0.09718893840332947
387,0.072148320374489
388,0.634515474472517
389,0.17262843734418587
390,0.1527490270773669
391,0.09558460644721943
392,0.08607629546356377
393,0.1848353654142688
394,0.12014656355787992
395,0.60247125261149
396,0.6577761412170631
397,0.17486273235916044
398,0.1265864274951562
399,0.6966453702284663
400,0.08005116094682722
401,0.17269803159235442
402,0.0944628960327791
403,0.08752391394912379
404,0.11643631824173531
405,0.05191607778072032
406,0.09846867055571323
407,0.7179355937237417
408,0.09710307464293941
409,0.1590651483910001
410,0.10269249103638912
411,0.16403357916418929
412,0.05385721659076902
413,0.6820258844285058
414,0.17520052460482097
415,0.15417125977815854
416,0.1576073861101832
417,0.11041398532774982
418,0.07491919805944827
419,0.14232029412238012
420,0.0876689573752505
421,0.1436910852187652
422,0.09406603220728481
423,0.15847749284556675
424,0.13871217098347716
425,0.0673459534944118
426,0.09206314368650288
427,0.6670453455591213
428,0.10142160384273853
429,0.10558988235894569
430,0.10164161829333643
431,0.09943757410629937
432,0.684749798031088
433,0.09006059376308434
434,0.1776345271992433
435,0.7242751669434906
436,0.10595191554398682
437,0.139996359922696
438,0.15472562073638427
439,0.12142676992531481
440,0.10847004500182386
441,0.10678545951047388
442,0.10037690426980374
443,0.6809571065976245
444,0.7181032643909719
445,0.07443777525584817
446,0.14786120096750827
447,0.12671537629472024
448,0.6560962413978688
449,0.10503796235229147
450,0.16581636146804102
451,0.14700354935752752
452,0.10787087113022502
453,0.13504336080808402
454,0.09176271400912978
455,0.6520517089033407
456,0.09167239989740988
457,0.6272409578680501
458,0.6094406979481737
459,0.168731088759559
460,0.14274381698172184
461,0.11444139560853177
462,0.10084795224616173
463,0.7110001881973204
464,0.11166083194020245
465,0.09802303496560374
466,0.1101974218806151
467,0.44541940356535886
468,0.0971571337902548
469,0.13708888726120147
470,0.7102970610095362
471,0.13235836661596034
472,0.12763868823916605
473,0.09224643860290295
474,0.4483427921175862
475,0.14556231416149032
476,0.12218838140793861
477,0.07186538758497124
478,0.6491000026455866
479,0.08181288780686646
480,0.18189303812035834
481,0.565737619160359
482,0.5745549944034017
483,0.12272176225436879
484,0.12166989361255977
485,0.14101958587948527
486,0.11665285976934003
487,0.6304905571498008
488,0.1303076880923296
489,0.12707399801422326
490,0.4870617762304633
491,0.17472701000343518
492,0.08254597111685101
493,0.0994965554167473
494,0.12522880076546228
495,0.21111275112292263
496,0.06958231693928785
497,0.10654037700475727
498,0.15927851232925025
499,0.05464521070039788
500,0.15043318508595532
501,0.2571600527615068
502,0.1628219786642403
503,0.10850982445636337
504,0.05185399517321006
505,0.05628651875684968
506,0.14531239688517048
507,0.6536395393314769
508,0.14821109459422938
509,0.3984848866016983
510,0.1152842281978094
511,0.14227743827187073
512,0.11349441672441554
513,0.35005811739165954
514,0.15416851222239844
515,0.16786105535088136
516,0.09118208093867824
517,0.1396699569165717
518,0.6797146897890226
519,0.17281269238446928
520,0.14979888222056842
521,0.14710092381331724
522,0.0851529229616942
523,0.4106241113908103
524,0.5872510383157709
525,0.1660095841632987
526,0.11910995867867999
527,0.13158827940830953
528,0.11267316410105209
529,0.16196268377038392
530,0.1621330117845245
531,0.14021029975714702
532,0.09080305512922021
533,0.6275841627530606
534,0.06509264864460372
535,0.169291957479582
536,0.14584958516905716
537,0.5572314120496047
538,0.417021852447999
539,0.05872649400565713
540,0.08119925474145165
541,0.40749770594623164
542,0.49264758865500696
543,0.15615697630988676
544,0.5093193449440993
545,0.4420486126623805
546,0.7255546711955781
547,0.06903507288714479
548,0.17850776213160022
549,0.14601246437070006
550,0.12788512314610156
551,0.0581553109040331
552,0.15419123976228014
553,0.09234686623343749
554,0.11754321692010987
555,0.08897774257063744
556,0.1664786134282264
557,0.11157225383738328
558,0.12935975084477885
559,0.48897853332839547
560,0.14524320660844137
561,0.10098026514312058
562,0.5063949963781047
563,0.15859784491451392
564,0.11674075408291192
565,0.09642677866346143
566,0.5289688121454152
567,0.45177152686097155
568,0.14198204847811086
569,0.10356427870994704
570,0.10183585368806028
571,0.07893613900795717
572,0.11581562054877617
573,0.6051738112394227
574,0.13678923309613772
575,0.3667621670157805
576,0.1688206802911651
577,0.17158007992445923
578,0.15996617199155094
579,0.5522599515223657
580,0.13186301544335968
581,0.16126194900668253
582,0.07379048188274571
583,0.15859477313538803
584,0.5843701714092094
585,0.5159020085476549
586,0.10276961213738815
587,0.12929966556700287
588,0.40427088386983784
589,0.13308245786994155
590,0.14906960560486354
591,0.15018037549876515
592,0.10712274391030017
593,0.5410700233970983
594,0.11508017951284119
595,0.1257003747214327
596,0.13961821400972305
597,0.06713199823811712
598,0.15952684215192267
599,0.12376238682818162
600,0.6063512423718246
601,0.08739306355546765
602,0.14658028346218244
603,0.5397193792577268
604,0.4285119153679011
605,0.1628082186476362
606,0.14491231897587317
607,0.0981916733344729
608,0.20702354146670304
609,0.6536323874277385
610,0.06423075307921522
611,0.07523410095390501
612,0.7157703649322413
613,0.15409721450843494
614,0.15862324191631455
615,0.12447421747342856
616,0.07798161023864286
617,0.6566032656729521
618,0.13221989458643552
619,0.10377683291369032
620,0.1281183938663658
621,0.06571928822617225
622,0.43562489586108416
623,0.13177838338861042
624,0.06501606455006248
625,0.15896241369029493
626,0.09201742630142344
627,0.16899532220904093
628,0.16417204193423765
629,0.35548949931375395
630,0.1167360477165955
631,0.3512914767828939
632,0.11453089610948944
633,0.15530110793133564
634,0.6956694065811847
635,0.1326635863475557
636,0.3174961140158205
637,0.5310356743648256
638,0.11009055536663549
639,0.34362112953880275
640,0.6479850895621267
641,0.13155378193709638
642,0.14300269399473858
643,0.1630097493360121
644,0.4732761679394396
645,0.40404839060963077
646,0.17489091006831145
647,0.11000970331338479
648,0.14717119225943057
649,0.12038079781824529
650,0.16255078710897683
651,0.596626546855559
652,0.16873823641344324
653,0.0600849433166818
654,0.1487575144584088
655,0.13895359193103055
656,0.14061685824366277
657,0.1212329548156564
658,0.1314645522516595
659,0.1401596492000722
660,0.09802372503900726
661,0.14426657742394552
662,0.64181278945598
663,0.15220510705839596
664,0.6126206132079194
665,0.6034989215630323
666,0.17525746442463494
667,0.09206149587731845
668,0.1734308542125567
669,0.29389607382898286
670,0.5646278997525808
671,0.17197114222971996
672,0.15311030993358557
673,0.14830577501650938
674,0.5229212330428856
675,0.14165760379835746
676,0.1379965807680296
677,0.36556820714879057
678,0.08820173774110135
679,0.16857449950131567
680,0.23499904321795825
681,0.15488710838938904
682,0.7064722433966909
683,0.6462902068799692
684,0.6934449008009321
685,0.09020520776344501
686,0.11750756302614865
687,0.13744868801778506
688,0.14115902089210874
689,0.10781408351516872
690,0.4277156775593835
691,0.15802572799458767
692,0.08874277633679867
693,0.14322054079973182
694,0.5590581886614028
695,0.7227755554610912
696,0.17149312026196747
697,0.13853878475671977
698,0.08071663906105443
699,0.07237989687061983
700,0.7005834878930522
701,0.16719274416749905
702,0.11385299157038091
703,0.13905115543656285
704,0.15069945338384447
705,0.09832641588473233
706,0.11656794275321032
707,0.09387244980923834
708,0.11038784826554013
709,0.5551296100592511
710,0.6895226487873672
711,0.16022049024247623
712,0.1563943821302106
713,0.10512062015781085
714,0.5463363929961242
715,0.1269988149202118
716,0.06299815711606976
717,0.10887359710339446
718,0.13115428518043443
719,0.12667961186337182
720,0.35622910900909394
721,0.3931890388356199
722,0.15669838626178884
723,0.15735697881830626
724,0.33930001438216184
725,0.12916545400825352
726,0.7316745252163273
727,0.08472114994184071
728,0.17305824659485852
729,0.0895403921112847
730,0.13695790054699003
731,0.5486646767782533
732,0.18126142803946954
733,0.28245226809282925
734,0.08945196983634011
735,0.13654948215657364
736,0.7075633214494793
737,0.6547998808974954
738,0.10775407976646394
739,0.15486536553948863
740,0.17026031794131766
741,0.1396391809647346
742,0.1021332893878654
743,0.15213444108707683
744,0.7119877935718898
745,0.13216058581788756
746,0.13135365832642484
747,0.07708934195495025
748,0.5577992405247074
749,0.08865036547422148
750,0.1503630699971959
751,0.5808650566783393
752,0.48438828008992163
753,0.10985254397719864
754,0.4657014933352289
755,0.10804127175577642
756,0.3109180517188652
757,0.10419273629735869
758,0.1432686107947507
759,0.13855690052461767
760,0.17851512266414543
761,0.15278287078339423
762,0.1632786385828467
763,0.12558920648243174
764,0.08833098104194448
765,0.08284106299612198
766,0.7229198060448349
767,0.18180786468041324
768,0.12383616980783796
769,0.1251288106908034
770,0.10930748033434257
771,0.34275065570861285
772,0.6540381761966537
773,0.710587896969722
774,0.11648937202005095
775,0.07932321417370188
776,0.09071253957497107
777,0.6776545039751155
778,0.29787398233731954
779,0.1559418531896122
780,0.10958895771381554
781,0.09174384259001737
782,0.1270790619236973
783,0.14090643469423553
784,0.15516284166846278
785,0.14528144017841427
786,0.08134926580467429
787,0.13596114919515087
788,0.6084322116197263
789,0.6625800052694929
790,0.06978498293459473
791,0.10355023404500331
792,0.1524900170566154
793,0.14025772152948268
794,0.5052188585746938
795,0.6320326876110636
796,0.16450127919351507
797,0.10605696740588831
798,0.15110745368344478
799,0.12954391316204472
800,0.5493883520713306
801,0.6860185557611421
802,0.1431376067058913
803,0.13628094528996973
804,0.12870421525345874
805,0.0839542463677075
806,0.1171285513402759
807,0.14041578910049346
808,0.07983011637969267
809,0.12485582533705705
810,0.17386878386203358
811,0.34241103000270956
812,0.7020255720173051
813,0.14677752103940522
814,0.1853380381809812
815,0.15089929217087225
816,0.6787888716030769
817,0.07977846256971838
818,0.10742619571128172
819,0.1398201398063108
820,0.13932132026535357
821,0.1101289387068409
822,0.17314477905604564
823,0.14060324291380322
824,0.15266535798040123
825,0.5953385065675043
826,0.1521178491944204
827,0.11139568791443358
828,0.12258245444924136
829,0.11839426311804181
830,0.1456344932465867
831,0.06769170720931265
832,0.1749649950238504
833,0.15918674028779678
834,0.6018687707819015
835,0.3583071484607009
836,0.4878791476686655
837,0.12980159186085435
838,0.0737308430775885
839,0.11972957641964574
840,0.12650760008998407
841,0.15397773253313418
842,0.5043146818638724
843,0.5564009895489801
844,0.6646960511855987
845,0.13788295108970813
846,0.16551522858388512
847,0.11995921669585644
848,0.15215038309800488
849,0.1426854126801411
850,0.42318629771647587
851,0.09190471690126151
852,0.11555772722469448
853,0.5268671388329047
854,0.26832051115704253
855,0.1177947914121859
856,0.12848957836466762
857,0.09542876551490732
858,0.14411280176996086
859,0.5085431530107776
860,0.04928387053138424
861,0.13950877394896696
862,0.6880873659801856
863,0.5543046355967387
864,0.6694919188286278
865,0.048054876242502986
866,0.07361750942470754
867,0.15643315232347854
868,0.13460038646314215
869,0.12708988567161872
870,0.08435349634419426
871,0.5863455510228586
872,0.7194478114783185
873,0.723233075314241
874,0.3978560951690821
875,0.14247677852960122
876,0.0877631316712964
877,0.1322985199129985
878,0.3625706907467773
879,0.12834838900669693
880,0.4240479520085668
881,0.3838334764975793
882,0.11055343942173747
883,0.15761342055660657
884,0.15660032586195016
885,0.6923101259629442
886,0.12619208683306524
887,0.12006496471392766
888,0.1022554176774445
889,0.6384802462887464
890,0.608690080311662
891,0.07206162350187248
892,0.1753669774853336
893,0.15010945585174695
894,0.6133886141740821
895,0.16897074759048192
896,0.4468073133993367
897,0.12067712627945903
898,0.17178291743109844
899,0.13801607488806017
900,0.18109631828057496
901,0.42117354416192704
902,0.10357562311229083
903,0.12466992914556105
904,0.14478366571362908
905,0.10284919390889438
906,0.05504832627011461
907,0.10253385029268175
908,0.16330222092384478
909,0.17691765881417645
910,0.06311830494680568
911,0.132307095877899
912,0.5803373430553131
913,0.14548594729541525
914,0.6834393316353887
915,0.13792563959316664
916,0.06779383082793124
917,0.13126303478464216
918,0.609482832580272
919,0.6739735744716752
920,0.1186494411060751
921,0.06857418247392766
922,0.1686208257323685
923,0.14630577391203967
924,0.10440616545498085
925,0.16113193946345514
926,0.0646255216644747
927,0.08443538492533699
928,0.12523645077558074
929,0.16495255205031453
930,0.11532084131269657
931,0.7243751986721017
932,0.11304331317689686
933,0.1619942980724896
934,0.12065715535325285
935,0.1002992328757224
936,0.15151918648712373
937,0.1421411108247937
938,0.5348982368287762
939,0.13546937094300757
940,0.1428288923623542
941,0.7003505478317146
942,0.15264872014409575
943,0.13201118197518263
944,0.13791015219887762
945,0.5252835331970576
946,0.4758934960832795
947,0.14233846334979702
948,0.14845541470938842
949,0.1392039857131798
950,0.12679345293711408
951,0.09199652972145247
952,0.5352096283243813
953,0.5689312132122805
954,0.08290925211218812
955,0.11757013786200304
956,0.5659138948969207
957,0.12627856711921143
958,0.08308819875440179
959,0.09138671774064802
960,0.10371272814292574
961,0.15870524375709288
962,0.1540950562954514
963,0.1126056209054831
964,0.11809657418894008
965,0.16799856552426926
966,0.09359181547545849
967,0.14529067558016004
968,0.1163303072189117
969,0.10754188549918954
970,0.16355362782686736
971,0.10401403406095915
972,0.14762894138582397
973,0.18100309035753698
974,0.15748618918701432
975,0.1375500194115847
976,0.1479469332583207
977,0.724603804278539
978,0.13146120191551453
979,0.516320772657173
980,0.4858077018024817
981,0.15039142821009002
982,0.15186263717758583
983,0.1422854983970201
984,0.05350779426525505
985,0.14555095870866103
986,0.7028613922030934
987,0.1269844041373357
988,0.07099631766330108
989,0.08451659927246627
990,0.08151213042460685
991,0.15041295644583919
992,0.15222377815304292
993,0.1122485902339051
994,0.1512897831654093
995,0.09724771787997448
996,0.16245143029144113
997,0.1322447304900592
998,0.15222269529482665
999,0.08689441889670599
1000,0.14730601125537457
1001,0.5948432129347503
1002,0.08251296289416281
1003,0.09205507495895013
1004,0.08205685738381868
1005,0.09609475473496838
1006,0.09946656019186964
1007,0.3802590417465688
1008,0.13036899401522137
1009,0.6725515070748023
1010,0.11289158756594214
1011,0.17344792564446554
1012,0.10969477718828126
1013,0.17482478235905502
1014,0.15684248877043677
1015,0.3719323242146148
1016,0.6362116653203389
1017,0.07474406609915683
1018,0.14743052051033154
1019,0.5146379043946899
1020,0.17645165319074824
1021,0.16724553915589657
1022,0.16745164634540033
1023,0.6782785780839354
