5.751706137587507, 5.804042773999771, -7.104807772972475, -5.265527232650864, 1.0212670497074616, 3.463003647625777, -9.158461294784193, 6.148960539939265
-7.554477528040904, 2.107249643498937, 13.154670550502733, 14.233671596824674, 8.634035710219786, -11.11524117320536, -10.655638492610475, -7.852331799497048
-8.267148896000764, -0.06349881845909139, -9.704617152101688, -0.6816599845203615, -3.0973900630623508, 11.31803596488663, -8.160701456047262, -2.402403889108766
-8.25282782816168, 0.22528653553144995, -9.436115671857872, 0.6768713509438382, -9.739768457551868, -3.667146326265157, -4.890840527044081, 1.4364573068918585
-1.8483712990583, -9.128354094830318, 3.209859760070273, 9.378264966374438, 0.6659111692376234, -6.484364379105608, 6.498132650167868, 3.4944149872232604
5.973052926673572, 5.70071439220263, -11.823911172453172, -6.515441391809556, 0.46218503811530826, -4.57744417403643, -13.425270763402867, 18.063699556865025
-12.684416261727705, -0.218970748464967, -12.14799688525806, -2.16045262640774, -18.034530208374022, 6.89967583509703, -1.2431805880760172, -22.31407440484348
-4.979541511683483, -0.7896434288597294, -11.466047588038286, 0.46848430655564055, -15.249062592173184, -5.643068217348558, -1.2851468102543255, -20.11062430273366
3.230889689483751, -9.238345544568405, 3.082006212734168, -3.7043751250140247, 0.028281723041732043, -5.791777218878677, 4.661241481677444, 6.25308881765762
-8.174510483055426, -0.6759292854518287, -11.472539889750944, -5.172794252810407, -5.090904349478577, -2.0101604277528615, -0.6751464053684237, 0.4032319878774029
4.78598011154802, -10.015850508059998, 2.674644113199563, 6.0918419445258225, 1.0733487551043277, -9.674361314062157, 4.2141225380947, 1.3061212313921344
6.495383680269917, -4.274426414942145, -1.1806473579515409, -17.950718447501202, -2.511450513033616, -4.7225789109933265, -22.6443162036029, -0.32863729615823667
-5.611172472988761, -0.45383996954888456, -11.444344741888845, -0.7025951291816073, -18.706838579464147, 13.216782043366495, -9.968197529650228, -3.5825978877283022
-6.550897648857984, 3.77778308799944, 9.540477054945143, 15.131167657449911, 5.669377194116584, -1.2853351288705621, -8.642012360067636, -5.635598301225846
6.538911775161379, 9.137771731073723, -3.201449187505228, -18.25823619883775, -1.2030758059807463, 1.9254286780321253, -7.513073996199685, -2.335471415503638
18.4288980920873, -9.073384359477117, 2.9768224009216047, -2.062185489818976, 5.691612632327392, -10.577274370239058, 2.644991779935108, 1.7503794487310858
15.56334309179539, -9.06020136099088, 2.741323384494679, 1.1030474687044591, 7.325124439020211, -1.8448017227214288, 1.7468092702371156, -3.527701872979431
-6.358293981093987, -0.8804576383200573, -11.318855852919521, -10.611240944967282, -10.872456342226299, 11.18285120818282, -2.5541707374728446, -8.277819405379699
-6.900089025407194, 1.018202211169621, 12.75952487341359, 0.7370394766726238, 3.356684215948427, -9.054678746811899, 16.229123379837283, -21.695999197472062
-9.784554432331861, 0.27151755929644605, -12.169293469746027, -0.7365556625482834, 3.656480987316046, 5.096078295298086, -5.513074797209628, -9.155052535180273
-7.3107733015465435, 2.5413820862835763, 11.959621000486061, -12.02237615654092, 7.438690791733768, -9.817258236260447, 0.748975716275794, -1.2924481702079313
-4.744374218373631, -9.468484535203318, 3.118610101439752, 2.2041257425648473, 8.378023790426736, -7.294157616376338, 4.490555980439058, -0.19226023612053367
6.194914134772715, -2.142575131731408, -5.361109083374262, 4.343904061345389, -0.43916341174675955, 4.100062187341106, -13.367532320329335, -2.2319430994098157
6.177796285710695, 2.712355996418074, -17.758541565914427, -5.098594701215372, 2.3130744511538817, 1.058457959269322, -4.569281214288054, -2.5318519237575634
0.5651794471181883, -9.773612296867764, 3.5314596636767286, 1.0107360460377441, 13.928735192822035, -5.429536701508406, 3.6670202790219943, -11.100527664885574
6.143809733316794, 17.744995635658135, -3.8243678873635423, -0.6596970053790656, 0.5705435813203992, -5.618035408127277, -9.185637057141436, -0.24262258574987783
-6.987699346733638, 4.465728063534398, 14.2062844434432, 2.876993913968083, 5.289772147332576, -26.983391335382997, -14.928816154372326, 2.746072322146243
6.577505751241853, -9.224203599889014, 2.8829900744284402, 1.4038034990241062, 10.847454066621413, -11.644798137283352, 5.4393517120221455, -7.4676990974203425
6.224147223457565, 7.834117344283451, -5.125719845350936, -9.615931768175532, 0.5135154419934181, -4.094626806324378, -15.894155460696611, 2.2712583251728335
13.65476606229831, -9.756905610189406, 2.4938741163263627, 2.3161079817549712, 5.410733602535094, -3.9400467770031034, 6.562820850584015, -1.8442959611862122
8.995738800225295, -9.398393897156506, 2.0790724218768015, 0.5310628408280104, -5.224600081652918, -8.91338366154737, 2.3073440131334877, -7.267565701312693
25.814492433622956, -9.597051072433638, 3.050905675271866, 8.858192989278779, 4.446345439272915, -2.442259111680901, 5.578939344128077, -1.2875365643013528
-14.765396775494072, -9.382866122157964, 2.922419260708258, -7.196536797168089, 0.45014733482115243, -3.4323569269700016, 5.184053377238838, -6.762974247293947
-6.562124662469335, -0.5014493199980221, -8.408710878639152, -0.8948397939487163, 2.4492760778256013, -7.046918532753937, -1.6508839181448516, -9.556708159883256
7.330998936741353, -9.55666268834557, 2.330912003501703, 2.651361320297135, 5.322232367004828, -9.93832590647626, 4.8493007139438316, -1.4826455525450075
-6.417317955734358, -1.482657352089773, 5.537944962389516, -9.543032074887499, 4.3387157153634694, -2.4178799126642403, 5.895308342319684, -7.6970564780284585
1.1224318987219952, -9.461239117688754, 2.5030912047151426, 0.7018349921285277, 10.26315258400641, -8.877520743962377, 7.905904125153242, 4.765352882085721
5.857824654603735, -2.2238587291214706, -6.032855603760468, -9.85010640153116, 0.09702970384532973, -0.7957831496704183, 1.8212649456572887, 9.119533284558885
-6.307207109074665, 0.6063946525259892, 5.032898169930794, 7.455452251775336, 5.46620039194069, -19.137926160634546, -16.422157093112958, -0.11769461474849718
5.850508367929108, 4.127105945083258, -16.53430890213027, -7.312535851968915, 1.135805282480534, -5.663169922302234, -11.108231007132767, 8.919197814919993
-3.638118876031734, -0.27846859179531724, -9.2450697018686, -0.27444540832442055, -2.509685808021265, 6.424262060125537, 2.477361888967667, -4.799195493308487
3.4317769735375356, -9.750449358835798, 2.754404437623502, 12.721199457848176, 6.037193494222046, -8.804478447168387, 6.725881761782669, 0.04517583894166899
6.2537428863929465, 6.72614003421614, 2.562724746631986, -21.515734711323958, 0.5661362475703506, 2.6614028462091315, -20.95001651925799, -1.9605143480399958
-7.716355170708067, 0.18330269040050795, 6.228648495086338, -11.848775238326027, 5.277152359242624, -25.46135476072982, -18.193459187780896, -3.4038892886808725
-8.914427595714686, 0.19346561113170901, -8.338503849457837, -3.4818728984825533, -13.391535072509802, 4.2646139504539375, 4.710357139073071, -23.411273955678766
-6.928958924473025, 5.133994715392946, 12.152563855706699, 12.421954464065609, 6.931536116969295, -5.3970442974645865, -15.192667807618076, 0.5029655004120599
-0.7911593143795734, -9.94898302148834, 3.105117992456965, -3.7151468904598857, 5.848792436074571, -9.707840326603497, 2.756264596263838, -6.119058951708942
-2.8541096323723787, 0.11888873165092129, -8.20215195481065, 0.17870250968899315, -7.235398718643765, 8.008093386855666, -3.3987530735483564, -15.91870481804047
18.93915484661965, -9.89896931887428, 2.5564557096192666, 2.0968429743761487, 7.0665891862853165, -4.90575629457973, 4.1979548443458174, -5.422600644663052
6.292019623274598, 4.6985061408771776, -4.330737734226613, 0.613246557701487, -0.5474006269837586, -7.271754759359108, -13.953532400143057, 18.803122765588718
20.024823262775897, -9.402491279263442, 2.769614812867281, -12.485914789751993, 9.00377845032303, -10.442160189946593, 4.612470358604522, 2.0897878054417878
-4.737063868596184, -0.9486622705326722, -10.136863177569262, -0.5057702533098087, -7.108492613094224, -15.468393045586737, -2.367848467657559, 0.34382417209823224
-6.445195262417029, 4.994095646199442, 11.035755306116858, 7.911650916272881, 6.967447312353319, -7.2446489061318555, 1.5919446832781956, 11.016883282669724
9.48444631471249, -9.697513562498989, 2.9557415276430916, -0.5949125391449027, 4.1766869320384, -9.192400837326781, 6.718771653653556, -5.6633879004258265
6.4739356525891685, 6.430736326526983, -6.88110952795694, 3.441646061984347, -0.7392333709744404, -1.640223413130473, -8.852005859146914, 16.511949067733937
2.366945705548509, -9.82123462823884, 2.9614935331102283, 4.730995734481625, 6.226078760519865, -4.20929689928998, 3.2048318892108103, 0.29613303749009456
-0.7954659809077178, -0.49681596461016964, -5.8550355695129, -7.106590338926448, -13.53982579867637, 0.9827226460508292, 4.375468388429763, -15.415741155470352
-7.264990847142338, -0.21724438762602194, 8.713936695847776, 2.6426559430509675, 5.116081083902614, -0.9636591261374967, -2.8913737417040073, -12.656677547436816
5.593924844363883, -2.8868618561580313, -16.708333769410977, -6.8964928812584185, -2.420832507141566, 0.15738793627855188, -9.08125313674444, 10.591114494408195
-6.445176206565746, 3.321038218677972, 10.706198389543843, -3.3276825931430087, 4.717014517090715, -20.956918258238186, 4.8842402609632725, 0.80107311933057
-7.593635270367941, -0.5845744589777104, -7.35204147871875, -3.8017604624161256, -14.289576272381675, 7.048552060734693, -10.497207371288912, -7.591792005903439
-6.0721615642012825, -1.1441651575462068, -8.505253018956864, -1.3221925579174945, -9.527946040865348, -2.2318143695369237, -5.145488647121194, -1.5376443899754513
-7.594852114967535, -0.24244271428531258, -4.730575200354331, -3.660577471876187, -15.741333279917349, 0.18256798925150086, 9.643926253372353, -12.379827033623501
-3.5171950091710933, -9.786868910659198, 2.2124468842465146, -1.317713011563471, 11.003808792977317, -1.9377340156365754, 4.873746566909904, -5.40339873485178
6.037594764500048, 9.0967636766936, -4.925368741777405, -20.493971251036733, 0.1885354319302236, 5.991826492670407, -26.070224595363786, 9.234085443643568
-6.637460272072388, 2.18699398365984, 9.780148459513002, -11.881938548358333, 8.347377972005699, -9.767729775144215, -0.42198174281337675, 9.894053413677998
-7.135322939211439, 4.170126753561794, 5.127247149611295, -1.071043857730602, 8.140052622075203, 8.219508510049373, 1.8583777995931285, -10.837873142982781
-0.7583036526558997, -0.1362339170391746, -9.117837545144726, -9.033919093244858, -8.193341109216728, 3.922177882749419, 6.171844593701177, -15.550740410367151
-8.473282114262542, -0.1412810145434295, -11.751445021084626, -3.555826925046089, -13.05405803981893, -1.7861642758167466, 1.896065760759877, -13.297050004673501
5.816586544643054, -7.459409986266879, -3.402388678917907, -5.087110751722126, 0.1196636335443719, 0.6205933728356277, -13.269377822739234, 5.942024707149756
5.904772748326489, 2.9542576694547016, -4.145174010883824, -7.726018733510534, -0.7190589862630262, -9.604479969773799, 5.249306295286393, 6.085507832609365
6.169478113170977, 9.596742189122576, -7.887566798914694, -11.965466612051529, -0.21222546055162989, 9.600810148436036, -10.793276317741709, -3.9109035242273675
-12.085296735711236, -0.6476438329695922, -6.929490727693011, 1.4162286870554697, -24.97914877923543, 8.979932150767011, -7.681088371434791, -7.347551737589374
6.0820789690911825, 8.594788483657915, -5.958205576456837, -12.627566047687136, -0.9349899903905963, 1.348522873379258, -17.241267691082978, 7.447697428247325
-2.926186736971008, -0.5258544430934167, -12.375658884693232, 2.227346651534492, -11.948919930231051, -16.721323583918302, 3.4825711153539656, -24.679974638669165
-7.070807268765277, -0.8110025533651795, -11.362117513784021, -10.167650392433831, -21.396856354872874, -6.217460706403445, -24.000125922016522, 8.393343397881136
-6.7752577006631265, -0.7678840584856119, 3.326353068474643, 3.973373161043961, 6.67761550624145, 0.2595945949635592, -12.724241007786658, -0.25138652812886386
13.810984929718455, -9.016010088584073, 2.6751815804714045, -5.228605698812705, 6.365863541672761, -6.528229642879154, 5.608842487882308, -5.665102988196474
-6.9415670437992905, -3.4467513212977776, 15.551656055727697, -10.335247700945573, 4.745459757553093, -18.000731715667765, -8.540849037132022, 7.822652696311362
-7.885469686754208, -0.8216497291654254, -11.271686379848616, -4.462831163384074, -16.753035048165806, -5.190322939537587, 12.17118137824175, -8.033820645017917
-6.6410724489456054, 0.7596407892087709, 6.986096784713233, 3.7283130933864648, 6.358786365702677, 0.5444909064488357, 2.501126447612817, 2.191478605205832
-6.132424109428137, 0.10866905345720645, -10.091107980582677, -6.235732390275809, -9.653344921325203, -9.937246046284589, 12.057726970645465, 13.560014743557911
6.380158943719196, 10.302654140855232, -2.026566348531163, -11.678860805031988, -0.3148659719840376, 5.34332356667321, -16.65816772330321, 8.857451810663122
6.17749714688183, 7.35653798478755, -11.705156959624844, -16.73852207986454, 0.5360888107713131, 3.9042671908254776, -13.454771113694749, 4.406716586874816
-7.423870628357028, 0.06235361869253797, -10.077875730059388, -0.9100699276028044, -13.891298152113466, 4.953726110820799, -9.30994459889745, -8.215206169635795
-4.9302171458505, -0.8495115384855778, -8.23761947078837, 0.8449883850601116, -4.358993638018856, -9.302190504786374, 4.067718041359974, -5.443962040966741
-6.725309435832829, -1.207261928287219, 7.841612185427482, -4.294528618626433, 7.086396011212148, -4.750952326059038, -19.945156117375696, 7.75104821362857
4.150007166433531, -9.44205169192488, 2.5080709660939764, 17.31661405491843, 8.81672088967278, -3.4591256787662945, 3.0302205885991222, 7.231710643064918
-4.253721952963785, -9.55325329990602, 2.7905159353407027, 9.148231414973234, 10.601422142938384, -5.753793057303275, 6.855650911922864, -3.6518359489537016
6.449834833611033, 10.905912887124233, -7.352870436894643, -10.468518985940928, 0.0902134631305792, -5.793563825917501, -3.466055427830299, 13.029416719436261
-8.1335014537195, -0.5497770535311213, -8.636913783780992, -8.77700629935124, -4.398994290915628, 1.0376013331462755, -11.109488058134655, 1.642447820173091
5.878026592357149, 5.082312890337439, -9.490295048422544, -0.31487051484489204, -1.1262003888945837, 2.598191085120893, -14.066361488197483, 6.697497802406488
-5.625264975354609, -0.5996745928548404, -8.594696924405453, -2.9353666138330556, -14.70439049371005, 8.401603264707564, 2.4343404273548646, -6.009504450298598
-1.94048249134811, -9.141874146875166, 2.3122459185575623, 13.470116428487758, 4.221937779233068, -6.37321968180507, 6.171526305154831, -3.2244629446815516
-10.819710600513226, -0.35225059127141706, -7.862468733113118, -9.072772607963897, -8.76502502124846, -12.772537847570373, 2.911117022767598, 4.242552986601934
-9.12941195991542, 0.06399573021623417, -7.806310355312989, -2.484608896397222, -24.110896077027178, 9.408970040591647, 2.9648948255598513, -13.670782597699686
-6.3875832400996355, -0.8540472426502004, 13.083959305561033, 10.468645336455298, 5.448227546715488, -7.257944431290742, -5.752973862390908, 1.3131430552725525
5.931094806014122, -8.020677232261695, -8.141433029913665, 1.6068192527502108, -0.20716289612041028, -6.542893608555215, -15.0579402882294, 0.3130594831818363
6.1004651015731035, 15.738498873705574, -7.766743651221924, -4.431535222802735, 1.1664318247462324, -5.683484788760785, -5.328544788344706, 2.66797140293139
-6.9641916653185785, 0.9762890800296331, 13.948083299950389, 8.078673199537448, 5.264868962889328, -5.448038352370476, -17.265113558527226, -12.91001430439917
-6.655711716936652, -1.9495966342089783, 14.295035265455027, -6.198381727446237, 5.969091481937792, -3.316349565014459, -10.111442952394771, 0.5244112383009685
-7.20196876854701, -0.005587256656408801, 9.111711763016146, 6.62631147331693, 6.20075766212033, -1.4192300543027319, 7.542127490951215, 1.8300904436063528
6.1136653524709565, 0.3856690420060842, -9.49916894351227, -6.885615557230343, -1.0817317317971478, -2.410644928591481, 2.217507578319811, -4.372969932877513
-6.981234368294931, 3.5624868787069164, 10.666379891598854, -5.665057975022957, 4.619914294426239, -9.511958569971842, -10.404415254489052, -14.204548673793019
-7.272309863248468, 3.256640944656005, 9.175094914726616, -11.56928445579066, 6.152094925649458, -17.979059547333918, -9.777058501948776, 3.018212363165203
-8.740774764077853, -0.7341156029662996, -9.042154613349721, -2.059734754160635, -15.786747708491385, 12.35119461132074, -1.7435931700351934, -5.545729614901934
-7.381049131833523, 2.904809987750276, 14.008317901077692, 20.951734974866604, 8.725370710251664, -14.740382657287885, -9.835019099142206, -14.741162846653829
6.524950762969767, 10.43276183729331, -2.5369338382084994, -8.94186953041344, 0.7387419586412517, -8.726485393240285, -5.423698614478118, -11.207436804573971
3.21352777961008, -9.924886261621447, 2.5089499862691396, -6.948400782050933, 10.312879565609249, -7.2220145207175115, 3.9756248164557366, 0.835273035093925
5.543990425703929, 7.14622066993394, -6.53894979314883, 0.5092460340344243, -2.5947362449880504, 3.5509960660959856, 5.117282657273732, 3.75791384082968
-8.4770969262171, -0.1352916172733501, -10.724732629482718, -0.19845535629402766, -17.106089248322284, 4.416966202874578, 5.273869700233599, -21.165652511723778
-7.339130042262028, -10.050121382371753, 2.651811090156405, -2.4710229123775638, 9.23692139509146, -6.974334563629444, 3.7519112424550993, 0.9149027051508116
6.130714472077513, 1.0287394953264208, -7.235864350171255, -4.929871947867179, 1.9780373597587624, -1.4311405139477378, 1.9241230358590258, 3.9227259283077367
-6.926572872646492, 2.479041585546333, 6.602858492070908, -1.2340763411152569, 7.327353569148114, 1.825314017517794, -2.810568919594005, -14.134491366202926
6.235076991899006, -3.628892412710109, -8.459313806762623, -5.699871524718761, -0.5983077852078191, 5.939068277811703, -10.79720423518251, -5.0126382915265095
-6.636845871578677, -1.4349368346755398, 12.47940934549762, -0.5445529875812953, 7.678083739032889, -6.58148119167735, -2.747368963340533, 13.14314978623895
-8.554821480156548, -1.137081528118577, -11.630786812401684, 0.2678043389322107, -9.961036190864998, 7.666433605813272, 3.915328768860407, -5.336502258325406
-6.839206427542379, 3.917195870413067, 12.46426734917298, 6.399945755989201, 4.597326112126224, -9.209008144839238, -9.127939891567516, -11.92538924479754
6.0072400894686835, 8.915656193980016, -12.119511789309374, -12.44660800492301, 1.4994187826165095, 5.354728732062718, -7.524455336294141, 1.0421317119386557
5.904779886363709, 1.2645063983678262, -1.5776703191309496, 0.06281701630751702, -0.7380428942050216, -6.7713791253696085, -2.6323986745815615, 13.826098811276545
6.101280810837623, 11.405994630629303, -2.8583766705620897, -17.957086584712222, 0.3489089316857602, 4.460212107085089, -1.6008922982321074, 0.4516220430590234
-6.910151237226043, 6.623228541194512, 7.978113359259169, -3.6481497786081323, 6.482038027252166, -13.979209143757807, 0.2081386743353404, -5.254121339791155
-2.0104141000888713, -9.989461021904326, 3.0368842543952455, 2.172191419005134, 9.674503229805469, -3.9150094563356546, 4.634281457192357, -1.998907980706064
5.652815536445221, 8.20249605769169, -14.582545313291863, -20.96589874981975, -2.994059929465078, -1.4623718460518773, -20.03723128898622, 15.901387209245815
-6.578345311518496, -0.2821841604076182, -13.749913292439729, 0.2177288367993402, 5.970079169452211, -7.523141465928381, -8.727195314657, -17.362593722082458
5.872044195553016, -1.2525027788631626, 3.305423992815159, -4.412014081430039, 0.3283530665574772, -4.275717900608387, -6.5566987476751475, 2.0465470329055884
-7.627272346082217, 2.3037250561270093, 4.555356719151289, 10.405243101953728, 3.7959426198699138, -12.014946155061256, 4.213125043030804, 6.805398807798891
6.02252272348871, -4.33966344457073, -3.3634977085256237, -11.37097588323238, 0.3156431451564652, 0.15893207019991387, -18.477248464091453, 2.2732758107718416
6.253445529404633, 1.9086640121490317, -8.13210750173785, -16.606954655075235, -0.3411014395857933, -0.40398529653413584, -11.45110469983994, -12.953339067894179
5.839483074796686, -9.61982761290233, -13.262429237643108, -7.502276063453806, 0.9315365669229292, -0.5023081681501869, -5.124708344546546, -0.7684375619095185
25.402110825275372, -9.767131853407674, 2.780105484664772, 11.567537210660706, 7.348195052071783, -7.779649267762249, 4.509015862086741, -2.342393902733728
10.5385871390183, -9.142068360921158, 3.1105353471824353, -13.97945833027905, 3.590115753709124, -1.369333459778118, 4.64361041054529, -3.03810735123718
-7.202066936963239, 2.83093757667228, 10.548910779262142, 9.343285181812373, 9.663758134747722, -10.079464392213195, -8.07345660460134, 5.227407994080011
-5.466114922346963, -0.5380211417874059, -10.483098603906628, -0.25204865327835124, -11.400351824243192, -10.13811297557885, -0.15270901330881093, -5.364517582354973
11.585975174781654, -9.576241744115146, 3.2092071795739088, 8.457605308922624, 8.283324362650875, -10.59056005326743, 4.850078488966677, 1.5774516473668774
5.919531635595452, 8.899806128067993, -0.41641071885024683, -0.4186564598843736, 0.15270090545754167, -6.427355771730108, -8.664962910543526, -5.881658172134568
5.951923774016085, 9.531851386687473, -1.9553139339604906, 8.153949007836884, -2.367975940971977, -10.509605982496941, 2.786510203808632, 0.710108049486802
-7.003269529001366, -0.5177761111278361, -9.347524063079119, -3.746708653381795, -2.0382332683546505, -0.890618164481844, 0.7386303521644277, -9.821500684760865
-7.53016818980775, 0.8938280484464638, 10.740424878653254, -10.243662851094143, 6.830697780285588, -16.36732579343108, -6.698056317443452, 1.3202644872731715
5.729561043443666, 3.0100527553722527, -8.433839828888052, -1.8725833592862315, 1.6585774858590547, -2.2401935014164414, -13.150992081897689, 10.25708475136426
5.940887252592692, 0.8068941763163426, -2.8814276949641573, -16.373498785422214, -2.0154705494652196, 1.471850369000887, -8.328356217667478, 4.532460358334
-6.475440582844307, -0.1767515566626474, 12.978222010753997, 2.8088439567861165, 11.688870707954553, -3.382332750654074, 2.4863990951262274, -11.515352686178817
24.82262145732603, -8.802950688939738, 2.650556178216893, -10.338457954095693, 11.562587024103511, -4.073404360117123, 6.4678151110148985, -2.9278742254598407
-7.622098047328279, -3.141602773685518, 2.023034306203696, -5.817073166804696, 8.805181416621181, 5.722654965068076, 1.7361075170140676, -4.864382689965948
3.8266741681749434, -8.845220710222556, 2.8536243266609254, -2.2577532795296213, 10.898079029587159, -11.182008949354966, 5.195062241952858, -7.347843255337509
-6.627712230973564, -3.184974544485833, 10.356523830353963, 1.319219376864508, 10.447686780109207, -13.513362316729447, -10.180799231758371, 4.881088739837858
-4.4714007443260355, -0.9936688016450631, -6.963440818858695, 4.037105422246958, -4.818725029111195, 10.039603739976329, -8.030492724441508, -16.831691817083858
5.877658821250787, -4.367113460513729, -4.023967655320864, 1.8865050678558495, 0.17732470185516808, 3.0582261551263104, -20.134396053703078, 0.49246235010346595
5.774802835210403, -9.651648436222628, 2.7962489432788207, 2.204804003306556, -2.6836328890451586, -8.825325258067405, 6.310897951271876, 1.7521001931624185
-7.154981164543401, 1.0635307639438931, 12.104028104043904, -14.583500418188805, 5.176293446729478, -7.271708613623215, 4.036173897570906, 3.5682178609774686
6.594061217667943, 7.283193675679694, -4.3719033480128395, -9.015324173593243, 1.1999750220441683, 6.937445003791556, -16.019612732491094, -6.280463702629195
5.988285823969583, 2.234899502127919, -8.853668111770304, -0.12906877198459998, 0.921558089699873, 1.7953067041311899, -7.271427481661561, 2.9514723208273215
-6.849100713208412, -0.22711450120764853, 13.653715733941583, 7.913309119682779, 6.696625200835312, -7.659974731434599, 11.755901490372962, 2.7262619432565556
0.07109229447673915, -9.560940051942293, 2.9146411380607957, 5.601811899298752, 3.863634261212511, -0.1748614221684779, 3.599975944468375, -7.857186280446351
-6.313093067359292, 2.2253377349491568, 11.409653104714875, 3.769051840177024, 4.874350063974793, -13.943631630503145, -0.23502991755613412, -2.431536261528145
-7.11770408991517, 1.5173450338116, 8.209408665589038, 19.90100870566919, 8.310377002159026, -23.355489893601153, -9.41851466711908, 10.980982647311095
5.996586178283421, -4.4231232666920235, -4.675828863952367, -14.714862711829207, 2.3370488730285115, 9.55885462077977, 2.166874363007027, -3.1787510372051493
-1.1358799323779483, -9.123340206798643, 3.172249005582245, -8.794559413520739, 7.239615704155808, -8.697162310594292, 2.9602866777404317, -2.8655342197347937
8.349136712693769, -9.805636184297388, 3.0424748537938084, -6.059595849460341, -0.4610561516135272, -4.268856480075481, 5.880108638119918, -8.080857781087342
5.974957183482153, 10.942441639686235, -4.326764854075284, -6.58675377159326, 1.0908608661568344, 0.37531687925937113, -15.096641856397794, 11.600271975160855
-11.226274700361387, -0.5687274358807483, -9.899697455891914, -6.126504092772869, -4.076605625067297, 4.1703558876085705, -1.681481013150325, -11.164954564830198
-8.132213454041143, -0.3567565147789098, -8.450840771992388, -7.193998784484747, -21.18564091103695, 3.3772881758223394, 10.654298951106696, -0.36845045731774917
-12.173300259282009, 0.15730667864559167, -5.6125646905145565, 2.1566141949100848, -11.358768554570734, 4.566198795830334, 3.0934789023199274, -0.4022568315027524
20.399502639307542, -9.144254276075094, 2.697697107852647, -6.1255079274151605, 3.4628870902313653, -7.195767393878735, 5.381686732755318, -2.4142035069257703
6.324222412023776, -9.712940877014926, 2.7726275630694595, 5.408087145470937, 3.541211560973963, -7.280422655104138, 4.467552041628798, -7.934540563435846
0.9080664878428486, -10.182700854582615, 3.2553645774792455, -6.941066540278102, 4.7287394353267205, -9.812113009781914, 6.66675734534229, 1.0212009979164014
-6.461127457069628, -0.12381520165595555, -9.93207734558788, 3.638418043876462, 2.686761361933895, 3.776219781737607, -9.38846520923316, -12.396190020589621
3.677036948793193, -9.782153544425208, 3.0192267361839744, 1.1658955567925364, 2.393477441088863, -11.004055170145385, 6.981188270188427, 2.221077359084091
-10.723466495598586, 0.04480845595497224, -10.550608194348134, -0.5225289945058371, -11.853926374413685, 13.518242929938843, 17.195039493725922, -13.628640803680005
6.0456494324462655, -3.311800884435475, -12.883040109051429, 4.188740246291802, 4.357721173994011, -1.058533544741465, -9.178343078963477, 12.35352745823733
15.087031205408739, -9.734339377193217, 3.049400481350574, -6.7641770484596995, 6.4459118607794235, -5.603146680327855, 3.5950602927291087, -8.701210239201954
6.118311327100261, 4.838907989382758, -2.746807123062819, 3.135980364535232, -1.3770949720219092, -3.4229391032732215, -9.26704205569851, 4.799749845310183
23.636336960258355, -9.396819764442029, 2.865715539022, 3.093589120478302, 8.999154719638053, -8.220776545786766, 4.725557996795763, -3.846804460839404
5.797822512894753, 1.5380037118355803, -7.025345057921857, -11.789284347128952, 1.6624440739364976, -0.4845292636508617, -8.930667355832892, -2.340150919670571
-7.5588537602243075, 4.025269306895337, 3.668104990701793, -4.7625208008614806, 6.452149457343084, -20.710479369109315, -19.5654223309351, -5.731250630599128
-1.9493804377849067, -0.35779654207184763, -7.933444479263992, -4.057854221601959, -15.815823528645248, 0.6920093182638309, 1.8393724803738873, -11.091250766894017
5.28727465345064, -9.40249577009996, 2.8342794776942317, -20.479999344415514, 1.9972531108705853, -10.293164823686016, 6.020970351813938, -1.1306036517818712
10.578203410394059, -9.677243770915894, 2.0734123774308424, -11.908943392574669, 1.5684195311663025, -6.1181910063598215, 4.526539024353332, -3.8140237175115552
-6.132844932504756, 1.9110927098106962, 7.408490398498313, 4.799464762489402, 7.8113340990239015, -7.362941421320507, -14.471472783600987, 6.686457751387033
-6.7133196108839055, 3.9657084528137814, 8.593021807979794, -8.394727477524233, 5.376849762388197, -20.681611148221126, -12.195850293335745, 10.320084607340636
-10.672404926678077, -0.38646597024853296, -8.565692046935812, -5.285794630634312, 5.7812796072186945, 13.06897299964709, -2.727335051720768, -24.352795654434914
-6.089100713934184, 4.443815497883845, 6.901288345148171, 1.3078361302787833, 4.688992225630599, -8.098558910479086, -0.7188178482657595, -11.93969877909549
-6.734389184847446, 2.8196180963338815, 3.1792689822956426, 5.491477321074709, 5.88253003592195, -8.293390461379953, -18.455747687030712, -0.5448351927679054
-2.123750265050428, 0.06442366972024882, -13.753707186933678, -0.0245390154628784, -3.256424823793565, 15.70404597609814, 7.014961839997963, -8.439418654395844
-6.928292693647101, -1.6392461358775678, 12.126753149367374, -24.718705975206568, 3.1766368169988493, 2.849014058859904, -12.794923924325794, -4.665783844831163
-7.0923829588631095, 2.175972403701613, 7.899856495557534, -1.8999652294371103, 5.065953262057584, -6.827521794293191, -12.415118142897853, 10.31064938507173
-2.619444229327705, -9.442761856093776, 3.3923101890630245, -9.851166817936685, 11.675397206540788, -1.2495074224913765, 5.853333781281927, -2.7280797995461814
-6.589770714346537, 2.806153315067546, -1.0394313048740802, 9.480491757106648, 4.181730966073135, -14.572371023055581, -4.85316914059317, -10.057939115183226
-0.9651453151806937, -0.389386943794784, -9.514496971117238, -2.986414427863456, -10.835436770598653, 1.9219561488225994, 8.243933322505141, -9.72554378144721
15.531171848654473, -9.33867481031868, 3.0660259684567404, -5.769428628327233, 11.700647484442843, -3.416238162314784, 5.996118887786834, -2.189872856233724
-9.472165542836162, -0.44866448490755384, -11.779522128094275, 2.3514784490177156, -5.494718860502132, 3.19296021380995, 5.80506571614469, -15.203314222524517
12.920052742651007, -9.498848296124754, 2.5348266685442025, 3.9868373916376365, 12.624740272413362, -3.4362901554780056, 4.938853544739446, -0.3618046676443196
-6.48171558955415, 3.6456302305964225, 5.295285878478099, 7.287814542499161, 4.317473475971131, -16.81448314595424, -12.243074130562823, -7.830880579864842
-12.276506998506544, -0.1630305050828254, -7.20034855600917, -5.773296756249611, -14.18696856552028, 8.356484863530238, -2.527937983846541, -10.45415441481586
-6.6994317249394, 4.529396303430989, 13.820377935456172, 5.778650648882215, 4.9912399279421695, -11.336675297465638, 1.8155932724214061, 1.5542042179587563
-8.668830134953193, -0.08324161829224336, -10.67246026790296, -1.9678847893476976, -10.034555770294046, 4.765490195221632, 1.172521455445918, 0.1275075200062048
9.368782104811007, -9.287815852690926, 2.866132062429776, 1.7417469749479104, 10.585515343957258, -3.426221083512679, 6.466840730867281, -5.256311136298007
-7.106073262680853, 4.541273766665183, 6.576715149945753, -15.60817957004984, 3.5705028719516663, -1.1529767577608983, -3.520843763330079, -0.3674692691700028
-9.586065991041577, -0.2326085866174442, -9.914846697881957, -5.319321721934044, 0.24336893959547012, 8.957349735441486, -0.8055583889640219, -11.854822322927836
-4.391144236576142, -0.5381090064425491, -7.70032228992378, 0.9952384588928824, -4.01670676125257, -6.033913245353688, -2.765155012283454, -14.233590517963604
-7.044809782394563, 4.227403691785145, 14.79410258837079, -6.03201963601981, 5.776974333991959, -9.653279337103399, 5.080015004560494, 3.534319751447258
6.194156358935076, 4.63371233681722, -8.631211419200525, -4.517415732499776, -0.9889481689041513, 5.532879823539948, -10.985774821384542, 9.590634360104085
-12.564647961065205, -0.9200407416990591, -11.531430966529996, -7.11231359387188, -10.069935263600977, -9.907588955125991, 1.8591246386478935, -6.457598080898684
-6.534482095904371, -2.6106880701318715, 6.866265008706694, -0.6548936816533644, 10.594269853287734, -15.462889002599717, -16.285843229539914, 0.7724397366382694
5.955720721152961, -5.975115349629867, -1.88881174218057, -9.53376441174382, 3.2899840313386033, -2.707154416656461, -17.178066418766086, 7.991073275295083
5.857494471987873, -5.290801189602611, -5.536359654024024, -9.859692666820193, -1.8175403246619937, -4.25594852723912, -6.4111596494632135, -3.391401159597719
6.226477969220738, 3.2044159550301052, -3.6685761142654623, -6.816035603179148, 1.0092073013211937, 1.3202256480546264, -6.446812493485822, -1.1859101228461153
-7.173441986574225, 5.873749047045666, 1.4306085301336822, 1.3043179917580856, 4.430149888938878, -6.31476033867272, -10.324161439196196, -12.130158259034351
-12.1334623495857, -0.6230406964082257, -12.594282336098434, -5.178911087374734, -10.582544827570374, 11.465403959974008, -0.49001736398121215, -6.299044764732361
19.556534532090282, -9.200843747533849, 3.314132889414182, -5.841159878060988, 9.90631279656736, -10.948070622702826, 4.995788880328042, 3.1647072213096568
-6.949709356837706, 0.07625870373159915, 6.162719101767083, 3.7351805863931578, 6.223790492593734, 0.4072401852542935, 14.675201413523245, 6.748304643428119
-7.479556964453064, 2.3168616443714063, -3.0560624775538248, -13.032994607643646, 10.097374838338833, -6.740153684974597, -15.617255732675567, -18.459977299951333
5.828827121402027, -6.588499650405579, -15.144122008640206, 6.047747978647264, 0.10744940229200203, -9.779823555729084, -27.100119451224266, 0.7668048669878043
5.690240458477212, -3.7707564976087173, -0.9706379574777815, -14.74759333235364, 0.9464388184118775, 0.720165641811216, 2.499988520149447, 1.4069819580352236
-7.429679150454996, 1.3533520462671917, 6.909148860584121, -0.2888058346516207, 5.640836680793307, -9.59080299139204, -9.62012842744353, 0.19911195790326763
-3.897865484853238, -8.80407451125639, 2.8046897423647708, -14.405397579986259, 7.633599268308631, -6.609111996472934, 5.678244831914385, 1.8099871855210838
-6.785474410102814, 2.1546641477342923, 7.933865057914213, -5.222805557659008, 9.660040926160073, -5.207583799702248, 1.7133841951438464, -2.103837184113263
-8.56330947929008, -10.129182405682595, 2.6049566474113273, -3.612198442101493, 3.5287292881722294, -11.064291413824725, 3.206673711163562, -7.418150446393737
-10.679104553661269, -0.4970813783235874, -10.894178999214155, 2.2782289635505926, -16.411947585445944, 26.373246268132704, 12.425310900231233, -16.865108757864913
6.078089601394779, 8.923469609724055, -8.040986920573891, 3.1940590468784382, -1.6970357982753448, 2.8144231458917393, 0.5702461059039674, -9.685091708150132
14.437740015600381, -9.427720682686623, 2.675006159208317, -13.059738917132659, 13.458418909696272, -3.7418670622196633, 3.9781251216936413, 2.7312789593929647
6.2455450044216, 8.780420552026484, -10.043558618440834, -8.111326957440845, 0.053593587678699595, 2.846213800299338, -5.535548023306065, 11.491188176062538
6.227423364964003, 12.444044562283667, -1.0725205043977093, -4.2748275648865235, 1.2776790886059628, 4.545313259839917, -8.009929228185634, 8.959252542098195
5.982710423197477, 1.1055928106898598, -10.903855463255887, 9.798331771828842, 0.7530917611659503, 2.953871541046722, -9.695606319134429, 6.2046401306307
22.364676560678987, -10.00850942756311, 3.5197224219268772, -14.389667048813466, 7.513551397320907, -9.986695949507954, 5.46294761817729, 0.7800564847166851
5.892736818822084, -0.060297841042314726, -15.775265386805444, 4.3928653571359515, 0.2766530323776706, -2.291457714454263, -23.303281817169413, -7.857872089934935
-4.329199706086025, -0.08187548956485013, -9.219228425225902, -0.8413667091217447, -7.519762898496845, -4.33044546307596, -4.7618798251338115, -13.752313093386052
13.14335225861156, -9.746999620645907, 3.0977448430089116, 6.7058269627516705, 5.818880603775064, -6.659903106830158, 5.258465942568696, 2.5039559153771407
23.388053037726465, -8.865343691648116, 2.495002643759877, -5.666687456289568, 5.294369736552417, -1.6957077323797867, 5.028265587668652, 1.5884321731473614
-6.914812744181525, 2.6994802348229587, 6.154169334820226, -4.754706340017951, 8.348163876937067, -12.666490889220519, 2.139455058043474, -8.97500461225831
-7.09146542280993, -0.1612062193439585, -5.6535953991039225, -1.7749536645802844, -5.775537818887924, 9.55851301731289, -2.99947137770434, -16.28521386183952
-4.2923251479491595, -0.42711971987934755, -7.40080478956057, -1.602388853773912, -18.611950027848934, 8.269488874507022, -7.062031764073863, -13.087078916891986
-7.125120516088845, 0.4162434197270821, 12.956019156947509, -5.838368896430728, 3.8156130685293945, -12.182791611793736, -16.71738164509228, 5.169584259526829
-11.516352369636595, -0.7236432037248999, -5.451497007641409, -3.9037196909069025, -9.449679840151441, 8.662540910982838, -6.108781638213362, -13.911115344489096
-6.801276063291844, -0.8322111798517267, -8.515631019248463, -2.077527052596116, -20.97013550069545, 3.8937933124117627, -2.9083584230020905, -15.3212643490859
5.871287452901097, 7.077932192204339, -5.518850917316991, -10.946722719520551, 1.0008447970886003, 3.5519074768866474, -8.599252499934444, -2.0733215115903514
13.32503004884634, -9.444295909814736, 3.1054048066123876, 16.606740684725164, 4.667215087034152, -6.404871099288867, 5.341146921411124, 0.04394673624340206
6.17077786143561, -2.854679561161631, -5.679038791058859, 2.2129024773386154, 0.13416816427566247, -2.486469418244883, -2.326349391115671, -12.88248088978333
-8.962806908039832, -0.33972138813619185, -10.097474762489254, -4.657600338332199, -18.08966981459534, -1.1414683417334137, 9.911328459370218, -8.940952257590405
-14.089137053486358, -0.14296006812698075, -11.5053990063142, -3.506255922123719, -5.15322503313234, 0.8193927684933948, -0.3820464936447992, -9.074477779985566
-3.438522041929186, -0.2329045847726081, -11.014449126740702, -0.8137305188367212, -1.0926555934635296, 12.27516817612433, -6.199795992848691, -7.915653891907581
23.030521172917744, -8.822404565438855, 2.9053447731541104, 10.75251944762317, 7.6041217930014575, -3.7690178821061404, 5.641756607917699, -2.7552395188644274
14.552999611030048, -9.122969249336277, 2.4841075956511185, 4.516314477304361, 12.080257151172901, -10.041607532158908, 5.456815724121932, 0.21421812495177162
16.861328788121646, -9.847817040569831, 3.0330984210790612, -2.071213989357917, 2.1656756016139997, -11.948567014573662, 4.913079164117303, 1.137204610088582
-4.265168704286637, -8.750502220785004, 3.0695665283900007, 4.851798096382704, 6.1967962097784, -5.993394261591166, 5.188903086661853, 5.928967590042423
21.560647906659582, -9.697906177945484, 2.9711131057171514, -1.2353769771594871, 13.060588898533435, -7.354919335443111, 5.785282121711136, 0.39195344722359216
-7.256602353919859, 4.704455291838957, 4.114684259373078, -21.65748903675703, 3.3008339985344772, -4.328850908337141, -3.653030985536475, -7.230795063478747
-7.630039250701299, -0.1932896045940009, 3.1923302881960884, 4.343347634160523, 6.52654208100165, -11.164979715858248, -4.386703871529136, 2.5251333427789158
6.0737402065776385, 12.261553514223722, -5.800339008458496, -5.434371102383971, 0.051832913402136006, -4.167029968635089, -9.476713119027528, -20.116424483403577
19.086965251797785, -9.504456186417789, 2.249416881991289, -10.477255624305924, 10.330870948641296, -1.7709424528134665, 4.3238315636843305, 3.4355899066988576
-10.499111060929621, -0.7625741693922783, -6.918747919999145, -3.5824500492235547, -19.161381378324347, -1.1878285093692496, -3.2449137431483424, -17.03585250745106
9.206156258856591, -9.60531128043141, 3.328078183393307, -16.649821672419478, 4.633954704289189, -10.456835456768783, 3.64989395139833, 4.912252865564428
-1.5049717162241256, -0.2837117300242902, -13.683766759722126, -2.657189765787372, 1.110999982113368, 4.922635279122401, -9.834303660977822, -15.215971932901983
-7.35363130443773, -0.393198858963677, 8.331563781701131, -3.3642051510532514, 4.216416644417471, -21.090891572150763, -0.2561804309042861, 8.252693415981541
-6.302937975365924, 2.8648237231497076, 7.648718976523221, 6.9435614029129855, 9.070529283146904, -15.225524467307213, -0.5615215444116384, -2.10538763402386
-7.308792436258946, -0.7933697658044698, 10.281147978917472, -12.785645205176849, 6.480185018378446, 2.9237643807803284, -6.582577611600567, 4.457363556340218
