0,0.011741065828983422
1,0.01275926782599995
2,0.013875530461344147
3,0.012855342533516254
4,0.010869756342474585
5,0.01275926782599995
6,0.012770605730838238
7,0.010516025231846318
8,0.012796349380389552
9,0.012588119335874488
10,0.012475898212529625
11,0.012337545281771908
12,0.012484910594355875
13,0.012286587436962518
14,0.011943336230743855
15,0.010495218340556957
16,0.011690125757921546
17,0.011989955042322715
18,0.012780689268676294
19,0.01347067126345682
20,0.011915892301019417
21,0.012245443898170245
22,0.012770605730838238
23,0.012225543116328364
24,0.01198245822901635
25,0.013593439887209853
26,0.0115814916480447
27,0.01168120724351696
28,0.01273336280205681
29,0.012757967445251716
30,0.01203708315086958
31,0.012297828893181803
32,0.012739953305449032
33,0.012899637404974108
34,0.01215655430135582
35,0.01218380372332637
36,0.013391307005274584
37,0.01177397623795039
38,0.012439574431173123
39,0.012229776976320004
40,0.01190730772717674
41,0.011783427217053303
42,0.0115814916480447
43,0.012131286653317785
44,0.013634365998793165
45,0.013469224046153154
46,0.013880764032041176
47,0.012900052149018964
48,0.01202626903478083
49,0.011934744601108318
50,0.012584815657586866
51,0.012074246944071103
52,0.012841174416612922
53,0.011213646736652547
54,0.012812902857418143
55,0.011974934648712165
56,0.01228684972575189
57,0.013749912020788803
58,0.012584815657586866
59,0.011460473919209712
60,0.013867905594156165
61,0.012814008502746351
62,0.012008568512929287
63,0.011831888134753027
64,0.012642115113511036
65,0.012021488954120791
66,0.013593439887209853
67,0.01299514492607348
68,0.0121357388171079
69,0.012666014300263694
70,0.012235851838170235
71,0.011856087411350611
72,0.013361274997609219
73,0.013604067366304966
74,0.01180672970279458
75,0.012254598338484298
76,0.012588119335874488
77,0.012450074297968973
78,0.01180672970279458
79,0.013555035022248228
80,0.011851720227494159
81,0.012475898212529625
82,0.012858605628254412
83,0.010920858967900779
84,0.012450179391913566
85,0.013013764136660664
86,0.011213646736652547
87,0.01249031993068684
88,0.01217408761616949
89,0.01188677625464282
90,0.011851720227494159
91,0.012160254705673935
92,0.011361163538614355
93,0.01205136630561273
94,0.012235851838170235
95,0.011388578686836104
96,0.013238303550437189
97,0.013476231262123037
98,0.011990021830804937
99,0.0116974266309783
100,0.012798467119678147
101,0.011801678737639707
102,0.012039337570509408
103,0.012669203384214123
104,0.011741065828983422
105,0.011449965430993386
106,0.013476231262123037
107,0.01393212315885788
108,0.012855342533516254
109,0.012770605730838238
110,0.012293828547086622
111,0.011348157184082976
112,0.013894645651340538
113,0.011670128750254393
114,0.01205136630561273
115,0.012776782248194472
116,0.012862479524598902
117,0.013499749708196222
118,0.012900558045600105
119,0.012049301478324559
120,0.012934278805515793
121,0.012901826679450541
122,0.012145749828739356
123,0.0131501645337176
124,0.011234909114038181
125,0.012287978146679531
126,0.010725576108202475
127,0.012790580019825044
