18.145832054013145, -11.086730672356092, 4.4931517707721165, -7.564741254926944, 8.392418955630864, 8.273132283011517, -8.25919556746016, 3.136851097074087
10.719537289029823, -7.349541447676676, 2.642847680575084, -7.694674561125974, 4.383000603046975, 4.830734143204648, -7.906679110793509, -9.564551214999621
1.3644665442595172, 11.740661178180124, 3.552124582817252, 9.428684344883717, 1.0950216421765742, -13.880140508169669, 1.0758601955519316, -10.016972457709326
22.52153143268313, 7.568482023267071, -0.4141154132796218, 13.235551541508329, -9.319285357836621, 6.518383400831111, -3.114527765491755, -7.37356508193718
8.753994757660518, 6.460603502239865, 11.348103214413282, -6.946134402893304, 0.949129724925724, 6.820167441111712, -20.094943586851116, 12.842574999954042
-1.0442942304518996, -17.284283483540733, -2.800936190893514, 1.917861415534736, 3.880741110300104, -3.388521459722126, 4.589147099413175, 5.725067598341363
-2.645023484926749, -18.838677390080434, -3.995985928450286, 3.235725781455936, 5.73732572675795, -2.469467913718796, -2.7808301777273137, 2.868085774980951
6.247208140853292, 8.214509239197925, -4.049035235911589, 5.983844964933734, -16.816484838484584, 19.03654930379321, -4.80310076031448, -5.941440837515777
23.335861303047, 6.21111630350377, -4.094812662152607, 7.725301380237783, -11.987526989504254, -0.453896940702895, -5.91110503171567, -9.313521611599134
19.073768726802477, -6.617061864372696, 14.151778583682663, -8.318712341556985, 5.4743196703182715, 6.4999360270756394, -27.034111221880472, -4.813168248511777
3.8893621796060804, 23.751125938501048, 9.84731690612281, -0.5448885984620802, -1.2584646389315095, 6.07515229587486, 5.920124428590314, -7.900687075361225
21.345996908624404, 2.5276628922307607, 8.72954414775668, 6.371962241701944, -7.223866583075612, 3.484337839304989, 8.284140134127567, -4.185822685986543
-0.5356725393619668, -6.5763758600988265, -3.311072149243728, 1.555281052176489, 4.546488412912623, -0.17751355858191786, 8.184622496580747, -1.940253967842338
-0.23985771218418694, 19.84818875602366, -9.938948985486594, 7.976091137660985, -15.748079014535518, 6.982661753802088, -0.7947223851019474, -9.196152082174097
8.45471854978032, 1.2798270752070282, 8.578325671633197, -12.2809038754678, 0.9620360210416155, 5.8881464760563995, 11.28054449797989, 2.421781831571495
18.03881139905653, 3.174364627303863, 14.748315023039142, -2.8236803800927035, 20.151262246933214, -5.9857451884419675, 4.400572113121376, -9.616216363258282
2.749792992960477, 10.585007725013092, 8.351948193886779, -6.415626677777804, 2.892811203345823, 5.291187172734512, -18.276045085811994, 11.55923563461893
-10.936987216413314, -12.656651784277319, 0.8590431303763317, -5.93337922209971, 1.5116318315669441, 7.42628444880609, -6.385560691733608, 0.4525955847668237
0.2259506365253081, -3.7483306915660375, -6.144552525855774, -10.398407742492825, 2.848581972037255, -1.3995406883322983, -1.6110492101587903, -15.32942969856093
-12.143588136595097, -5.227266194929651, 9.66794717639532, -7.482287150550469, 6.910285651417188, 6.116304875287586, -15.940787242502159, 2.761143294565912
-4.871657879689489, 4.4334393999796795, 9.959819333927928, -29.64913433339934, 0.8972192470826119, 5.177758298030855, -7.6239395572102575, -8.17173774063267
0.09413846586934804, -9.380253176553042, 4.6262664306057255, -3.3724812594259452, 4.740552475925166, 6.297317165800207, 1.813395006251585, -3.356972608606635
0.23856870243559403, 1.6802942889316963, -0.8499455563181441, 1.5878004990248904, -19.31188907823578, -10.6034747403038, -4.558401142212762, -9.053652782063239
6.514000982748124, -22.738074816834295, -2.0569161202849218, 1.5152610212807887, 4.657310757441811, -1.4003788445388177, 9.595801636897587, -2.5207492034112615
12.487270700628889, 17.204819599814595, -7.662360481143139, 5.5553276547470425, -9.49975542407173, 14.036803358538267, -0.35522591820329175, -9.528175606442286
1.3322365913148275, -4.791273716513377, -3.6705250829106815, 1.0735125693247745, 3.2685002719968, -1.169637686162655, 2.3092350081384314, -4.168841268568972
-3.2220362429088656, -4.103557133202727, -3.630278735744037, 1.4262836032987685, 6.3263509911934115, -1.8216399376928716, 3.991614736720805, -3.699880651713323
2.262775286888485, 8.674735884535663, 3.8371406722073482, -17.264029653122687, 4.374500691272699, -0.43695833520227684, -2.27441746839403, -9.091021598249265
-3.778465665226694, -18.23260358257501, -3.7567479018714978, 2.5059504644530115, 4.209013972241828, -2.5485979522185715, -0.21031638333457803, 5.375047970194954
-5.367126695897647, 1.2882475563973772, 14.069759288412019, -5.688012718175319, 6.608373908776954, 4.830155225142297, -5.336860244281079, -2.3182960226069076
0.15513969964496066, -0.596339652494712, -2.7841314807967064, 0.47219463152627617, 4.7592236118652895, -1.6405165914201976, 10.91375200221696, -17.042332167297523
7.197378992524803, 7.759109552135092, -3.563964750783083, -7.645671270402347, -3.962202968422952, -3.7717501435284873, 0.9549275600976634, -7.688655225568232
1.8478185068774318, 2.307377046360279, -3.9569899720427273, -4.528714046994997, 1.2438505227119192, 7.417123453041872, -10.58982905501776, -2.040127001285942
-6.849273814602919, 12.008895135818582, -5.055257915142917, 5.698252949718239, 8.775106586449835, -3.5266427421245607, -5.815335445796962, -9.102556469072395
11.581946116339576, 15.08545906890809, -1.3691944002219412, 6.903222756922121, -15.883651676041596, 5.801671296272743, -4.439290884398256, -11.803427870585256
3.1379900688608484, 9.484669064081729, 6.201284359667053, -8.951172590629307, -0.823653491453954, 1.6930965722730624, 1.671011561736679, -11.31542233004983
6.805887701728268, 0.4476431202839306, 0.4399805030225288, -4.98481801339154, -23.220192756401634, -4.2191873674497025, -4.271754375481593, -1.166321765601733
-4.3451448462475515, -4.130509481759983, -2.1818421698155674, 2.0468494081725463, 7.040620578296725, -2.91482392568394, 10.50487134411712, 0.4456580748921226
10.558753087990524, 7.722731226446006, 3.3158733308030177, 2.348137119559482, -9.984222231497546, -5.1008488955331295, 9.739357843214448, -21.261118530725735
3.1811456681498593, -0.1981775481480037, 2.3925536500366116, -5.546768255632947, -2.6145115280467506, 2.9699216413627076, -11.922809289191266, -9.791332122990463
1.0597273526081281, 16.398005203556387, -10.301551001781071, -1.4181467587948946, -7.112719101203777, 8.95924113178041, -11.839638988466735, -8.298023977210768
10.39441657265199, -7.328608298150919, 12.238451324203222, -7.00254971449975, 5.697782002983281, 6.240704949965019, -13.781193739283067, -3.7997148592491703
-7.916591199235677, 6.428239524725599, 3.2459152509348033, -3.7942515953986127, -8.104074697416022, -5.202455635774367, -8.666542517771973, -21.662968472650537
6.266513479819134, 3.294062660502205, 7.316745338672017, -3.59814571209263, 8.36220399172732, 0.1642550366608082, 12.803621130234154, -7.115548181606863
16.133268780252717, 15.20663102177707, -0.007291621626359171, 4.120230219648608, 5.851181288553773, 2.3521824506094022, 4.876576942082693, -9.998832072091416
5.567787870708214, -4.844904659952033, -4.701507593666421, 1.2707506149862313, 5.0138947692689495, -2.5133052648337197, 13.480291104887515, -2.1938003671943647
-9.106471226675525, 4.12078930713676, -2.4273380671080433, -16.834507771181862, 3.36387578893267, 2.80857486537684, -8.816768500022206, -3.072304086559507
-7.225181161074799, -5.433266601362134, 14.352633160019018, -8.012978365164674, 4.348292885385652, 5.9061999124359215, -9.144720354607859, 3.331429073218457
1.1476207373741167, -15.063822204165845, -4.050580280106013, 2.0737411466176536, 5.687189254894144, -0.8063122245758176, 10.45983796883418, 0.09765394727488719
11.199009168775877, 20.79206354336607, 10.031383163378072, 7.502857194476951, -12.140687755669406, 2.218370646565799, -4.995261032886169, -7.007245332567847
-4.813447064811815, 26.55088317372922, 1.7016331694349744, 8.173616330194665, -10.585198033657067, 12.444555335954634, -1.5420230937531274, -8.109695252920304
6.706951528881654, -5.886261590884256, 24.271717170289733, -7.379722727274395, 3.7807123048734255, 5.448561779120391, 4.3476857163564855, -8.159899198290535
-4.43888573399296, -13.872397356062567, 6.896592193067721, -6.780733244082687, 4.277672868740524, 5.802294853021611, -2.642063795070663, 3.8916252008568164
16.682333979741646, 2.419298704550359, 5.533337156178549, -7.232717156930894, 6.624914076625789, 5.0155952642793045, 3.83137137979139, -5.3646874128832405
4.1729326942627765, -1.6441005249739167, 7.77318899835364, 8.092407804110898, -16.093226096086635, 8.583002706249703, -5.082924143713239, -10.22192001265052
0.26108556187380716, -25.220906739914355, -4.471164387341108, 0.7328364471541786, 6.23539993567524, -3.293971179735479, -0.568505163937969, -14.819733279251075
-3.127185693632475, 5.486996400653497, 3.2274350730794827, -8.475821361195568, -17.067917044711454, -1.0592640894612495, -9.606572557674344, -11.683778444777474
3.641982171370717, -5.7174630782512015, -0.7782445550684005, 2.162370988070861, 3.4461975409925674, -2.4902318542209243, 1.5393029472286983, -5.742287322363323
8.2399873259857, 15.66254753301543, 0.6010858991219669, 6.378118865252948, -11.999675791325135, -1.662773846586851, -4.677990763064851, -9.367264932259712
-4.309161607965805, 9.956041190344063, -8.347574354385102, 11.289464371667481, 6.196008359791865, -6.376776731932679, 4.2039074333514534, -10.010403732727443
-3.5520270242915535, -5.339267808214973, 16.92276249424522, -4.460063583482404, 7.14038739370174, 5.010379521210698, 4.596151077584729, 5.560291644186123
1.6991541979997378, 22.875143821489836, -1.2440628879336226, 0.32923117599601337, -3.5764295154918493, -0.9122810703944048, -4.148364061985494, -13.147373973815744
10.062917678501917, 3.014316044846531, 13.07871134452785, -9.655053242085865, 4.685080488858046, 7.496146377846819, -10.181732365649438, -4.113288547307156
6.435909307703522, -1.210431594646417, -0.14316948732314216, -5.225272895052808, 3.4137323892064892, 7.680017928910795, 1.4208675147307517, -4.167142140848011
-6.160411944364185, -2.456491981218596, 12.852228060963292, -0.41080680029239947, -11.104782243347682, 7.136853001942422, 1.9906504779446714, -8.05966503987665
12.738364492074986, -4.231693875564442, -11.36103203640458, 6.775366781424665, -9.694846249426393, 3.638607257589361, -8.256437050507778, -7.0974381468834125
2.946275360706175, -16.694333402231855, -4.04030688240137, -0.028118246781231315, 4.808265414181219, -3.677098886761545, 4.8666695738196, -17.104596570619
-0.3714788523992949, 14.417883347012609, 17.604491551260555, 8.771310398187218, -13.692586303471863, 6.198602493509416, 1.990138460488708, -9.757352648869823
-2.862537899161919, -6.153338794910745, 5.274433435035437, -6.640344770665709, 2.7489203750938698, 5.341464832221045, -3.636962341944464, 7.134369262607172
1.3080665977799555, -5.236252448468978, -3.4884589700192468, 2.4935508826072645, 5.970277007841585, -2.633087392058121, 5.826627793772346, 2.1527647699710393
3.5384484738465907, 15.408013626979002, 1.0093062545334262, 0.9755408674837565, -3.720240249627576, -2.1439063937351786, -10.476980505675648, -1.1542548706510747
14.97122153123043, -11.218648202993128, 11.599041130638605, -7.168781119603083, 9.43706450701393, 5.397331356520026, -5.942284638757323, 2.5247534088605814
0.29303415142470746, 0.03752262827845598, -5.532132565792896, 0.15998468990848247, 0.8134805500832858, -2.771568948895001, 7.960305495160245, -15.36638434015303
2.126963305797026, 20.532385416877126, 3.0011182321939094, -13.509960707018212, 13.372750076774455, 4.108304865758274, -6.0461240456617045, -18.515249902196253
3.175480543266299, 3.8158576201631345, 14.85013963810188, -2.461948332676257, 1.5397505588316123, 6.745459592306482, 2.173440503558731, 6.750139385968315
-3.1939009529658926, -6.588676540534042, -1.7542694559136718, 2.009772891118555, 4.489527406755489, -1.269360956924633, 9.061191372739458, -4.797067100714401
-4.899497887192, -8.182917993443693, -2.8943977418064977, 1.4334266902301316, 2.2172202866379225, -3.3745604366277826, 6.794871160833664, -0.3039209234593647
0.11184648664783392, 14.543639480373928, 19.864478173676225, 4.487723862367687, -10.129457902548094, 1.6410486703631673, 1.2497646475139028, -9.12497548985615
10.157566937827728, 11.753825574113371, 13.609469700939888, 3.750634463430604, -11.392634608399531, 8.316720249108894, -8.31950649452921, -7.210875104255184
4.885783483164533, 2.16478183329178, -3.8330744182772722, -20.45168912267053, 7.585219976246481, 6.215964213885064, 1.6482286478603339, -2.388568012554793
-8.050010360189654, -10.763219412431006, -2.3588412104213115, 1.2995780837510136, 7.622187072752651, -3.390813401586788, 7.964812627315287, -3.2495149492439555
-2.3990038817459913, 3.1636735049897453, -2.1436609767492163, 2.5175834938543336, 3.2051617186657775, -1.4107492014523455, 3.8362250295797047, 4.24606206747209
0.665660430443628, 0.9695876398773313, -0.16566143081942641, -7.319243163329044, 9.314806018981972, 6.973482842491183, 1.9221664595666832, 0.8045155305436187
-2.6484201330745005, -3.635451692753466, -2.6985525120786913, 1.7170548704561097, 1.7207014122772326, -1.996397256158545, -0.10351915823761804, 0.9952703327624555
-4.1833884244682285, 3.4656626647456115, -4.116953273699804, 1.8389040512513892, 4.380155365038874, -4.9613496080317425, 5.450448465203472, -14.501180135139322
18.629070022338816, 2.771588188963446, 4.176343927429189, 1.6043280888191043, -27.319592495481608, 1.9084420691166644, 7.483773787621693, -5.800152388835625
-10.4726664771277, -0.3462543443621202, 13.548731808501469, -10.14420530889366, 4.740875878772257, 5.978935365086109, -1.2922793451714614, 3.4832384458393095
5.897238781662004, 14.854972680336017, 4.26620866883674, -7.594346223832414, 0.6975959052179936, 7.491626823416398, -11.270406615096515, 13.250533081841283
8.092085598821837, 25.58182510691242, -5.284231554031019, 11.094406950992738, -11.124411796117565, 17.84422951040203, -10.863497257733078, -8.876680245018623
3.395782424123239, -11.332257051355644, -3.477302768512242, 2.2588088710430188, 5.060820663914638, -2.7860547124809996, 10.28854507168632, -19.7313590978684
4.692716028847504, 9.453310830019499, -3.8811170082489594, 8.908840222402938, -8.653253263134625, 0.30144630606351286, -4.544278993045578, -7.793851095348511
2.8387296436857694, -13.570784993954359, 11.326586866326272, -5.308890316442214, 4.389123508807905, 6.8118961569268635, -1.1218960214311116, 8.294659284340378
-8.32136550980031, 37.09765151899984, 1.2472773226822913, 8.085164746255678, -30.739520955191885, 21.481785359336442, -6.074807010286089, -9.98038761608213
2.3053134686828485, 14.987212523326956, 4.6141461894945355, -8.731980379182056, -2.9971004545957913, -5.114194230537582, -2.030280225449313, -17.49707493030332
-1.101314885381659, 8.566374265020391, -2.419557966540288, -6.240188242971998, -9.363942460480459, -1.9468964825159336, 4.195286143004809, -5.356754495125044
-7.222001264745321, -10.300389527770461, -1.9014965569525064, 0.5672646865570221, 2.61999456709886, -2.5128666782952176, 13.92623994872395, -14.948477284386557
-5.20324997438927, -12.993679093421658, 18.315882883651714, -2.4682308303799028, 8.325263414968843, 4.934672031068381, -1.9918086492679352, 8.157858282030183
3.8904451329037, 2.973500678447948, 4.3732128746981225, 0.3615548453556112, -1.672873360097586, 2.804783601453382, -6.399921769277674, -11.281602678803544
-0.8633635117910572, -8.373995691705181, -3.2551793655190338, 2.5041520771315944, 1.5295115588474775, -3.566489738994157, 3.9637576807230617, -8.033909067567834
7.8771530918476, 10.46788248118148, 14.153835269199615, 6.390144959320289, -7.718311873474673, -9.344649850269526, -2.492387556675987, -8.542894583361377
1.9024293694666559, -2.8910733788949963, 11.494852252223222, -8.44431055990569, 2.483756185333225, 6.112097230082257, -9.52419572534864, 9.770327956235402
-2.7753761529833727, -13.67244126212129, -3.053992583692042, 2.592793007282366, 5.47686461565335, -2.878919137722888, 8.473066190151936, -10.1849362095135
12.020182398715574, -10.08094783300513, -2.6886217815861073, -7.449341358155599, 3.974360148566767, 7.136922900920535, -11.163913569207619, 4.871903972770807
18.35797313524781, 18.190771957820246, -5.577745703256295, 6.991251333117685, -3.058801800193892, 3.8204835923241927, 9.38351199450763, -6.711525770385688
5.735881273858899, 14.08380553809785, 5.780494602459892, -12.04780619354534, -2.0595945864012757, -2.1856216163760727, -16.212351170267265, -9.642636646204991
5.274144180340353, -25.761150577917363, -5.836662683931372, 0.6622662123423027, 8.826202532394877, -0.7517063307789802, 6.629514946013174, -4.303638420821755
-0.9469242354425811, 7.913354528030084, -1.2903145132108684, 1.3872270530174022, 3.4368493176957795, -2.950886489951422, 0.6670476786421562, -9.950763459023538
11.932755631339127, 31.311684737871897, -0.325345535586617, 10.073908518485137, -14.472002053251497, 9.17166241867984, -1.3451283021321294, -7.9242052290426575
-4.0298047920931275, -17.092332557343063, -4.330240722181492, 1.5154085128478698, 2.1452658746178477, -2.578882121208721, 9.571747272005851, 1.6095512034906507
-2.619532770255286, -18.2912417071255, -3.618591996791378, 1.0400708167143982, 1.0332702577003343, -2.2980451217617346, 2.1086720798878424, -12.628150016264595
13.365821899290907, 3.0135624974289206, -0.436937470883612, -4.04111604636042, -4.110564485825144, 1.1186751995476623, -7.486869707086161, 3.0834267580887786
1.814645464911477, -4.01030931468104, -6.241952450475501, 6.022271584882983, -8.907581397853088, -6.927004053955422, 4.591638366007666, -8.357505496318073
-11.001800607448493, 15.559867762349246, 7.729861105313175, -6.322113063680234, 5.133292482681452, 1.2980320666961083, 5.873405578461018, -13.755357015140355
1.951343956130161, -2.5079678709464774, -1.9813025554098758, 2.153566297776647, 5.0913274751574304, -1.8714763321362313, 8.68458376414531, 4.71055078662933
0.8265016415242179, -13.850037453491879, -3.8878272718831743, 2.6447259419332005, 1.2675042640469312, -3.25326261445353, 7.400040389269908, -8.510178122090759
1.6392824551191716, 4.909592950736255, 5.2030223908264865, -9.87669623353252, -5.292443924641825, -1.838047250514105, 4.46531900482605, -14.52753800515396
1.0923233698332642, -12.699626245944952, -2.33044896203471, 0.9542951279943922, 5.499150818769915, -3.5468545000342964, 13.123334069109557, -4.692822325861952
4.561402568686351, 10.276638624811365, -13.642562004359313, 12.962838614372103, -4.129102735055277, 2.6796175320418216, -1.7276963856637257, -5.281730233689994
10.102591765867484, 11.794700164304643, 2.3358972317906463, -0.918879709111347, -9.302393181361225, 16.62219217795485, 6.266612365544803, -11.244146559984475
2.2742568425216128, -6.466817992972328, -4.842492329345511, 2.3208670416722903, 2.7234649502900217, -3.48191824347976, 12.577598192319407, -7.110755219664114
3.850948398675275, -6.422497018089693, 6.844988066273863, -21.635089320854654, 2.4339061005087848, 4.585910575156285, -13.40293281024807, -15.973079471121125
3.9285883530957575, -11.951887148022818, -2.103145010754729, 1.450143164459221, 2.369325917463742, -1.9489866719467037, 10.116509639351246, -11.069076995653313
6.519450980915858, 4.340851988870294, -4.210771707317675, 3.0087816675716446, 13.189395138054888, 9.858008260039163, 3.5264565183576826, -8.041656820934866
11.063813555356447, -5.807678476990069, 1.92267503133104, -7.5942789312241725, 6.580301624361667, 5.972505958076078, 8.021061600033937, 8.603076099524024
25.032199196485188, 12.482645590129241, -14.391371013476551, 3.709019289967425, -9.019320422812115, -6.76337710874175, 4.3417902788941305, -8.34832467882541
4.1318275946980485, -10.63308563192261, 5.052464166674849, -6.349995238304404, 5.758070431632692, 1.686902271454041, -4.877404669535949, -9.953445392167946
-2.37769932927798, -2.654087782658322, -3.5209237876955846, 2.1065283510459683, 2.8888152786814763, -2.942109973437804, 10.375129650252813, -6.255258550531411
-5.366424264850696, 17.949441710296693, 3.8168411422313926, 5.652816029212952, -28.699513457831973, 12.71578224042716, 0.09793862520176799, -10.234198666786558
-1.0409721223098638, 5.53060768890793, -2.919424224010269, 1.9617448299144984, 5.670746109592367, -1.5742834685874705, 8.170982885691314, -14.210786326511258
6.293801215859822, -1.9204877474544229, 8.382981117473634, -3.2590185120924438, 4.077392502310328, 5.6444384761783395, -7.930564657884986, 2.8218463153346525
-3.118787287772479, 14.19266659784308, 3.14642345932263, -6.605391053821245, 12.460480473954677, 1.7738668692157096, -2.361390000359513, -5.43384171820502
-3.298945987320846, -2.9450422692651355, 7.609398104141489, -6.2107969631470885, 3.3148927512838853, 5.99063591454121, -9.901970652419102, 5.76966375201506
-0.0028346582238132356, 0.2154982656857367, -8.169344598399327, 2.6202486595763412, -4.560411326100033, 7.7523919582635346, 4.270006622744311, -12.918143851160716
0.08435195896040681, -11.457580005864365, -2.627858291061089, 0.9356159085552608, 3.930086254641081, -0.3080876926360814, 2.3754156666742476, 3.5011876448739994
4.780682596132733, -3.0902640254533003, 4.731578537121262, -5.530661943128159, 3.1104857333240807, 4.771981575148921, -12.723341563465148, 0.25812193415131574
0.6131293161559219, -0.7025829204087994, -5.247584371474363, 2.1340266084761685, 3.712441051680633, -2.0856785890982446, 2.7684358549338848, -3.960537548695381
-2.3795655720901077, -11.195444292177804, -2.9181510531068025, 1.9739599723277659, 4.245218936945579, -1.9900576457983536, 16.954465790670856, -14.893003162469272
9.855095028080738, 7.835749734792325, -10.476101288186577, -3.7264896004966226, -1.0388260737200916, 4.14742353170543, -8.309586429098099, 5.854363029321139
5.324699478111005, -2.0872673195128755, 1.4889117781534886, -11.833038308496041, 3.3510783184594417, -0.5110793522304109, 1.4393158711374654, -3.3593096299882124
1.060525102989404, 8.77755177571937, 7.2058407760119385, -8.602991376149731, -6.060360672165618, -5.6352023234641715, 5.111164571823271, -14.836064130706852
5.238269463957088, -0.5548437342638524, 10.736181086991381, -0.7597331424297762, 4.277202470162909, 5.4976119310050136, -7.672143128792701, 6.70383705879917
1.537707120193962, 1.5713379046523164, -3.885510507879709, 6.97065106541243, -6.3569922044029665, -5.348886556146858, -2.4121435036030636, -3.826539586084465
9.45078272255504, 17.70188650423038, 1.6641914892686132, -11.71002484577689, -2.950202890799549, -4.8521993959473, -2.5376027567272166, -9.393030105376424
-11.349484755150975, -12.53266291151359, 4.9135350184592275, -7.210683637799433, 4.854428549289407, 5.493922840965196, -10.369303288168208, -7.482620581165129
4.742207266900866, 7.314814447779725, 14.82910343188894, -5.011418875846385, 7.97943088695145, 8.397637785243697, 6.821444348646789, -8.82597754048432
5.831204568794066, 7.147741973671053, 13.48664454194396, -5.711467256736504, 3.629966728991415, 5.097691570282825, -12.922991529647547, 9.22788933347097
0.09106533763304003, -15.658594113354622, -5.257799561232647, 1.9611198507365972, 1.5827414701158014, -3.301151997552874, 5.180551720529677, -11.94585438957644
-6.216068152309899, -12.686543175694087, -4.741573758144685, 1.9002319013226006, 1.4444049575848346, -3.3802469754744853, 6.547115615370755, -13.189124017559273
6.299009538416354, 26.567085786754564, 6.39758313170475, 6.899957678058905, -10.408956159845008, 0.9736647643132654, 1.9770004781375667, -9.394620984268673
4.388242272176871, -19.527222521155405, -1.7297396715543139, 1.7449192645745484, 6.152737120966242, -2.5545837692670457, 5.284869656086534, -8.190472181436428
-4.601321418217003, -13.695201591888205, -0.9099502270386659, 13.669290542983353, -7.035446579823696, 0.7686322082558932, -0.2825049148219523, -16.85542235823434
0.3984560561737289, -14.89387313137561, -3.2547041631405627, 1.100736475815402, 2.244063627800145, -3.5717206577082985, 4.597000440815431, -2.337564977782641
-3.3527395783256555, -8.671523817314133, -2.8000876252899194, 1.543084411819516, 2.6563598727495887, -1.6962182690784546, 12.389819939852574, 1.3137395433379249
5.412773270463221, 10.477489041233138, -5.687074899678761, 2.530520006832679, 2.4065346304890647, -3.1167789431424557, 4.871150213778307, -4.344160134477426
6.770997994766345, 2.794501934922101, 14.665027829395484, -5.934982572753505, -2.191850889914236, 7.3555713377687475, -13.25108780663797, 16.782966625189456
-2.6199554152109794, 0.7363300158787363, 4.5943119878974095, 0.7952618194655665, 16.029008984735903, -1.0872746398649635, 6.021421664792102, -12.235505179013353
-11.658188171531885, -1.7274276910272646, 12.818996749020366, -5.265251022564321, 3.1226517377330243, 6.073611062550335, -7.07894258529279, -7.620156788988281
2.808088595439388, -8.670838051887625, 3.9100867032052573, -3.6148475971964142, 6.319515410614832, 6.728828448271106, -8.31963416399535, 6.193777369892508
-4.093524915225895, -2.4413986778044428, 11.701271581964745, -9.70535527264227, 2.67745043128442, 4.964838780826031, -12.995698179770729, -1.9320733386501354
7.974905153358307, 8.98772319948038, 2.273374115850683, -10.026542269749367, -0.2563496588943024, -1.093123078024515, 5.187085273990739, -11.137611837576276
-6.796727262658111, 10.593812393643416, 11.756633324063523, -6.7846708651501055, 6.562657034853409, 6.66580760262469, 8.28848967198657, -4.4681049766005465
4.850270819979874, 19.926309369244215, -5.606671454977336, 5.402528330692419, -12.447972847441962, 1.0990188363527513, -6.614025632461619, -12.412190413454109
4.862957095893109, -16.614760815483343, -3.165630176743295, 1.3212348165886718, 4.681646085132531, -2.714108477114098, 10.325877416242834, -9.765492777600242
0.4629303404714342, -9.953298680651702, 10.538705826082616, -4.676793142131399, 1.9892671149550634, 5.961497232045697, -15.97291773486666, -2.046394135578128
10.604800733916047, 1.5024520975963807, -12.303505660282521, 3.4166784724097052, 1.28080009464571, -1.977146726059618, -6.199044794089862, -7.587834673589426
-9.898721536804338, -12.620515008257845, 4.431492023448003, -7.990067571075454, 3.8779754945535725, 5.7328497964121, -9.621815086773168, -7.916447429825299
-6.4728442675482665, 18.266873408303127, 2.8179033892369243, 3.8972854525004537, -9.758976564058706, -1.686231523191951, -3.6538202848483414, -5.881837364785799
3.454565577154236, -4.22269563610283, -2.8712922369684932, 2.5041339324512153, 4.283546179944437, -2.971508657788056, 8.631502919377496, -13.916587665155818
0.7636500151810859, 11.807061121184336, 5.843402031398854, -9.91173293600012, 2.010467246570397, -1.9236123423168205, -3.0853011248755964, -13.074423923235123
4.4327862953568555, -10.024254335305276, -5.449641099105566, 1.8610796816754673, 3.5047600835807406, -1.8244867436350827, 6.686828788194345, 1.278233306731786
6.279982860923121, -3.2513759991818247, 4.656809226925098, 6.846311999135251, -4.9855077032761175, -3.3047695871265423, -2.23064200019342, -11.285168975389544
-1.0875115209531199, 1.5267445180084938, 17.610010789395506, -4.315472156643592, 5.053825750532054, 6.613092590574739, -3.3999522922051284, -1.9172229913745031
0.13911918706408333, 23.119027093434404, -0.9382247960658733, 0.7292558131256515, -15.483035350493301, -6.8816113450199925, -6.456727966380007, -6.107652964185686
-4.856945946771612, -8.27681482238328, 5.345582819061969, -0.425911571743784, 6.372182787672553, 7.1305465814598925, -4.1457590204642685, -7.677101126187804
0.5555166252972601, -0.20785236149849062, -1.278403790186608, -22.882306170886487, 2.327382422149438, 1.2512071535301361, -3.0511730417424663, -9.580078044758816
5.900657281183557, 13.556494564681138, 1.2813076296517238, 4.3380075033635865, 3.010176121919935, -11.562910184318945, 5.684409936129775, -13.703775719693873
-0.8814912605493117, -23.232393567452092, -4.80089027843977, 0.9847591386839564, -0.8229257914651278, -1.5113400885989485, 1.918042278024842, -4.883467502284315
5.870227194763538, 11.213746007487623, 5.21426306990237, -2.4827939707262257, -6.267032788597154, -7.07921554273603, 2.052400025415603, -8.19486798708157
-2.3888307822113286, -3.8268937865797303, -4.251128459523462, 1.4750897941467513, 1.6466684610902003, -3.0995201446573417, -3.7893124178107254, -2.564171547230469
8.793923262781886, 0.41903656095797626, 15.937910930119319, -4.929829346421827, 1.1139281872851252, 5.566261715283134, 2.962046545259752, -0.2698215195819358
0.35686676503158754, 2.112272049882165, -11.508453601381975, 5.910725913717801, -11.688562607216276, 4.985881202425492, 2.501219660987139, -10.62436987255166
0.800145975586241, 16.825520102064413, 5.571897047172163, -1.3356167704719892, 1.2849113296145533, -3.015670412505791, -1.809443186674436, -11.37324164720276
24.250147869559296, 11.864136153397187, 22.225277094546716, 8.501935405579975, -4.836326607335431, -4.599532985906989, 0.7763060145021463, -8.560900050962896
7.987136034757507, 10.150000821836745, -9.231401065010084, 4.300075902697136, -23.204493658258983, 6.32197576912752, -1.6018898039426621, -10.394906899058885
15.14995587049444, 17.669825582042233, 2.4588675450920876, 15.969900526670374, -10.461519756339525, 2.19173849069254, -3.6517614474844113, -8.576736490552372
-0.5332433483448633, 5.7287173196029215, 12.046281393258482, -2.539445169129364, -14.977925265115768, -4.2709647997037035, -3.1180143222581287, -12.480527219830222
2.953092482567658, 23.573379980804198, -0.6867241906065913, 5.167885929473183, -5.518752805582087, 6.6223071869719865, -1.1237005640970064, -8.748338405078554
5.275405679058702, -17.005750825098993, -4.477014545779618, 0.9239799115049211, 2.7770535893703423, -0.6650386479719119, 8.503472601347255, -4.145846133768881
1.5553401863970704, -7.286773228019161, 8.56588529511607, -1.4684457190197655, -10.515420970839912, -0.42764208161402106, 0.3381869566319966, -1.3481444193638534
10.170707212428049, 2.101614583901498, 6.757489933789511, 5.645432056983569, -9.753020801309267, 5.883104129838639, -0.7386966611507821, -22.24026402376348
8.624126547621033, 16.10442960263505, 0.911083543331791, -9.110982091664619, -21.951897804283945, -3.7274093136912945, -4.717868362313436, -13.84328623866058
7.454603553291147, 2.824774683885588, 13.693511221927345, -0.9268892756307316, 8.132154288082463, 4.557253846410812, -8.286635570626869, 2.2183860540536937
3.3700110710931317, 1.3633455512198154, -4.017708660860943, 1.5217454195378775, 3.224803363561218, -3.6786159700893974, 7.001835542302308, -11.908212387865145
6.289108906588248, 11.121570703781522, 2.2648502683345137, -8.74218111709588, -0.3518971948266969, -5.498733134158242, -2.193089166443447, 2.973286510689231
11.847209387351086, 2.8785386978661833, -0.15778232113913004, 0.5893269949549733, 6.8685146976274485, 0.29087662098236433, -11.000178336940063, -15.440935695891802
1.1088449790968016, 9.34207793251894, -10.049132886588646, -7.979218858663806, 13.585291536207203, -3.004910403702995, -0.9935844624793444, -6.651929201978296
18.17155290002028, -0.8793617457284046, 15.245890691282446, -2.6470194882312743, 7.136965230402355, 7.52271499188018, -1.402694599848957, -7.2812590875947585
-3.743142368911011, -9.435829522865713, -3.2806297965147744, 2.361229854693116, 2.3962793200545143, -2.818830182798994, 3.071887929722635, -7.323906362380645
4.227584455498587, 12.71678593544652, 4.357959186333097, 9.87912162042351, -3.1669091825536833, -2.327238927751761, 7.424411632819945, -11.02343973599432
-0.5768171163116689, 19.66471344063641, 5.577954218644707, 3.5794887319844704, -4.7401373147026495, 3.0396830529217427, 0.49188074533656656, -7.2238608583524115
4.791724462903388, 22.119765749895457, 10.52968997755652, 6.901848012130505, 0.890497958036252, 9.99661755616102, 6.26479898188295, -8.168605292613158
-2.9698615230432983, -9.406073961016393, 11.816441103592037, -3.1026490333803425, 1.0242205769024286, 4.285358705989777, -9.463125549798503, 2.1973534988253
-5.286636039992112, 6.5183505927188445, 11.577433400205294, 8.205270520886986, 16.755590264101674, 4.546386887673956, 4.527326886916837, -20.738309001689984
-0.32859296461553056, 5.832408727723293, -12.709423051481135, -12.109512832161462, 0.5817513135676187, -0.2774447619310201, -1.2993443672990637, -20.137153424571487
-1.2272709102434307, -1.9959977863153897, -2.7606568548306947, 1.0365177378267658, 5.9548550538233656, -2.8004830930100937, 15.41474877876995, -2.315742425604694
1.1149333096444431, -0.9772519016084322, 6.8185868938374545, -18.92758472975197, 8.601044392967667, -3.7433041023879765, -12.485989801432563, -3.0441418476351387
2.8086987010013886, 8.121218031770272, -17.729871684361132, 6.681988684153265, 1.9208014983448116, 14.62502379752235, -5.872511661232829, -9.723228946868451
6.810634598781725, 0.9448582181844589, 4.100769482123718, 6.098280861225653, -14.273247509277356, 14.182834982096848, -2.1006649848460293, -8.904115927404336
6.268830039684555, -10.992011791021952, -1.2723281877447672, -3.426751449248925, 3.2658826671902292, 6.170507391153713, 1.9340329582133409, 2.742139652698793
0.40531489030163836, 0.27166193527252425, -6.364982451526569, 5.0125807907549165, -17.55665925893306, 1.6625905621154877, 9.163271133832339, -10.349631767434524
0.8866446529313436, -18.433826549437075, -3.306950056437339, 2.710347432789974, 3.9426671841311616, -2.5886142238209753, 9.004228076714924, -19.73598798354184
1.7723527345819456, 6.811621940113305, 8.778170881311386, -32.353813040386946, -9.743750612363115, -5.498000233360344, 2.3414219439271395, -19.28899869738187
13.801779945869795, 11.892691468432186, -0.3025139794967999, -8.870779070013054, -2.5130609445354857, -7.426955020776204, 11.998603711774779, -5.86576685747468
-3.121902671171716, -4.1567243300838435, 2.939636143510574, -13.227332664107426, -1.843466715024502, -2.723103090507551, 6.4251700646497465, -10.778551164179023
-5.259994324340828, -5.015099318967396, -2.3050757244764837, 1.7222594938234799, 0.40045079450562193, -4.077050712857013, 10.762198562393424, -6.548125185993668
-1.9265609819442968, -1.6735412849118214, 14.172534651041758, -8.82710578278384, 4.552134812141828, 8.162051707770768, -10.809076607781435, -0.0842071539162409
4.718525955785566, -3.8497439831387084, 5.9903181797989005, -5.8722011119510045, 4.27326491968866, -0.3303131945226213, -4.934526242951624, -3.7092839212457864
-5.505913134427987, 19.35338846213405, -8.116637432816674, 7.041121121192473, 7.962353604434268, 1.5199697902980764, 8.159563598045048, -7.750459499177035
2.0317100009191216, -1.8265412910071372, -2.615724003508249, 1.4223642356838146, 5.210460266853995, -0.7354317674535529, 2.595712668572376, -0.43645903639400885
9.792727521454307, 4.9053726177657655, 4.032788924620364, 2.9917181933501986, 3.767233327003136, -1.7762399857678008, -4.172078621782639, -7.360368116020064
11.518672360802723, -10.763908745045354, 4.132427644246963, 6.182940473185683, 13.523842582696183, 1.5480758870343916, 1.199727206885441, -7.444665521927194
-10.185125194577843, 3.570490205280465, 8.765535333014624, 2.5329611223344664, -23.4400870197627, 12.412883527294792, 2.1399231981802793, -6.7355232801938
5.943393196453316, 20.935346203136493, -14.12824627228366, 2.266842919587846, 9.651130024340604, 0.473067565916905, -2.1735207139491948, -7.005065382917154
17.6712104643476, 4.168994460203983, -11.353355214057325, 2.768445283983143, 12.252635784630396, 6.350877628630064, 1.3851033790723966, -9.514123215008425
4.621771778804094, -5.192669854836064, 2.302736603584062, -6.265403819792105, 7.656768464015353, 4.8942094457438365, -8.961392588718478, -10.53707786452932
-1.063730562200127, 9.669737100263985, 15.720179371727955, 5.831212671906281, -5.719175274893452, 1.380240749222708, -3.025397098398004, -10.87704921490929
1.8740579467032918, -8.390508363585433, -3.0118783731525625, 0.45315833712634657, 3.8327389379339953, 0.20484832883368398, 3.8555554739845923, 1.6064861165453932
13.44177584424791, 4.889031670488413, -1.4251845527948062, -3.9785400826143724, 13.800559390195366, 0.4100023377279094, -0.3711647199768118, -12.967020242252108
5.846438883824422, -11.637353313069163, 17.622549009113442, -3.255041442925348, 0.9043328521806187, 5.911071938921202, -8.054696850371897, 4.266472505548082
8.189722014143602, 9.848060491859279, -4.739029427102377, 11.61471753703987, 3.6474877205511014, 4.8636507313791615, -7.149044743208965, -9.46938296492391
4.072378100226226, -2.499471143176388, -5.3511532813949865, 5.596780567165137, -4.56015799264051, 16.254522731431134, 4.607777481162741, -10.273809261584907
22.642015019791096, -12.683304043207524, 1.047133637597843, 5.724423888249851, 9.74630688558732, 0.906365511476378, 3.627979123431145, -6.595391024807512
0.622617444933959, 5.3018926449594375, 5.548747360691595, 10.816166786994156, -12.597610039400296, -1.4740520198650486, -0.055578107473794214, -11.43875738552276
1.9756235271143254, -4.013855241846713, 5.913155208637811, -6.0383897293437805, 3.6556515444652247, 6.55180085970154, 5.771560759327471, 5.8386326633211825
1.3959336269818667, -8.998004077914388, 3.250057117058132, -5.469957450645097, -4.312951979985012, 6.973491768640647, -0.689630822956572, 7.045442457065084
16.61827694944637, 11.744166240466521, 2.296416434419188, 1.1530871219947159, 2.2545541839185397, -2.8497193748130245, 0.8016184462296034, -6.928607687646901
3.2005045751651937, -5.748655011931323, 9.442408973978859, -0.3129021491174031, 1.7687470459862895, -10.649289290497553, 1.9609342242622265, -9.616653200674612
-0.38862230978127665, -3.184084216217344, -3.6525986742473444, 1.3350114279380656, 3.303223007183056, -2.875180292532668, 0.6846050983946572, 0.9912091005154524
0.4585881531336261, 8.013559817972542, -2.927020937514446, 1.012416422596484, 7.75977845302914, -1.9907702588510046, 7.780138658187724, -4.88302576441787
9.564818884042893, 17.158034975746794, 10.930789637531335, 1.1570155634814645, 3.5133547266918175, 3.622113047720088, -2.0644228507817806, -10.28102339227927
14.97436750918264, 9.266190748318246, -8.502519019352972, -0.8767172267459129, -14.621658234064023, -1.6262557687750059, 4.62168075299404, -10.936998941884832
-2.2664096246918204, -1.4528497357144516, -0.9697468249037251, -12.42112085177883, 2.693678505481672, 4.41483389423787, 4.061612351559896, -7.692605390863481
5.414686761495999, -7.365293133037993, -2.3103315749429125, 1.4240991127051275, 0.87909802567057, -2.8707091739381734, 13.709841501769315, -4.679283148406029
-9.394623519010345, -2.132212483073692, 3.1594912211372073, -4.990582049186224, 6.865697016415276, 5.062686013374493, -9.48135769690931, 6.231594367085206
3.6698418535632173, 13.253888730485645, 2.9840585587925688, 5.809461783006139, -7.6109150624968365, -4.224981345373118, 2.3306520971349265, 2.828308901421595
13.496931562629063, 24.23337580602179, 9.750613757155891, 11.516529629488787, -6.876324810493108, 4.229578552000536, -3.745645376548876, -12.747102913711394
-10.675500741324756, 4.287586590675526, 14.754483854013507, -4.740293440468976, 7.4142074187716585, 6.945008927691309, 3.9254377632350756, 0.6607444747621715
4.4696691464855425, -8.434350720844128, -1.1682797009345331, -2.822404089892211, -2.5000250301709506, -5.089693530609932, 3.995770827858032, -1.5653372230629703
-10.186043873820184, -12.150116834401716, -1.8604295577573122, -10.482386825084873, -15.483143660552368, 0.42177178845701757, 0.07975407770205978, -10.612316508421806
0.25791583682840313, 6.974624013142703, -0.4051670715282767, 10.605183033609014, 6.663317533836871, -3.237625771040585, -10.465998623900711, -4.785374217360523
10.893070255841684, 8.229988973200227, -0.3171591737887535, 7.6493355052847125, -7.664389452031803, 11.895061206943849, -3.340437700051039, -6.225235935721271
6.52478016026976, -5.950246866776816, -10.730890807587064, 1.065125925963689, 0.47778556448231946, -1.4124938235427318, -0.7129794723544747, -10.702053763077165
0.3133865339268649, -4.204109328947637, 8.453986627314459, -8.609255268125267, -0.014399748344185781, 7.264263329111011, -12.685442890723559, 10.214160946449665
10.676298362423726, -11.244875960329162, -0.34984205481973163, -6.0272505378391354, 2.994122423512429, 5.439188837455757, -12.98384168820011, 8.61149503766479
-6.044879211419532, 18.644151456767844, 20.131271014194944, 4.553732969219323, -9.801271684910548, 10.00360423114325, -5.812900792349129, -11.900088058668349
-3.6467603099722155, 8.753286197475498, 16.836816737058797, -8.622316861010749, 10.139203126226187, 7.972214518242373, -15.836569029007324, 0.52297627073765
-0.9886790073408274, 14.890684687912339, 7.1514176031041075, 2.044167513392109, -19.29752394756728, 2.2442893303933134, -5.256379087521011, -12.352512001919678
14.218047210551635, -13.668130612843083, -1.9400345410963098, -9.829665052713025, 2.8539404602160188, 6.174370338031032, -0.677140522769418, -7.680093957761162
1.000596529839788, -4.05664498551884, 4.635102671152203, 0.561776560331289, 2.1089516262162173, -0.8388680013114018, 2.3555893890252966, 7.581391710800872
6.185106301011106, 0.6427349097420176, -0.8084098365486567, -9.370755383227003, 19.22391362598017, 0.209671131443536, 1.4561033276201347, 6.14550196546419
-0.4995398381281464, 10.636921782385027, -2.367782506090095, 2.2910109090341924, 3.83886979812973, -2.031677203206552, 18.6399692773279, -5.274042558318318
1.2362901674215414, -23.727491406091957, -4.053283047347767, 1.9735168059575168, 2.7835371366328565, -2.940907396151419, 15.972202211163218, -6.575596326362281
3.0948135793994185, -3.5455076258198783, 14.618177173675058, -6.916130294653862, 5.397063593881509, 6.616856707619122, -6.055503115536702, 8.992125328105974
3.3924466750953157, -4.218437350011397, 3.391349528833007, -1.3235356085617536, -2.7982265846828764, 0.9560011958409336, -10.36851957616633, -19.732722087488256
2.6938111479159073, -4.815782288045131, -5.726409482230983, 1.9336749278956025, 1.7416876703840294, -1.4780511149106434, 7.968171236337462, -7.5773930888439995
4.349407622703508, -14.494348015082542, -2.8327538604021023, 2.6935633785264033, 2.691193056170251, -3.2640591916262065, 7.630635184467036, 0.1783263937506243
3.322899855658419, -6.819134645290291, 10.096420762538106, -3.715226786507781, 4.070810544525083, 7.358168284075613, 2.042714453995935, 2.140939332185674
2.7625738466423018, -5.223405964046022, -3.9591643503840244, 1.5088017947270422, 5.062248875352662, -2.03224702899561, 6.841062127635533, 1.7666549747120834
-2.6564781582969896, -6.819501379635756, -4.324663168079238, 1.8792461709002233, 6.795838858492685, -1.4764074441569814, 9.845323770810554, -15.988848121219092
-0.8818947861967046, -28.71651975387398, -3.0156727784634287, 2.968808329493236, 1.589482965574046, -1.5120627691188617, 8.028307337488995, 2.9918724267300707
-8.913565502308892, 5.490316431983436, -5.448592114053925, 1.730269475839612, -19.416615479985804, 2.7506393537183462, 11.378421003359884, -8.398143473584497
24.43793428053761, 6.068612558229344, 11.21223458773118, 8.03306905662721, -16.444838165684317, -5.412471113331095, 2.062363239906048, -13.935311475906126
8.771174045408694, 5.5517556076634245, 6.7756575759926605, -2.374510406807293, 0.4709962471386894, -3.9101589367080023, 1.8991336024149676, -2.8070058252961676
-2.585734254416403, -20.468124668072008, -3.7910644328909684, 0.8030818354717634, 0.24945264150946755, -1.8704181370053337, 9.63790966385472, 9.029413960030848
5.60284967720936, -9.826775880509443, -4.684788910421682, 2.327730534412924, 2.754024033999219, -2.2334314735810694, 9.41436766689042, -4.047262303415894
-5.907137287705064, 10.13529853406395, 4.633827938439653, 3.4643175788136853, -14.95328527863119, 7.076729243817029, -7.4319887430614875, -6.8884730182724
-1.1959020801613858, 0.7453573297613101, -1.7144682398414757, -1.234508849154512, 8.48890565445096, 3.2980004652892845, 5.93609958890119, -7.574594716000521
4.418831890988427, -4.647856824198042, -4.756602892013624, 1.5969361400148183, 3.2467024569044125, -1.6315020947405743, 1.4282294458184284, -12.175795096896852
2.0661246274687635, -9.914667497459474, -3.6772720780105783, 1.2331986812307127, 3.731589147137185, -2.460953796054402, 8.356786774194775, -0.41446586681207886
2.9012509460389397, -8.05656465322172, 6.09057580594507, -7.1886651399100305, 4.2624392853094735, 7.65263552183073, 0.5090717619696639, -11.22933187460093
1.9728270325557808, 0.6828234541308325, 2.777172318294301, -6.134530272173408, -1.980263835178707, 1.170286961594205, 4.270253292831352, -5.536368861391199
-2.4743596308397295, -17.028747717424146, -3.358864192850784, 3.001275689955228, 5.5076355863716415, -2.815536418326981, 2.9993950311929605, -19.054362028504215
-1.2414710055853853, -7.033884478534102, -3.2737314275033524, -0.030848663867185877, 3.985417268269694, -3.562109121664209, 7.888731339535649, -6.106625221718669
14.024966348143682, -2.7627820534575145, 10.042632747557196, -18.346747803956276, 2.5209638091626276, -0.8312282830499709, 0.21145625488141517, -12.558573855364067
-12.595740828057064, 11.739887316805056, 3.197199981911235, 2.6300087795325537, -8.74602901126317, -8.376901601739858, -7.52472053101969, -5.820637154770125
3.8632082436575734, 6.638888951204499, 3.139950115169876, -6.950942862139272, -11.114721273540898, 0.10814233635888792, -1.3956212906092869, 5.775409762462997
5.78030325082268, -10.984897194652158, 2.7720555419178874, -6.683860442115224, 6.499942712137624, 6.0478235612249795, 16.046394474553637, 9.880247516517011
2.585813999556236, -2.522320501682239, 8.655938402596353, -8.354496551058823, 4.959657729316274, 4.516611115515912, -19.147410266323718, 19.71564852889251
-1.6184929753413284, 11.963298826001573, 6.7633555783700094, 4.088901447306279, -4.096705312667652, 0.5894683825454794, -0.8231039066249259, -3.9253261458708915
-1.0884381712687055, 4.500057254895354, -0.5243061245354412, -1.009029328578218, -5.446348780829787, -0.10616832126022246, -3.5319723294964795, -14.017671210660327
2.785710637613321, -18.268821220642863, -1.7001681187637663, 1.7002120383011488, 2.1342231867124326, -1.5673626659576159, 7.134860006821731, -1.5470452123286762
11.588328229354088, -1.9313647088167398, -1.6457877557404137, -37.159700745288795, -0.3828802253505339, -1.0375704356017081, -5.814808410111686, -3.238822392902507
9.858313932950637, 5.808133691503436, 9.514058371479297, -1.8736149621269584, -6.127688724917847, -6.854214199340754, -2.809218525639845, -11.662474995230633
-1.4927184335964312, 7.899841748227033, -4.7626267027527796, 3.3651179557798607, 3.9384921095409204, -2.9314309330752573, 2.966031445594005, -9.1772183882913
2.1144645325168034, -4.476999805955044, 5.378663063950642, -4.102604960960336, 1.6762000981692693, 8.84102984002782, -9.996512369314619, -14.643896571774803
1.5747689468651842, -15.463238315359487, -5.289353366023958, 2.2535646473852795, 6.285767822772133, -2.7615403486495227, 5.386100448972734, -5.5017639785689365
9.779026578675232, 5.764263606420898, -0.2279818376437155, -7.393571985609572, 13.983672651753245, -5.672672600657012, 3.421964521236821, -16.580477672762356
0.8175142358972387, -9.982345582320796, -2.6039885286977222, 2.556705116153834, 3.194719494679528, -0.7139687766536298, 4.631380354321632, -13.26759093049036
-0.6896338930961288, -5.0654254524243125, 13.932868559667732, -9.080459136799247, 3.015053276968894, 3.5472209991972448, -12.446902238075104, 9.982220847156976
-2.69904496179147, 12.969152178740487, -2.9931103256394946, 1.533673549685455, 3.5800962306249664, -2.908897390091597, 11.871673739309841, -3.6111474434873214
5.388739867428715, -9.625750283405736, 15.8151146779057, -2.659853912455284, 3.2374442203245573, 5.676574705819408, -12.2282806422852, 2.6111072887547144
7.6247800318215555, 9.914581738217075, 1.1814814598920726, -14.36527513909323, -1.0500953608161665, 4.5766050371630485, -6.7547599696223095, -2.2108574642272867
15.809014594482061, 9.859820325417122, 0.6752036750711569, 3.96934630796344, 0.09044614625205849, -1.9376997467171302, -4.105881933119754, -7.070365980651591
4.7818150956652605, 0.6025396279284196, -13.19686237926198, -15.049605148985513, 12.871517221310672, -4.760692856861272, -4.233855066149306, -18.841802966685936
0.9722190502918124, -3.7733923900752604, 3.156621541712436, -5.9502510478313, 0.1914871658034467, 1.084970704567492, -0.37333627820621107, -11.500628666653235
0.7054647067382473, -8.124698323879432, -0.6849272898409158, 2.4159192363826296, 5.311563558865769, -4.968776730938155, 6.2848027857143585, 0.6387967990680483
1.9384478192515386, 10.021156636710156, 5.010456495972852, -10.077268268432796, 5.443546431676316, 3.9822103376754256, -1.2266265744703928, -9.902651695374496
-5.959753990609357, 3.2574670115197004, 4.483940998794098, -16.317194368864463, 13.506693976617237, -1.6463063338756005, -6.793519324412165, -3.813632246073463
3.7977298156559636, 14.369803154863693, -9.750667128873706, 3.2312503376462915, -5.395033081453971, -4.1129174369324035, 4.9782037613933205, -7.305469657110612
0.761605982536256, 7.321404886963306, 2.6867610276793066, -6.851948131453228, 3.047766317011227, 5.979303345265662, 2.9077082498594145, 5.890353410949026
0.7689221895442826, 0.9571915307320475, 2.3143998862076396, -16.49090414215435, -11.880122560149585, -1.2121729373186074, -2.5653294002621654, -10.069987786057492
-2.5021274212317506, -0.5871215771699632, -4.571756249645572, 2.0009373655155676, 7.2610604518414466, -2.247925658327093, 13.395632106626799, -18.04389031203928
-0.1956132933541529, -12.297752245418554, -4.518145940955709, 1.9245129209549772, 5.520222232073121, -2.534322649552046, 5.526718063606097, -2.255473793339507
3.4464096335020535, -14.954492877149294, -0.79790832490764, -6.365858341767999, 4.794197338057606, 5.1116601123560645, -20.750057382928425, -10.034093390108593
0.40218759309549296, -10.453806673316695, -3.091257180878277, 0.8127214328956427, 3.4923079451812544, -2.4614153386430586, 9.107274554839922, -5.751095832552589
-2.0856280332984487, -3.262981318398939, -5.465625320874532, 0.6940632729319824, 5.446084238346215, -2.675918519734202, 5.911920412946296, -0.7123817470850105
16.058046501457454, 7.488477156935335, -3.3016070679620615, -0.2786207772016951, -8.25806224355025, 3.628277516694954, 3.047182024926646, -11.479569798221554
3.7096960898165454, -26.279647918905187, -2.7377425716671118, 1.2623976658641347, 4.058531421443341, -2.1111716071644198, 8.914771021746757, -17.259587310038167
-2.0976547351240757, 1.3193862372982577, 6.131272379538178, 1.740694312025366, 15.13782531068826, 0.33589304233649453, -8.393482182991624, 5.7438843754764
2.030135935881747, -5.625231763427561, -2.7428201587761922, 1.6496475428788036, 2.1666366418290597, -1.0971344579414666, 20.45002149077336, 7.928783333176495
8.370683280641547, -12.762103516912422, 7.785861750141327, 3.417100311267539, -3.115876553035786, 15.999953983450531, -1.2389188554861943, -8.535085733814704
-0.7278700766041215, 0.169717372947785, -24.244248486726676, 4.849130773456083, -13.447348960290267, 9.464692904778863, -1.3012210478594852, -6.036773332917379
-4.18782996161646, 0.21392804475750005, 8.900511927718544, 1.1842831796382445, -0.0536331564654805, 0.06910405487223348, -2.342909147256956, -4.876409431434484
1.9875160410541566, -9.705483039216872, -3.1827409181408237, 1.7724526566565544, 4.35003963388584, -2.3081421974303065, 6.1597276985480285, -2.875868128093188
-6.516688638653131, 20.050927867862562, 7.1869940506466605, 1.1115722323955435, -3.4882810261764923, -7.52760146160424, -11.240867979929522, -10.896956013374389
13.1935524558805, 9.782100351553998, 7.6863536159957215, -4.376599590590045, -0.4888412347954798, 6.872612472160882, 8.336712797369211, 7.447104639509535
-11.069559569910796, -8.357368279373045, 5.515663659963861, -7.314371319151527, 5.0620949140629605, 4.693056743903222, -3.5100480032942727, -5.358500840649545
-13.699557017546674, 1.1922431199251906, 11.551347652900201, -6.5785014862177285, 4.562980530150171, 5.678172715567865, -0.7276616985887658, 1.9184544384503572
2.8750385182614875, -14.870943020692618, -2.308438775217967, 1.2374343386503057, 2.8352150767167874, -2.233801063198668, 4.750845693551494, -13.758696877053996
8.828328071054953, -7.6994016466715784, 9.19132813979266, -3.731314261005772, 8.579241987122522, 5.898634479326327, -7.412984698053604, 1.5397267258588525
-1.1735025964032493, -19.87605389084772, -5.204173754436188, 0.8389804541662251, 1.9730189844042714, -3.177570734663397, 3.8525816239390878, 0.5032304446083717
-1.1031795507155686, 18.722635124285137, 7.559024409702883, -13.453315538628926, 2.9740405880005607, -3.5673956727368035, 0.566151316234456, -13.187129489606175
7.633049977856407, -0.12506835597033605, 17.19655920436322, -5.704399133732982, -0.2760011974985863, 6.2934651788056675, 9.09163796192596, 6.232566732710906
0.9050425349110747, 9.080009751205797, 4.372171513848116, -1.1015451231664706, 23.252607884352177, 5.265946252874243, -5.494428431482225, -10.441698851177117
12.651662327167172, -9.603846657905063, -8.3613897690521, -6.172124797833784, 3.819160375896011, 6.975242508842488, 0.5522195311332441, 4.595882635332881
8.743511915175713, 14.6354437276079, 3.2939931763837684, 9.475779941656544, 2.4444601440932434, -5.2784849767967295, -12.369846444004311, -3.1151089396383824
3.1533012150800332, -3.0390359727462664, -4.497641960209258, -11.15172788736976, 5.995607342331324, 5.613902336862829, -22.349501776017036, 5.9576434416831345
-6.744931083385403, 10.167816147277543, 3.15571739102226, 4.610496527388178, -4.628411734129169, 9.05432005166216, -1.6171652031154435, -11.047796766488002
-4.706716076663018, -7.929456253596248, -4.436983173780914, 2.163387280376491, 3.9697654742808495, -1.0409424177578157, 5.5973358348745785, -4.141310107344864
10.479060600589928, 16.05500592129448, 9.60814469330881, 3.3148112001050136, -4.077911596550464, 5.849861245850025, -11.117748381352422, -10.571377818945091
17.55085242406721, 8.244873855687732, 0.5060385062117727, 5.605663248998492, -21.344097999775897, 13.495477346009633, -11.189846351232523, -8.185383306361578
1.237844134857481, 8.518410515781003, 1.6385827245251174, -5.804191676146189, 4.856661264782838, 3.451917521625166, 2.9386376622534955, -11.737440085761627
2.670043486400939, 4.828326072133546, -6.650783115653104, 1.445252901464596, 4.552801845919189, -1.5520185445125285, 8.72302507535544, -6.212922764406344
7.373493864265648, 13.17166352426683, 1.3958469518222014, 10.073488293904315, -5.4269011843115615, 1.0573924733060507, 1.810576459192628, -11.82669940124587
-0.742349349418115, -2.3012099844319245, -3.9400159101330523, 2.174540464555459, 4.785407128641479, 0.6280986624439442, 17.84592372103635, 12.411505216108194
2.437529436476999, 11.862395219091404, 1.076505707284448, -6.96032758809981, 4.790703703173632, 5.483488255477749, -0.8955871472926757, 4.786145341257904
1.4140584396058298, 17.698616890742418, 3.124978687856466, 12.407976880014155, 3.7151673655973756, 21.206150878955718, -8.628329960637455, -9.78903412539478
14.449376015361814, 18.58291272573971, 7.903421019607114, 8.237880393192004, -16.19184819025181, 17.756778098195944, 0.17575535146641075, -10.412052470368325
11.058563729676884, -1.3316359433732223, 21.75163143190777, -7.808449849799254, 2.109761298334968, 4.812547623403421, 1.576950695198856, -4.292683318465149
8.49378327891369, -11.652751457050883, 18.0873761268506, 3.428840326221001, 4.419618590990801, 2.0098346860486282, -11.082506546463007, -8.768707672439616
8.069611096876095, -5.234029598093892, -1.0087555658325602, -6.717519097452813, 13.87914876209815, -1.047272095182466, -5.242174465326449, -16.427532274442015
-9.608442223313125, -7.138604003297154, -5.0136447415187355, 2.3756250891738224, -0.301612904584033, -2.7414484881586128, 3.4628999408081818, -14.40232691202205
-0.25761514738285074, -3.1366606233086163, -2.5566574967263804, 2.2758714060659817, 2.388968153052512, -2.386772974285218, 9.805239197309952, -5.409993819292065
2.570565855016179, -5.542421457897579, -2.5100989453669253, 1.1715162220101338, 4.275219548840214, -3.3539292285847644, 8.633533419319651, 10.53815608925134
3.239259757827673, -0.6241832703755499, 5.489038871415833, -14.986442653909169, 14.763890171491306, -0.2598279553170819, 2.2105414130925096, -8.161422979878068
1.28277701982849, -3.7276378021029846, 3.463558640215621, -5.677994559789143, -18.07448466419196, 0.290374012476575, -2.0783942141569525, -3.903861329744192
7.286814954093956, 1.9902458975605284, 3.2833383192894803, 6.0566658581095165, -7.018141650732425, 0.4770606164173874, 9.897495386850728, -15.477060192511143
10.344980933380947, 6.041962065176011, -0.02030336851272274, 3.8603050422616647, 8.343320900603205, -2.3358934542792387, -2.427350125186127, -5.129980499491126
3.6266852907874454, 14.322886431737711, 5.004186155347895, -11.672395862923633, 7.93708710739092, 2.226975453767932, -3.6295762615478147, -9.720213387907146
18.3140223019588, 5.464723479365954, -5.664895475929669, 0.0838417389260071, 2.306909265526304, -17.583164621100956, -3.7633819465260285, -12.942251292147297
5.906843444604405, -2.220523881224554, 5.398475707968059, -11.157686161651732, 16.782911598734607, -0.6188417599677075, -6.619183374563975, -12.301250841927983
-5.944955875913578, 4.190866430281414, 5.0286626603868605, 4.950361097769015, -5.434903482722672, 2.491767468059871, -12.63810813828563, -14.982111732573205
15.375643133324749, 5.294985058680517, 9.999699749916678, 5.1695577585017, 5.079487793431987, -14.217862953435587, -1.8712621513081267, -9.218883252174466
-3.5329297263064925, 4.104581780925731, -3.3285991778983774, 1.4837882882570717, 2.0790785446531173, -2.616424885575895, 0.1593405139821389, -8.358836149357511
-3.797919808786075, 3.0580180362728555, -4.714491896841812, 2.018314249532325, 6.113131303684079, -3.2819326595409732, 9.134282850336058, -10.67603886245147
7.349920481827755, 7.564800671566985, 7.83859643752674, -17.96103421098936, 13.185011830142923, -2.953367799734342, -2.8888261320841444, -22.017807312948882
-1.1198122055886772, 12.854747610662088, 0.649926969747596, 10.850405711541404, -8.656518201663342, 2.0924605458406553, 3.7351421038184904, -13.140135326016928
-0.43958834130068425, -1.6184034767782034, 6.284686973431036, -1.4821003131710775, 21.042729935846324, 1.210860988792275, -3.902172701437804, -21.19446711274498
9.658954609765491, -4.983938651312066, -3.5642721604886773, -9.03516613424059, 5.718798274315623, 0.7152723957908769, 0.3188967184676792, -11.704521338910572
-4.247267632491228, -0.7035768345819595, 1.510496086295337, -7.315261518395787, 10.677976078374375, 5.782033326989389, -17.75775782383296, 1.9539143262078384
-0.8134437530285445, -8.220393170424769, -5.000536661081444, 1.4772065277941453, 4.377464009188226, -1.6102051704301417, 8.813929307803726, -22.91337258312675
-0.42476494028110734, 12.937262423672188, 5.345930827673865, -0.5926896122071641, 20.9763540407795, -3.601965897608597, -0.17179067944080906, -0.5654187214034039
-2.7495347364990783, -9.368865008233417, 0.07174776004981887, -20.146161443310348, 11.649954647988434, -0.5639588822512407, -6.562999381806338, -0.6271216082859095
4.742299401943836, 0.7341920964539561, 3.164875215679883, 4.712984874125715, -2.806529037129919, 13.374832956266063, 9.531769797257668, -11.037719054581995
21.434857669989146, 4.252034870469011, -4.479796567847544, 2.529022221997784, 0.345590038910796, 15.56522984209694, 7.315045986958204, -9.927343625541763
-26.88355331370198, 12.158993918299405, 23.928550277333372, -4.8174062241981055, 3.3913385469300668, 6.710275723955064, -7.201946575014498, 7.955254738189586
3.3577529291429142, 22.196487671764835, 24.743818957343247, 6.2473003709330905, -4.905680564504864, -5.781703561227298, -10.46801202072401, -8.314152218225344
3.4220206010286236, -7.027399631413047, -4.18978720255118, 1.819680000516645, 2.405563659997104, -2.1678766759828534, -0.6761000056693627, -13.42145535713201
-12.423883077931793, 10.031663255174346, 8.23813882075615, -3.0320382484437696, 5.0418290601788165, 5.272780204663052, -11.27076693413995, 6.508389430014114
12.687589965830782, -16.03085951089436, 3.083802400838036, -4.244775676251462, 3.376943239781, 6.139195812551316, -1.5500029839981915, 5.4861886549207
0.731967310536739, 18.48599394346606, 0.534114710280635, -6.046411068222809, -12.696381272172559, -5.937058793208467, 4.825758116592447, -15.893541444214133
-2.4499335822002086, 18.945032217837646, 9.077435587741814, 7.425865689888935, 0.2252357795589297, 1.1655363827845635, -11.741603040839633, -12.22902537329307
3.9968182273508654, 14.100540963561436, 13.23424877399432, 3.4219206860789, -2.947715112111857, 6.262628873484244, 5.107345963711347, -11.851497232106938
19.621519144376222, 17.568300914349805, -6.223560313090111, 5.377618140988402, 3.9474457154366913, 6.266909865176841, 8.58485748086805, -11.588554387865873
8.7694463239289, 5.763137659796038, 1.073493147091041, -9.205133915729025, 28.204208881506894, 5.356964466785013, -0.13995368075553483, -5.51994496560809
1.389141923898071, -0.7815171539888599, -0.31644496745850015, -5.546370713999696, 21.387870593838883, 0.22414235727879284, 11.638855036624873, -14.39902461253313
-5.6452932892097305, 11.222875522986165, 0.4782914880026521, -11.817312076334296, 17.452699321010996, 1.354756790834934, -5.248304833049337, -17.7816209033087
-8.475398414702507, 6.197650076938709, 0.7803402543557616, 1.1919217992553932, -3.482432841477894, 2.742768444204706, -0.2615433547760774, -8.250836338790334
1.1595730885441722, -13.358912586550895, -5.415238045573412, 1.608750002375067, 3.6347310086470768, -1.8757561735922972, 2.515519667958695, -0.9073433667012019
9.918882334130641, -3.155224230329948, 0.7610341184153437, -8.589510586954818, 3.7490177832420457, 5.369230452209109, -2.3182258588103877, 7.729674083916524
-5.313513238414764, -7.251464668661413, 23.93275625406961, -7.406146074867895, -2.4177129962590316, 5.442341758071016, -13.984578481679716, -6.1787887056650295
-11.144600652382515, -11.72699716439474, 11.40456829358946, -6.1322574367545, 2.4965462628004964, 6.586735230972069, -11.465116821386268, -1.0966412952505737
8.516204027734037, 1.6510509647193023, 15.362270231141261, -8.199581901271122, 5.6402201176736835, 7.962524561721425, -0.0342354762111432, 5.264107493813718
-3.580736255967855, -13.789540283371858, -3.0843080172513035, 2.1598069763933267, 3.4072305693622087, -2.6308917888244814, 3.0195982321586694, -3.501728912872851
-2.255292710344875, 3.089062926845118, -5.216428107459828, 4.188553626723605, 3.840825107261534, -1.3622323972585115, -0.45866322989079666, -17.139077680918565
6.176229634036912, -0.8006658903244004, 5.456243027407661, 7.167433163427038, -1.1061077965771706, -4.103583804140562, -4.122183316422898, -7.72900932407478
-1.4300051833787855, 10.48927096502126, 12.242679310238518, 10.541904183524252, 4.052923963213708, 5.139416973363765, 5.997984827813839, -6.122785117654004
3.2391199056217994, -2.0098702917235816, 4.638334494091943, -7.176718780525894, 9.107608574662894, -1.5630865034212338, -7.7636460574775725, -18.59171855577388
24.067193837148654, 15.155484724548888, 6.088190336580108, 6.450474324084804, -4.623479932365559, 16.54854598244974, -3.5662354787569024, -13.305786060098136
10.536055859158866, -9.85712355540483, 0.7607406426673347, -6.516994762299291, 5.000208897203086, 5.2080614826993905, -18.367379958854443, -4.1478153102240185
1.5104667833278094, -19.686805311867204, -4.444978893569698, 1.5332898279866634, 5.392117060318823, -2.2495784711756532, 3.5151533792092557, -6.359446544970168
11.661762441058086, -11.666704452963438, 13.771029841731757, -6.946534907489248, 3.079338768539623, 5.916158549147084, -3.621463295825345, 6.291131786019836
7.266279793235899, 1.1769260679838967, 7.984990252000059, -8.234190445216282, 3.8801143468855948, 5.764613112281184, 13.886537340310907, 11.696707527129837
15.123723531321676, -2.297859723864078, 12.3863898190295, -9.6804449973651, 0.660931697778218, 6.09038408659397, 2.4946199901886157, -9.591202135413019
-6.531499255314531, -8.102324824063352, -8.929392641040845, -3.4635898629578254, 4.113235294883766, 5.942901143583735, -18.205394554135303, -7.881941816718191
0.8562209888004271, -13.786953441898103, -4.302600624295664, 1.9611209531864846, 8.102262193454958, -3.8363225744011933, 1.7770930381070587, -8.202630320853855
1.4296828603488612, -6.085110819843498, -3.323269108340783, 1.1887878728387742, 3.9714585162228193, -1.582712361626975, 10.01251250395396, -12.096259197040588
-2.1670963004001065, 3.859878390260679, -1.920848367892538, 0.9841191754110314, 3.7741189124260663, -1.4987849861007616, 7.641923113033119, -20.156521903915994
-3.8905048880634086, 7.935106782122967, 0.733662714869211, 9.650477935270583, 9.685759730405456, -1.2764273535665678, -0.5787810752172113, -4.282979850707638
-0.5521280189561932, -10.001146184400886, -5.028555983955114, 2.202230638140874, 1.2642983642326922, -2.787269713147228, 4.043249917970193, -22.076013718254572
-7.100244627960908, 1.1649296260140103, 10.333892193513448, -5.017805515600969, 5.561793635585877, 6.838389639347238, -6.7738133696102825, -13.208578916920874
-9.524367017675145, 0.28764312934843783, 9.480772004035966, -5.941246539583029, 5.777545267037379, 8.079870760590081, -9.387115177310502, 1.6651609403115566
-4.58095389351904, 7.233546647484381, 6.342709585803055, 0.8361596353768777, 29.887543551920377, -3.671685963545169, -6.521301203751667, -8.124400181206575
2.0395953251576713, -18.061751620551934, -4.318879573976933, 0.5908791825470436, 4.284306146538052, -2.571688148360641, 1.2348056381105872, 1.2596561930766637
8.361443409610088, 4.6373650365531, -9.894279463737393, 15.428209320443038, -10.249998098466929, -16.06803086944869, -11.109976394812767, -10.322636389558195
5.8232564990359155, 14.475048741857249, -1.0761386476251547, -11.779174953358002, 7.141490137289584, 3.1910195279408633, -0.07834426272374317, -17.63327150815214
1.2151125207601687, -11.649194414745095, -4.070822204343152, 1.848159611120197, 2.118806058536742, -2.6273310371589256, -4.594515926517198, -6.670266681848022
4.150251461166843, 11.680440027482302, -4.4979787123987, 6.1446592174140635, -5.256121160931089, 4.691728109294456, 5.698662669232199, -8.917545764653196
3.634747359341579, 4.004438556627392, -3.4219126547167518, 1.110409389140187, 2.525311373824445, -2.184774623730434, 10.197025834093608, 11.719205635088317
-2.612420908245156, -18.752999076516616, -2.4231166930335424, 1.3675666517748126, 3.011398491181738, -2.9077534420017965, 11.01447335793957, -9.43734951341733
2.0396281604228306, 10.125754458161985, -5.192504196240826, 9.074702977313281, -2.391833469523387, -14.06838951673434, -3.7436011357494494, -8.561771193466496
4.571528914579316, 13.676385149979458, 4.582560694263306, 2.3802466369671365, 4.201890758106618, -3.2511886527948772, 5.3078070216250826, -9.342039085820652
5.489776858257936, -1.8946734830447372, 4.63365043050467, -7.462088520879124, 2.8950736545569424, 5.8670202537200895, 2.2016713337234393, 6.967035380907302
7.679485531338337, 3.777427008914125, 12.3229409923488, -19.402746607607575, -0.48926772519775863, 2.4665364246169252, -10.234592865144181, -10.83299580436963
11.46914096529889, 10.321131641243563, 2.82036462340509, 17.92044814707898, 19.46970554142347, -5.560837253102781, -3.109260559408661, -8.650080248297861
-4.376145473093184, -9.097004369899883, 9.509093401049698, -4.799559689285458, 1.7241501437699158, 4.550193218952365, 1.956627548852091, 11.29184814676592
7.406946068366721, -16.666948439037707, -4.024962985229606, 0.5427886795849577, 2.749618110325078, -1.5505463865192632, 20.834497164765573, -3.7985684844243446
3.334262569246435, 10.33451723611174, -2.7627656311888202, 1.5429003999518969, 2.7996080912785595, -2.0802819651707214, 9.04672065922744, -6.217345504585237
17.01501545379338, 5.728512162360454, 3.9225666323885, 1.5080901384267964, -15.112191699577384, 10.666925239906849, -3.8067580887447647, -11.047836370834647
-5.321124960779937, 18.444026813693952, 3.1725269401218656, 3.1151399243411526, -3.338674463794992, -3.6891057829000884, 0.006058642799479985, -4.1762092186471484
-2.5177365944460135, -3.6105104958276106, -3.8954657046743653, 2.1528547119249795, 1.1997278329522034, -3.871153132351865, 1.0563511049308598, -8.790188835886863
3.7633700791112963, -3.2945710210356656, -5.240965007077506, -1.710686765439748, 3.9800650072578945, 7.480033718584391, 6.310711599301703, -1.141019937887582
-0.7796526063949536, -8.249130464446374, -3.008667660217246, 0.03375993128391608, 4.942413328417922, -2.136269004610748, 4.072623138844406, -3.4493166755333653
1.9011753152302475, -1.0821078857504411, 16.687489336463464, -2.8919611483554934, 5.557956867917758, 7.345243970861677, 4.267232022905123, -1.125606406972978
1.6644048666663604, 10.615246549410179, 14.762599470713058, -7.823278752545407, -0.21616798493180145, 6.100657967666388, 10.687216787420445, 2.192737058490028
7.648861762960212, 8.422827298380023, 3.8250588512593664, -4.6270018260298755, 3.737650741398818, 5.976772404368851, 11.405672931997481, 6.506728218700315
-3.5525856413869885, -10.842922494153122, -4.375553179570288, 1.8523954901072734, 2.1021759299788294, -3.6803426724498918, 7.4583933075437, -24.98218665015174
2.8655760177262812, -7.6853984424600075, 6.521218435858765, -3.920293151445939, -3.4348208343608304, -5.952515729369728, -12.863943799006764, -11.3635960801163
-9.00018344620102, -2.2476991133207003, 9.23174025408607, -7.339508087815017, 4.093023989503538, 4.800545816666914, 4.3653710482860575, 4.620189707288046
4.576583640290779, 13.127844057717342, -9.532270202108934, 6.701300084874855, -7.8494605281377305, 1.0975938209469454, -2.161015456720569, -4.961100704517692
8.106221398189625, -3.4809351867177893, 7.500120077244128, -4.383413982630351, -0.18550920451000774, 5.964418661297686, -8.488646920377857, -5.221139230128773
8.250156013099549, -3.3020216719254076, 0.7054760052732107, 9.206161236557914, -32.197529198964524, 4.274585622902198, -0.9719074813137524, -9.532744434237808
7.578748969555209, -11.39430278619548, 12.110832277090925, -13.109136581821112, 3.282219218407012, -0.3584653905902729, 6.574915779951853, -10.078926239360042
1.761372338917444, -6.72431745927277, -4.5759429414351915, 2.183740842278773, 5.22121917659692, -2.8766930390739547, 13.622772248633598, -13.361360314954322
-3.347795459543348, -8.276803726166731, 8.073447727892068, -3.7950033681314315, 2.902311042499185, 6.683862934721088, -0.12344530714618251, 9.050340196877306
-7.60600318480591, 1.005121871969184, -6.023227995803586, -8.327118782192166, 4.498493601406505, 6.788953525558167, -10.233515210776204, 8.180778099169185
-3.7732218470707775, -3.5819886313037266, -3.261625266549172, 0.44842757737914063, 2.5412908142911865, -2.830334474563913, 2.68378902218961, 14.608067270428075
-1.6491394573920801, 5.610245978439117, 6.450178126326514, -2.8178014218567577, 5.286057479710781, 8.066130170766419, -7.692607826185139, 11.337880844637787
1.6131968417831084, -7.871463882659672, -2.4878871066262565, 2.089636374954142, 5.259010291229291, -3.9665044565638032, 5.83614142512702, -2.9918347469088413
10.69220652528987, -3.993060657088935, 7.171687764285112, -5.258181058516552, 1.0242801043924876, 5.717809828793839, 2.9030615159702577, 7.71190083502065
-5.5740903787525795, -1.0243972115045228, -2.792765984762479, 1.2086331151994911, 2.8813783531124098, -3.0926588741003513, 4.81414037575501, -13.28879596164434
-0.07265518908982371, -0.7896542964867785, 6.18365840446466, -5.8202331097236435, 1.484826612520303, 6.857234930990435, -11.384194830406983, 10.375865519241081
12.016731273179749, 14.836388501082443, 21.6370886071837, 6.586777372289571, 0.28382088021887597, 10.502902601306646, 5.174693779936286, -7.202758068364294
13.948125066818871, 9.37781347535183, -21.73107628243124, 5.460491926555141, -6.224412731833723, 1.6592789364049219, 1.945195778381564, -5.205212646640803
13.633364588910423, 9.982292332347205, -3.6553613413676826, -4.742268316168027, -1.4751706368463204, -1.7239958631869339, -4.5149069930181795, -8.33239211324473
-3.837920199614442, 12.639420065985036, 7.239134006372416, -8.617356620438997, 14.885294741140985, -4.787596678314205, -13.185722537188974, -9.414742887455136
-3.6998533079932816, -1.8303530702052582, -3.369365193449017, 1.471179655185492, 4.807562765773832, -0.6264895494747866, 10.037367459504555, 1.555116428248521
5.369444137424306, 10.722086588506945, -0.23393641848726032, -3.648598266742038, -3.122003836887945, -0.2219676262011413, 8.262789238159474, -6.792210940118398
5.17351097004632, -5.620737913019074, 3.9210732008942975, -8.039753103722528, 3.007837717612822, 4.188020508453587, -12.808387924926308, 8.26548203429758
-13.166810169362968, 19.394874508405238, 5.064574599368577, 6.646400933001647, -3.6696244509563742, -2.9978890892428343, -7.331125405480672, -13.805969253410602
10.457945999622696, 9.23204123340069, -1.0252055620467044, 0.7441765454955052, -6.513245163288347, -2.522460344880294, -8.868593060521551, -9.160830445330156
4.11802609972564, -12.586690106494494, -3.2834769186017185, 0.6693589542551959, 4.149012198014251, -2.350640262073152, 0.8614750249666283, -0.34511895161625983
3.4111423205258067, 0.2588223849382745, 14.571098328471727, -7.725282505567794, 3.1956165483867647, 7.50368758963692, -3.960489463380546, -2.7212998357840914
5.305446780254675, 11.121083331221534, -5.780456535279278, 8.978641687423508, 0.4667440307462618, -13.193699106355455, 2.850869924913914, -8.629245923421164
-3.6766101317166617, -0.44598713234614484, 17.094970838189475, -8.360695452913738, 4.976196765059693, 5.6340436296612975, 3.4234678834168557, -2.5870322835408457
-3.6704962152932854, 7.717448507995519, 12.65463749965019, 7.225407876143663, -13.096978725799357, 1.7088261950194688, 10.752347705703501, -8.245561127270697
-0.38574399079876187, 0.9260697168103844, -3.8653545096694497, -6.358411869943562, 3.1675014752510093, 6.381896069210327, 3.336612489657253, -3.9727328783423514
6.521729533159103, 10.734638748839338, 2.0297685399875336, -2.8685637627890586, 19.502192145934327, 3.225450543913534, -12.566473309612253, -3.8782388191418438
2.513589890145668, 3.5160667009468947, 3.865300110894152, -8.769993708506828, 4.75577415390312, 5.819028940260614, -8.54935029601814, 1.7986292832620383
-6.975756312232763, -0.7939525026124696, -9.105283172252513, -6.353519733890168, 7.50865393312535, 6.6210631705228185, -9.522622980510029, 6.780455782473983
11.074501169201712, 11.00351843523001, -2.9896889649139142, -8.39022984074829, 13.33447805959445, 0.9447311950823398, -15.243746152095387, -16.078279162934482
16.295716553206244, 8.14318924571131, 12.265046571713333, 10.000683080238506, -7.818484566095919, 5.072599742247855, 8.515386033999647, -9.941901796076188
2.950954179453884, 10.42801037586987, 8.543507757689337, 5.2891112233621795, -9.123469874555914, 19.76576244841577, -2.838446073137355, -9.83123336855979
0.6507832495810566, -5.612737363362986, -3.206191109876381, 1.5547125391211016, 1.0796640466498841, -1.3594003225213591, 5.704480614572857, -14.597094587165648
6.667324835789376, 5.908484734196835, 1.0663651277782924, 10.808606959392062, -6.216289764318822, 8.09531236982178, -6.7010294828184005, -7.368814873993443
6.510879255221425, 19.982394393623373, -9.977615621673822, 1.6834630024183794, 2.9368665430792635, -2.929227570137175, 6.185240056403063, -7.0093068289951805
-5.088209260847199, 0.013592788955871793, 22.406657921444367, -4.59591528015656, 3.1509289498072808, 6.403873736932207, 3.569138520753235, -2.333645410336306
5.328575432387137, -15.011592943223281, 10.525956064091838, -8.331034728329385, 3.385454431853793, 6.685486547938011, -1.7535778277270673, -1.426342688437451
-4.232964994080059, 3.859401163867365, -1.792299264499996, -14.793351749938214, -20.725734779958934, -0.4050231764862778, 2.070554144248905, -11.294887662753421
9.42069610805599, 3.756129678721927, 9.810489089315702, 15.884966860709733, 0.7434892995263978, -2.286103510394755, -4.574410336465133, -22.419619594103647
-4.211453620275791, 0.5216248581734937, 5.560427387465154, -7.197592798981699, 2.3417632883504846, 7.745122231957849, 8.024860114810423, 1.4194136542808258
9.428945370149009, -3.964411596900004, -10.45967361515444, -7.299724596429989, 2.6614047218681014, 6.24679876265779, -0.10513496079870066, -1.0061977512672164
2.218626773891785, -6.885779061728218, -3.751221396689047, 0.4703900424855174, 2.961210043220226, -2.9040287988650175, 8.484050571733714, 12.14549414025017
24.943787975271803, -3.5042302677375528, 15.09123010666027, -8.39439628148821, 6.838348553061345, 6.811992518860629, -8.06156274074741, 1.1172624964251812
-1.1837568387157185, -18.920991609793134, -3.9597156529234927, 2.282504108538238, 2.3754292347490926, -1.9134732958662513, 8.769303541015038, -8.738364160504434
14.5722317500922, 11.022577186706812, 14.898782767135478, 6.04964668880879, 4.67719508103564, -9.754005055671138, -0.7889581262470091, -13.175587640887649
4.10566376707849, -0.5472681355493285, 2.1002863835336694, -6.189924301459302, 4.290665167978748, 4.623358596182237, -7.539197978246577, -2.0289979767972146
6.272411840277484, -10.473399810770122, 7.709597817610621, -8.175134639679495, 4.154032298209284, 7.212982391757731, -3.6410505875837127, -7.110452622782047
-3.1174034756649984, -3.570470227836127, 14.26016996432865, -3.2375788301569144, 2.340312256136826, 5.447545532435344, -12.349984992388116, -0.22942328859715644
-0.14690957076986255, -19.426206975914393, -3.6893529529238416, 1.242066580812275, 4.327018104613217, -2.9260322038888087, 4.936533441746155, 0.10463371607455674
15.390749575149638, 3.6797785825568248, -10.209280698990256, 2.8247830540476815, -2.385076164365392, 7.26530312384155, 3.001575831644991, -8.484292966614388
14.013728967020302, -1.6146991946960165, 1.7111477550626708, -0.20218368900168926, 21.02854544483199, -1.082888456902194, 7.391820694105846, -7.088530976216941
-6.8447869337613145, 9.93268371687142, 0.7628087719650469, 0.7111720883532584, 0.15219287085271282, -0.5868748735214027, -1.7369607071149762, -11.612720069884164
3.2082613161743403, 13.668043771949566, 1.5180756437329261, -5.1143540911313625, -12.41363239399922, -5.882165005807463, 6.268667988574766, -9.89577902524783
-1.6625351482493933, -5.7242503883443305, -4.916724843317116, 1.6999580804194796, 0.6843297998490505, -2.743236108137462, 10.809791681156032, -13.800352903062024
-15.660875604114455, -13.354209310233715, 9.842745424737329, -8.115157044939963, 6.410840671403369, 6.634693274692576, 4.845106998708699, -17.33163914992737
15.029234680349678, -14.613198054871573, -3.0164008701627374, -14.573662415033315, 1.460926865577386, 1.1047816496107206, -6.270260703869023, -16.669248085776736
14.607699215341304, 2.4523597561145873, 14.83468531224503, 6.148622127431478, -17.867350216239274, -13.149283459029633, 2.2957808742865518, -11.230923971200312
1.3890554875491221, -5.872245482788902, 8.654561178600026, -4.734386316466491, 1.1264968125520483, 5.913763267194209, -4.589498683926549, 14.659850385640349
0.6492252592122418, 5.8029773946242855, -0.4641915991728869, -5.903019207878333, 15.019894484088336, 2.841649407433415, -2.0015301587882384, -20.462230301702427
2.1068215647433135, -1.4772770051082258, -3.2666758888204157, 2.4296363853430316, 2.1003915011035295, -2.49478732024413, 2.871695227472198, -6.410086584594234
17.076018524952016, 10.042725263822923, -1.957194577970657, 10.929600632025515, -8.426456060889723, 15.479062939435977, -10.370776087712102, -5.1474671857813235
2.726826776778196, 9.944287476139843, 2.712941536819671, 10.003115503315051, -12.591239708343483, 12.869582591437261, 0.35047463615384733, -5.740788931567568
13.786762368059275, 13.138180458781987, 9.981602265835459, 9.582834444701252, -6.26058326660868, 12.473501766613596, 6.044289470589102, -7.875120083037777
-1.3989615855257158, 13.743119944899002, 0.4654360296470345, 4.458558818646711, -23.16707232446976, 4.249269601337316, 1.2713178997995391, -10.698548335405466
2.448452850365496, -7.028718769263708, 4.549113940829248, -7.873349174766549, 1.6657912612009853, 7.198977089344748, 7.035618414799723, 1.8691182589420936
2.3052686512258442, -5.707525965457178, -4.832042347907466, 1.0905431251677173, 4.448374541654311, -1.551641760651436, 13.228597800327583, -0.9893213125260587
2.0194273588108937, 10.201246503062183, -8.02967494838525, 10.15709508673222, 1.1523736195604624, -0.28087841110393574, 3.167449194316781, -7.1869311216586285
0.630106161262661, 3.523143948658743, 5.337597998348309, -8.082810029829465, 6.647153786466559, 5.40065000925574, 6.846641619509834, 9.231410315212845
-2.2409556974851634, 3.039855390420377, 4.414139627423095, 11.892651980291108, 1.8358233026420958, 8.948352605647866, 0.16574531531018755, -6.614958027826691
8.685330422278152, 8.7401912841092, 3.22699245123593, -10.135640376953603, -3.9556199394605516, 2.8439824048947577, -1.7318098332381189, 6.617557555751958
-2.7818021493972935, -6.9417000908806195, -3.8786448353887115, 4.925782791976973, 5.965962315276672, -0.7886103348826119, -0.568415599669974, -20.907391367796784
