0,8.709205322988671,11.062747481827214
1,7.53479551205805,9.104736883117987
2,9.940548258917872,10.447831817022053
3,10.664541538267976,13.49716884576927
4,8.56682919240436,9.474665307263933
5,5.7969843223811255,6.225924207657481
6,4.180457209477946,7.1051271971368255
7,12.639139948141807,12.87264112353708
8,10.664541538267976,15.323377936376883
9,16.062832973797388,18.531197217846763
10,8.920853303415734,11.09700464477063
11,10.898115801122646,16.791762529379046
12,4.4521519102054175,5.0769250615744905
13,11.875290015576947,13.673925388268179
14,10.931459132350467,11.882072506468898
15,16.003774166705096,20.055497517042042
16,8.56682919240436,9.101760103970118
17,10.208153833432752,10.346650969721962
18,11.340184890099895,11.673906028583868
19,9.432649227965772,9.979017051664242
20,16.230841669673506,17.079380373081033
21,8.881321614630643,9.595846640458074
22,14.41660330738231,15.956568976427514
23,6.887237492279234,6.96493800332355
24,13.007783766053029,13.310144745413739
25,4.53736970335564,4.695185169776252
26,4.47437370659375,5.1934628423436475
27,8.79617906237053,9.402718839419329
28,4.180457209477946,5.7969843223811255
29,6.5036291980811445,8.98555017857134
30,5.13661280455502,6.037350115399123
31,9.62143245672088,9.773160642930305
32,8.89335460165392,10.717647809376654
33,11.446585884367071,12.327662097800518
34,9.615328162097427,11.312668637704066
35,7.67536137283567,7.7021391407025215
36,10.80183540578347,14.41660330738231
37,4.3727801699254,6.5959957452188105
38,11.43294616480094,16.90897515861994
39,9.112139552946891,10.489075058199827
40,15.161203124450589,16.02306271694329
41,10.002979989781354,10.576713704632015
42,13.789982799734068,14.672162352418864
43,13.548798245380288,14.371608550804279
44,9.610513924881314,9.653820879414479
45,3.767809757865581,5.964196192673472
46,13.639881897855009,15.13538862970195
47,7.904000291631669,8.38764442451316
48,5.955705727644805,6.280972518835327
49,9.978850339098392,11.39249967829578
50,12.003067420372435,15.13400360276033
51,8.487915238774889,13.419375660103032
52,8.855804866501908,8.875500334633971
53,11.576318082813431,12.887117304341952
54,8.742099687730004,14.606065377866855
55,9.857171459090141,10.601777746609672
56,13.3123575027823,13.412456607824812
57,4.53736970335564,5.534623475066327
58,9.48715671427833,9.615328162097427
59,10.344116499597758,10.636679706706563
60,10.15579755259178,10.584472234008743
61,10.715682170739726,11.104511216732345
62,10.032454846647331,11.422956514015132
63,8.46710580137883,9.12439888310474
64,14.411795847943337,15.171566229258675
65,14.355362244320117,16.5365972725576
66,5.011518116368675,6.425153061536236
67,7.623733090705682,12.182779769501362
68,6.206152983934671,7.6141111120396365
69,2.381330030325952,4.996342322569826
70,12.665717994046831,12.839438887474568
71,8.476667810212847,8.709205322988671
72,5.906631472111496,6.037350115399123
73,12.084529291769599,12.824748422228941
74,9.579647888294929,10.092202827541044
75,4.368468839496912,4.4521519102054175
76,5.262191012913743,6.291428245183856
77,7.623733090705682,9.21859341055113
78,10.654471198626743,12.589588975103803
79,12.763647853685441,13.60309901216907
80,7.038110030048132,7.49317274728882
81,8.407852417950354,8.59639276993088
82,8.870194964859248,10.135285678575327
83,3.2038056485087982,5.4818003713616825
84,5.644333796505615,5.89321550989769
85,18.145772923524447,19.803236984500796
86,5.689730329864146,8.209532338223648
87,10.383738500467224,13.461421204622521
88,15.847408053209724,15.931509186810404
89,6.669462157690269,7.739490314693029
90,8.0813860530862,9.75616021109718
91,9.108735354001489,9.878014236145619
92,22.51835351759008,25.212456368554456
93,8.445201789201965,10.704164074318589
94,10.538526594584416,10.888222631985222
95,6.273005430030429,8.730958144274766
96,10.898759567044838,11.904567308617388
97,9.112139552946891,9.560743177741541
98,3.471528265040816,5.78936693988412
99,11.576702047747354,13.829088204977518
100,5.593025317066306,5.765690423542874
101,5.959705361817953,6.390211030750723
102,5.638513327016307,11.062747481827214
103,9.192424611212267,12.87593416709548
104,15.336364436490285,15.456264779658163
105,7.44770444718728,9.039942635986982
106,4.733159686012512,5.486848626083314
107,14.367888419953603,15.847408053209724
108,7.045554478902698,7.076178228978071
109,5.38735761614083,7.426611650801437
110,12.404852858017195,12.783831069885462
111,10.782499497945814,12.790197653735115
112,13.480169910457349,14.68651137210017
113,4.944809791565945,5.12905817815883
114,4.794533800616688,5.639959880996574
115,6.037388403762256,8.694565702558794
116,5.345384787797016,6.884278922621482
117,8.992518901004726,10.492606405089461
118,14.899156503719942,14.996659676658005
119,5.371674383494267,5.502463978986188
120,14.254227411428744,16.618896342774285
121,5.606811080321674,5.889002517878753
122,12.955467205074518,13.978432287466775
123,9.714050700910057,10.192267649086224
124,15.223957926228355,16.84669326329102
125,7.5974188169087835,8.265457290777489
126,2.698817141063508,4.8190860624839935
127,12.246397434279574,16.848380706061178
128,5.785679308555105,6.017592662409269
129,5.47368469883402,7.306879778188988
130,10.737404290861594,11.570556067526244
131,6.689853705766,7.6141111120396365
132,9.620714850041123,10.962353065672945
133,4.363885918071157,5.915518190549945
134,6.913897472292247,7.306879778188988
135,3.9521737942420536,4.704974382007527
136,6.273005430030429,7.423976990532281
137,12.783831069885462,14.874333181018606
138,9.851144921673972,10.044872315595619
139,6.037388403762256,10.550017891870242
140,5.47368469883402,7.832592078647574
141,10.782499497945814,11.546463249909914
142,11.916456126258204,12.848478743987826
143,2.1701907001651195,8.374397469089839
144,12.62205418380397,13.51418114354991
145,9.101760103970118,9.474665307263933
146,4.794533800616688,4.875687027182817
147,6.736795831422472,7.233382701817021
148,11.39249967829578,11.798228526646977
149,4.7833556394101695,6.405550990323883
150,17.028836197494233,17.034034636815434
151,4.364600184616231,4.695548791399749
152,6.291428245183856,6.836517740057566
153,6.0033881737248675,8.180849522927206
154,10.095269112041871,10.837475641040436
155,11.990156316857496,12.22219885625011
156,8.557769529156444,9.759913217422095
157,8.737392516328313,9.327107682126123
158,5.839206825486555,7.366840526412313
159,7.791459815503815,9.62143245672088
160,10.682900566829545,13.345348489304797
161,9.48715671427833,11.312668637704066
162,5.606811080321674,6.405550990323883
163,8.962231610648995,9.289473947273178
164,10.997779097445685,14.355362244320117
165,2.1701907001651195,8.219329128434769
166,7.976905144069313,10.533130984714829
167,4.092688083501972,5.718502674086247
168,7.67536137283567,8.091377465416727
169,3.906296855456396,5.430541016782631
170,6.21860159354957,12.33995848481183
171,6.5036291980811445,6.922004829891974
172,12.612314279678584,13.73667586789025
173,9.615717233232967,9.976000441066875
174,12.142160170936371,12.763647853685441
175,9.940548258917872,10.30453929994658
176,7.408560227158264,7.913358942686197
177,9.67368495487132,9.98571453194753
178,5.4818003713616825,6.34374248808072
179,8.36306934212739,8.857149766977379
180,9.620714850041123,10.981319720017563
181,10.11296592012268,10.249419630937483
182,17.172145806679385,17.918899205568252
183,13.029669800397805,14.412082843569014
184,12.378285070430803,12.707508543300113
185,13.3123575027823,13.957604571254532
186,9.374577838665418,10.715682170739726
187,5.0952553263390055,6.262765231455285
188,11.24821403194542,14.345863763393616
189,14.701784177575147,16.36531626449459
190,16.227236889474273,16.837972568715884
191,7.832592078647574,8.695950132972726
192,5.906631472111498,6.465345121099363
193,10.505308279178118,12.305969635783736
194,12.54873530084838,14.007857256949341
195,15.648250265030716,15.774476145088306
196,11.552605768458484,12.887117304341952
197,3.471528265040816,5.168895352084119
198,8.224306167579769,10.538844371074717
199,9.004922315960089,9.314780401253016
200,8.920853303415734,11.311158921902765
201,7.574432975365283,8.916200986838666
202,15.843333479238353,17.67282659098614
203,12.951157473713943,15.613349630092749
204,6.396528047154412,6.968304265035
205,11.904112190532294,13.881136244391685
206,16.73539547233111,18.027507237716964
207,8.742099687730004,11.636559564236729
208,9.222469758285461,10.125046515157477
209,10.981319720017563,11.791849226016206
210,6.425153061536236,7.237484665104247
211,21.463741847948615,22.552476360909175
212,12.916955578498149,13.029259548151483
213,10.517668771349797,11.631651787198285
214,4.8190860624839935,6.139563321139216
215,5.839206825486555,7.136044137499569
216,7.788586833937547,9.51474042298431
217,13.226949792704843,13.931161006534197
218,4.763435425514076,5.2177578149720425
219,6.931905624471606,9.306165383145451
220,12.58734878664687,15.436228222266328
221,16.114016688399502,16.47669742187559
222,12.055043359447142,17.408337062253167
223,13.978432287466775,14.66949205778203
224,7.53479551205805,8.265457290777489
225,9.21859341055113,12.052502073793173
226,4.363885918071157,5.318545507392065
227,9.578876201258868,13.298257299048476
228,5.790901093457027,9.52699611741888
229,12.82736207155793,13.981476878397627
230,10.962353065672945,10.972980219769472
231,12.58734878664687,19.44691888868496
232,11.384101023715306,13.36055142046035
233,5.963980390389654,6.022783558004152
234,9.639648873643988,10.275103410058682
235,6.6621400831884525,9.610513924881317
236,13.977022335735306,14.030717744072513
237,3.2038056485087982,4.763435425514076
238,6.4777064797429125,6.498066153486435
239,12.373163619276198,12.38567815879792
240,10.130189219249058,15.223957926228355
241,8.53194369218792,10.517668771349797
242,5.371674383494267,5.943140264369232
243,8.542140811012077,8.825166411582499
244,11.745717561173105,13.71408470741641
245,9.978850339098392,12.378285070430803
246,8.082864320223553,9.769379136780701
247,9.695784560243997,9.83857578153927
248,17.61511650877591,18.518380459708386
249,11.459984458381259,12.898343016956032
250,8.017348423874065,10.907693378745472
251,7.521816979167911,8.113334699627632
252,5.373389330902558,5.593025317066306
253,5.638513327016307,9.269228710007276
254,13.012320772816405,13.506203759655369
255,13.25571110402604,14.683637645846446
256,10.786873778132025,11.487989283310945
257,11.73396459260695,12.436525170360921
258,10.386129078995113,10.736447761261935
259,14.417900564829804,16.799902041954855
260,7.788018993099276,10.464599238702121
261,8.68357619188858,9.319054815860946
262,5.943073928058569,8.76733591785691
263,11.027304285448409,11.84808431392862
264,5.502463978986188,5.568839964362929
265,5.037160740883325,5.624840624119723
266,7.809056213691016,8.881321614630643
267,2.381330030325952,4.944809791565945
268,6.471799575640478,6.730182582103733
269,10.682491090643243,10.825780394229652
270,11.791849226016206,17.05152615771357
271,13.986925917458777,17.819063030775066
272,10.525808059221246,11.288038376143168
273,8.163061400948541,8.56937583950022
274,5.482000219906906,5.492497070691601
275,11.487989283310945,12.877403417156875
276,9.383449706456854,9.440773454531278
277,3.741902679622422,6.815706468983716
278,3.4462581778616395,3.906296855456396
279,7.429259792119256,8.854531191716537
280,9.104730470084974,9.851144921673972
281,6.903362694507905,7.237484665104247
282,4.267120936748928,4.368468839496912
283,12.141169238723364,13.971834998927521
284,11.942361945049592,13.863490413326454
285,9.86802902626058,13.627804238820033
286,11.059776161254335,13.950071734530882
287,13.13103788320263,13.698769356862185
288,9.004922315960089,9.443666723765574
289,9.560743177741541,10.384861248540355
290,5.037160740883325,5.0952553263390055
291,19.72576040804852,22.763317822073283
292,9.98571453194753,11.576702047747354
293,4.733159686012512,6.022143114215027
294,9.498411330172809,10.516021343905495
295,4.936719151339476,5.005342393993172
296,9.578876201258868,14.271721917299018
297,5.319499774649288,5.714385947056576
298,5.765690423542874,7.422451274591297
299,7.711266974657365,7.788018993099276
300,5.790901093457027,9.676423672066246
301,11.798003204218835,12.653995123291693
302,6.6621400831884525,9.306165383145451
303,15.557221362882217,15.613349630092749
304,9.104730470084974,9.631594052317498
305,4.316865056364748,4.996342322569826
306,6.245441688414797,7.329346968849514
307,11.904112190532294,13.639881897855009
308,10.191966279118304,10.266442642683796
309,6.708351183259997,7.934376042450167
310,12.45297154967282,13.412456607824812
311,5.13661280455502,7.52208781264567
312,3.9368029498133996,4.3290449577527434
313,10.912178598089032,15.274711407787711
314,4.267120936748928,4.660136368547263
315,4.47437370659375,5.572365440123316
316,10.130189219249058,11.357474381530238
317,8.850368743688698,10.73538762525332
318,14.542794241189677,15.102719765721563
319,7.560098845059712,11.910263337666022
320,16.78954722008155,17.373679658449205
321,15.064372185641727,20.46523566923644
322,12.439831510660627,12.61158618694665
323,2.7895730554238813,3.4462581778616395
324,11.139710054533785,12.352796038927007
325,8.748262949042138,13.904204016272024
326,8.219329128434769,8.374397469089839
327,5.689730329864146,8.082864320223553
328,4.875687027182817,5.011518116368675
329,7.933419468656694,8.476667810212847
330,3.263714196904646,5.253100426189196
331,9.15274213515881,10.949827289603862
332,9.28124470471607,10.151383438062703
333,12.41838330140006,13.094704448573122
334,9.030495934816404,10.332420123046486
335,12.665717994046831,13.192085656901938
336,13.042461040863403,14.093419144704901
337,9.32177317198044,11.71052135759779
338,4.904843527280068,5.168895352084119
339,10.654471198626743,12.373163619276198
340,12.025928664896616,14.784094795518273
341,7.329346968849514,8.509426950081329
342,6.498066153486435,7.024463829525625
343,8.224306167579769,9.50408016740749
344,7.560098845059712,11.358960720001198
345,6.708351183259997,12.179425305673758
346,18.32190858915343,20.408951193130846
347,14.269921353039235,16.32056172623273
348,8.36306934212739,8.487915238774889
349,14.20003181033565,14.72556306375675
350,9.9952248794041,10.102683798737607
351,7.551737659243794,8.560039497005468
352,2.698817141063508,5.276653137642852
353,2.914677638576144,6.903816389737382
354,11.119327183968357,13.653026499959893
355,10.80183540578347,11.24821403194542
356,11.43294616480094,13.741560914727911
357,6.931905624471606,10.944331426621266
358,6.245441688414792,9.068061037445158
359,17.786595182323055,18.901838648521455
360,10.102683798737607,11.119327183968357
361,13.439955952688747,13.658822635810882
362,9.754030487485373,15.392582088406826
363,5.486848626083314,6.022143114215027
364,5.785679308555105,5.89321550989769
365,16.226723116556155,16.40642342117677
366,9.50408016740749,10.538844371074717
367,12.823296203555262,14.854375777328992
368,11.340184890099895,11.722667755711916
369,11.768936648008614,12.9478870130917
370,5.521938433246133,6.188993878855643
371,13.406706364491253,15.084644727102539
372,13.881136244391685,14.787973234858843
373,10.972980219769472,14.622019686878389
374,12.915375496944849,16.90542454451368
375,22.05500805259825,23.047370496776285
376,17.786368230757834,18.826091108850505
377,3.741902679622426,7.035819751705731
378,12.197819213953391,13.523179846687908
379,10.291604778326336,12.11163490645107
380,8.325844604225423,13.52425838298997
381,12.352796038927007,13.645788117199956
382,11.311158921902765,11.811453970369582
383,9.192424611212267,9.653820879414479
384,15.060564917370062,16.799902041954855
385,12.22219885625011,16.311465892248545
386,11.433284547397527,13.47988876258722
387,7.390327801092622,9.32177317198044
388,4.279905703982999,4.3290449577527434
389,7.71118050640941,9.396919575889067
390,13.78456284008802,14.990725855367398
391,9.629277095296418,9.802307485552152
392,8.857149766977379,9.579647888294929
393,4.928060405273366,5.3017548551134
394,8.106152280457241,9.446220284373585
395,6.21860159354957,9.716229636903295
396,13.150770479710653,13.343574890224277
397,9.9952248794041,11.147586882739063
398,16.38300105909501,16.609260655183697
399,10.912178598089032,12.269535531837597
400,4.7833556394101695,4.936719151339476
401,8.728223084900275,9.52699611741888
402,10.775999882885158,10.931459132350467
403,11.552605768458484,11.576318082813431
404,15.274711407787711,17.450872864854894
405,5.399987829125582,7.191691342324252
406,4.092688083501972,4.576949873663259
407,6.726586672299154,6.903009841272324
408,11.446585884367071,11.459984458381259
409,5.645245273702012,6.188993878855643
410,8.557769529156444,11.967297826022895
411,8.697412241455545,8.825166411582499
412,13.094704448573122,15.15619023153819
413,4.756799401552024,5.253100426189196
414,15.989838885289902,20.285625839674765
415,10.891277379855858,11.809405186168535
416,9.218147604941299,9.23519977219305
417,9.980173774459137,10.511833065787174
418,10.068696259619822,10.319890335740165
419,3.4914133760795463,6.390211030750723
420,8.027410329349562,10.825710910466556
421,9.717740530901597,10.11296592012268
422,5.963980390389654,6.880134429911621
423,14.109568295735995,14.254227411428744
424,19.297275677391728,20.958680149950013
425,4.482422925442528,9.084390622405778
426,11.102436503902066,11.421984195408175
427,6.0033881737248675,6.4777064797429125
428,12.025928664896616,12.987920561333057
429,7.976905144069313,9.314780401253016
430,5.931919345112008,6.170506212834854
431,8.789347994723652,9.12439888310474
432,4.139502720472528,4.230465069697937
433,8.22823134786423,8.877970221675477
434,13.19165980144733,13.345348489304797
435,8.748262949042138,10.775999882885158
436,5.521938433246133,5.645245273702012
437,12.37897053642568,12.628931039950675
438,8.209532338223648,8.608511381814534
439,8.0813860530862,8.992518901004726
440,8.968459337239207,9.484637334385912
441,18.145772923524447,19.12725603299833
442,13.971834998927521,14.40733909026227
443,4.576949873663259,6.184073772395323
444,4.482422925442528,6.206152983934671
445,5.346359489171462,11.020233610131449
446,9.324512389506994,10.020922313486977
447,9.110089290568016,11.526080026202404
448,2.7895730554238813,4.139502720472528
449,6.880134429911621,9.396919575889067
450,5.644333796505615,7.47858472761636
451,5.373389330902558,6.689853705766
452,13.98293852039239,14.098382691556413
453,15.151076581523798,15.240860240450854
454,9.660517039951097,9.773160642930305
455,14.341348928881393,15.445038762142126
456,4.3727801699254,6.0353204896309105
457,8.780811372748921,9.699204545516695
458,8.30114071094059,8.737392516328313
459,11.139710054533785,13.183392101220637
460,9.660517039951097,10.645435458246924
461,4.279905703982999,6.177073452127918
462,6.922004829891974,9.472537264962318
463,8.027410329349562,10.447831817022053
464,6.971447558332479,8.22823134786423
465,13.499810235379739,14.841258162252439
466,8.46710580137883,8.53194369218792
467,12.41838330140006,16.605268074859218
468,6.792239167873381,9.144707308991565
469,5.346359489171462,12.769848590725838
470,14.694039350254393,16.605268074859218
471,10.208418869263769,10.898115801122646
472,11.957643370075218,13.576197668653856
473,5.319499774649288,5.718502674086247
474,8.017348423874065,10.773436448520933
475,10.661886964349776,10.9463041361137
476,6.971447558332479,9.684425939065754
477,8.135282763941426,10.67566664852422
478,12.45297154967282,14.808609757782204
479,17.581989628077682,18.181178212259532
480,8.914821288002676,9.384873196812357
481,9.030495934816404,11.638758125216304
482,2.914677638576144,9.280330114877124
483,13.707253666786366,14.187295395570208
484,3.4914133760795463,5.902674937209562
485,9.754030487485373,14.966039270178628
486,6.792239167873381,6.913897472292247
487,7.429259792119256,7.5974188169087835
488,7.136044137499569,7.366840526412313
489,3.263714196904646,4.756799401552024
490,11.357474381530238,12.915375496944849
491,14.697488813370654,15.436228222266328
492,7.390327801092622,8.273676045874799
493,8.325844604225423,9.67368495487132
494,5.308865098464436,6.089432496628677
495,16.85726019279293,19.18865380871479
496,12.843066404532838,15.041861144988268
497,13.986925917458777,16.053068891303727
498,9.006768842084435,9.197749583799231
499,11.433284547397527,12.823296203555262
500,3.9521737942420536,4.695185169776252
501,10.907693378745472,13.49716884576927
502,11.109869966044684,11.636559564236729
503,10.208418869263769,14.098382691556413
504,10.786873778132025,12.246397434279574
505,6.022783558004152,8.92656787837935
506,3.767809757865581,6.292773085137571
507,9.65535534946967,9.789929753159127
508,7.934376042450167,9.277320046345794
509,13.150770479710653,13.79613809380466
510,9.86802902626058,10.505308279178118
511,8.473789552191487,10.672933609273949
