0,1.0195608124457585
1,1.1362514231208118
2,1.0599415796332632
3,1.0723855990954538
4,1.1297670027738225
5,1.0397744903431747
6,0.9975711188363674
7,0.9943418928337339
8,1.1897039332015003
9,1.0525807745081086
10,1.01195532227843
11,1.0511468213544064
12,1.1764973557208116
13,0.989152762153043
14,1.1009403324901723
15,1.056444789762927
16,0.9795866737080525
17,1.00735787717707
18,1.1241919840114714
19,0.9880594220462137
20,1.0576466409393483
21,1.0138645953197618
22,1.088297796126844
23,0.9876136533456308
24,1.0189981953630018
25,1.0024596792184386
26,1.0505795655406418
27,1.0399091858632765
28,0.977897844984629
29,1.0232283712528554
30,1.086107103057201
31,1.017485877173539
32,1.0153320943425934
33,1.004203497120628
34,1.103482362760614
35,1.0324969709644445
36,1.022901697217702
37,1.0333452089726163
38,1.0603234387439955
39,1.0703499176755937
40,1.124489209548992
41,1.0015534563297277
42,1.0026136953704974
43,1.0275616423645773
44,1.0878502368222425
45,1.0419916977385055
46,1.2298725790387373
47,1.0398223815734382
48,1.0537430933680478
49,1.0742506672795957
50,1.0495166201166646
51,1.075032506300989
52,1.0568010172424662
53,0.9842145881792705
54,1.0117789671744108
55,1.074474815338454
56,1.0167233573852443
57,1.001101436391549
58,1.1999637726005117
59,1.0522562565760636
60,1.015791197299217
61,0.9934336168296805
62,1.0064968107280454
63,1.016932875256876
64,1.1042298894958644
65,1.0487576285347278
66,0.9819679442478343
67,1.203772974734734
68,1.0402870037577865
69,1.021305280786713
70,1.0453308589218318
71,1.0301683530293504
72,1.0904453261978975
73,0.9930294743328478
74,1.003845782556756
75,1.0188078725411458
76,1.0260880140925628
77,0.9891502206122171
78,0.990347996273951
79,1.0822779459595129
80,1.0040507532857028
81,0.9992672529421449
82,1.0650224039752545
83,1.0463047684915603
84,1.088597915107663
85,1.1165130448688092
86,1.0069948982602912
87,1.1351914164467625
88,1.0477097734398608
89,1.078646975397704
90,1.051767459977732
91,1.1046573410414786
92,1.0623250676058293
93,0.9957487597937956
94,0.9752513607055522
95,0.9941976603966345
96,1.0520782964778217
97,1.0698988257664976
98,1.0853769377634648
99,0.9808503372287831
100,1.0032386144636614
101,0.9832848742217787
102,1.0356112088003226
103,1.0509926359850628
104,0.9906080209771293
105,1.0533576546343142
106,1.0040436424290005
107,1.0320132261713488
108,1.039073988055935
109,1.0288345617957817
110,1.0042160667034419
111,1.0868464428941866
112,1.0806096241916006
113,1.1149546040047644
114,0.9945574724027693
115,1.0426274590800628
116,1.150419591912943
117,1.0445205672345852
118,1.0222323918354217
119,1.0553892941444976
120,1.0465930651681878
121,0.9942613168862205
122,1.0369510312640755
123,1.0022432108849633
124,0.984415056196291
125,1.0863881497111707
126,1.1066565627678204
127,1.0267051238615243
128,1.001691090097325
129,1.0098605739925102
130,1.0536803352039017
131,1.0427080113008027
132,0.9896446000176955
133,1.0164362280830415
134,0.9901595255612461
135,1.0760062728517548
136,1.0191649831611462
137,1.0149944965591773
138,1.0055063337194736
139,1.0228918897835146
140,1.0011886108976928
141,1.2268450955981371
142,1.019394115847512
143,1.0018254804009386
144,1.053600606825653
145,1.2429179270587198
146,1.0226096432325236
147,0.9909867317275696
148,1.1926836828322185
149,1.0072161285056278
150,1.1338954189566934
151,1.157786159402857
152,1.0427299110997974
153,0.9995775261867956
154,0.9839359125658714
155,0.9995685604679369
156,1.0434384225420656
157,0.9844044759806352
158,1.0903016984747942
159,1.107128691777585
160,1.0734301948646043
161,1.1759069245590892
162,1.008926406625752
163,1.0098056883054487
164,0.9947494895583711
165,1.0288859476019159
166,0.9848421666954279
167,1.0308302474632267
168,0.9926417125113073
169,1.0076769346944237
170,1.0658036741185457
171,0.9999720935279105
172,0.9958243956179949
173,1.0004758994026322
174,1.0559454346585362
175,1.0939211090181933
176,0.996046945983363
177,1.1098777240132447
178,1.065688334607871
179,0.9986123374959155
180,1.021787727926794
181,1.0210821314491147
182,1.0028645154744007
183,1.0765039634058953
184,1.0280944079144314
185,1.0262770468431353
186,1.1909490493063717
187,1.0587294834514571
188,0.9879625416786897
189,1.011901029711253
190,1.0328839668914491
191,1.0517192192427918
192,1.0458792068923173
193,1.0034653923489811
194,1.0081050621285415
195,1.0105534706833574
196,1.0244974121478456
197,1.0499355595411854
198,1.0349793797220226
199,1.0457828799270719
200,1.010795976708066
201,1.0226174709083808
202,0.9832571795801412
203,1.200805059075405
204,1.0681398683799488
205,1.0474527581248037
206,1.0313821575280444
207,1.034127541516915
208,1.0389322544200121
209,1.0328114684506189
210,1.1273096303137624
211,0.979798328596585
212,1.0608168860340506
213,1.0218442831916104
214,1.0031667116721223
215,0.9999336491642679
216,1.0801908936658107
217,1.1201075667492146
218,1.00318299131174
219,1.0877139330489005
220,1.1059744723497682
221,0.9922126659860553
222,1.0136702199952392
223,1.0464921166926513
224,1.0676188889005898
225,1.046549335870095
226,1.0438293025373515
227,1.0045810400345714
228,1.06053387496181
229,1.0139502680955266
230,1.0959158020402584
231,1.0276819644632003
232,1.0353723869428417
233,1.0312409436170982
234,0.9937416182214126
235,1.0338305776216865
236,0.995063950856088
237,1.0239174908373379
238,1.0249428337519924
239,1.0390387622470325
240,1.0159809971072495
241,1.0928473890750214
242,1.009347905706496
243,0.9883994226369759
244,1.1358898889131555
245,1.0321114874875068
246,1.0601266021204963
247,1.0023618313802625
248,1.0842884381168627
249,1.0500913722172465
250,1.0077237531584187
251,0.9872562386632331
252,1.0313969019059908
253,1.1099712300823672
254,1.0087651432284162
255,1.139600437046712
256,0.9923347210447415
257,1.0417474496592298
258,1.01474285641366
259,1.0340610163675708
260,0.9951581818681614
261,1.0085179233888528
262,0.9980366923115972
263,1.0226096841546335
264,1.023354035957781
265,1.1142240477884742
266,1.0472979890458882
267,1.001586455506322
268,1.0853792161350135
269,1.0107848074779089
270,1.0680871454108285
271,0.9914376811879708
272,1.1663203706965342
273,1.0071581540580348
274,0.9937060819444679
275,0.9861742830943948
276,0.9829210732794591
277,1.1164085533974
278,1.0093748392580673
279,1.0423029252742855
280,1.0253723669801706
281,1.0723404225826432
282,1.0189745875485032
283,1.0370678692455888
284,1.009281123880559
285,1.0026865107153737
286,0.9894512217013166
287,1.0539632925931377
288,1.05833995629946
289,0.9751372944103927
290,0.9832550287414746
291,1.0166878443598595
292,1.053348582545464
293,1.0613364345718428
294,1.0941376299529906
295,0.9894822008730786
296,1.003032527970268
297,1.0336214142847568
298,1.0584430677771826
299,1.056143048339463
300,1.0007718819396685
301,0.9945376859200004
302,0.9960155247997973
303,1.0894375045540734
304,1.031046622201339
305,1.156123737855327
306,1.0885787659190993
307,1.1453662003322242
308,1.0457664676715859
309,0.9838156435010728
310,1.0067637138140024
311,0.988783587002444
312,1.0512722645446702
313,1.0035150551957954
314,0.977032356395441
315,1.089110580738128
316,1.0975398188351337
317,1.0119897690593505
318,0.9950037500977603
319,1.0159110098907795
320,1.02528997467453
321,1.0257044520740992
322,1.0738392412357025
323,1.031447914615289
324,1.0286194979610985
325,1.0316542999065275
326,1.0053708889128976
327,1.0710467845945475
328,1.075231622405189
329,1.039059008235342
330,1.0664663586096121
331,1.056978344637514
332,1.0065490954506786
333,1.0504772972185048
334,1.018862512266446
335,1.0818758121979548
336,1.0701993908242868
337,0.9860076699716143
338,1.0386800438249986
339,1.0600577912895157
340,1.0072241466585665
341,1.0741813355776186
342,1.003200558175508
343,1.112502696222371
344,0.9856551877719183
345,1.015147329135332
346,1.1281061185807826
347,1.0055101714233023
348,0.974660568767922
349,1.0261387248167493
350,1.020219004145484
351,1.056676329052511
352,1.0516731672313373
353,1.0476898788522875
354,1.0638439927328187
355,1.1287492571731494
356,0.9995076217035755
357,0.9882889697645596
358,1.010995405426423
359,0.9936361016244497
360,0.9865463505912788
361,0.9927229576056154
362,1.0880263948988418
363,1.0856205386997195
364,0.9823426438050256
365,1.0270314391695248
366,1.0967068748176612
367,1.009188310966094
368,1.0428236930410504
369,1.0004470984947154
370,1.0281179606464597
371,1.000586886663039
372,1.0564892725066066
373,1.0744677267891722
374,1.0578457451424135
375,1.001572623824405
376,1.1169295845241622
377,0.992605905012264
378,1.0832410030459874
379,1.0191281545468813
380,0.9806289511470396
381,1.006278697326075
382,1.0724543834230378
383,0.9949362357973385
384,1.0762360757168685
385,1.0142589709965273
386,1.0152383808898213
387,0.9803826665449709
388,1.022937790841275
389,1.0480999024501032
390,1.320906308829664
391,1.0581951995240222
392,1.0002914777879048
393,0.9972941747960025
394,1.015702289021828
395,1.0225493036250495
396,1.0306720792796344
397,1.0226526672007559
398,0.9976449479081646
399,1.066423322744829
400,1.0838520085841368
401,1.0126766125774176
402,1.0046292273188673
403,1.0072140303718164
404,1.008968899876376
405,1.1271672912109227
406,1.0341371086439923
407,1.06343024848521
408,1.0445961642755255
409,1.040961890651427
410,1.019643932990181
411,1.068635275059934
412,1.0606695255215297
413,1.0782420997870887
414,1.0275764683087836
415,1.043343482472906
416,1.0211125887722026
417,0.9773195195118414
418,1.042334130927098
419,0.998154353124778
420,1.0030109458221252
421,1.0018859646809921
422,1.048802394131281
423,0.997659232395272
424,0.9966552411494701
425,1.075025765071853
426,0.9875982119433655
427,1.010131947162908
428,1.0365698769258538
429,1.018103375743192
430,0.9952507818173197
431,0.9907456661634286
432,1.1387623445589188
433,1.0416466115190983
434,1.0203458410850215
435,1.0723001362943798
436,1.1450116315878387
437,1.0012394010126462
438,1.1248819066052984
439,1.101653300841307
440,1.0407673232943724
441,1.038857662832582
442,1.0523575074841824
443,1.192497178405815
444,1.112605400379878
445,1.0034362024213503
446,1.0618501501448212
447,1.047840628396968
448,1.0296739275870064
449,1.067523077165066
450,0.988489695200581
451,1.0796571184451222
452,1.0234716104378692
453,1.024566165362171
454,0.9903351533993443
455,1.0148597496983065
456,1.002710138660842
457,1.0044234782281471
458,1.112287427474687
459,1.0380039915571606
460,1.0077891915538593
461,1.0202411834958238
462,1.1380917279762688
463,1.0391062285047252
464,1.0630850007829467
465,1.0895387986914633
466,1.0188831612374587
467,1.0166273795768885
468,1.0357575045424423
469,0.98341028415814
470,1.0145181369351894
471,1.0212626337437953
472,1.0227157456705807
473,1.0064952412292594
474,1.0436071202740114
475,1.1129133891242518
476,1.0761572158033754
477,1.093526321412904
478,1.0078645777416002
479,1.0533027211120367
480,1.1816281811700007
481,1.0638027032464838
482,1.0108313171883592
483,1.0241618080256698
484,1.0062048572706797
485,1.0482508671543256
486,1.0421717536987973
487,1.0113300385927468
488,1.0432304797201408
489,1.05276775875407
490,1.0628584816126934
491,1.016074471836681
492,0.9874871675838387
493,1.0684397966295975
494,1.1688941055095419
495,1.1151282889307494
496,1.0425945792206057
497,1.002705525390747
498,1.073391824993854
499,1.058295693041031
500,1.0919600050275085
501,1.010257464499782
502,1.1600876906727253
503,1.0728253616106476
504,1.0823486711261319
505,1.038247587159471
506,1.1242630424128561
507,1.0271342547061018
508,1.0846943486773988
509,1.0039420024981927
510,1.0799734586219132
511,0.9928668685605693
512,1.0658916102841611
513,1.010431536642957
514,1.010020948101223
515,1.1033170340976193
516,1.0630212858641332
517,1.0051787745733034
518,1.1095847369511065
519,0.999232095176118
520,1.1623000250220152
521,1.2045688144823656
522,0.9951408890564988
523,1.0144823714327367
524,1.0465660547355216
525,1.0080019559399631
526,1.0635658787127746
527,1.0846940408900618
528,1.0580833588411211
529,1.000379687483747
530,0.9878783731453542
531,1.0715818977775013
532,1.01185161397675
533,1.0694729120014914
534,1.006329845938851
535,1.0066974837771605
536,1.0102226234689828
537,1.0378255495914535
538,1.0265518916394263
539,1.048350436405629
540,1.02549153697539
541,1.0415671509581506
542,1.0737598245701245
543,1.1296989100441304
544,1.025872592363652
545,1.056535671346059
546,1.0487338135519464
547,0.9914659265387558
548,1.0204433214158848
549,1.0118727432188277
550,1.011243415904191
551,0.9978655551244797
552,1.0876780208535228
553,1.0562614358623894
554,1.0451544075723067
555,1.071862070349249
556,1.077595671523458
557,1.0308088816423076
558,1.0647920435824805
559,1.016174654628016
560,0.9862124601628486
561,0.9813591408559035
562,1.0521712214662429
563,1.0207432035640118
564,0.9907373901518812
565,1.0552236480994943
566,1.0987777589210874
567,1.0937090042913162
568,1.0222746916401677
569,1.0699049205907198
570,1.0373490220978778
571,0.993461695040925
572,1.0145481115556318
573,1.0641208418126067
574,1.0698194903836966
575,1.014789944071861
576,0.9860235549194173
577,1.066671559566677
578,1.0400996109176073
579,0.9924916122895197
580,1.0946338477320259
581,1.0123183718085285
582,1.117014534670222
583,1.0232376593285522
584,0.9895365428475864
585,1.0776944458701496
586,1.0262198078285176
587,1.095729435719404
588,1.0112796152445882
589,1.1289488989770304
590,1.061964822129762
591,1.055241630171424
592,1.0536803292403039
593,1.0290365160573411
594,1.0261379899398344
595,1.0106299698788264
596,1.1108290218062336
597,1.0579866547705612
598,1.0778278089561433
599,1.0637318485183915
600,1.0241945599007238
601,1.0444863344252502
602,1.0339172185487628
603,1.00768032487121
604,1.1351974436298606
605,1.0682914945013888
606,1.0006295383020605
607,1.011029672331943
608,1.0354028898102985
609,1.025495695511296
610,0.9938983243831844
611,1.0872934455706158
612,1.008002903595691
613,1.020440885541898
614,1.00045765714589
615,1.0670150721232874
616,1.0271495361718626
617,1.0511362548303875
618,1.0090108631406358
619,0.9961969018732448
620,1.0607518630522788
621,1.0342066525470457
622,1.0372145070486507
623,1.0510695640556387
624,1.0432850220458012
625,1.0129401699895024
626,1.0293718401850824
627,1.0596677183500183
628,1.0181297863846894
629,1.053056566368017
630,1.0286202856304203
631,0.9828183645920672
632,1.0113664751236935
633,1.0078802695822535
634,1.1007521072380357
635,1.0860359671664743
636,1.0074451223219794
637,1.137712646246637
638,1.09160032618046
639,1.046911111297234
640,1.122497831691038
641,1.0477299962006974
642,1.0718636813660152
643,0.9956681205023764
644,0.9986418988680629
645,1.0037203311561802
646,1.14711036722807
647,1.1790555651469528
648,1.0005102261652121
649,1.04372072707354
650,0.9754984216830692
651,1.053276997831828
652,1.113605112003942
653,0.9810334932499094
654,1.0453726608901568
655,1.1029754751511454
656,1.0457489140594063
657,1.0174852641532142
658,1.0276017941211328
659,1.0791536124506749
660,1.0295021822115211
661,1.002327426613129
662,1.051854478525442
663,1.1251220168417442
664,1.0205556729462453
665,1.0608906500553843
666,1.0320677523570916
667,1.10174719739255
668,1.0070749951633138
669,1.0143854441403874
670,1.0274295336357708
671,1.0246058541426248
672,1.0661468081392305
673,1.0142588220020121
674,1.0666620285042328
675,1.01429031375427
676,1.02143316716642
677,0.9949203152212835
678,1.0586513252184502
679,1.024060786476829
680,0.9790275014087515
681,1.0107922821558621
682,1.1470677672779148
683,1.0705813442551433
684,1.0873557329984447
685,1.084980957693193
686,1.0369966690586825
687,1.0091866425717604
688,1.0634132015945041
689,1.097679571335092
690,1.088121001828588
691,1.0908166914639403
692,1.1056747429023162
693,1.0174140983788553
694,1.0385092069977824
695,0.987245575828422
696,1.1370659958666285
697,0.9881432455121859
698,1.0861103224925601
699,1.063660400084962
700,0.9825792326445217
701,1.0450241361851704
702,1.0746624653249464
703,1.1673179513567016
704,1.0500224560975775
705,1.0192821366663511
706,1.0583131508316994
707,1.024830276279062
708,1.0560224492524466
709,1.01578367374927
710,1.019039945939035
711,0.9976461360341271
712,1.0693273001068104
713,1.020080003655122
714,1.0168035367756472
715,1.034934393754507
716,1.051809631777937
717,1.174264764655719
718,0.9904508814581641
719,1.0159266698319684
720,1.0485692725006002
721,1.170621953328659
722,1.018133850220103
723,0.9846460591441355
724,1.0015097349886415
725,1.034686080859172
726,1.004870615505632
727,1.0495821316588405
728,1.0260149427018783
729,1.0053854900492485
730,1.0208552504785802
731,1.0130619300257613
732,1.0309333465755928
733,1.0277033200601595
734,1.0454231338186255
735,1.0627535168335085
736,1.0529354428950004
737,0.9889723512177013
738,1.0676143911385294
739,1.021101492750075
740,1.0889451322611485
741,1.0339357557813147
742,0.9968932494928181
743,1.006035991676523
744,1.061031023518685
745,1.0024814449017267
746,1.049881543269703
747,0.9919771871238763
748,0.9825005830800528
749,1.0795490472042615
750,1.0427279909063265
751,1.0591302170844061
752,1.0339863936801112
753,0.998287028251396
754,1.022323383512043
755,1.0050525423735048
756,1.063842657220528
757,1.053351190499064
758,1.0898771620350278
759,1.0861132636481357
760,1.0995892062907062
761,1.0010246419105187
762,1.0209265588028318
763,1.116289360967849
764,1.0192493236551121
765,1.0021370739539759
766,0.9932930196949008
767,1.073651576381569
768,1.059168245491036
769,1.0221912452983737
770,1.0023639874824828
771,1.0448513995017616
772,1.0015346183866287
773,1.0122130497161952
774,1.1602146862634335
775,1.1292206485039247
776,1.017646642752115
777,1.0770579665399258
778,1.0061750398276763
779,1.001719622959926
780,1.0576556458542372
781,1.0443571112399443
782,1.08997050552566
783,1.0358799906917646
784,1.1740202656397383
785,1.0017844544396115
786,0.9993992778319397
787,1.023404986641744
788,1.0211338597523403
789,1.029028926182862
790,1.0683863789727563
791,1.046700942262049
792,0.9846561136726792
793,1.0079709351456962
794,1.131474028405211
795,1.0213667740133188
796,1.0267677793197598
797,1.0743963783806978
798,1.0359080206456428
799,1.0321831817852316
800,1.0370575818368661
801,1.0306443075031682
802,1.0361709916574795
803,1.0000290149521258
804,1.0099947572270458
805,1.061700628415577
806,1.0062094780660709
807,1.010158076134816
808,1.0405709921533493
809,1.139092164907242
810,1.0023087920068314
811,1.0677399605260776
812,1.0062554425648815
813,1.0272996828829484
814,0.9964317268389438
815,1.009246707873846
816,1.0034371498787351
817,1.1799799808650275
818,1.1039720284799999
819,1.1152394561510834
820,1.0647204265770691
821,1.071537194863767
822,1.2803633456460144
823,1.0304226972363892
824,1.2694925294097033
825,0.9885602808531118
826,1.0758688088236807
827,1.0128360089518644
828,1.0261088120957569
829,1.0522560740629068
830,1.0136826380706734
831,0.9924297398072521
832,1.0231917368438004
833,1.0202483029702565
834,1.0073399413715183
835,0.9966061275846707
836,1.1675034048158328
837,1.1606715940537642
838,0.9949757387371875
839,1.0763960989848083
840,1.047295219211311
841,1.0647806709080383
842,1.061485134321641
843,1.0651322114576303
844,1.0067581696146561
845,1.0442859736181624
846,1.0023058248166778
847,1.0817892250118701
848,1.1224364220347676
849,1.1023243591466803
850,1.0901749688730646
851,1.0440535809161189
852,0.9891970580457887
853,1.0078986287129408
854,1.0086307421691019
855,0.9928586145655358
856,1.0389055220193075
857,1.0430850092710726
858,1.0829668915593142
859,1.1372741312429793
860,1.0558362715988516
861,1.0284766002706551
862,1.0067714829589427
863,0.9983315275548884
864,1.0123886426572988
865,0.9897108089080116
866,1.0186704177097452
867,0.9962767384191225
868,1.049436026585568
869,1.0832475495798601
870,1.0556919668341926
871,0.9963222176857438
872,1.1237995585768035
873,1.0619997426994914
874,0.9810790074751419
875,1.048904547980044
876,1.0837093948429
877,1.0039109432743645
878,1.019234128978659
879,1.0836965525384632
880,1.0418009463032851
881,1.0692756353325303
882,1.0096856578565692
883,1.0425758180731273
884,0.9892735375385608
885,0.9877082329958848
886,1.0053683754623346
887,1.0698922089332017
888,1.1206768246052512
889,1.0140549290357574
890,1.132442787123966
891,1.1013905469855372
892,1.0927648123184537
893,1.0120100336895657
894,1.0787493344321781
895,1.0061526836720815
896,1.0950642729618938
897,1.0164345035393643
898,1.1327856127773694
899,1.0336224555484455
900,1.1816907570209119
901,1.1394990429959257
902,1.0558472225741935
903,1.0803843990470767
904,1.0729455827162897
905,1.0492067258593942
906,1.0534728455341265
907,1.0841410287087405
908,1.0148232490026232
909,1.0191717920804253
910,1.023560284237453
911,1.1461786540316727
912,1.0361383303650302
913,1.0404366325145507
914,1.0720270486623997
915,1.054879733994984
916,1.005926818684368
917,1.0352030762145548
918,1.0454626684736397
919,1.0597313689876167
920,1.049251836069356
921,1.0665196244512254
922,1.0853378456412144
923,1.0423046347912446
924,1.0229909470910277
925,1.0037060261228308
926,1.039189798386446
927,1.0078807527043474
928,0.9986578950760978
929,1.0204796641468012
930,1.0064203351708545
931,1.0433560465438811
932,1.0833813718879781
933,1.0059797588089145
934,1.0729491330670906
935,1.0010814396451755
936,1.1013461568091012
937,1.0056746416386781
938,0.9951902137584964
939,1.0024570144761897
940,1.0945755810841291
941,1.047694475911848
942,1.0726872666736467
943,1.133233474664854
944,1.0439546202642438
945,1.0408122037497725
946,0.9959211713307983
947,0.9906228208141754
948,1.0469621907404254
949,1.0131780331300062
950,1.035466850986812
951,1.0026909794638073
952,1.0267465872618038
953,1.1177989406801436
954,1.0253012805727584
955,0.9944959534934794
956,1.0524241354559059
957,1.044209320040041
958,1.003855162204007
959,0.9883761626201726
960,1.0627519692338652
961,0.981531956206608
962,1.0265264497409925
963,1.1190838827487708
964,1.1797527040551299
965,1.073205376348048
966,1.093391040801967
967,1.062571847844199
968,1.0684993584647566
969,1.0176407238947456
970,1.0560147704137957
971,0.9767712314419869
972,1.0103294514404373
973,1.0947091624190384
974,0.9986690348753612
975,1.014916539157469
976,1.0605097357965758
977,1.0069274180751109
978,1.0089762528325217
979,1.0782361526625641
980,0.995728397276066
981,1.0166279993818772
982,1.0104476112240413
983,1.0120658643692508
984,1.0018808426105559
985,0.986537496729468
986,1.0124663651826222
987,1.0489763471618028
988,1.0077853732874433
989,1.0715396676749502
990,1.06628099251464
991,1.0753512233354088
992,1.083712009891959
993,1.097142126294088
994,0.9881831468202515
995,1.0026475685618794
996,1.0269041963225582
997,1.0381189298559859
998,0.9951108509903532
999,1.0708610195359596
1000,1.0048667953793322
1001,1.065606896790229
1002,1.0502441138716652
1003,1.0824902500271134
1004,1.0585199563395442
1005,1.0217136394033464
1006,1.0172816306373713
1007,0.9992600748255899
1008,1.0387548348303164
1009,1.0481085466880655
1010,1.076681357589428
1011,1.0094270775043264
1012,1.0594471364567357
1013,1.0338382986328805
1014,1.11522164711239
1015,1.0632910608872188
1016,0.9959377997596883
1017,1.0701868358142652
1018,1.0775744106285043
1019,1.0186468954069132
1020,1.0244754925112036
1021,0.9859143780346495
1022,1.0301225995020453
1023,1.041692470561641
