0,768,778,154,745,406,849,263,295
1,360,697,680,829,581,863,288,770
2,256,33,571,99,712,166,779,723
3,497,41,806,180,83,467,980,106
4,163,670,431,718,584,213,853,977
5,196,337,304,264,835,980,985,828
6,806,340,530,538,284,795,958,41
7,980,361,838,348,94,560,386,250
8,313,756,658,648,334,256,402,23
9,101,437,398,664,226,276,137,1009
10,835,337,361,806,250,472,345,38
11,612,460,314,364,360,165,507,727
12,147,426,835,28,266,472,284,29
13,571,753,648,99,653,723,440,321
14,413,611,465,815,501,252,564,169
15,430,895,732,1021,56,834,971,622
16,935,514,885,831,424,852,252,295
17,745,551,295,134,157,451,457,286
18,472,38,215,573,155,938,470,76
19,571,930,653,101,559,143,765,71
20,713,799,545,930,559,571,19,143
21,202,862,262,814,949,714,121,731
22,563,838,7,980,419,386,472,348
23,983,779,718,256,213,874,571,951
24,422,1007,121,304,262,547,726,62
25,776,874,571,276,99,718,644,657
26,310,680,275,933,511,947,187,104
27,710,482,251,897,833,124,162,671
28,985,121,633,675,426,995,835,229
29,985,302,227,6,41,835,838,560
30,866,530,838,227,980,373,1004,311
31,54,910,551,365,737,132,631,935
32,933,297,403,387,842,562,410,625
33,99,723,571,23,322,2,88,367
34,869,977,59,1015,719,78,637,322
35,693,273,115,994,571,575,313,678
36,78,256,469,367,357,753,19,51
37,697,793,167,448,761,923,645,680
38,311,486,10,865,290,171,337,215
39,121,988,980,147,421,550,439,301
40,618,650,930,984,183,874,260,173
41,340,62,345,560,839,6,530,29
42,648,718,951,402,25,571,143,99
43,364,358,933,176,407,73,645,224
44,844,927,54,259,383,84,852,935
45,218,863,971,697,342,688,770,680
46,99,199,278,765,130,211,163,707
47,313,681,273,131,173,163,984,143
48,832,724,352,237,63,661,575,994
49,189,149,420,772,613,95,383,886
50,359,121,714,94,124,633,730,897
51,36,559,571,753,78,418,461,183
52,677,967,949,476,929,982,94,347
53,697,188,275,946,1021,353,360,56
54,927,491,381,31,179,910,423,551
55,200,621,280,457,1006,591,830,803
56,188,53,912,816,955,309,522,978
57,111,188,536,53,314,269,360,998
58,903,363,725,258,140,429,73,104
59,719,957,534,461,898,137,571,213
60,386,1007,865,262,399,557,675,133
61,576,420,95,454,164,263,525,371
62,786,41,86,620,560,450,81,311
63,753,327,801,13,571,715,313,718
64,910,524,295,427,365,325,752,676
65,392,603,77,257,236,687,743,619
66,933,487,680,275,73,269,410,1021
67,500,478,1007,340,614,171,24,870
68,205,460,387,275,1021,971,377,258
69,645,761,110,764,908,167,816,364
70,831,105,172,852,961,606,371,157
71,101,930,571,643,19,984,214,256
72,387,867,487,955,258,218,701,788
73,933,725,275,561,66,796,274,871
74,522,309,364,513,403,429,933,666
75,247,575,181,88,78,437,334,107
76,301,227,985,319,995,344,956,897
77,855,153,434,935,236,182,168,687
78,367,469,398,461,163,166,977,123
79,687,346,182,987,606,232,594,77
80,169,564,792,168,961,959,157,456
81,563,311,261,62,982,369,467,980
82,913,595,483,512,522,140,834,507
83,326,155,586,810,147,938,497,557
84,417,935,884,31,44,0,420,365
85,163,719,78,587,724,130,469,123
86,62,838,227,1007,952,7,311,980
87,623,62,814,319,835,980,266,586
88,33,984,75,256,571,78,143,664
89,645,228,194,553,695,755,1005,360
90,833,864,94,470,124,677,359,675
91,149,471,420,1008,1006,243,628,240
92,193,1023,143,442,746,986,273,713
93,835,472,588,786,980,301,470,497
94,980,124,677,202,290,806,897,345
95,961,852,619,157,669,318,289,243
96,761,448,626,933,483,336,946,225
97,858,401,846,986,138,618,657,71
98,479,17,803,745,778,783,540,316
99,723,33,571,173,211,1019,256,101
100,484,619,766,885,579,423,164,95
101,571,276,99,1009,273,256,173,19
102,525,925,136,146,423,318,630,772
103,823,971,946,1005,761,167,207,625
104,933,761,871,387,680,727,275,945
105,393,70,831,168,95,619,0,100
106,467,675,326,806,426,171,810,530
107,930,415,1022,273,924,986,601,571
108,371,157,164,417,365,884,935,960
109,648,718,807,691,729,321,404,247
110,761,767,695,507,612,380,350,816
111,57,668,581,536,339,522,53,764
112,361,262,6,302,787,813,106,133
113,978,901,198,468,672,358,867,66
114,222,632,296,838,980,726,311,262
115,617,718,35,401,571,693,627,742
116,971,697,167,940,205,998,43,946
117,147,835,472,865,375,93,623,1007
118,412,564,280,169,844,831,157,80
119,410,668,1021,513,32,761,188,53
120,124,94,344,476,749,135,121,375
121,421,290,124,311,262,950,547,28
122,1007,302,267,504,127,24,482,133
123,397,78,924,718,256,534,887,313
124,94,492,202,121,710,147,980,344
125,933,73,429,680,522,377,998,66
126,321,624,648,571,352,25,276,930
127,124,1007,261,862,344,361,636,929
128,290,985,94,301,147,928,675,828
129,497,806,607,795,985,530,918,866
130,415,643,173,634,983,214,163,618
131,357,715,256,47,25,776,874,873
132,886,844,286,855,134,242,31,631
133,262,267,865,694,754,62,426,302
134,886,884,17,295,169,286,412,132
135,94,936,980,636,677,120,202,889
136,381,149,185,286,102,825,174,631
137,575,773,398,433,226,276,33,984
138,650,994,753,571,260,742,469,972
139,803,95,509,149,286,280,855,157
140,430,816,834,673,595,946,908,364
141,834,140,364,895,430,971,483,673
142,852,600,414,747,172,830,447,234
143,397,559,256,273,19,571,42,313
144,370,831,209,576,289,711,969,189
145,675,985,121,29,463,677,988,6
146,501,318,772,154,564,286,423,102
147,290,810,835,939,124,375,938,426
148,423,154,769,959,383,308,456,289
149,743,420,95,189,792,185,136,139
150,653,571,951,723,693,765,544,798
151,662,238,317,955,297,445,349,679
152,121,731,883,985,694,369,21,573
153,737,234,77,395,831,164,747,417
154,772,289,423,576,157,371,885,0
155,985,835,995,472,83,28,426,633
156,535,243,77,886,153,961,95,300
157,852,200,295,95,456,961,610,154
158,541,286,257,381,579,434,812,77
159,383,925,800,937,831,523,308,318
160,795,806,6,938,129,94,201,549
161,994,801,235,63,739,1019,724,571
162,730,482,897,301,1007,677,195,934
163,700,584,398,977,571,643,718,431
164,517,651,484,855,286,417,852,961
165,364,978,522,224,645,871,176,11
166,729,874,221,437,78,931,571,256
167,680,626,37,697,761,834,309,971
168,519,509,831,959,855,743,812,77
169,80,564,969,825,877,792,676,420
170,728,648,99,334,846,707,13,173
171,835,530,614,677,492,467,980,290
172,631,259,610,852,551,619,424,423
173,723,431,211,99,260,974,724,571
174,95,136,966,910,333,100,619,383
175,166,875,707,874,846,962,23,559
176,364,522,976,309,561,933,668,377
177,595,945,32,708,761,387,220,555
178,643,401,984,19,163,256,418,873
179,711,564,785,54,769,169,852,149
180,227,222,866,201,463,677,196,838
181,974,678,575,256,627,75,442,846
182,455,831,687,77,745,234,803,845
183,700,101,773,618,173,690,882,260
184,526,424,525,541,785,164,855,157
185,381,149,136,395,669,457,280,997
186,893,886,241,412,815,676,884,631
187,275,680,309,861,26,915,933,104
188,1021,460,274,57,53,529,522,748
189,149,49,825,385,420,381,576,812
190,980,375,677,1007,204,899,539,60
191,333,295,831,970,772,881,384,371
192,661,545,846,650,166,23,571,681
193,951,173,389,571,278,437,994,276
194,364,459,733,487,1005,816,537,946
195,311,865,162,344,359,375,124,1007
196,5,344,731,124,636,227,489,180
197,855,886,893,613,454,877,884,132
198,933,816,407,269,468,748,358,331
199,773,1022,707,650,571,247,276,256
200,961,157,745,830,95,414,289,55
201,229,929,922,319,656,180,202,730
202,94,124,980,838,677,814,731,810
203,618,930,398,35,402,983,23,707
204,980,337,190,956,345,311,114,296
205,68,275,309,978,933,680,167,971
206,865,671,345,262,982,806,369,547
207,851,736,764,757,103,760,69,834
208,584,646,661,401,601,352,334,924
209,517,95,164,961,289,484,144,525
210,176,350,757,225,274,387,73,522
211,723,278,173,571,99,1016,163,584
212,700,974,571,418,853,874,930,984
213,779,23,719,860,718,313,874,723
214,930,723,650,571,256,807,742,951
215,361,340,426,114,222,958,6,530
216,234,95,769,496,905,298,17,745
217,930,644,173,226,25,273,278,211
218,188,867,971,45,536,770,748,269
219,410,53,57,668,119,998,850,909
220,218,537,74,176,45,680,445,871
221,166,753,437,78,681,807,431,715
222,114,202,215,180,883,731,632,726
223,532,274,522,188,176,513,410,1018
224,165,43,364,652,507,387,748,73
225,387,680,933,350,915,947,176,626
226,278,294,137,1016,650,260,276,657
227,301,838,86,866,938,835,985,76
228,552,992,761,89,755,695,998,668
229,312,261,121,201,985,28,266,734
230,971,358,410,672,387,748,32,908
231,314,608,998,1021,680,805,955,933
232,997,572,987,505,491,954,447,969
233,661,193,260,951,338,78,173,368
234,884,457,153,886,1001,551,182,17
235,658,744,765,994,357,657,437,25
236,77,603,169,286,95,855,519,466
237,367,709,327,63,779,832,951,48
238,823,380,511,445,625,955,680,317
239,673,978,933,380,364,32,275,708
240,242,243,286,540,466,855,886,236
241,893,609,631,815,711,132,886,802
242,240,844,395,371,153,132,737,77
243,95,886,471,514,240,884,156,393
244,650,544,1022,753,199,773,138,276
245,532,309,863,314,955,231,871,176
246,553,998,275,360,680,512,429,26
247,75,398,779,367,78,437,23,357
248,532,459,360,946,697,680,793,933
249,337,372,786,264,985,5,870,311
250,472,361,369,7,202,291,995,563
251,547,980,262,939,550,1007,345,7
252,16,766,424,619,1006,747,572,286
253,980,106,549,942,202,806,563,538
254,838,530,835,114,787,215,538,685
255,984,571,700,313,163,256,575,1015
256,99,776,101,707,166,23,143,951
257,149,772,65,189,54,100,158,603
258,915,387,275,53,680,755,188,863
259,383,172,293,959,423,631,95,308
260,650,972,723,173,742,661,618,546
261,229,492,835,81,127,980,985,202
262,121,754,865,928,547,251,133,862
263,935,423,830,975,289,157,917,61
264,985,530,426,492,171,5,249,344
265,656,264,492,985,124,215,426,1004
266,229,835,538,28,147,312,290,261
267,359,980,939,302,133,550,94,251
268,645,350,971,513,73,695,761,998
269,324,770,66,314,57,342,1021,946
270,1019,617,661,321,78,712,173,75
271,561,360,946,971,529,188,788,314
272,766,616,381,868,705,548,295,572
273,765,874,584,944,101,173,143,35
274,748,188,946,529,1000,410,380,73
275,933,680,356,309,73,53,205,827
276,101,571,930,765,25,437,544,926
277,336,271,513,854,364,816,978,360
278,211,875,1016,951,226,357,930,193
279,831,783,826,455,182,594,493,514
280,803,118,959,961,471,825,997,157
281,631,844,914,886,142,132,172,234
282,668,695,762,645,446,581,57,194
283,522,188,314,53,231,271,1003,274
284,344,710,995,6,124,835,147,262
285,1011,514,540,772,603,591,621,243
286,886,855,803,631,747,434,454,295
287,675,530,980,677,936,426,28,335
288,477,908,360,971,978,358,43,701
289,885,961,95,423,772,576,154,519
290,147,121,560,94,128,980,124,359
291,369,806,250,326,361,311,980,593
292,154,168,844,100,780,95,812,772
293,548,259,803,711,831,280,95,295
294,226,404,402,753,779,951,575,36
295,610,157,17,423,286,766,134,916
296,949,114,865,426,311,262,938,789
297,562,32,933,468,487,665,387,380
298,295,766,745,172,424,417,1006,234
299,793,53,680,761,697,796,473,612
300,619,579,424,855,286,935,100,542
301,227,985,319,162,452,147,632,568
302,267,985,361,980,29,347,122,345
303,106,980,478,888,93,421,467,592
304,726,24,311,121,290,5,347,530
305,709,957,256,650,469,653,490,565
306,1007,422,586,623,301,291,435,117
307,835,573,633,472,828,301,290,117
308,95,423,961,259,383,420,959,289
309,680,275,933,176,428,245,356,310
310,680,26,933,309,955,275,473,761
311,195,337,865,348,121,980,81,344
312,229,467,121,290,311,266,426,28
313,47,256,693,718,648,166,334,23
314,231,998,532,360,329,680,946,57
315,451,509,325,519,289,149,381,927
316,961,182,95,885,455,831,803,479
317,722,946,679,380,680,834,238,933
318,925,95,146,852,959,525,619,454
319,301,201,326,76,980,985,730,632
320,360,448,680,377,429,933,275,387
321,126,99,437,13,624,431,571,919
322,33,977,469,571,869,99,642,163
323,530,795,862,284,677,290,452,549
324,269,358,770,748,816,188,834,364
325,778,519,149,289,804,16,95,365
326,985,810,106,301,980,83,319,291
327,63,237,718,951,779,559,832,661
328,748,1021,269,324,358,971,732,73
329,314,946,556,788,507,271,903,274
330,770,697,695,840,665,998,269,350
331,428,218,198,764,74,309,56,460
332,770,622,645,1021,387,867,269,761
333,191,168,289,630,420,831,423,456
334,338,313,951,681,658,693,860,841
335,530,287,980,549,29,684,938,267
336,697,356,360,277,96,176,923,511
337,311,347,786,980,359,865,714,348
338,334,173,921,233,401,753,13,193
339,536,377,1021,53,829,971,692,358
340,41,952,215,6,958,560,530,62
341,360,532,507,379,639,314,1000,947
342,430,487,923,946,269,271,695,816
343,63,739,693,979,765,163,498,984
344,311,284,124,710,1007,865,492,995
345,386,351,374,359,980,889,94,251
346,79,182,209,615,687,831,606,752
347,337,359,345,302,311,463,980,304
348,311,980,786,675,835,560,7,337
349,722,796,56,167,531,32,297,679
350,379,998,695,110,1000,947,225,387
351,345,348,347,497,155,985,361,838
352,924,214,951,724,48,693,723,256
353,53,645,816,377,638,697,198,871
354,695,532,871,188,522,57,537,314
355,402,790,404,23,256,313,247,707
356,275,666,933,827,53,309,680,697
357,367,437,131,1016,278,753,163,765
358,645,913,1000,43,748,324,971,1021
359,267,347,833,865,290,337,345,470
360,532,947,946,697,680,320,314,271
361,995,215,593,806,302,980,7,865
362,575,930,273,984,874,664,724,644
363,140,638,946,198,851,971,733,448
364,176,194,673,764,871,522,645,834
365,935,157,31,16,243,651,884,108
366,124,195,656,675,196,813,426,375
367,357,78,237,570,713,388,247,799
368,437,278,233,771,357,941,661,276
369,806,291,671,361,593,81,250,62
370,144,785,711,609,371,134,525,831
371,417,711,844,154,108,884,164,242
372,549,249,28,359,985,633,337,896
373,814,463,347,530,419,337,296,180
374,345,636,547,284,262,889,421,251
375,878,568,147,865,980,889,497,1007
376,236,778,877,961,981,687,182,519
377,522,275,176,360,53,871,320,536
378,510,437,776,199,773,583,25,78
379,350,639,695,947,861,110,1000,314
380,238,680,946,1000,274,360,761,317
381,766,286,54,185,136,517,616,149
382,78,742,882,709,352,924,951,23
383,259,423,286,454,519,631,959,803
384,172,551,318,831,959,236,621,157
385,455,540,189,514,772,381,886,484
386,345,60,7,866,348,675,889,928
387,933,680,761,258,998,748,104,473
388,367,166,78,398,930,571,221,490
389,193,23,765,723,173,571,983,779
390,365,819,156,308,243,630,960,95
391,714,121,950,864,633,262,953,754
392,514,576,420,95,831,65,456,466
393,105,420,975,609,169,243,886,371
394,559,404,951,25,930,718,653,571
395,153,1006,242,747,579,169,164,927
396,173,779,278,193,658,357,875,994
397,143,123,313,924,712,273,746,718
398,163,78,984,247,431,137,728,853
399,980,557,60,549,928,290,359,547
400,877,752,772,792,780,609,519,831
401,650,260,618,571,986,791,469,983
402,648,723,779,42,765,718,653,670
403,871,32,74,429,933,755,364,978
404,718,930,394,1016,648,313,256,402
405,143,693,433,874,644,99,173,723
406,917,169,0,485,752,886,792,289
407,364,198,43,908,933,411,288,645
408,166,256,571,653,123,753,143,559
409,171,1014,614,426,588,880,985,607
410,119,274,387,188,32,998,66,761
411,933,275,446,978,851,104,971,460
412,118,134,471,491,831,886,371,169
413,14,505,792,236,501,465,420,925
414,142,969,200,852,157,747,184,616
415,130,601,107,173,643,779,313,78
416,800,961,831,711,659,935,172,289
417,371,927,884,572,886,164,737,514
418,664,974,212,801,931,779,756,437
419,838,560,730,835,530,478,202,421
420,792,456,564,149,393,61,576,825
421,121,147,202,980,731,588,262,419
422,24,623,121,262,568,291,1007,301
423,959,519,289,154,295,383,844,525
424,619,885,935,300,16,654,855,172
425,289,780,576,772,95,156,423,619
426,789,530,675,147,28,814,985,296
427,676,737,295,785,711,792,153,815
428,309,387,275,680,473,445,331,797
429,645,483,1000,403,320,74,377,360
430,342,140,871,487,1021,945,595,755
431,173,163,571,398,321,221,723,1016
432,15,167,732,103,909,622,428,116
433,773,137,661,951,357,571,771,278
434,855,286,77,884,541,916,935,300
435,586,985,326,539,988,147,266,980
436,311,375,980,492,878,530,135,786
437,974,166,650,753,357,481,221,276
438,454,610,925,803,295,959,259,286
439,568,121,426,106,39,633,985,180
440,723,13,994,544,765,653,99,779
441,660,971,218,188,317,364,1000,320
442,965,653,974,181,571,791,437,753
443,507,793,622,224,867,110,387,998
444,394,571,78,213,779,25,930,131
445,680,238,998,309,595,612,110,955
446,282,823,680,258,411,410,26,309
447,286,142,172,491,118,383,232,169
448,697,360,320,269,946,53,971,37
449,576,935,769,383,766,453,157,16
450,958,786,883,560,62,835,814,636
451,17,315,457,381,157,745,286,295
452,301,751,995,296,290,121,547,202
453,610,925,616,886,831,1013,855,705
454,576,613,286,925,877,420,383,423
455,182,385,831,457,279,877,803,479
456,157,420,772,916,80,564,295,576
457,234,286,17,886,455,381,189,628
458,621,884,927,737,134,54,285,600
459,194,978,537,248,871,513,946,487
460,188,1021,920,722,68,488,314,57
461,78,1019,753,719,534,571,584,583
462,823,595,552,274,555,816,854,679
463,337,347,373,560,530,180,786,106
464,16,17,154,885,514,927,884,108
465,14,169,825,236,413,146,792,815
466,236,845,603,240,182,392,200,831
467,806,106,980,171,81,312,369,311
468,722,943,933,680,473,688,297,269
469,78,650,930,571,256,718,138,874
470,489,359,988,547,93,985,497,899
471,778,243,412,280,514,420,157,501
472,93,250,899,786,155,835,588,348
473,680,387,770,660,920,310,863,468
474,595,933,529,360,909,816,834,722
475,321,1022,25,13,143,571,678,753
476,121,450,347,120,344,52,985,290
477,288,978,755,205,933,522,971,680
478,980,419,710,838,311,862,787,883
479,885,289,960,98,772,803,576,455
480,511,350,947,110,701,403,645,429
481,437,166,974,461,534,729,590,583
482,730,162,995,1007,27,939,344,267
483,595,429,488,377,645,364,854,946
484,100,164,812,576,381,844,856,517
485,815,803,792,406,519,886,420,383
486,865,38,60,897,938,195,967,675
487,66,863,933,1005,194,342,430,955
488,460,483,188,1000,377,445,53,269
489,470,196,988,206,985,547,563,5
490,388,1009,832,753,565,657,131,709
491,54,852,981,927,844,295,17,157
492,124,530,549,980,261,344,677,171
493,758,519,279,628,959,1008,466,385
494,677,929,980,614,171,880,592,607
495,571,101,977,173,397,13,166,974
496,884,234,619,286,600,886,856,542
497,806,3,129,607,939,375,980,470
498,78,977,718,163,1016,739,742,63
499,677,889,835,671,94,345,862,124
500,1007,67,24,929,636,504,304,632
501,146,916,420,935,815,157,471,243
502,23,247,75,42,402,791,983,718
503,636,671,251,128,547,928,81,686
504,122,24,422,267,563,929,500,482
505,687,831,501,606,232,969,935,603
506,228,223,762,176,522,268,992,761
507,761,110,314,360,483,788,341,275
508,431,571,715,930,575,221,617,19
509,519,168,95,1008,139,803,157,855
510,378,776,256,437,99,951,974,756
511,933,998,238,380,680,695,360,823
512,913,358,246,360,971,762,82,320
513,761,561,364,271,74,854,188,871
514,16,576,392,772,285,594,1011,417
515,725,320,794,360,387,73,748,274
516,1022,571,715,957,994,173,1019,629
517,164,852,209,381,424,157,95,975
518,735,886,457,234,803,509,519,780
519,959,509,423,168,1008,289,619,383
520,881,579,456,925,189,769,333,603
521,339,536,218,45,722,581,688,269
522,176,377,188,364,283,829,275,74
523,961,800,937,845,711,831,621,752
524,802,1013,80,610,800,157,893,609
525,423,318,102,844,157,785,184,825
526,184,970,153,406,157,118,519,132
527,770,324,188,567,762,851,748,913
528,530,806,171,290,476,865,995,835
529,188,748,274,271,1021,460,513,788
530,726,835,492,528,171,426,985,980
531,483,349,827,176,595,53,474,275
532,360,314,245,695,639,248,680,933
533,1000,764,198,796,57,531,757,827
534,78,583,173,123,59,719,759,221
535,156,603,886,371,831,243,600,778
536,998,57,581,748,1021,867,218,339
537,459,194,176,871,487,218,816,364
538,6,560,835,266,786,620,254,838
539,586,980,290,918,1007,304,865,435
540,603,285,385,594,240,514,772,371
541,158,184,579,830,434,906,737,785
542,300,95,579,619,139,157,156,286
543,950,636,375,786,929,547,337,476
544,276,650,1019,440,138,78,994,779
545,192,313,20,23,247,404,47,166
546,260,618,247,650,404,570,994,138
547,928,251,985,121,889,262,950,1007
548,564,293,295,769,804,676,280,711
549,980,492,124,372,290,795,147,359
550,251,995,267,1007,361,980,999,375
551,17,31,157,172,884,234,631,747
552,228,57,324,531,816,188,462,748
553,680,736,246,387,645,258,679,761
554,680,990,695,532,314,740,274,796
555,770,188,680,332,57,310,176,269
556,271,329,314,537,231,788,946,608
557,262,949,399,938,227,60,147,482
558,361,952,347,636,296,730,261,814
559,653,394,571,143,19,930,700,818
560,789,835,290,419,838,786,62,814
561,933,871,271,73,176,513,680,522
562,297,32,998,662,673,842,933,625
563,81,22,369,361,980,982,250,597
564,169,420,80,179,711,961,548,118
565,650,260,618,78,951,657,709,490
566,814,296,337,290,865,426,195,539
567,770,324,555,360,188,527,834,317
568,375,988,301,426,985,439,319,106
569,680,933,167,761,665,275,258,309
570,367,260,650,78,664,23,590,401
571,653,930,19,700,13,723,101,650
572,997,417,420,286,606,969,514,576
573,731,171,835,93,114,710,152,547
574,193,951,278,658,260,273,437,661
575,994,137,664,984,75,181,930,256
576,454,925,61,289,514,772,154,420
577,978,680,332,948,673,239,971,871
578,949,982,201,24,62,656,296,291
579,300,885,935,855,925,100,769,424
580,924,657,401,715,101,986,977,1009
581,536,360,57,612,1021,282,697,668
582,460,909,387,483,1021,167,332,428
583,534,437,78,221,873,461,759,235
584,163,173,273,874,208,729,211,123
585,918,814,222,980,952,114,361,369
586,147,435,828,539,810,814,83,290
587,618,163,719,401,85,930,130,984
588,93,835,828,421,472,409,982,81
589,785,144,541,493,457,758,628,540
590,437,570,357,166,368,321,481,431
591,420,285,831,886,182,825,514,572
592,980,361,995,106,94,28,319,835
593,361,369,262,311,806,291,808,41
594,687,514,540,285,371,182,279,484
595,483,854,140,748,474,430,364,834
596,677,730,337,980,530,492,162,838
597,563,482,730,472,995,291,980,573
598,571,401,983,874,19,101,719,957
599,311,835,560,838,786,675,348,538
600,142,800,831,884,535,687,886,80
601,415,575,874,700,1020,163,431,107
602,816,761,612,110,793,695,732,299
603,540,535,236,884,886,285,687,466
604,60,865,375,985,677,497,359,7
605,893,172,234,711,800,961,164,157
606,935,95,961,831,572,830,318,70
607,985,129,497,530,121,878,838,866
608,231,871,971,1021,998,271,238,188
609,393,802,370,241,877,621,371,820
610,295,711,1013,959,831,157,172,453
611,14,146,393,815,252,564,969,169
612,840,998,793,110,770,697,445,11
613,454,886,935,631,95,169,517,236
614,677,806,171,124,530,202,795,6
615,831,182,778,234,392,289,416,935
616,381,830,453,766,631,318,937,576
617,650,115,571,627,270,739,469,700
618,650,260,401,546,986,930,962,846
619,95,300,424,100,766,286,519,705
620,62,848,538,450,835,94,560,290
621,157,1011,458,609,55,285,523,737
622,332,645,770,761,834,971,697,998
623,422,980,94,1007,632,117,87,319
624,321,924,874,23,629,729,126,700
625,823,1005,680,238,32,645,511,861
626,167,680,861,679,96,380,665,625
627,181,742,617,650,115,874,974,1009
628,815,886,843,792,457,286,825,517
629,313,718,624,874,516,715,739,944
630,772,735,925,240,333,456,289,803
631,886,172,286,815,383,417,551,747
632,114,301,530,985,980,492,326,147
633,835,28,985,714,675,337,348,155
634,130,951,1023,101,99,598,643,256
635,974,874,756,930,713,634,343,92
636,929,547,939,361,928,995,806,450
637,977,431,33,78,321,869,571,898
638,353,488,363,342,339,971,377,460
639,379,532,947,695,360,314,1000,188
640,189,603,591,102,772,466,420,456
641,547,835,980,171,361,677,636,813
642,78,571,163,1019,618,742,723,719
643,984,163,930,256,874,71,571,469
644,874,571,930,25,693,101,723,718
645,762,69,816,697,971,364,867,358
646,208,584,23,25,644,99,657,163
647,365,961,289,416,830,579,108,935
648,402,718,42,571,13,723,109,653
649,251,530,93,550,1007,86,866,835
650,742,138,618,260,571,437,401,930
651,164,884,365,981,169,395,134,417
652,224,947,428,309,732,225,861,387
653,571,19,930,559,723,13,648,402
654,424,100,54,16,381,579,619,417
655,181,575,75,273,994,357,664,590
656,949,201,261,147,492,124,265,734
657,25,846,357,753,437,700,1016,235
658,235,739,951,334,396,357,738,193
659,843,416,800,937,961,631,704,831
660,441,680,473,861,1000,695,770,188
661,192,260,742,650,832,78,718,709
662,238,151,673,955,562,198,297,933
663,884,234,886,197,737,743,31,149
664,575,437,1020,984,101,1019,431,974
665,680,473,297,275,188,626,761,53
666,356,309,275,74,764,680,403,757
667,256,984,131,994,437,979,627,650
668,695,282,176,57,645,119,410,111
669,95,961,852,927,54,471,185,381
670,718,402,571,653,163,779,321,1016
671,369,835,206,290,828,147,503,806
672,645,971,358,701,732,933,867,387
673,364,140,834,239,871,971,788,946
674,437,25,776,707,256,575,951,442
675,904,426,28,348,124,787,287,106
676,427,169,564,711,548,80,371,969
677,94,980,614,202,1007,171,492,124
678,930,181,571,35,256,707,643,700
679,946,317,380,274,680,626,429,553
680,275,933,310,473,309,387,360,380
681,728,47,951,941,221,709,334,661
682,875,181,394,678,256,879,214,170
683,980,128,889,866,94,345,347,129
684,980,677,557,335,419,29,267,202
685,835,862,254,838,114,261,478,786
686,262,530,985,636,345,547,781,302
687,182,594,505,845,77,153,603,600
688,468,971,45,66,680,945,473,218
689,124,450,835,476,787,929,284,838
690,746,401,23,994,183,469,977,571
691,109,321,718,670,78,661,724,247
692,536,339,645,867,1021,82,998,945
693,798,571,35,313,644,874,951,979
694,133,62,21,814,304,482,344,152
695,761,668,680,282,532,947,360,379
696,258,188,32,487,755,1005,722,668
697,53,448,360,793,645,37,680,971
698,398,618,256,818,214,78,650,36
699,78,753,773,233,338,437,321,461
700,874,163,571,25,212,559,930,273
701,645,978,511,672,955,288,933,755
702,420,564,80,456,174,169,427,910
703,57,269,198,111,459,218,788,522
704,741,153,961,780,852,981,95,886
705,95,619,925,286,318,576,157,236
706,78,469,401,173,972,984,650,994
707,983,256,571,199,402,930,313,643
708,1012,231,271,188,324,239,748,561
709,237,832,681,256,661,247,78,951
710,124,344,284,835,27,478,530,419
711,610,785,179,371,831,564,893,370
712,2,397,724,166,583,700,571,270
713,20,951,367,173,874,78,334,860
714,864,896,202,337,633,391,862,50
715,874,932,131,63,221,700,173,166
716,807,181,791,571,192,107,109,20
717,750,248,695,314,219,836,947,329
718,874,648,571,404,163,670,1016,42
719,59,957,571,1019,213,78,461,469
720,650,779,78,729,437,278,260,853
721,201,196,731,939,588,24,319,547
722,317,460,349,468,188,796,360,271
723,807,173,211,99,571,1016,994,260
724,173,874,571,718,723,693,123,163
725,73,515,274,176,998,522,933,74
726,530,304,980,870,114,734,121,222
727,364,104,757,176,764,871,522,834
728,681,170,398,163,571,404,977,367
729,166,874,260,584,23,273,661,123
730,162,482,419,94,897,980,1007,319
731,573,202,421,196,636,93,222,828
732,1021,971,761,909,15,513,53,998
733,194,645,364,996,788,358,487,871
734,726,121,229,656,28,264,261,24
735,630,518,937,383,286,803,333,886
736,553,207,511,350,645,761,625,947
737,884,153,427,886,804,417,778,154
738,163,739,658,273,575,994,534,984
739,994,658,163,753,571,765,798,575
740,274,1000,554,680,1002,377,73,194
741,704,886,381,631,525,234,628,519
742,650,260,661,138,163,723,807,78
743,149,792,168,961,169,420,80,564
744,235,357,657,402,394,765,25,832
745,17,200,289,803,182,157,286,831
746,690,986,397,367,544,1019,977,19
747,286,884,886,164,142,153,551,631
748,274,529,188,387,998,536,595,770
749,262,120,530,311,287,883,675,939
750,680,387,761,360,1021,947,695,933
751,121,452,344,262,547,124,21,28
752,1006,831,954,406,852,289,523,877
753,437,13,221,63,994,138,791,357
754,262,133,267,865,864,866,304,862
755,871,933,1005,387,430,761,680,258
756,334,418,394,874,545,166,658,635
757,727,364,274,666,522,275,1002,902
758,493,802,132,628,844,886,845,877
759,534,583,78,163,270,1019,431,173
760,110,207,403,946,998,364,767,697
761,695,110,680,387,793,513,104,69
762,645,282,816,695,360,971,188,1000
763,482,563,21,726,421,121,694,222
764,364,57,110,69,666,761,673,207
765,273,723,276,402,944,101,653,357
766,381,619,286,295,100,886,576,371
767,110,876,764,165,577,511,680,695
768,0,286,289,766,975,234,424,884
769,579,295,179,804,548,456,564,449
770,269,332,473,816,748,218,998,555
771,951,984,437,42,368,101,357,143
772,154,289,576,514,630,456,146,285
773,199,1022,137,571,166,753,433,437
774,623,467,81,261,311,312,835,62
775,835,862,261,171,530,928,671,409
776,25,256,99,951,510,437,273,166
777,969,393,852,95,318,169,144,961
778,289,0,471,737,831,804,325,77
779,994,723,213,571,23,402,983,799
780,886,425,704,153,737,243,884,95
781,262,301,470,865,686,128,985,452
782,344,897,636,806,450,106,675,958
783,236,687,279,603,95,77,591,535
784,614,806,290,201,578,152,147,171
785,711,370,179,169,427,454,420,525
786,450,958,62,808,835,560,348,337
787,675,254,838,864,952,62,478,86
788,946,271,871,996,971,380,329,529
789,426,560,814,296,7,838,530,952
790,256,402,247,313,355,166,25,707
791,753,401,643,571,442,930,983,19
792,825,420,961,743,169,80,149,886
793,761,299,697,612,37,680,895,110
794,515,750,487,258,377,176,387,223
795,160,814,323,6,614,813,450,426
796,861,73,274,349,309,722,275,680
797,920,460,428,410,188,379,309,387
798,693,951,571,739,559,874,63,431
799,779,367,20,1023,247,983,713,534
800,416,523,937,600,961,659,631,831
801,63,571,437,357,418,394,974,753
802,609,886,524,815,157,420,758,61
803,286,139,280,95,157,825,745,383
804,737,935,910,778,916,769,325,501
805,933,231,360,66,258,871,275,314
806,369,467,614,361,6,94,291,497
807,723,571,1016,882,173,221,742,109
808,786,261,813,593,24,262,215,694
809,166,1016,807,247,78,221,670,404
810,147,938,202,326,106,586,162,939
811,933,861,387,317,73,429,487,947
812,168,855,484,856,189,100,381,77
813,361,795,359,262,985,215,808,28
814,202,426,560,795,835,62,789,450
815,485,886,628,631,501,383,286,792
816,140,645,908,697,770,946,762,923
817,41,62,366,340,795,787,786,450
818,559,698,163,19,278,1016,653,718
819,289,960,579,243,154,100,381,855
820,295,959,118,609,893,80,877,423
821,862,677,530,171,891,641,492,864
822,718,874,25,930,431,798,648,508
823,238,625,680,103,511,342,863,380
824,779,706,973,213,237,643,401,983
825,792,169,420,803,847,149,189,525
826,576,484,279,772,619,240,466,392
827,275,356,933,309,522,364,793,871
828,586,290,588,835,671,128,731,147
829,522,275,998,53,339,176,697,358
830,200,157,961,263,616,606,579,142
831,182,168,610,711,455,961,16,937
832,661,78,709,48,951,779,247,653
833,359,162,677,90,470,714,547,27
834,140,364,673,317,595,167,946,867
835,147,633,530,171,560,93,155,786
836,750,1021,360,1012,515,314,188,223
837,910,893,935,393,831,884,154,281
838,980,419,202,227,560,86,254,530
839,41,302,311,419,560,980,530,62
840,612,473,770,188,314,330,697,695
841,334,693,926,771,921,879,951,35
842,32,933,474,562,1002,529,297,103
843,659,628,157,935,61,844,852,803
844,132,371,423,242,525,491,877,484
845,687,466,182,523,961,153,200,937
846,173,1020,101,618,657,260,192,404
847,825,525,420,289,616,149,318,519
848,620,229,124,897,344,94,28,152
849,0,778,289,393,154,263,325,769
850,829,119,668,219,268,223,73,793
851,968,207,978,971,66,411,945,736
852,157,95,517,981,961,969,172,164
853,650,163,571,984,78,398,1015,357
854,595,364,360,513,271,483,194,320
855,286,434,77,164,168,579,886,197
856,812,905,95,484,371,286,747,961
857,99,575,1020,571,137,773,994,664
858,97,972,791,415,138,807,965,173
859,284,86,251,204,344,348,636,369
860,213,334,78,173,713,404,1016,994
861,796,915,680,933,660,811,379,309
862,262,864,929,21,677,530,714,323
863,680,487,946,314,360,933,473,45
864,714,904,862,675,677,787,267,90
865,311,995,262,486,1007,359,195,344
866,227,386,530,607,30,375,980,889
867,998,645,218,536,332,770,834,697
868,286,766,381,134,514,454,420,0
869,977,34,571,322,719,213,163,23
870,726,311,215,41,980,530,249,304
871,933,561,364,755,992,104,971,430
872,478,980,677,982,24,62,94,1007
873,583,131,235,357,700,739,178,163
874,700,718,166,930,25,644,571,273
875,278,175,396,193,559,986,99,181
876,767,680,1012,561,660,360,269,165
877,169,454,80,792,844,153,427,785
878,375,147,530,607,124,939,121,866
879,278,951,42,681,276,214,20,643
880,980,939,677,409,93,731,1014,94
881,825,285,886,420,393,792,803,189
882,723,173,924,807,273,313,930,260
883,450,222,262,202,311,152,999,478
884,737,886,234,134,417,935,496,747
885,289,424,935,579,16,95,576,479
886,286,631,884,134,815,132,628,535
887,123,931,534,729,584,88,801,461
888,980,303,988,563,929,348,375,155
889,547,988,345,375,499,980,677,985
890,101,773,143,986,173,276,1022,433
891,821,250,641,202,359,939,195,311
892,962,653,681,214,807,709,779,571
893,711,610,169,241,884,80,785,197
894,707,321,739,313,930,753,357,924
895,971,1021,871,793,430,15,32,53
896,714,372,633,864,337,28,50,813
897,938,162,94,995,730,810,128,27
898,59,719,977,78,534,367,88,571
899,472,980,470,302,550,988,375,190
900,441,537,364,220,908,176,673,218
901,113,511,834,978,736,955,697,37
902,188,275,933,757,317,53,946,43
903,946,529,364,271,314,871,513,854
904,675,864,677,133,862,787,90,865
905,286,856,300,17,747,95,603,216
906,970,289,579,541,333,830,466,236
907,176,73,309,561,796,695,915,680
908,816,645,140,364,288,69,971,441
909,1021,645,816,732,697,218,332,867
910,31,804,54,831,169,564,236,491
911,404,313,624,115,352,718,924,213
912,188,522,56,996,377,360,271,755
913,358,512,188,645,82,43,748,971
914,289,300,970,281,925,172,424,619
915,258,861,73,275,309,680,225,933
916,935,295,501,286,456,804,737,884
917,406,975,263,289,886,243,628,768
918,129,585,980,539,93,649,828,995
919,321,742,166,1016,437,367,570,941
920,460,680,473,797,314,231,387,695
921,338,648,334,166,433,661,841,693
922,201,222,985,835,180,614,202,129
923,1017,342,816,37,269,908,56,45
924,882,123,78,352,624,718,397,173
925,318,576,454,579,102,705,772,286
926,723,276,571,650,653,402,321,101
927,417,54,1006,491,954,514,669,981
928,547,262,835,985,636,128,251,862
929,636,862,201,344,677,261,450,124
930,571,19,214,874,653,678,276,643
931,166,887,418,874,994,715,437,932
932,715,723,173,931,63,807,431,718
933,275,73,680,955,387,104,561,66
934,162,290,557,897,938,296,147,128
935,16,424,885,884,606,916,579,77
936,135,287,262,530,865,866,311,677
937,831,523,886,631,961,800,234,616
938,810,897,147,227,675,296,557,162
939,147,267,251,636,202,980,497,995
940,342,448,1005,487,971,964,946,863
941,173,681,723,260,368,1016,571,47
942,337,675,106,348,311,476,253,599
943,468,310,317,297,198,626,680,448
944,273,765,321,101,276,437,723,99
945,430,871,971,332,218,933,867,104
946,360,788,679,271,380,274,53,314
947,360,933,695,680,379,380,639,387
948,978,167,971,871,577,317,645,239
949,296,578,656,557,261,21,196,52
950,121,547,865,786,375,311,262,296
951,193,771,278,42,1023,99,256,25
952,340,86,806,361,215,62,838,106
953,607,391,714,28,50,675,568,806
954,417,927,752,252,491,153,877,1006
955,933,680,487,310,238,231,871,56
956,290,866,76,204,227,835,476,337
957,719,571,994,59,723,213,962,650
958,450,786,340,560,6,344,215,835
959,519,423,610,168,318,383,95,80
960,576,479,16,365,819,243,108,289
961,95,200,289,157,792,523,831,852
962,779,618,1020,19,571,401,773,166
963,814,828,202,835,222,633,29,588
964,275,940,258,377,53,805,428,387
965,442,173,260,389,233,858,47,707
966,619,174,100,257,136,381,519,484
967,106,865,52,538,94,147,1007,319
968,971,851,332,140,834,945,680,761
969,169,852,414,572,777,564,420,417
970,906,289,526,579,191,914,519,236
971,1021,680,645,271,946,871,998,895
972,260,173,983,650,138,437,753,388
973,571,237,832,78,63,388,534,13
974,437,173,181,571,273,276,101,753
975,95,393,454,917,263,935,289,157
976,176,73,933,522,364,725,861,668
977,163,78,498,869,718,322,398,728
978,933,948,971,459,645,577,239,701
979,693,718,874,724,571,101,765,994
980,94,838,549,267,7,677,985,202
981,852,491,164,961,927,200,651,517
982,81,262,345,563,62,578,588,206
983,23,707,779,972,930,571,951,138
984,643,575,398,650,930,273,101,853
985,326,301,980,155,29,547,28,530
986,930,101,618,278,401,746,19,1015
987,610,935,61,1013,16,606,576,831
988,985,889,568,980,547,39,375,470
989,162,897,714,980,290,547,472,864
990,554,788,218,238,998,45,231,608
991,267,939,686,549,557,335,806,754
992,871,228,73,275,933,680,695,561
993,173,211,273,99,994,235,931,193
994,138,723,575,779,739,753,173,571
995,361,865,155,344,550,284,482,28
996,360,788,946,532,733,912,377,755
997,572,232,381,157,280,54,179,743
998,314,867,536,680,612,1021,511,387
999,995,550,883,251,81,114,835,361
1000,274,380,358,429,998,695,946,360
1001,234,457,149,179,961,825,236,741
1002,274,460,188,275,43,757,933,796
1003,1021,314,188,283,57,668,529,1000
1004,290,492,677,980,202,985,323,539
1005,487,194,625,755,971,871,946,697
1006,927,395,286,752,424,745,200,252
1007,24,677,865,344,162,86,547,127
1008,519,509,610,831,169,619,745,855
1009,101,584,163,490,559,115,278,657
1010,595,612,764,554,110,854,57,767
1011,285,514,417,621,16,420,927,877
1012,708,871,430,332,876,762,1021,561
1013,610,524,711,987,295,453,831,61
1014,409,880,530,806,550,251,980,302
1015,618,101,853,986,19,71,650,984
1016,723,278,718,211,357,807,404,163
1017,923,269,310,360,488,680,56,903
1018,522,998,532,223,507,602,429,82
1019,99,719,544,101,723,994,78,461
1020,846,99,618,962,664,857,874,1019
1021,188,971,732,460,998,53,536,909
1022,773,199,650,753,930,99,276,107
1023,951,193,983,99,256,643,92,23
