0,0.9555093084489985
1,1.03901778569788
2,0.9507188146330297
3,1.0402314743711014
4,1.1263843806620537
5,1.1964539223667838
6,1.0149665050981103
7,1.0009617312872876
8,1.106967745644246
9,1.0867744482112949
10,0.9790144551136218
11,1.0656992430054173
12,1.0905109592348965
13,0.9876532578655359
14,1.166230046506709
15,0.9751429244970635
16,0.9870041134416865
17,1.1853720178392695
18,0.9766068414507544
19,1.0301294695630716
20,0.9980042154846163
21,1.2675496219712468
22,0.9335017599218216
23,1.1081954530500109
24,1.0839703894081643
25,1.1178147126977036
26,1.0039141059383705
27,0.9751429244970635
28,0.9644106520197331
29,0.9995195963755523
30,1.0432172753228182
31,1.0763349506020445
32,1.052314944033414
33,1.1773716370681981
34,1.0539905018789801
35,1.0142984728419213
36,1.1845740415949295
37,1.2070636268247503
38,0.9907729805510519
39,0.9737382220448374
40,1.0952909998360312
41,0.9999003746058314
42,1.1124186869802792
43,0.9995195963755523
44,1.0090602488717462
45,1.17224791298783
46,0.9735266404035525
47,0.9951507647902258
48,1.0481247279357968
49,1.0845277596716136
50,1.0015793613095845
51,0.9951507647902258
52,1.664294617007862
53,0.9610301539458943
54,1.2730919129382494
55,0.9610301539458943
56,1.1919070460076928
57,1.1656687254193785
58,1.009793451923332
59,1.149571192268136
60,1.0741055036896863
61,1.014997915713656
62,0.9767121928671456
63,0.9925801858642741
