0,0.5542340918561437,0.9113454481249827,0.9845446757381645,1.1233427997147372,1.2497011092300654,1.4881937578162503,1.9184790327562167,2.031432194464647
1,1.5829153186574825,2.068816597649563,2.3353997636764587,2.440543208485523,2.609315911330825,2.699543865189712,2.967433898170852,3.019170696419581
2,0.46418768763215973,0.7295451648858945,0.8402315447287662,1.0449834295910876,1.069261375273499,1.184451862197518,1.18672077453811,1.1910993960942053
3,0.394588225678157,0.5946592951046547,0.8665038635145101,1.0168361851957555,1.1890689177323093,1.2023882714656957,1.2090336908068178,1.362662464644896
4,0.22227803883041788,0.29524218378845507,0.351419521426209,0.654262256140293,0.9597962772750344,0.9604634030516883,0.9919057087016313,1.0910925694240186
5,0.3498760170097488,0.43451906422657627,0.4640181837566601,0.47290969759934376,0.5280698169675959,0.581689165050706,0.6617649691045036,0.6981944265526742
6,2.3102444274540366,4.838244247689851,4.8981292733837325,5.068401899389022,5.944439414063916,6.10033769311379,6.139369436869818,6.286631270147809
7,0.35419524663358554,0.3845018331726983,0.9787369667819931,1.5518731371967567,1.5655945933870687,1.6618330475523766,1.709741007159024,1.7321465560648543
8,0.37537988209952683,1.120954696539061,1.3934235607782217,1.3952480767572784,1.4036023249606986,1.4784909321803918,1.6009461750515004,1.6302737679235935
9,0.9732539639753629,1.0376929019529662,1.1081410902471749,1.1517167473859617,1.2295573152367076,1.2636581584571513,1.3479347470082514,1.366539595807459
10,0.33818178384962544,0.4117264275117839,0.43920095354021493,2.131815900397681,2.2225428997889694,2.562566952090964,2.6325393056067434,2.7027644439007985
11,0.6086364595745671,1.0687529703798904,1.1129033597571798,1.346157217118433,1.3966468807297978,1.4294559441837205,1.5436829632273894,1.5446469374326537
12,0.4155153615053936,0.5619211807865084,0.8153026613784018,0.8905272216723443,0.9680373670020119,1.0151969662892957,1.1003322918302045,1.1462788568750002
13,0.4298258504388427,0.5230490751402574,0.8716782506406141,0.9971366616239319,1.2120119245867564,1.2176421174686194,1.2210076739917728,1.3188664284833078
14,0.6059667280294747,0.608042227702571,0.9705013001687214,0.9826770285354928,1.372914854408327,1.4147555223868011,1.456031735346517,1.469524060381378
15,0.5919622931642742,1.2497163316557756,1.5714796350086317,1.6239338483188028,1.6268648023323589,1.7235206669093968,1.8210632454640472,1.8530019002266527
16,0.37867733725110936,0.3980037255585392,0.5147855039011999,0.7742595964572678,0.9521163227586619,1.0493318379396348,1.0594630473417948,1.093918868550324
17,0.3173196327462916,0.3690233208166623,0.39358340899467936,0.5004832222493135,0.6883138076736316,0.7752771163566995,0.9328516828779596,1.004981172190997
18,0.09216945542251687,0.31366113792477684,0.572977649639283,0.6824805521596553,0.7296426738828637,0.8276199581013629,1.0093877444090316,1.0446683057322586
19,0.2792833362109884,0.333005512271765,0.38479479575787096,0.4213691355862794,0.425468308689259,0.5153042584404378,1.0831792127037871,1.199902773381706
20,0.7128760497309209,0.7631514176906115,0.8507345091454502,0.9432922993804669,1.3428681001237224,1.4346556037815121,1.4668398256550061,1.5241522251656896
21,0.4041421278568491,0.6367985759684536,0.6630850836151818,1.4969582704386961,1.5100776101195852,1.5840861125645203,1.7158079315262018,1.73026735949777
22,0.35419524663358554,0.5256302941313193,0.8337231427652659,1.2307114854537073,1.380040231852687,1.3965400869277427,1.8817351816093315,1.914760917585439
23,0.5483480708582813,0.9247949338327199,0.9971860087826667,1.012163820440613,1.0972066376637322,1.1388050465363193,1.2553145130359704,1.393591368561139
24,0.42607219171556504,0.4298258504388427,0.4511265004962769,1.055525482829645,1.131005181138644,1.2744292872332936,1.288294359604276,1.569868350560762
25,0.10099485042215163,0.5461665390701498,0.843209238663413,0.8674622537562057,0.9286160183218242,1.0768251478116737,1.3957350371148296,1.4969582704386961
26,0.8464992920079021,0.8874334028623811,1.1131626882114305,1.1266067015155112,1.157803926800788,1.3047836306041138,1.3471510022857665,1.3818707415565439
27,0.1872812924623725,0.5110390417336468,0.5799199384058666,0.6442271563478079,0.7927789862790764,0.8185646097162246,1.1880403269321924,1.237222283938913
28,0.5502919756145642,1.008142472969378,1.137074125278078,1.2500868576848694,1.3269656494573563,1.421442772829999,1.5655945933870687,1.5666467973887148
29,1.1612801609372263,1.2613902900268077,1.9413301289857419,2.41768794321002,2.463312614649703,2.6845832313586384,2.7425059212395015,2.8540274661024503
30,0.2818091503558492,0.6341217550183448,0.7645798141352171,0.9055766647997998,0.9142093807561198,0.9510552733679722,1.0931409732581039,1.106235557518738
31,1.2159699604913023,1.3896414876457193,1.453705415682014,1.745181898459069,2.209272194495907,2.273122231497377,2.3073935285162954,2.3438526761300498
32,0.47541868935750864,0.5514468032595041,0.6205980781458442,0.6537381411743232,0.8300408787954566,0.8483265129732874,0.8682742884768943,1.0206079645479311
33,0.44152047655002574,0.6195764650958013,0.9333091240743152,1.07008886095417,1.421442772829999,1.5982213032845423,1.709741007159024,1.7288055528523472
34,0.33696728782645635,0.4198230397001096,0.5285541659699107,0.6742706736175887,0.6994711661255515,0.8307491727556967,0.8739276430960129,0.891832786435083
35,0.4586872104311271,0.4871056045017676,0.6614262746253412,0.7930632408031278,0.9430508300749764,1.2047588935796139,1.4026602700123558,1.4420880204626478
36,0.39647509156640104,0.4592435470463615,0.6307686313115355,0.891832786435081,0.9108544278340068,0.981868115491609,0.983413757512449,1.0773902227557197
37,0.21511981556855725,0.3083180975652129,0.36988772447104434,0.5004832222493135,0.6272058907022914,0.7143500653220571,0.7447275257000402,0.8506379798853847
38,0.7109377632187318,0.8402315447287662,0.983151453096124,1.0906079805055182,1.1613166008721951,1.1895230890174298,1.2541280729543325,1.3747158925460827
39,0.25158626381661425,0.45019717835129,0.46046546567847946,1.0376929019529662,1.09635803085456,1.1560807048723682,1.4679406188856596,1.5703660682248208
40,0.7091455274839026,0.8540128518988959,1.0168361851957555,1.108959117029127,1.192699054415541,1.2392440609034474,1.6941698340320135,1.7770501056405463
41,0.2559672587134288,0.31116473799859035,0.40367729985195244,0.43451906422657627,0.5666173938742153,0.8337399840606139,0.8546066328234185,0.8589766571853862
42,0.2818091503558492,0.5874668711323461,0.7665864264619922,0.885988111838545,0.9510503478920697,0.9743406622476198,0.9844560160729104,1.041071723943551
43,0.2486538553650872,0.42105047685775093,0.7621617323161953,0.8185646097162247,0.8290537114588106,0.8595017055454416,0.8992484182827204,0.9623292862838702
44,0.6092535167696268,0.9529462120835792,1.877335562273084,2.1817806918240583,2.3055354596094157,2.397736395594154,2.6101670012709155,2.6167346355335415
45,0.4352360746741992,0.5740712405159841,0.5999288978661343,0.8882001911122195,0.9616474310412958,1.1222881933801174,1.1812121792450516,1.2299855019829975
46,0.3575370480465727,0.6730166164335278,0.8629428050331304,1.0654901445714327,1.073275980856582,1.2964739987408556,1.3615598659922272,1.3857776734483775
47,1.0813618834229373,1.519640031621171,1.6835875406130976,1.6851881533566224,1.8576215638795548,2.358755465370331,2.74943939881696,2.8614714514540776
48,2.0810642022572465,2.145511122904554,3.1222610127325305,3.325930315125813,4.094499720274562,4.825532521735611,4.883417022423921,4.925903144362628
49,0.853003532637089,1.0440350346510432,1.1957771914495172,1.2577803716485179,1.2824707066151604,1.338015066145267,1.4625753411160274,1.475953598993404
50,0.4276350485016521,0.5514373266460714,0.8283405415013727,0.9708475147569566,0.9868936368169228,1.0775279919970824,1.2160746105553975,1.2728662313241788
51,1.534425910239745,1.9370424922039418,2.144788286107595,2.3970915761084663,2.53451780783521,2.5797302702763485,2.588495679339524,2.6442942444949504
52,0.31828665537035467,0.5315239189811564,0.674808712468062,0.7631338402411254,1.0825408665948435,1.08653457301904,1.1396110292252715,1.3827847099339707
53,0.1837406313377076,0.4670196214782445,0.5456227116008876,1.266525537712392,1.3998754510733078,1.714061802984349,1.7409580185047222,1.7511300116863304
54,0.3432798369650285,0.6060574813190591,0.9571106521284459,0.983151453096124,1.0637193142784693,1.069261375273499,1.2760814377439536,1.313522546155398
55,0.44152047655002574,0.4871323523005862,1.008142472969378,1.3081046129924765,1.3383181206354189,1.3581346050921383,1.5100595834717918,1.6618330475523766
56,0.6784559176120935,0.7512757769890434,1.121619869702108,1.2347609951361778,1.6740463186817047,1.6793559572126513,1.6976084541951357,1.7716333499007606
57,0.7685708958044386,2.676512074305432,2.7357607241010973,2.8147727989974243,2.93321461398108,3.325930315125813,3.5007418704731728,3.8077242926112076
58,1.3896414876457193,1.5196556823301328,2.442075209604232,2.499452104108972,2.6106657415022942,2.9237562294222004,3.0469838085096383,3.1688783136959007
59,0.15250762930086273,0.2792833362109884,0.2832984779762448,0.29885465236586883,0.34907208021444414,0.4043269420460973,0.8184476937351051,1.4136513507732698
60,0.1864910624700843,0.5361509217111009,0.7313025291382886,0.8034754494412762,1.0106792059757224,1.1082618741120014,1.2317475630229489,1.2613879097699836
61,0.29861383470168246,0.4393730302978105,0.5315239189811564,0.606531814707626,0.6205980781458442,1.043995243375256,1.1031625633498092,1.2275339640198215
62,0.8781311552375984,0.8960665436115498,1.1206607084623743,1.2710751350819531,1.6896185436604012,1.6976084541951357,1.7772569818874526,1.8446273706775718
63,1.224377632482263,1.2393099011831994,1.9149572921380693,1.9566523354436614,2.1756527555458405,2.383440524266041,2.667250518190612,2.870341584612535
64,2.561858825329016,2.7686785920224133,3.2525001058899723,3.5383855514205598,3.7762359876925897,3.7890652999597605,3.816152472786924,4.019340299328864
65,0.3389929293327627,1.2593851499637563,1.7828480936569444,1.7836318830184,1.840292359752685,1.958735283982532,2.0026956952365085,2.0077297837340944
66,0.24193366974739278,0.7190876205331637,0.8597371871375054,0.8754829597019104,0.9311453600895151,1.3578516011761923,1.393177820629438,1.4493309412421709
67,0.1837406313377076,0.6093468697016999,0.6152403302518472,1.29818698625925,1.4870805233613922,1.8355964346017,1.835892734630271,1.8471455642263914
68,0.6595907256526579,1.3131781421751527,1.483183033846076,1.7931660791619743,1.8053274955612948,2.5867513525044523,2.5986918071061065,2.7033461163911587
69,0.30292254343410535,0.5490623360485801,0.6454474391735753,1.1907730026225414,1.1957771914495172,1.8072607274890946,1.9065048521391414,1.9935262738034547
70,0.5541489646747713,0.6500913418332016,0.7134901583223656,0.8336801920220522,1.121619869702108,1.2685372550158698,1.5559340124797931,1.8446273706775718
71,0.21270980234552395,0.5443559181691234,0.6099650216957787,0.6512350134025248,0.8495782615441259,0.91806863438052,1.012163820440613,1.0922465906236591
72,0.19669409183082745,0.22254297556674482,0.32027902072970527,0.37844609420415487,0.4167360328206291,0.5176732717134509,0.5702266015427192,0.6497660058897112
73,0.7640650405550958,0.8683253836234668,0.8845473204540973,1.0025723719499713,1.0570951867057996,1.09635803085456,1.241023249395676,1.2415010298280302
74,0.5153762662164243,0.7313025291382886,0.7911870806914182,0.9616474310412958,0.9705013001687214,1.0611841924201735,1.2631125937144596,1.2722947409492542
75,1.5265542853753395,2.4091322641111486,2.4929872782082483,2.830612816558473,2.973924504089401,3.2057677163485434,3.374363128234871,3.4027662033362405
76,2.096456750786757,2.383440524266041,2.5126738686962757,3.4460317826019553,3.5156111566434705,3.7588352020724165,3.849629405060161,4.022882745414391
77,0.451516132019765,0.5530491979569336,0.6172883928892422,0.6718124010759824,0.7886488477226143,0.813805007643829,0.8291124479524397,0.9765539407583209
78,0.29544246554047465,0.6895550678687383,1.3818707415565439,1.4884030058243387,1.4954381946641204,1.5405601901307484,1.5982213032845423,1.6240487585075571
79,0.7375417715648148,0.8009632554745487,1.0584911688728704,1.105083265220268,1.2028973151166995,1.5587343784812349,1.6039559707618414,1.683788441719693
80,0.4019651905781568,0.572977649639283,0.6650267255749838,0.759147907907664,0.8577934149833225,1.055392311056843,1.2568451860954295,1.3021494612009878
81,0.36592445982235206,0.37575753092609865,0.5153731648469684,0.6537381411743232,0.7864773648513084,0.8354831782537763,1.0249593379805901,1.1291751580275
82,0.46421657172933706,0.8020757927665367,0.8882680290227978,0.9194620651975633,1.2307114854537073,1.4563034862125623,1.5518731371967567,1.7233339093784708
83,0.351419521426209,0.43437016719779165,0.46891951126965586,0.659377837136847,0.6975407262928957,0.7808912818853808,0.851440326761136,0.8739276430960129
84,0.4448448037017673,0.8781311552375984,1.4696651483138723,1.491072486132783,1.6002573443123533,1.672707171510723,1.6793559572126513,1.7287963137113325
85,0.797594599677899,0.8034035616596206,1.055525482829645,1.0609120930340574,1.1896517028044273,1.3188664284833078,1.4168879150269762,1.5498780806768013
86,0.9810579127571278,2.6261064064486552,2.7033461163911587,2.9311311726108453,3.1307175374204275,3.833281585846365,4.016167868046368,4.102347832220617
87,0.578824121293477,1.2638490817017927,1.3196487204122724,1.3385187523872561,1.4035907276808772,1.6306417778604776,1.6809663859680972,1.7080457753326637
88,2.760428697361617,3.5177156468388158,4.326986876057731,4.677790017492591,4.842269097337671,4.892374305208653,5.741335969563247,6.106184221151401
89,0.43744369471075295,0.9844813291260271,1.1594191011165713,1.2875027656004845,1.313522546155398,1.356145821786469,1.6152775320611574,1.6984776135963213
90,0.29630267356130774,0.8283405415013727,1.08653457301904,1.2163437112505282,1.2623664808175106,1.2783396104020923,1.39295148272314,1.455076807467577
91,0.1616194768230409,0.4853461438633181,0.7009246689068133,0.7574980011694361,0.9488732252893921,1.0392653241107204,1.2299855019829975,1.3019192434255928
92,0.7693959389017552,1.4753826896101527,2.358755465370331,2.588495679339524,3.219250527932351,3.253194211143996,3.2787484048396407,3.300400734420509
93,0.2011694387578172,0.9432922993804669,0.9716803031988189,1.2953952655965342,1.5562845669221415,1.680682192794706,1.7182235890960085,1.8309951494628502
94,0.4303050802851823,0.5241852131712262,0.8596186932665663,0.9835917918121464,1.0329018925067566,1.213588889918449,1.4881937578162503,1.5886089655323783
95,0.5486638235659844,0.5999288978661343,0.6076966441951769,0.7574980011694361,0.8091598244713705,0.8675262275786584,0.8846054262171316,1.0611841924201735
96,0.4206888689325866,0.6060252199855456,0.7668617143976663,0.79851149296788,1.2203970575216223,1.346157217118433,1.4522532517856968,1.4884030058243374
97,0.45676765134688974,0.5940362528895516,0.6814109002803221,0.7386969743333093,0.8315202953902927,0.9375876645965403,0.9685869125623846,1.0025723719499713
98,0.5821960297670371,0.7468345021198854,0.9174534653159828,0.9528852616143061,0.9971860087826667,1.0188059863469225,1.029860701229432,1.1671618839932243
99,0.38262036726385606,0.4472779224550484,0.4534807939881637,0.5461665390701498,1.0848663989589997,1.0870717183013214,1.1590649233317987,1.1932219899479424
100,0.25004557502740765,0.5932062249884887,0.8579672876043112,1.0247626025818544,1.107537729530073,1.1894550238695334,1.213588889918449,1.3657187164513642
101,0.5892687722514616,0.5918179932358129,0.6637341874084978,0.7647355672870376,0.8038929077885646,0.9360715971987712,1.117939114318374,1.4008249408465692
102,0.07439486605120096,0.29524218378845507,0.46891951126965586,0.7692922140930396,0.9485406326629463,1.0120913125495465,1.107233998691904,1.11807363302104
103,0.7984841554594292,1.1907730026225414,1.4615070297754489,1.7141037627774975,1.8010234500452333,2.5986918071061065,2.6371727472903985,2.717197331678832
104,1.9447735476188839,3.417818938851763,4.133959813770719,4.2196384424948254,6.070886820129862,6.080506391012278,6.15924690685021,6.203377156669991
105,0.23088247498650255,0.7294386080295391,0.9360715971987712,1.0415367851753687,1.0514207421277406,1.107537729530073,1.2270741274592303,1.3291246439709568
106,0.30674937647863754,0.32217177070455816,0.5619211807865084,0.7050062965080571,0.7105583134896343,0.8457808704545856,1.2210779000055232,1.275924285694612
107,0.6346974760607945,0.6548886612162937,0.6900465730412667,0.7669303993094476,0.8495782615441264,1.0006238092305473,1.231238785806251,1.3024758944179426
108,0.22812885532188143,0.5872268135183891,0.8038929077885646,0.9450068710902383,0.9728724208592209,1.3500331633399725,1.5525844622276725,1.7741597565218723
109,0.38262036726385606,0.435603078327758,0.7251069632477728,0.8298976238497862,0.9266809734530314,0.9286160183218242,1.1890689177323093,1.3635695254311104
110,0.09798421015107427,0.26144265356936086,0.5946113737675933,0.8009632554745487,0.9964733866389546,1.2206566468151805,1.221308238222747,1.2853695464907087
111,0.3002521060529749,0.4853461438633181,0.5558787733470415,0.6227511432085328,0.7219594721863231,0.878223854259056,0.8846054262171316,1.1222881933801174
112,0.6092535167696268,0.8795267684038549,1.5841711777505405,1.9695192507023749,2.156616835683756,2.222050283725285,2.3076663303115468,2.360727726586432
113,0.24382963179359043,0.5604916320756084,0.9773752761870897,1.292567987919156,2.3370490764253335,2.3981450125114896,2.689367244208493,2.8723040948686256
114,0.3575370480465727,0.9490160050702334,0.9529287849492928,1.0151661802635445,1.0507400867332837,1.120954696539061,1.3207748942614888,1.3603524082970861
115,0.17121473473552323,0.3118918039750247,0.4036772998519527,0.6617649691045034,0.7148169833121428,0.8084693700503964,0.8453143371021422,0.8595017055454416
116,3.3047978995243708,3.6380892441986337,4.081593481580601,4.2196384424948254,4.76834961884281,5.317948477135979,5.330917978435218,5.339329588425681
117,0.4248052429267215,0.6801254254710977,0.7195025997199385,0.9516973944399054,1.0151969662892957,1.0466549106619318,1.1022712823847778,1.2623901666657524
118,1.2393099011831994,1.3087253254608913,1.7679088828722958,1.887112180371047,1.9122554126719424,2.049583094947485,2.1715171526463104,2.2144981399192987
119,0.13403818326701156,0.9077356777152371,1.1122352966145668,1.5982287013788767,1.7793144608028455,2.1982880949465615,2.3311028145148476,2.3403669279070276
120,1.5903687574251673,1.9096104546000312,3.689241600616292,4.380598731095926,6.325589411826372,6.329918681509566,6.753065989397143,6.787062410592603
121,1.5839443850644523,2.4929872782082425,4.3570349732279565,4.48493759382128,4.76834961884281,4.81317184067445,4.918902602413344,5.230810950633268
122,0.4142766191669619,0.4880134227401842,0.659517607699251,0.7251891229327236,0.7714739675015542,0.7835322512476038,0.8202548260882403,0.8992842558779313
123,0.14067457577740353,0.32027902072970527,0.3228774226191937,0.4494778584881152,0.46173435841616023,0.6675282321393672,0.6941283937747932,0.7340447438716075
124,1.8238772015109184,2.1036787923455322,3.100994693635224,3.2787484048396363,3.9162148355577835,4.326986876057731,4.404758395391484,4.537504975955248
125,0.4223903168754194,0.43496514449234125,0.7213191594493243,0.8584202212937228,0.8836330635057182,0.9475483880342694,1.0092890372554562,1.0192387353492967
126,0.35701407631596294,0.5379732914243094,0.5453240711031683,0.5519923241665086,0.8264317936398299,0.8321058254305841,0.8539319720547962,0.9089764197060588
127,1.4935283965665227,2.0084267984291513,2.764156843911921,2.8951653853524077,3.185118382891992,3.2397823767163003,3.382623721095757,3.5318973833873994
128,0.10647185906283352,0.6500913418332016,1.2955869602052121,1.3067614276602422,1.3813843182460082,1.7092852524985782,1.7438658383285055,1.7716333499007606
129,0.8797268011746998,1.453705415682014,1.7184728005374625,1.90417520923282,2.1288277833278677,2.3727937641274144,2.539859923893725,2.605210831420239
130,0.16841120427377254,0.6359806843813947,0.6377783316004846,1.4259403660666918,1.4776471518288912,1.5899672915919307,1.5957758693004085,1.673976095963859
131,0.15093282298621227,0.7512757769890434,0.8336801920220522,1.0979036249788836,1.1206607084623743,1.2749238649732801,1.3813843182460082,1.4696651483138723
132,0.12964440604275224,0.3788294036048568,0.5334672931499449,0.7082820765187969,0.718172602245346,0.741503511559547,0.9327747037526319,0.9516973944399054
133,0.2953863491294261,0.5441321152326891,0.8139729660871361,0.8629554046581538,0.8666236964956557,0.9100942007340649,1.0866108745853558,1.0886739960096787
134,2.8916478518091093,3.4460317826019553,4.367990040587123,4.7164818834281395,4.930941971572432,4.982890773475365,5.087456276621907,5.132104994567712
135,0.38965722774769185,0.3933276212616245,0.6272058907022914,0.6386377076712481,0.8010772539589569,0.8417045161527393,0.9150735972456253,1.1118198132630546
136,0.5542340918561437,1.172945345416201,1.3269040520796822,1.5292588700181393,1.6459279964989713,1.6682846227739392,2.0175184005251183,2.220406866550443
137,0.9148067543403021,0.921639084690984,1.3806066864948008,1.4484435702409282,2.0133547859668357,2.0863127534890746,2.191415246384486,2.2279768570146175
138,0.4142493515022628,0.654262256140293,0.6975407262928957,0.6994711661255515,0.8764031117497362,0.9470637737108801,0.9485406326629463,1.0904530837177535
139,0.31765726754741336,0.8575403682020775,0.8629428050331304,0.8667507043579425,0.8979096620041217,0.9490160050702324,1.3956872309424648,1.4121880692510693
140,0.36592445982235206,0.47541868935750864,0.4767978960930354,0.6385211026485216,0.6709201912206684,0.8811713700156755,1.0051477358491343,1.02452286267882
141,1.5265542853753489,1.5839443850644523,2.774267644662496,2.9035419835170666,3.4466604723312777,3.705784615108617,3.7563813927388567,4.255225836399066
142,0.11027020850819892,0.40269009745763756,0.6182879604688383,0.6346974760607945,0.6512350134025254,0.6644517240018439,0.739575019243138,0.769219001958142
143,0.5038339263855163,1.2685372550158698,1.3067614276602422,1.321627782000635,1.7671544925018436,1.8594254784340085,1.8656631022837906,2.006541152736268
144,1.9447735476188839,3.6380892441986337,5.030449780537707,5.258060985219908,6.73247518059319,7.265536547710934,7.362693478622575,7.697052159660689
145,0.4575954725924639,0.6679468425270793,0.7665864264619922,0.8754566267834526,0.9055766647997998,0.9688066522864062,1.1452623459042504,1.1859071447503042
146,2.6402610074157247,2.7357607241010973,4.443797403764144,4.629210643520014,4.721737083629204,4.762077194598941,4.825532521735611,4.829818274654309
147,0.7693959389017367,2.2076324072306672,2.7494393988169654,2.760428697361617,3.100994693635224,3.3500031525303986,3.7817208566200318,3.8334818300254887
148,0.838834737050178,0.8450731125967855,1.0244528173418104,1.0799857360689102,1.152245835847295,1.2541280729543325,1.3102275034508397,1.4355565745214405
149,0.7255827819792224,0.7966930620531019,0.9971366616239319,1.0609120930340574,1.131005181138644,1.2816012963347096,1.303447676353598,1.3803402499969988
150,0.3002521060529749,0.42099193122812256,0.4601160224906799,0.7009246689068133,0.8091598244713705,0.857540856275001,0.8882001911122195,0.90591078269237
151,0.1789611855722907,0.2143329332418685,0.29297993798204525,0.5453240711031683,0.6169078102506446,0.7292214708487684,0.9100942007340649,0.9528852616143061
152,0.3906074886022996,0.46421657172933706,1.0850046684856285,1.2705578700872713,1.2768892689691558,1.3226104844882753,1.3965400869277427,1.5050567006754256
153,0.35916373623599435,1.8238772015109184,4.488811533469467,4.560689978652633,4.7164818834281395,4.783344878357132,4.945351804724018,5.213916082649922
154,0.6801254254710977,0.7740322090583738,0.975636487474837,0.983413757512449,1.1003322918302045,1.1106823648407513,1.1824852759479405,1.2357481924883718
155,0.9311453600895151,0.9937393211036553,1.0932031419521826,1.1789691638914668,1.2953952655965342,1.3975437459486857,1.4432915667851822,1.6345640518662463
156,0.6395399639171111,1.319451483866044,1.5178246319524427,1.672707171510723,1.6896185436604012,1.6941811895166372,1.958735283982532,2.080738441659372
157,0.3685766239032263,0.4709663767672463,0.5874668711323461,0.6341217550183448,0.722441076223298,0.880144923553665,0.9108340935262851,0.9949510538706288
158,0.9810579127571278,1.6510178673472131,1.8053274955612948,2.1676737207702406,2.802990901928488,3.102164214203322,3.4089717526933856,3.478153651607976
159,0.5440385109916187,0.9202210576632411,1.0408581374756505,1.073275980856582,1.3340008044425504,1.3502657866050547,1.3831761716637112,1.3956872309424648
160,0.29630267356130774,0.5514373266460714,0.9620984568392276,1.1790005336204976,1.3510931276335836,1.3827847099339707,1.4686293402685902,1.5345298773242382
161,0.7766085315391085,0.7966930620531019,1.3196487204122724,1.3807429316870035,1.382913699326835,1.69559778839146,1.7795670732104711,1.8575988718367535
162,0.4448448037017673,0.8960665436115498,1.0979036249788836,1.213361070807806,1.2347609951361778,1.6624436715874593,1.7182235890960085,1.8614404378223541
163,1.4935283965665227,2.9661463613487324,3.2635472008672,3.4054492999938017,3.4737801525780063,4.187219704705753,4.188323259822436,4.304439285736127
164,0.34390215601159146,0.5059488699239297,0.6255037414506373,0.7692922140930396,0.7808912818853808,0.8209097508864599,0.8537411353542472,0.9044414492459616
165,0.8797268011746998,1.4944411340561787,1.5809162603565292,1.8293360167678008,2.0251785324174962,2.057390670293908,2.209272194495907,2.275075193561187
166,0.6454474391735753,0.7984841554594292,0.806811769412084,1.1805190473557923,1.7241403091621612,2.3524179933684364,2.4431155956557085,2.469341911473315
167,0.16673348103592428,0.4167360328206291,0.481142375002571,0.4880134227401833,0.6165245433841796,0.7340447438716075,0.7755012410017418,0.8435023193961859
168,0.30674937647863754,0.4155153615053936,0.5742583893368264,0.6289035951134037,0.7323051882785113,0.9154002621095033,0.919066611521975,1.18091896252218
169,0.5013265877516867,0.5073724160928189,0.5616355424447796,0.8068401547015125,0.9075263683952615,1.0312066103318636,1.0956691098371716,1.1220169280817323
170,0.3083180975652129,0.3157253345142447,0.3690233208166623,0.4294002028648623,0.6410217538085006,0.7238917489380271,0.8010772539589569,0.9421434376573743
171,0.394588225678157,0.7091455274839026,0.8352189964489178,1.0641360376745073,1.4737923846889263,1.4925363573577317,1.5269558839861934,1.5302677196502763
172,1.2493815751406065,1.9441370655286787,2.201633977341833,2.359257037652172,2.3797637488892804,2.439058934411654,2.7678631666571754,3.003413611779903
173,0.13511015904292528,0.2832984779762448,0.5153042584404378,0.5705453097109185,0.5768480327452224,0.5998063020549211,0.6702374512321646,1.1308348025981654
174,0.1864910624700843,0.5604499361252133,0.7911870806914182,0.8982476582083115,0.9553241498998598,1.0455267866761693,1.0753451756669412,1.2917063154505855
175,0.4546761824464067,0.56125210704667,0.6497660058897112,0.6675282321393672,0.7755012410017418,0.8756367633988555,1.0763009789193556,1.100356878615521
176,0.4845639951257899,0.5008483093890518,0.7925012914359632,0.8464992920079021,0.8951823876079921,1.0398265227413588,1.1818471597281022,1.3682233391202132
177,0.07439486605120096,0.22227803883041788,0.43437016719779165,0.8209097508864599,0.8764031117497362,1.0827461059843049,1.0916279055490565,1.1618384784699216
178,0.5932062249884887,0.800427912896745,0.9243089379782499,1.2593851499637563,1.33342721363251,1.3878603338821325,1.4031533121370214,1.556360896024108
179,0.46633813922297995,0.4845639951257899,0.49035384759304446,0.859854412287077,1.140243651273283,1.157803926800788,1.379734718578476,1.4204822448834713
180,0.2772906186441871,0.8665038635145101,1.0641360376745073,1.192699054415541,1.2253081822113283,1.3042202614672065,1.3825978728294577,1.4498453746763507
181,0.5475366656808628,0.7448953620165948,0.8669937846898281,0.8990740499127124,1.136489604714566,1.167265036110851,1.1791578688141702,1.3043790782559481
182,0.45293766058431467,0.921639084690984,1.443698980239528,1.6102424303889467,1.8139552448391123,1.8456919728098449,1.9370424922039418,2.272916532744883
183,0.3419890379973221,0.42589703837565396,0.43697285833977384,0.597058556369279,0.6136089877037821,0.8420320891123577,0.9475483880342694,1.1202122872514133
184,0.8435598918823912,1.1221814042997103,1.3532733331547735,1.3952480767572784,1.6564116601124652,1.703264951357589,1.8227813763016643,1.9761650424637016
185,0.6895550678687383,0.9419755661653935,0.9493861041666637,1.07008886095417,1.1266067015155112,1.3081046129924765,1.3703479151169469,1.7639804813679814
186,0.5300486146209612,0.820532192797172,0.9840866521092286,1.0308119271584382,1.1563462114617855,1.1967003538933103,1.1997854584822198,1.2728662313241788
187,1.7092852524985782,1.8001913231417552,2.353940065823209,2.440543208485523,2.574359085877085,2.918727604640324,2.964138803635385,3.0780480493059823
188,0.5352562615078076,1.1122352966145668,1.2150095867358193,1.2165525057830044,1.3631078273650217,1.6941698340320135,1.8509175856307984,2.2289195744528683
189,0.3942730996786949,0.5467898280777965,0.7018604570925673,0.813805007643829,0.8221682432694785,0.9266547255410259,1.0819856424565657,1.0927579836664092
190,0.8882680290227978,1.0850046684856285,1.4687269605077107,1.5176026812936219,1.5809162603565292,1.5841711777505405,1.8060938658847805,1.9549108396450896
191,2.096456750786757,2.8916478518091093,4.316429207825727,4.6082030814190835,5.278405118319051,5.6279001218080325,5.802195566510503,5.826988628451853
192,0.7669303993094476,0.9150735972456262,0.9685058578441822,0.9734719534300912,1.02379441795386,1.0453303632123956,1.0635715658280416,1.2875416239959243
193,0.2488040208476296,0.8754566267834526,0.9353047522946796,1.1170245120050315,1.167265036110851,1.2138748284697607,1.2437480155149268,1.3710312871028882
194,0.29626015929607247,0.6772307400365724,0.7927789862790764,0.8896354773206073,0.9429218529910905,0.9623292862838702,1.029860701229432,1.0567066458614909
195,0.428836431520095,0.5490623360485801,1.0440350346510432,1.1805190473557923,1.2626527467407476,1.3691912934348287,1.510054421809283,1.6809663859680972
196,0.31765726754741336,0.580480329114413,0.7726847515860856,1.0507400867332828,1.0654901445714327,1.1700809230172768,1.2707536085294044,1.3532733331547742
197,0.5483480708582813,0.5821960297670371,0.6772307400365724,0.8426317917064177,1.261463011245177,1.304649904011027,1.3244349301466747,1.3581017408079665
198,0.22190633195969714,0.25158626381661425,0.6160833099825267,0.8683253836234668,1.1517167473859617,1.2846794506825159,1.3218486486691627,1.6923263623694091
199,0.17121473473552323,0.4229998997883581,0.5666173938742155,0.7600539763434611,0.8099162432191209,0.817220979589898,0.8290537114588106,0.8343406740562277
200,0.22523222389171565,0.3154739451865534,0.38622570506768794,0.6224016994166319,0.6972608848456504,0.8068401547015125,0.8304215672346479,0.8450731125967855
201,0.13403818326701156,1.0237111383448663,1.2165525057830044,1.7140973112762228,1.771386827008635,2.1129271120114144,2.3699948940556963,2.4059260230995885
202,0.5041631678656383,1.8726464091298864,2.0561932199723296,2.2103594710846473,2.2116520530279224,2.270845379477465,2.350313940108032,2.3755782676377697
203,0.5038339263855163,1.2725240687433885,1.5559340124797931,1.7400544731167182,1.7438658383285055,1.8454830066956798,2.016466688022254,2.1129271120114144
204,0.5284813122670946,0.7708991037384881,1.0845973302370056,1.104877270830061,1.2295573152367076,1.3318231368461304,1.4759633573852193,1.4900577662039247
205,0.23088247498650255,0.9572544805894949,1.117939114318374,1.1188015045210027,1.1894550238695334,1.1936943824869892,1.2819035399740664,1.344726182017037
206,0.856881623326129,0.8732612700621021,0.9840866521092286,1.3955359171460415,1.4683591641841816,1.5063311981504892,1.525481319961914,1.6308365870719428
207,0.30292254343410535,0.428836431520095,0.806811769412084,1.338015066145267,1.4615070297754489,1.662294437927027,1.779668517028484,1.8531299893776505
208,0.4931420377637247,0.6086364595745671,0.7668617143976663,1.0757917325738848,1.2080881369108134,1.4090740650973117,1.5141915665735863,1.562438724290822
209,0.41412421353409895,0.4685958205352025,0.6386377076712481,0.6410217538085006,0.7447275257000402,0.8991299828079201,1.004981172190997,1.048990419115242
210,0.52648989092629,0.5708479626425016,0.6387905831139239,0.9386756917024831,0.9430508300749764,1.3578516011761936,1.4303512308228643,1.4986543312191145
211,0.9541634756549756,1.5196556823301328,1.6354219680207418,1.745181898459069,1.809694360803335,1.8576215638795548,2.135104884645506,2.8269139851252683
212,1.10996200257949,1.24880006864508,1.289735061543574,1.340227401561771,2.242871717578972,2.415599712494492,2.6079492268093376,2.663278620119195
213,0.5650670248217872,1.1363230228101509,1.289735061543574,2.3200373917841777,2.439058934411654,2.535323528335145,2.5664496898165288,2.962535426856812
214,0.5919622931642742,1.2698996803428437,1.2817737359676638,1.356261545899397,1.460524796460118,1.5061026110470028,1.6497798162391082,1.7426591798101303
215,1.0312813168906168,1.0637193142784693,1.076684932331126,1.3233208493811566,1.356145821786469,1.4348701801406283,1.5377098280553327,1.6941292114049746
216,0.2060431212665036,0.37657273429273935,0.6393036222834155,0.7050062965080571,0.7323051882785113,0.8155813960116006,0.9108340935262851,1.0209479382996187
217,0.8006717759422686,0.987561141647439,1.0003367904308544,1.1308348025981654,1.1678083441792462,1.259537700865394,1.2621963547615724,1.350135062891017
218,0.2143329332418685,0.313376755766261,0.35701407631596294,0.481475387762819,0.5717038394454307,0.8126849677311141,0.8629554046581538,0.8710634584246143
219,0.32226002162729805,0.6265908424895975,0.7352059527667227,0.8157276233650139,0.9505486992060043,0.9964733866389546,1.024500831898491,1.1997193511074304
220,1.2664912031927678,1.3631078273650217,1.7270765900075755,2.2116520530279224,2.263444101428564,2.3403669279070276,2.3713434662680415,2.4059260230995885
221,0.578824121293477,0.7766085315391085,1.2816012963347096,1.6523826299135362,1.8329339445475215,1.8645266298333127,1.9771281186577394,1.992295132298655
222,0.3942730996786949,0.6718124010759824,0.7992741302096205,0.827308007436854,0.8458672678773898,0.896839197031077,1.036138375822029,1.0406079811704216
223,1.1936943824869892,1.3428681001237224,1.4124159735749615,1.491072486132783,1.6941811895166372,1.703691639503705,1.7553056472417885,1.7828480936569444
224,4.081593481580601,4.918902602413344,6.497695441761936,6.73247518059319,6.989041637965034,7.066516742124745,7.993635043040059,8.540468406693721
225,0.4670196214782445,0.6093468697016999,0.8878788402761731,1.2970791358857992,1.3196745893148554,1.607285702857461,1.6256188762403538,1.6941292114049746
226,1.2540717996179505,3.1222610127325257,5.202287751952103,5.294942924049023,5.720185987528137,5.829552215694866,6.163607891808975,6.416175451760634
227,0.13511015904292528,0.15250762930086273,0.38479479575787096,0.4485311507732059,0.4891837226069235,0.5520373951724464,0.6993610062191956,1.2621963547615724
228,0.5120107163435129,0.5300486146209612,0.7489743724059195,1.253502618089886,1.2776827583587642,1.3298481510156526,1.4146741613891494,1.421169643218064
229,3.9162148355577835,4.892374305208653,4.945351804724018,5.30364447490279,5.838027952618295,6.404847362976157,7.820261759062562,8.321629114343986
230,0.5953100198148816,3.47895766000907,6.158695052200894,6.726051823582791,8.077330329530936,8.629169271193712,8.859716560017377,9.460948826052913
231,0.6754954603569108,1.140243651273283,1.3047836306041138,1.3781398224152248,1.5405601901307484,1.5446469374326537,1.6264375204445076,1.6664530412550087
232,0.16673348103592428,0.37844609420415487,0.4142766191669619,0.5069366476002076,0.5993935485692564,0.6941283937747932,0.7165888980135475,0.8065729106893351
233,0.14382269714112336,1.1117459667482805,1.2875027656004845,1.501474142262779,1.6664438578199188,1.781996633316075,2.094705714215267,2.1836207014840263
234,0.4375842221648886,0.5120107163435129,1.0308119271584382,1.1108611817902854,1.3261072193008034,1.6743878272633304,1.7592732176929735,1.794692674805908
235,0.12964440604275224,0.4611722363422705,0.6225086708079881,0.6579496444349321,0.7885602654790146,0.8377554869211336,1.037242577814583,1.0466549106619318
236,0.39647509156640104,0.436123677175655,0.4659480831094648,0.5285541659699107,0.659377837136847,0.768894955706051,0.9470637737108801,0.9919057087016313
237,0.36988772447104434,0.38965722774769185,0.41412421353409895,0.4294002028648623,0.5324327587017235,0.5660983330379629,0.7752771163566995,1.0652617630731824
238,0.09026362705356805,0.10736813564983619,0.4043269420460973,0.4213691355862794,0.5520373951724464,0.6702374512321646,1.1135785401979568,1.2161206891159824
239,0.22523222389171565,0.24658283275458714,0.5349374786326268,0.6047161388569978,0.6779966849724596,0.838834737050178,0.9218267374024682,1.0312066103318704
240,0.42105047685775077,0.6590642234019822,0.8084693700503964,0.8273080074368542,0.8635766636436512,0.926654725541026,0.9536893235587525,1.0596919730936478
241,1.1363230228101509,1.4341504307132176,1.9441370655286787,2.415599712494492,2.431166494403684,3.39543539608214,3.4417610335668183,3.6366864331124678
242,0.24983026447899107,0.5291279062800981,0.8420320891123577,0.8836330635057182,0.9508155879710047,1.022419313796272,1.0780997229905676,1.1188607450019017
243,0.1789611855722907,0.313376755766261,0.3961998301200622,0.5502603907787735,0.5519923241665086,0.7948798424643416,0.9174534653159828,0.9477097917954211
244,1.172945345416201,1.2433036351018598,1.2497011092300654,1.638073572423591,1.6626426865881714,1.673976095963859,1.7369395271378791,1.8919760278949673
245,0.3610920350154453,0.5604916320756084,1.108642684096198,1.7679966633935467,2.1715171526463104,2.6681046595237246,2.9529641196329774,3.247334163984717
246,0.5892687722514616,0.8507345091454502,0.8897171921481718,1.0415367851753687,1.1188015045210027,1.1594794024544113,1.239271059277155,1.240521710742085
247,0.5429262757174287,0.5781085093660485,0.5911832286744578,0.693364357920701,0.7082820765187969,0.7195025997199385,0.7740322090583738,0.8377554869211336
248,0.14049666606705183,0.4640181837566601,0.5989588378029477,0.659517607699251,0.7025690276737854,0.739200735241781,0.7781908971419428,0.813893950952122
249,0.3845018331726983,0.5256302941313193,0.6977706758264269,1.4563034862125623,1.6511081989696739,1.744565698548692,1.8142913612624507,1.9416111781473355
250,0.7128760497309209,0.8897171921481718,0.9129200559495672,0.9716803031988189,0.9937393211036553,1.3775138853495204,1.393177820629438,1.4008249408465692
251,0.14049666606705183,0.4670998440702238,0.581689165050706,0.6833228424370255,0.7251891229327236,0.7252520379620473,0.8796875117826654,0.9288860816459245
252,0.4303050802851823,0.6105660614552212,0.8579672876043112,0.9478129616318753,1.2202822594248393,1.24195705916008,1.33342721363251,1.3522957547699868
253,0.6205652016997021,0.6374732612581204,0.7296426738828637,0.8004771808116846,0.9521163227586638,0.9752585315348571,1.1569056073970538,1.1826062073936179
254,0.2772906186441871,0.5946592951046547,0.8352189964489178,1.107133669894151,1.108959117029127,1.4271725621328604,1.4734560454773493,1.5404349698597488
255,0.5768480327452224,0.6993610062191956,0.7010867939722653,0.8006717759422686,0.8184476937351051,1.0018506884838845,1.0253077652082072,1.0399925591691943
256,0.07533996251596149,0.3978282038879492,0.4474128438419557,0.6047161388569978,0.6224016994166319,0.6877875285622161,1.0956691098371716,1.184451862197518
257,1.1426476690462397,1.1461125582548433,1.2493815751406065,1.8442079390132258,2.3200373917841777,2.431166494403684,2.441719241895246,2.5996862519151054
258,0.681754126097573,1.0329018925067566,1.1188607450019017,1.1233427997147372,1.2589172218798985,1.3522957547699868,1.3596721267488183,1.6021660207374713
259,1.2540717996179505,2.145511122904554,4.189728117415458,4.467614066553561,4.721737083629204,5.089512073661196,5.16219124092244,6.510062299077355
260,0.7251069632477728,1.0418199608379581,1.048990419115242,1.0829449902858317,1.0870717183013214,1.107133669894151,1.1354558833788824,1.2090336908068178
261,1.2159699604913023,1.3806066864948008,1.464032193876932,1.624482882057753,1.6933141883026448,1.7184728005374625,1.8456919728098449,2.0251785324174962
262,0.42589703837565396,0.5881379279501115,0.6760715097956195,0.6894088963611092,0.987561141647439,0.98890726348788,1.0192387353492967,1.177958413283179
263,0.5652261716312244,0.7569685990699226,0.9148643351130213,0.9745575718763287,1.1824448874555316,1.2776827583587635,1.2875005322138344,1.3261072193008034
264,0.31116473799859035,0.47290969759934376,0.5153032482578065,0.6360571462199855,0.7148169833121429,0.7228462625140489,0.7392007352417813,0.7714739675015544
265,2.164056354436278,2.2225428997889694,2.2904544062543652,2.2966141711395216,2.3183931468821912,2.4461215007745154,2.7432110917428525,2.8951653853524077
266,0.6459825896330258,0.9974387709043792,1.1824448874555316,1.6168034292306779,1.9122554126719415,1.9149572921380684,1.9276787375282691,1.9705497418191547
267,0.6244407142556332,1.3075220502508356,1.356646055326353,1.3910043934930594,1.592771075239392,1.6542749041165725,1.683788441719693,1.7316567446148192
268,0.5178575233541742,0.8571706628793392,0.9433444762035975,1.137074125278078,1.513000399831451,1.6283185802860312,1.6675417785815085,2.0863127534890746
269,0.49232398642518055,0.5522243907383074,0.6883138076736316,0.7553681460721672,0.7930632408031278,0.934013336990992,0.9774525093915718,1.0040188717721164
270,0.09438601594326661,0.10736813564983619,0.29885465236586883,0.333005512271765,0.4485311507732059,0.5705453097109185,1.0399925591691943,1.3165042900441515
271,0.4352360746741992,0.4601160224906799,0.6076966441951769,0.7219594721863231,0.7554061827556319,0.8995541346918788,0.9488732252893921,1.1076436253244528
272,0.8738014198736913,0.9541634756549756,1.0772389345769624,1.0813618834229373,2.12729617585494,2.241684559431013,2.2727189088454063,2.273122231497377
273,0.12323697285596281,0.43744934333249325,0.6484038867448747,0.7446291588899798,0.8711884984234389,1.1859071447503042,1.2940557706718112,1.302389436408466
274,0.2486538553650872,0.5135334403151505,0.5799199384058666,0.6590642234019822,0.755275505876062,0.817220979589898,0.8892883284969505,0.8896354773206073
275,0.5650670248217872,1.10996200257949,1.4341504307132176,1.8442079390132258,2.201633977341833,2.2127006683479373,2.2697443673860564,2.4039208028421535
276,0.8795267684038549,0.9529462120835792,1.4493879954144564,1.662081769563222,1.683628271654435,1.8060938658847805,1.8477744924083745,1.9765795412236369
277,0.8674822798037053,1.483183033846076,1.679481495804114,1.9160458145539854,2.019878372654393,2.1676737207702406,2.523363146115675,2.676512074305432
278,0.20417070838483775,0.8738014198736913,1.4232187312317317,1.519640031621171,1.6354219680207418,1.6933141883026448,1.8139552448391123,1.8860040173840045
279,1.078442000704609,1.1145732462635163,1.2828439848929207,1.3721210994829678,1.4776471518288912,1.4905356732827568,1.4959875908692137,1.5050567006754256
280,0.5953100198148816,3.4880911659166056,5.657083489847721,6.687522107556071,7.86161754994596,8.55408951207301,8.879732535099304,9.44697345443387
281,0.14463280988638305,0.9618757804879581,0.9768432317601704,0.9929776053243882,1.0455267866761693,1.0904530837177535,1.215697031567267,1.2317475630229489
282,0.5420359757643283,0.859854412287077,1.027002679637408,1.0398265227413588,1.28429977211962,1.5254551495260997,1.7207792570488964,1.7291575770799743
283,0.3228678077035396,0.37977140671826604,0.45676765134688974,0.4593921113575861,0.7886488477226143,0.8221682432694785,0.8535751455787592,1.0406079811704216
284,0.4276350485016521,0.6522651568951339,0.7989554655864007,0.8484147038620948,0.8726747752825659,0.8850872512966803,0.9620984568392276,1.1517644064604264
285,0.14382269714112336,0.9689162224378226,1.1594191011165713,1.3629689873588937,1.5877204747144278,1.6493308032521983,1.9821334402788844,2.2110121098175237
286,1.90417520923282,1.9695192507023784,2.2288774433423075,2.3055354596094157,2.334915044746282,2.7706819207654023,2.8319571464017295,3.094165698796405
287,0.45293766058431467,0.9148067543403021,1.2240677601342151,1.4232187312317317,1.464032193876932,1.8387560401705743,2.144788286107595,2.2727189088454063
288,0.270051962386259,0.4198230397001096,0.436123677175655,0.6307686313115326,0.7448953620165948,0.7565497712515381,0.9434042229449456,1.045761394991032
289,0.8295318288074192,1.2613902900268077,1.4291976182764596,1.679481495804114,1.7617556871684872,1.7931660791619743,2.3485176003613124,2.6911466599414506
290,4.319929126161104,4.731854714168979,4.846418846410147,5.03998074295876,5.657083489847721,5.740872408482543,6.158695052200894,6.230757371076026
291,0.5334977600292059,0.9420281769212945,1.027002679637408,1.1818471597281022,1.2254901284103574,1.4204822448834713,1.8578372804747274,1.8739278017714391
292,3.1253995872831246,3.9154501786129208,4.446937195375822,4.453608422344833,5.025669835228308,5.028988306890686,5.340088913561686,5.406761064447229
293,0.5576376749320883,0.901057080696716,1.319451483866044,2.1121713814968732,2.362009948477816,2.570073909845123,2.578404066563683,2.8678863863795443
294,0.2559672587134288,0.31189180397502503,0.3498760170097488,0.4229998997883581,0.5153032482578065,0.6333355721442884,0.7177786207816822,0.8138939509521222
295,0.7576331947738296,1.106235557518738,1.1084392150939713,1.1170245120050315,1.1864269744602942,1.1882978111956275,1.2357481924883718,1.2846266277060052
296,4.629210643520014,5.089512073661196,5.294942924049023,5.861040915196435,6.796008754714405,6.810443360291821,7.039337596425113,7.524264436261275
297,0.20417070838483775,1.0772389345769624,1.2240677601342151,1.6102424303889467,1.624482882057753,1.6835875406130976,1.809694360803335,1.8723018206001285
298,1.224377632482263,1.616803429230679,1.7291575770799743,2.176040021419234,2.2144981399192987,2.2506008872457572,2.2615768832511374,2.2681734435400744
299,0.5241852131712262,0.631064395082812,0.681754126097573,0.9478129616318753,0.9845446757381645,1.5033119651926592,1.5292588700181393,1.7262210442848474
300,0.20703039985521426,0.6981944265526742,0.7177786207816822,0.8099162432191209,0.8484147038620948,0.8624448037545591,0.90958976204006,0.9288860816459242
301,0.37575753092609865,0.4566001113829576,0.474100862795422,0.6385211026485216,0.8987463261311252,1.0206079645479311,1.086382661657285,1.1882583591837677
302,0.5030069269516643,0.7350023824248085,0.759147907907664,0.9302432158978922,1.04826194120025,1.102305123846644,1.111980571205037,1.2748504625888875
303,0.3900833468996675,0.42419218770183525,0.5872268135183891,0.6637341874084978,1.0514207421277406,1.239271059277155,1.2762898891143555,1.2819035399740664
304,0.31014355725060055,0.3419890379973221,0.5291279062800981,0.5404871423724847,0.6894088963611092,0.7055239911481574,0.7213191594493243,1.0570537399875457
305,0.606531814707626,0.674808712468062,0.7379870325417297,1.0451577824026514,1.086316437293704,1.0908644708564736,1.094187372573005,1.3376036966277203
306,0.29544246554047465,0.9419755661653935,1.220397057521621,1.4558928208427986,1.4895230605671859,1.648671975707624,1.6623592322837355,1.6664530412550087
307,0.07533996251596149,0.4309052727547914,0.4646298351766442,0.6779966849724596,0.6972608848456504,0.7513348292701338,1.1421206911365818,1.18672077453811
308,0.24330756951666124,0.6059667280294747,0.9912654504430559,1.3603524082970861,1.3615598659922272,1.4252172305784574,1.4561078253000508,1.4903273237748562
309,0.5254543366301966,0.5379732914243094,0.722914186165783,0.7264721325943925,0.8535751455787592,0.8710634584246143,0.9375876645965403,0.9408043590043916
310,0.09798421015107427,0.3459178993972778,0.5471285934829778,0.7375417715648148,1.024500831898491,1.2666582525997823,1.303381534937446,1.3665332048436394
311,0.3047035165718221,0.9954127811528167,1.0018506884838845,1.0092890372554562,1.1678083441792462,1.176082303344163,1.2680141513262881,1.3239591612346582
312,0.5284813122670946,0.7658301756075755,0.9685869125623846,1.237404274438663,1.2636581584571513,1.3508030643851252,1.411125010182896,1.4323683350039884
313,0.22190633195969714,0.46046546567847946,0.7342263200117076,0.7640650405550958,1.078777213323639,1.3479347470082514,1.4079431909080764,1.6023498054117262
314,1.5903687574251673,3.0620784336897318,3.438285152553927,4.505667197140853,6.540323729233807,7.0016245559211345,7.189474872024629,7.2378497297813995
315,0.5576376749320883,1.306223318853837,1.5178246319524427,1.7772569818874526,2.397709923591594,2.61542285218386,2.7362709906771077,2.8686302212725843
316,0.2679019341952534,0.6387905831139239,0.7190876205331637,0.9238637813755528,1.0692056932167742,1.1152775579229781,1.1789691638914668,1.3318231368461304
317,0.21269406766901264,0.6359806843813947,0.6559374316077654,1.0436502910472405,1.078442000704609,1.2768892689691558,1.662081769563222,1.73522859191299
318,0.5219078723950937,0.5652261716312244,0.6459825896330258,1.2924574138236122,1.5231475892839372,1.7484655455099891,1.7679088828722969,1.8230926052285508
319,0.3205631264049735,0.4711475001063985,0.5059488699239315,0.6587818189102498,0.9448959288185984,1.0120913125495474,1.024230121699958,1.0318481596165343
320,0.9450068710902383,0.9732539639753611,1.0972126290787767,1.1047816655374554,1.2111913269223926,1.4461945990742346,1.4493309412421709,1.5208789318832279
321,0.24330756951666124,0.6080422277025681,0.7507604360081652,1.3207748942614888,1.3857776734483775,1.4049937045173428,1.4446150470190213,1.6677878327359104
322,0.18159969969951698,0.4117264275117839,0.7138091986307191,2.344234863125771,2.4461215007745154,2.543119552502889,2.9706083042695943,2.997659097151877
323,0.9077356777152371,1.0237111383448663,1.2150095867358193,1.4437179321732603,1.5221978349612382,1.5269558839861934,1.5948631449300177,1.6040917485862378
324,0.5178575233541742,0.8377132438465913,1.1112789853617768,1.1529167721424802,1.1693056131536284,1.558235538298063,1.5666467973887148,2.2279768570146175
325,0.3432798369650285,0.6139651069198588,0.9086252889379697,0.9844813291260271,1.076684932331126,1.0906079805055182,1.3629689873588937,1.3701203901213088
326,0.580480329114413,0.8435598918823912,0.8914512784507572,0.8979096620041217,1.2282262000150153,1.430966028003883,1.552244081965867,1.6009461750515004
327,0.35429476369906077,0.6630850836151818,0.843209238663413,0.8490512685762861,1.0249361489888877,1.0637797041365595,1.0848663989589997,1.3722378089188312
328,0.8357699875540523,1.2500868576848694,1.3836892481060217,1.5100595834717918,1.513000399831451,1.558235538298063,1.6477845493072716,1.875613936780184
329,0.21269406766901264,0.6377783316004846,0.7095118950912755,1.0976129114342952,1.2705578700872713,1.2828439848929207,1.4493879954144564,1.7233339093784708
330,2.1513364669516997,2.5088204151050983,2.7528865912253186,2.970701092081219,3.19826077983443,3.3391420366951197,3.592675224391135,3.7137357907084976
331,0.2953863491294261,0.5717038394454307,0.6103481388828303,0.6169078102506446,0.7024078471300892,0.7948798424643416,0.8264317936398299,1.1032301073874757
332,0.6244407142556332,1.2028973151166995,1.348079979975526,1.4885244443159336,1.586500210602837,1.7379305543927432,1.8040044015093346,1.816882872798142
333,0.10694168620889219,0.46173435841616023,0.5176732717134509,0.5398960171731669,0.6360571462199852,0.6705391259081092,0.7165888980135475,0.8337399840606139
334,0.10099485042215163,0.4472779224550484,0.7710440835120576,0.8298976238497862,0.8490512685762861,1.053168550433745,1.362662464644896,1.5100776101195852
335,2.0810642022572465,2.802990901928488,2.8147727989974243,2.9311311726108453,3.203707120804702,3.4504811765804915,3.4994732239469974,4.055043260011164
336,0.12323697285596281,0.395568741534985,0.7671688437236263,0.8137474815975972,0.9943875305752333,1.1708336312287764,1.1997193511074304,1.2390441611863685
337,0.4309052727547914,0.4474128438419557,0.704343508286662,0.7876231218553053,0.8304215672346479,0.9075263683952615,0.9218267374024682,1.0676093099622364
338,0.44704916882320705,1.0312813168906168,1.340227401561771,1.6152775320611574,1.8481110262088487,1.9102523502799071,2.015892278053497,2.2127006683479373
339,0.09216945542251687,0.3838105748195829,0.6374732612581204,0.6551596415543356,0.6650267255749838,0.8543902485991995,0.9380554302541304,1.0313194330049882
340,0.49713372063731803,0.6442271563478079,0.8892883284969505,0.9697542650390907,1.0825408665948437,1.116764525020099,1.1281066671440827,1.1390845604356734
341,0.09026362705356805,0.09438601594326661,0.34907208021444414,0.425468308689259,0.4891837226069235,0.5998063020549211,1.0253077652082072,1.2914403395792609
342,0.5502603907787735,0.7292214708487684,0.8126849677311141,0.8539319720547962,0.8812436224009333,0.9408043590043916,1.0188059863469225,1.0567066458614909
343,0.06721873587264084,0.5616355424447796,1.0229678455494255,1.1311299522869063,1.1575891543385641,1.2210076739917728,1.221308238222747,1.2744292872332936
344,0.06845468120327801,0.154749009146085,0.586277901276992,0.5960634128843624,0.769219001958142,0.8009973516982324,1.2052734840653156,1.2142948153625936
345,0.35429476369906077,0.6367985759684536,0.9535005888505719,1.0226926829469045,1.053168550433745,1.0768251478116737,1.1590649233317987,1.3635695254311104
346,0.19012380002335416,0.451516132019765,0.7560475634425672,0.89612330811697,0.9788827124633765,1.0741737123954729,1.0763009789193556,1.105372216740546
347,0.4041421278568491,1.0226926829469045,1.0637797041365595,1.5562845669221415,1.6345640518662463,1.7564757130572142,1.8163776099263713,1.8876332742005055
348,2.764156843911921,3.117612403147344,3.2635472008672,3.2807225039299452,3.417818938851763,4.104964216074551,4.282100896389055,4.363942365890751
349,0.5041631678656383,1.7270765900075755,1.89240604571676,2.285008489569609,2.4186969664032336,2.4461911341071505,2.5140140476349018,2.7001001554483754
350,0.6839508519342903,0.8982149400798474,0.8982476582083115,0.9929776053243882,1.0106792059757224,1.1896517028044273,1.3803402499969988,1.4998486723229743
351,0.06721873587264084,0.5073724160928189,0.9597515480789773,1.0676093099622364,1.2120119245867564,1.2244757753849926,1.2752206261930437,1.2853695464907087
352,0.45019717835129,0.6160833099825267,0.7107297524141607,0.7342263200117076,1.1202122872514133,1.177958413283179,1.366539595807459,1.415431058342646
353,0.5456227116008876,0.6152403302518472,0.7295451648858945,0.8720159800304258,0.8878788402761731,1.2760814377439536,1.5124040732658592,1.5988817892890963
354,0.3276489313157257,0.6484038867448747,0.6877575715413498,0.7671688437236263,0.866678039208325,0.8801958692429985,1.0048619548583835,1.2700820633129777
355,0.3072817739511216,0.4767978960930354,0.7864773648513084,0.8300408787954566,0.8987463261311252,1.040858137475651,1.0731409019306355,1.2275339640198215
356,0.34089924399073734,0.3788294036048568,0.4611722363422705,0.5781085093660485,0.5882882458557555,0.6587818189102498,0.7484370705378095,0.7493695108721166
357,0.46633813922297995,0.6754954603569108,0.7925012914359632,0.9556741069463746,1.1131626882114305,1.28429977211962,1.6171056261045187,1.8739278017714391
358,0.43354627574375015,0.5399524664143025,0.8549708927330788,0.856881623326129,0.8850872512966803,0.9745808206041969,1.114088195887434,1.1997854584822198
359,0.6551596415543356,0.6824805521596553,0.8004771808116846,0.880559220282777,0.9783219507964634,1.0453303632123947,1.055392311056843,1.3707213116128092
360,0.5153762662164243,0.5486638235659844,0.5740712405159841,0.8034754494412762,0.8995541346918788,0.9553241498998598,1.226409315243738,1.2641292932432158
361,0.7726847515860862,0.866750704357943,0.8914512784507577,1.0941873725730047,1.531827032214643,1.5515653145704489,1.5604986668767726,1.688719603824624
362,1.6682846227739392,1.877335562273084,2.0750184520366197,2.138240597309273,2.221869449680606,2.4478692178716943,2.8403700997193164,2.897597547187896
363,0.3980037255585392,0.6205652016996992,0.6750259606376942,0.7294478505568298,0.9380554302541304,0.9793748331691943,1.0093877444090316,1.015336242851418
364,0.6547061558690932,0.7507604360081652,0.9826770285354928,0.9912654504430559,1.2722947409492542,1.3934235607782217,1.4931183027587758,1.5436845390658516
365,0.6485314712375733,0.8801958692429985,0.890936121461559,1.1363354673901083,1.2698996803428437,1.4876984741761368,1.4955535481330067,1.5370521294079191
366,0.7576331947738296,0.7645798141352171,0.8905272216723443,0.9154002621095033,1.0127940770564292,1.041071723943551,1.1106823648407513,1.2210779000055232
367,0.5502919756145642,0.8357699875540523,0.8571706628793392,1.1529167721424802,1.3383181206354189,1.4959320498383926,1.7794458763847913,1.7978199421385492
368,0.2679019341952534,0.5708479626425016,0.8754829597019104,0.9829026763788463,1.0399125317254623,1.093905897712763,1.104877270830061,1.4432915667851822
369,0.631064395082812,0.8596186932665663,0.9113454481249827,1.24195705916008,1.2589172218798985,1.2936372269226264,1.3269040520796822,1.627085117199492
370,0.4931420377637247,0.6060252199855456,0.722224929112797,0.7320726464903042,1.0687529703798904,1.1921406683085276,1.3431861213985494,1.4638635896636516
371,1.2725240687433885,1.5948631449300177,1.6435595980343225,1.7158079315262018,1.7441973462098497,1.7671544925018436,1.771386827008635,1.7793144608028455
372,0.435603078327758,0.4534807939881637,0.7710440835120576,0.797162100075536,0.8674622537562057,0.9535005888505719,1.0249361489888877,1.0829449902858317
373,0.5147855039011999,0.6750259606376942,0.7973301660293094,1.0234165425235215,1.0955204657928503,1.171980808298425,1.2446462655173791,1.2933252409900249
374,0.4393730302978105,0.44663839115150233,0.5514468032595041,0.7631338402411254,1.02452286267882,1.0451577824026514,1.1291751580275,1.2713937490011973
375,0.4530043925617347,0.5030069269516643,0.5797057784430986,0.7742595964572678,0.8276199581013629,0.8543902485991995,0.8577934149833225,1.015336242851418
376,0.3072817739511216,0.6709201912206684,0.8682742884768943,0.9202210576632411,1.0249593379805901,1.0908644708564734,1.103162563349809,1.1043199826376557
377,0.43744369471075295,0.6139651069198588,0.9571106521284459,0.9689162224378226,1.1117459667482805,1.3233208493811566,1.488948037373909,1.4990992174224778
378,0.8295318288074192,1.3131781421751527,1.5883464714521853,1.8109135452502292,1.9160458145539854,1.9413301289857419,1.9761396598807788,2.255805035844368
379,0.33696728782645635,0.4142493515022628,0.7565497712515381,0.768894955706051,0.851440326761136,0.9017406578318682,0.9604634030516883,0.9768432317601704
380,0.32217177070455816,0.6289035951134037,0.8153026613784018,0.8155813960116006,0.888963202900983,0.9469895383366631,0.9793748331691943,1.0955204657928503
381,0.4670998440702238,0.5399524664143025,0.5989588378029477,0.7189546110936688,0.7874869115554521,0.7989554655864007,0.8049411090441841,0.9435542373775019
382,0.21270980234552395,0.573416671797883,0.6644517240018446,0.6900465730412674,0.7430088905975222,0.9247949338327199,1.0918136857255856,1.194680830640262
383,1.4753826896101527,1.534425910239745,1.6851881533566224,1.8723018206001285,1.8860040173840045,2.207632407230674,2.241684559431013,2.4567650295250396
384,1.9660420892844714,2.38701538709717,2.5088204151050983,2.518352267220996,2.66327862011919,2.9555143280566907,3.1695455175210294,3.306970259461796
385,0.25004557502740765,0.6105660614552212,0.800427912896745,0.9823045667805551,0.9835917918121464,1.2270741274592303,1.2762898891143555,1.344726182017037
386,0.37537988209952683,0.9529287849492928,1.1221814042997103,1.2282262000150153,1.270753608529405,1.2964739987408556,1.4121880692510687,1.66689580809054
387,0.5440385109916187,0.6730166164335278,0.8575403682020775,1.0151661802635445,1.1043199826376557,1.1700809230172768,1.3361144462215968,1.5135468510358334
388,0.6595907256526579,0.8674822798037053,1.5883464714521853,1.6510178673472131,1.7617556871684872,2.615843139549565,2.6261064064486552,2.980050289941185
389,1.152245835847295,1.9639373779723626,1.9885353563772317,2.0629973739160565,2.105589642520306,2.15770612644706,2.1836207014840263,2.231580522399635
390,0.3389929293327627,0.9243089379782499,1.4452785851765115,1.6020000218180457,1.684872623470653,1.7421089896478168,1.7553056472417885,2.0848284927015834
391,0.1616194768230409,0.6227511432085328,0.857540856275001,0.8675262275786584,1.1076436253244528,1.1784802248314186,1.2626527467407476,1.2638490817017927
392,0.7607821144428215,0.7708991037384881,0.8597371871375075,0.9829026763788463,1.0692056932167742,1.0972126290787785,1.1081410902471749,1.237404274438663
393,0.14067457577740353,0.18221053376722932,0.22254297556674482,0.5398960171731669,0.5507899582145879,0.56125210704667,0.5993935485692564,0.6165245433841796
394,2.1513364669516997,3.0620784336897318,3.5524624809401435,3.689241600616292,4.53431475647369,4.828294544152447,4.991774250559951,5.116623505663331
395,2.9139404209744,3.2306738745384003,3.4046455613606206,3.4456194313817736,3.6135819746286857,4.174486796945125,4.419686009162603,5.005884417855703
396,0.24658283275458714,0.38622570506768794,0.3978282038879492,0.4646298351766442,0.6262851423947633,0.7876231218553053,1.0449834295910876,1.0799857360689102
397,0.43354627574375015,0.6522651568951339,0.7874869115554521,0.820532192797172,0.8732612700621021,0.9868936368169228,1.253502618089886,1.254325365153599
398,0.5565022963424707,1.078777213323639,1.2846794506825159,1.350135062891017,1.3552384803341369,1.4015288123372092,1.461313575791888,1.4679406188856596
399,0.46153438236316524,0.7320726464903042,0.79851149296788,1.017053053815309,1.2080881369108134,1.2538257920661915,1.4329145880009495,1.561987222395833
400,1.1612801609372263,1.4291976182764596,2.019878372654393,2.255805035844368,2.2865603721894834,2.615843139549565,2.6261670995013473,2.933214613981083
401,0.43697285833977384,0.6760715097956195,0.7055239911481574,0.7107297524141607,0.8362464152152241,1.0460768782160168,1.0780997229905676,1.1560807048723682
402,0.4223903168754194,0.8572607952668087,1.022419313796272,1.0570537399875457,1.0950005432382697,1.176082303344163,1.2433036351018598,1.3334175738238903
403,1.0690207452968203,1.292567987919156,1.4122848482104136,1.7679966633935467,1.9761650424637007,2.399645675824075,2.4492444949394527,2.463312614649703
404,0.6547061558690932,1.2525675867803845,1.4036023249606986,1.404993704517344,1.4889596125591424,1.5422279637407532,1.5448099538091726,1.5638119773022752
405,0.5503962624275184,0.853003532637089,0.878223854259056,0.90591078269237,1.3007910380227372,1.3204959879263236,1.4171736236318513,1.689671414523247
406,0.4248052429267215,0.5334672931499449,0.5911832286744578,0.6225086708079881,0.7493695108721166,0.975636487474837,1.0478356338464392,1.0753601119754632
407,0.455828665573472,1.1112789853617768,1.4078336548310377,1.6283185802860312,2.1287408004501636,2.1823210658598655,2.4396169247957333,2.5797302702763485
408,0.18159969969951698,0.43920095354021493,0.7735315195955725,2.264214987940333,2.2966141711395216,2.545471859057658,2.9419849938533815,3.070214518503945
409,0.4479948777766061,0.4871056045017676,0.49232398642518055,0.7473933935340804,0.9386756917024831,1.0007430074087096,1.0966926110409163,1.3903965087016577
410,0.8540128518988959,1.102305123846644,1.3825978728294577,1.4734560454773493,1.4925363573577317,1.5612862552226596,1.6663845209448562,1.6868461081892077
411,0.37867733725110936,0.4530043925617347,0.7294478505568298,0.7973301660293094,0.9031933668583374,0.9302432158978922,1.0313194330049882,1.0446683057322586
412,0.29297993798204525,0.3961998301200622,0.481475387762819,0.6103481388828303,0.7468345021198854,0.8321058254305841,0.8666236964956557,0.8812436224009333
413,0.3205631264049735,0.34089924399073734,0.3877158103761962,0.6255037414506373,0.693364357920701,0.718172602245346,0.7885602654790146,0.8655072474744891
414,0.14463280988638305,0.8854572459811988,0.8982149400798474,1.0348206034247074,1.0753451756669412,1.1921791912846667,1.2423296450992658,1.2613879097699836
415,0.33432371580009274,0.6265908424895975,0.8919235325972786,0.9353047522946796,1.1550301331404644,1.2466812242362961,1.3270004012954375,1.3616243695017438
416,0.44704916882320705,1.24880006864508,1.4348701801406283,1.6984776135963213,1.9660420892844788,2.0129101540861374,2.191936995815707,2.2697443673860564
417,0.33580259484689384,1.8520923166511816,2.0077297837340944,2.312614622529781,2.3198327445190228,2.362009948477816,2.7867274866119276,2.914586392879974
418,0.29861383470168246,0.31828665537035467,0.44663839115150233,0.7379870325417297,0.8483265129732874,1.1281066671440827,1.3043556036720403,1.3522361256794715
419,0.6395399639171111,0.901057080696716,1.306223318853837,1.8520923166511816,2.0967988671699946,2.1280548482188624,2.1376469328881,2.2722081008297814
420,0.520784974726013,0.5434811751196132,0.5862779012769905,0.8641967008013909,0.880559220282777,0.9560295554297287,0.9630363704358328,1.0237944179538592
421,0.2488040208476296,0.6679468425270793,0.8919235325972786,0.971333448763629,1.133903566564931,1.162769084573481,1.1882978111956275,1.3291119379704681
422,0.24983026447899107,0.31014355725060055,0.597058556369279,0.8089867638597162,0.8362464152152241,0.8584202212937228,0.98890726348788,1.0950005432382697
423,0.5219078723950937,0.7569685990699226,0.9974387709043792,1.0394943165726913,1.3087253254608913,1.4956051583361147,1.917737159851995,1.9566523354436614
424,0.3047035165718221,0.7010867939722653,1.0003367904308544,1.1810520445590884,1.2703765514915202,1.2731486123459934,1.3838322418549998,1.3909257133703194
425,0.18221053376722932,0.19669409183082745,0.3228774226191937,0.4546761824464067,0.481142375002571,0.5069366476002076,0.6705391259081085,0.7012176934530249
426,0.4479948777766061,0.4586872104311271,0.52648989092629,0.934013336990992,1.041550288460728,1.093905897712763,1.1152775579229781,1.3960554234860474
427,0.4593921113575861,0.5940362528895516,0.6172883928892422,0.6743485822291113,0.7296487023859085,0.7560475634425672,0.8362586798176268,0.8845473204540983
428,0.1169986961404962,1.1426476690462397,1.3196745893148554,1.7511300116863304,1.8355964346017,2.2053921474170304,2.2771809167595958,2.3524179933684364
429,0.31366113792477684,0.3838105748195829,0.4019651905781568,0.5797057784430986,0.7350023824248085,0.9031933668583374,0.9752585315348589,0.9783219507964634
430,2.264214987940333,2.344234863125771,2.7027644439007985,3.0375234152277715,3.2807225039299452,3.3047978995243668,3.538261149500205,4.133959813770722
431,0.3900833468996675,0.7294386080295391,0.7647355672870376,0.7873961678580784,0.9572544805894949,0.9728724208592173,0.9823045667805551,1.0247626025818544
432,0.20900772870688886,0.37977140671826604,0.5254543366301966,0.6814109002803221,0.7018604570925673,0.8362586798176268,0.9904579719881945,1.027951890983082
433,0.39358340899467936,0.5019699544393588,0.6838693319724674,0.7143500653220571,0.7238917489380271,0.7553681460721672,0.8139729660871371,1.0007430074087096
434,3.1253995872831246,3.7258410997180786,5.0690462518386905,5.772321829044432,6.772689429919595,6.855193758352248,7.5416612817853395,7.572220001029479
435,0.22812885532188143,0.42419218770183525,0.5918179932358129,0.7873961678580784,1.1047816655374554,1.1594794024544113,1.3291246439709568,1.5488979424331164
436,0.6977706758264269,0.8337231427652659,0.9194620651975633,0.9787369667819931,1.3226104844882753,1.4944411340561787,1.5176026812936219,1.5297708847015687
437,0.42607219171556504,0.5230490751402574,0.6097000085458733,0.7255827819792224,0.8034035616596206,1.382913699326835,1.6526618795944534,1.6571645010026255
438,1.2936372269226264,1.620623890666792,1.7879554086487244,1.8591551182680657,1.9035734479442017,1.9042315660442828,1.9381826617566829,2.0426089380943697
439,0.474100862795422,0.6579496444349321,0.741503511559547,0.7484370705378095,0.8271964227831383,0.8354831782537763,0.8655072474744891,1.0051477358491347
440,0.11027020850819892,0.3474813026293499,0.5443559181691242,0.5734166717978822,0.6548886612162937,0.6567496850992199,0.7799309474728096,0.8009973516982324
441,0.26144265356936086,0.3459178993972778,0.639856556175452,0.8157276233650139,0.9987244141733256,1.0584911688728704,1.1575891543385641,1.2244757753849926
442,0.1872812924623725,0.49713372063731803,0.5135334403151506,0.6767454953977069,0.7621617323161952,0.9429218529910905,1.0166595057308467,1.1562478324907743
443,0.33818178384962544,0.7138091986307191,0.7735315195955725,1.8575049101194239,2.2904544062543652,2.296736250848535,2.3318078771991564,2.796796122833128
444,0.20703039985521426,0.5280698169675959,0.6333355721442884,0.7025690276737856,0.725252037962047,0.8049411090441839,0.8343406740562277,0.8453143371021422
445,0.46418768763215973,0.6060574813190591,0.7109377632187318,0.8720159800304258,0.9086252889379697,1.3998754510733078,1.4126198874703433,1.4870805233613922
446,0.1169986961404962,1.1461125582548433,1.2970791358857992,1.7409580185047222,1.835892734630271,2.175401396637924,2.176611918209275,2.3797637488892804
447,1.4692971579560603,5.0690462518386905,5.857515988523331,6.163607891808975,6.457809491205932,6.510062299077355,6.761624562107455,7.462693786723158
448,0.4511265004962769,0.6097000085458733,0.797594599677899,0.8716782506406141,1.2466812242362961,1.2789688071250647,1.303447676353598,1.5331882874345086
449,0.8377132438465913,0.9433444762035975,1.4078336548310377,1.443698980239528,1.4484435702409282,1.695378497784334,1.7978199421385492,1.8387560401705743
450,0.3474813026293499,0.40269009745763756,0.49330458621889606,0.5960634128843624,0.6037219253228276,0.6099650216957795,0.7430088905975216,0.9630363704358328
451,0.3276489313157257,0.4560550815100884,0.7936562361815769,0.8711884984234389,0.890936121461559,0.9743406622476198,0.9943875305752333,1.0182648779469532
452,2.3102444274540366,3.6130339325507657,3.688303057602244,4.351385323986506,4.399381466007358,4.4919576721108,4.906687853609436,5.3605100099603815
453,0.12323643390410584,0.154749009146085,0.49330458621889606,0.5434811751196132,0.6182879604688383,0.6567496850992199,1.0922465906236596,1.1946808306402619
454,0.8841788329327661,0.9773752761870897,1.0690207452968203,1.108642684096198,2.41768794321002,2.6261670995013486,2.9879222670032517,3.2439965715030668
455,0.5471285934829778,0.5946113737675933,0.639856556175452,0.7352059527667227,1.0488718795487644,1.105083265220268,1.16403837781776,1.1708336312287764
456,0.9333091240743152,1.2161206891159824,1.2914403395792609,1.3165042900441515,1.3581346050921383,1.3703479151169469,1.4558928208427986,1.494440191455555
457,0.3154739451865534,0.5013265877516867,0.5349374786326268,0.6262851423947633,0.6877875285622161,0.704343508286662,0.7513348292701338,0.9597515480789773
458,0.4871323523005862,0.6195764650958013,0.9493861041666637,1.3269656494573536,1.3836892481060192,1.494440191455555,1.4959320498383901,1.5893933849666715
459,0.10647185906283352,0.5541489646747713,1.189474951693552,1.2749238649732801,1.321627782000635,1.6740463186817047,1.7400544731167182,1.8001913231417552
460,0.49035384759304446,0.5008483093890518,0.5420359757643283,0.9420281769212945,0.9556741069463746,1.2295689767189804,1.309872779333178,1.3471510022857665
461,0.6833228424370255,0.7189546110936682,0.7781908971419422,0.8202548260882397,0.8549708927330788,1.1129033597571798,1.210164579071245,1.2220892668058116
462,0.8874334028623811,0.8951823876079921,1.0188164643018485,1.2254901284103574,1.2295689767189804,1.379734718578476,1.6171056261045187,1.6477845493072736
463,0.3933276212616245,0.4685958205352025,0.5324327587017235,0.887359438216545,0.9421434376573743,0.9734719534300903,1.0941963437589115,1.302350893311629
464,0.270051962386259,0.4592435470463576,0.4659480831094648,0.6742706736175887,0.8669937846898281,1.005759712952898,1.1084392150939713,1.1252998520114486
465,0.32226002162729805,0.33432371580009274,0.9987244141733256,1.0488718795487644,1.1010576277831252,1.162769084573481,1.2206566468151805,1.2437480155149268
466,0.21511981556855725,0.3157253345142447,0.3173196327462916,0.5019699544393588,0.5660983330379629,0.7609565749807874,0.8417045161527393,0.8991299828079201
467,0.722914186165783,0.7658301756075766,0.8315202953902927,0.9089764197060588,0.9904579719881945,1.0845973302370049,1.0939363454589301,1.181391714237891
468,0.24382963179359043,0.3610920350154453,0.8841788329327661,1.4122848482104136,2.3635279949942967,2.590234346076372,2.918072694827716,3.0013737525459847
469,0.2011694387578172,0.7631514176906115,0.9129200559495672,1.3975437459486857,1.539590682882792,1.6624436715874593,1.7287963137113325,1.7564757130572142
470,0.16841120427377254,0.6559374316077654,0.7095118950912755,1.2680141513262881,1.3721210994829678,1.4299414049759938,1.525378917261841,1.6860740199942232
471,0.19012380002335416,0.5530491979569336,0.6743485822291113,1.057095186705799,1.0778640245662732,1.0787762057540762,1.153096649105994,1.1906186925216502
472,0.4560550815100884,0.6485314712375733,0.6538878236649798,0.6877575715413498,0.880144923553665,1.022882102466502,1.057827688492483,1.2010057525114932
473,0.395568741534985,0.43744934333249325,0.6325325336591888,0.9505486992060043,0.9688066522864062,1.0048619548583835,1.1010576277831252,1.133903566564931
474,0.06845468120327801,0.12323643390410584,0.520784974726013,0.6037219253228276,0.739575019243138,0.7799309474728096,1.208541392553881,1.2826029240188295
475,0.35916373623599435,2.1036787923455322,4.367990040587123,4.557378065389416,4.652052398598324,4.686904990012198,5.185556747232922,5.30364447490279
476,0.5441321152326891,0.6838693319724674,0.7024078471300892,0.7609565749807874,0.8506379798853847,0.9328516828779596,0.9863665222528142,1.0759809263423277
477,0.4375842221648886,0.6901916297913603,0.7489743724059195,0.9745575718763287,1.1563462114617855,1.4956051583361147,1.5231475892839372,1.9617424749586907
478,3.2525001058899723,3.478957660009066,3.488091165916601,4.92661510337892,5.03998074295876,5.756186562660275,5.982635660828413,6.03647396208976
479,0.24193366974739278,0.7607821144428192,0.9238637813755528,1.0399125317254623,1.0932031419521826,1.2111913269223926,1.3775138853495204,1.4759633573852193
480,0.4007169190191308,0.4709663767672463,0.6538878236649798,0.9844560160729104,1.0025121722853823,1.0088333623332248,1.0182648779469532,1.0209479382996187
481,1.5829153186574825,2.3699948940556963,2.4850346141999,2.561858825329016,2.9841514223375647,2.9921386287351273,3.0337496058612037,3.3471084698836537
482,0.29626015929607247,0.5110390417336468,0.6767454953977069,0.755275505876062,0.8426317917064178,0.8992484182827204,1.1388050465363193,1.1552586625577366
483,0.2060431212665036,0.572261956027063,0.6699797549228134,0.8457808704545856,0.888963202900983,0.919066611521975,0.9949510538706288,1.0088333623332248
484,0.5565022963424707,1.017053053815309,1.3611969764606002,1.387108296687391,1.4319809209739207,1.508096118394865,1.5787022551415548,1.6289213281769659
485,0.33580259484689384,2.1376469328881,2.3013357422612497,2.570073909845123,2.6026634657444268,2.626832808428779,2.6826578449815157,3.127291158646193
486,1.2497163316557756,1.356261545899397,2.0084267984291513,2.0561932199723296,2.3301656395631944,2.4461911341071505,2.6376024533159605,2.7293081685894287
487,0.10694168620889219,0.4494778584881152,0.5507899582145879,0.5702266015427192,0.7012176934530249,0.7228462625140486,0.7992741302096205,0.8065729106893351
488,0.3685766239032263,0.4007169190191308,0.6074909241148918,0.6393036222834155,0.6699797549228134,0.9510503478920697,0.9510552733679722,1.022882102466502
489,1.509269089089901,2.1110119259895006,2.226652923771919,2.8403700997193164,2.9365224684735844,3.013857235783235,3.1950986488632944,3.637047666051469
490,0.5334977600292059,1.0188164643018485,1.309872779333178,1.3682233391202132,1.5254551495260997,1.732210541829252,1.8315075466536315,2.0884230718019885
491,0.42099193122812256,0.5503962624275184,0.5558787733470415,0.7554061827556319,1.0392653241107204,1.1784802248314186,1.1812121792450516,1.2219957189148791
492,0.4566001113829576,0.5153731648469684,0.8271964227831383,0.8811713700156755,0.91806863438052,1.0869168407249363,1.0918136857255856,1.1675844962124526
493,0.3906074886022996,0.8020757927665367,1.0436502910472405,1.0976129114342952,1.1145732462635163,1.380040231852687,1.4687269605077107,1.5297708847015687
494,0.4206888689325866,0.46153438236316524,0.722224929112797,1.0757917325738848,1.199902773381706,1.4233464061429246,1.4314588206452572,1.4319809209739207
495,1.509269089089901,2.1544295616650926,2.6826578449815157,2.7867274866119276,3.141808568102147,3.1852614153986942,3.2425186150490903,3.3199466188355116
496,0.5352562615078076,1.2392440609034474,1.2664912031927678,1.4437179321732603,1.5546392130347717,1.5982287013788767,1.7140973112762228,1.751659762971987
497,0.455828665573472,1.1693056131536284,1.6675417785815085,1.695378497784334,1.875613936780184,1.9829813949359794,2.5121130740327198,2.8558654738676705
498,0.43496514449234125,0.5404871423724847,0.5881379279501115,0.6136089877037821,0.8089867638597162,0.8572607952668087,0.9508155879710047,0.9954127811528167
499,0.4575954725924639,0.6325325336591832,0.744629158889975,0.7936562361815723,0.8137474815975929,0.8666780392083209,0.885988111838545,0.971333448763629
500,1.9096104546000312,3.438285152553927,4.275673013827615,4.53431475647369,4.9998400658617905,5.028988306890686,5.290833215489182,5.772321829044432
501,0.37657273429273935,0.572261956027063,0.5742583893368264,0.6074909241148918,0.7105583134896343,0.722441076223298,0.9142093807561198,0.9469895383366631
502,2.1110119259895006,2.9139404209744,3.2425186150490903,3.3640601204098926,4.306832255931127,4.341708490855575,4.589758477401897,4.771616196609666
503,0.15093282298621227,0.6784559176120935,0.7134901583223656,1.189474951693552,1.213361070807806,1.2710751350819531,1.2955869602052121,1.6002573443123533
504,0.5475366656808628,0.8307491727556967,0.8854572459811988,0.9017406578318682,0.9434042229449456,0.9618757804879581,1.1712644797089968,1.2910654008431728
505,0.7685708958044294,2.2865603721894834,2.523363146115675,2.6402610074157273,3.3411879215459694,3.3891048749594535,3.4462230636568822,3.4504811765804893
506,0.6901916297913603,0.9148643351130213,1.0394943165726913,1.1108611817902854,1.2924574138236122,1.4146741613891487,1.730972794349506,1.8871121803710462
507,0.34390215601159146,0.3877158103761962,0.4711475001063966,0.5429262757174287,0.5882882458557555,0.9327747037526319,1.037242577814583,1.0753601119754632
508,1.4692971579560603,3.7258410997180786,5.84210497409758,6.785755336282815,6.987522534250081,7.4098893756868165,7.50979870904123,7.732365366064984
509,0.20900772870688886,0.32286780770353823,0.5467898280777965,0.7264721325943925,0.729648702385908,0.7386969743333087,0.8291124479524397,0.8458672678773898
510,0.5361509217111009,0.5604499361252133,0.6839508519342903,1.226409315243738,1.2631125937144596,1.3180255731191572,1.3385187523872535,1.3393488914715674
511,0.5522243907383074,0.6614262746253412,0.7473933935340804,0.797162100075536,0.9266809734530314,1.041550288460728,1.0418199608379581,1.1386397904404713
