-11.831866025070838, 1.3251123783878125
-9.436106225986485, 0.7243188998866463
-5.822951204692414, 2.1509708327989587
-4.743325845752233, -8.650816900982788
-4.154596539722037, 2.6280122398158072
-4.034607193424603, 1.2548797025695473
-5.831459148438995, -8.342593520351006
14.782754525131406, -1.866223795736678
-8.891285149266576, 0.13156144648646695
-10.32212374843516, -4.140171636075077
-4.2118505275166775, -8.152671475763576
-5.353992677373451, -6.222394665629711
13.37956922275883, 6.278645574835559
-5.860110792155615, 7.867351171405667
-0.8330172326641163, 3.80524418964261
-13.579078560926188, -3.7574889188487166
-6.88093735400698, -4.263669640410184
5.928699546271072, -1.3777791823548402
24.27050641159215, 4.670648959541774
-3.7361108200711652, -1.8804599869302643
-1.0355818419648877, 1.9210605851626932
-4.7228537183735995, 0.2948495159125568
-6.992205889311424, -9.502028553165818
-2.473020298239362, -0.9464696027984836
-4.570845868481227, 6.049650188611301
-4.532629317079009, -0.48564157209444847
-3.049400342222677, -2.501191601473099
10.530405265829955, -3.658741674212425
-8.96981418682963, 1.785340740723889
-4.094973467154051, -6.180008213239825
-5.695317126679777, -2.61648509161705
-25.005967306759377, 0.22732087203934626
-5.515438393730292, -18.909386914047655
-4.988025067584301, 4.496744536531145
-12.928220697121775, -9.143276449412308
-4.772302392519032, -1.9173849318811573
17.08384936278282, 10.587520536859133
-9.232298003385347, -2.7432402550158557
-3.324362430012772, -25.378073100131438
-4.958643771111929, 1.405131312735846
8.786159112946391, 5.4923663288590445
0.3382751445389429, -5.0660887424020284
-13.656933109650193, 7.426710221694186
-6.835230510375583, 0.692068784221739
-6.674547175192837, -11.054511354733034
-2.1216986648694354, -5.553909934572651
-10.082723638877955, -2.892933991832539
-3.7449307357695307, 6.378338219753316
-8.730788739755276, -5.486854665519962
-4.730769482495665, -3.9387533226247506
-9.954269987782414, 0.3913316458424063
-5.098321432177781, -6.436701227395864
-11.790036612875305, 0.29868100820600274
-4.6191381891835865, 3.8215303892542876
-9.506870587464062, -4.229822651312443
-3.997639942449602, 3.081559946659687
-6.778045656054292, -0.4131314506732431
8.137202751659114, -0.5724917556852609
17.152153176552254, 0.5493634695187033
20.893468315500115, 2.4492301372817327
-3.9396268676439457, -0.2946968280921456
7.826582343524007, -8.929473921180637
4.408240214209202, -5.624363536998058
-3.417089224426866, -12.266479883933098
-3.667888588753427, 2.684407539542881
-2.6595011129298625, -26.130465366821703
-1.352959432199091, 4.527470010919728
12.82125987043166, -13.314451712551895
-8.153175442411618, -4.3392761244415965
11.066748327559479, -4.594645436026847
2.1166435664332024, -3.761238750085621
10.631857487985721, 20.457614403493785
4.843297641063957, 6.456833723455438
-10.479938973386606, 2.2012352100164376
-10.499699480099807, -0.060428680747258934
-7.414201190317852, -2.929395292568706
-13.934093860983133, 1.25511245752556
5.2016095600635195, -1.1813014711755843
-7.754956043597642, -9.286377020440028
-6.821780288512365, -3.367375783078813
16.24253993101017, -5.245020431813751
-7.121447107297178, -2.5345033532103396
-10.198346567319874, -6.336828275766957
-8.320193402809924, -3.6047132654995284
4.365722693366706, 16.397345687440797
-3.2928268652589052, -9.253911499124982
-13.932581857057698, -0.711180007494502
-7.883428020813554, -5.763085585357383
-5.760058651804865, 0.5721618303167868
-3.3457863537791477, -11.81120239695657
0.6709632099346727, -1.041621263725168
-6.707390782299545, 0.16698461358589212
-9.471828665609006, -12.392978380692142
7.607530571084382, 15.763870471550694
-8.486718389714675, -3.5237520885874756
-4.45680531900188, -16.94320734941777
-2.583898038102561, -5.268734093489887
-3.311495693139154, -4.175719552425712
10.618040088193167, 2.0509209840738536
12.76970601160448, -4.837192769432743
-1.3899163441773368, -3.4203170878461826
-6.922685677565538, 0.7457604155187196
-6.0145981621291025, -2.856257318261706
10.804609801803858, -2.6636800157301064
-9.832544422900838, -1.174433282125501
15.500345719476583, 6.116565240167654
-3.899682347627567, -8.413818793166705
-6.455301577758219, -0.8122939876371791
16.277960445846027, -6.191948417141429
-5.432455986698232, -1.8083954239742768
-4.18431801340145, -7.287377066684389
4.687198034773812, -10.340794355016406
-8.302525989298907, 1.961858139054212
4.2356567472310145, 8.302363718343962
-7.433128054456338, -4.317115712595969
-4.6306244790489774, -3.4054688926778574
13.590521325616406, 14.341137124525321
5.371448493999449, -4.369377912486989
13.957238052220733, 9.726826935957021
12.354107732136107, -3.1665121614989555
-3.2747255098370758, -2.2891354688038383
-3.124206553145357, -2.007439835815056
-7.035051500636723, -2.49788415585341
-4.7812074186175275, -0.4812448283578652
-8.13289301143329, -15.323716552684733
-4.991914141746603, -3.979444094954215
10.765905103981419, 9.580855513428688
7.138628153823469, 1.7921283542313775
10.830367480246744, -10.003607366311329
-4.59101366786251, -16.969141860099462
-3.7278367180170733, -3.3522415560108825
-10.4315827865227, -10.154627591129223
-0.14111278779968117, 7.180295607011286
18.759825922521113, 2.175474613041523
13.869154026947774, 12.07352376744234
-5.928719598611805, -4.230316705459416
14.287704358325641, 5.8189540025342446
9.616971347707109, -4.098865692137386
14.725385238228236, 14.027077941969262
-11.021324135052971, -6.672695842707844
-4.212225760809599, -5.5003720631463295
-6.067279717229007, -5.53556506132627
-9.85898011851099, 3.63745887987373
-12.559091326820107, -2.8043846938268797
-3.8388338342941664, -2.04826927350292
-4.32852149373185, -8.234731849713683
-7.740704999508051, -14.003373572492428
-19.476017531630372, 2.5228466115765107
10.86823379959649, 7.080073447837486
-7.77827313284148, -4.417016752990676
-11.837952603194465, 1.335202885563299
-5.368676738496343, 8.308008756422133
-7.63920527970338, -10.029039978160283
-3.8005921004910626, -1.8717442460413123
5.462723375322627, 7.2630787122805325
2.5600625566675665, 9.50781011639412
23.39976877027973, 5.697596866814577
0.5245917439747299, 1.018107284591331
-11.956760545662075, 2.5077789028655255
-4.901173475095564, -6.834681499554802
-3.9900495010383827, -2.862510548747117
8.551367717736, -2.1049243187006024
-8.573072045379742, 4.953535745947636
-5.25250908605688, -11.869364340175043
-3.0862572235597687, -3.809176798913618
-6.077343270360931, -0.1682769464107312
-5.363525582958644, -2.7470106620248798
3.312555637550731, -11.95163470724445
4.450181511281604, -11.788699988646874
2.5388178474002956, -0.2567259281091667
-7.894247541235215, -8.947345811426526
-16.914113929623216, -3.6644631794593607
-4.609699285763685, -8.06154006051349
19.393033404379096, -2.5552660432764434
-4.75818266755852, -5.5155779174413535
-0.9884341066294895, -3.711356262704147
-3.252973929503974, -8.19937080862838
-8.214094920151876, -2.4816063092410707
-13.92086349988222, -4.859690416428087
-1.7277540204807447, -0.3494770237448295
-10.363292349549738, -4.775720716442109
-8.010365087207157, -0.573789043610414
-12.655429110390363, -5.101317243385738
-7.046446397076354, 5.687674600923802
-6.589563396264177, -3.195070423630235
-13.077326806310644, -3.5796842262396433
6.522748565516598, -3.6550956107963852
3.3327963949492005, 0.6705184203604628
-5.686991980378524, -12.142662531515175
-4.557067776260271, -12.011048585084186
-1.8641601884108066, 6.9291582041272415
21.818614273221698, -3.7188051147018513
-4.799990729638218, 5.736159788052789
-3.486234993243647, 1.4131001479330765
9.487307184090021, 4.599991967653877
-4.551937654579988, 2.920822051951622
-20.486952852935293, -5.582884503721061
-9.357344714890223, -6.495581395392659
11.989628342313122, 4.305604149152799
11.069931284723216, -1.0730691816387319
7.156768764104788, -1.3371046125219626
-3.017693299930948, -4.706278623823095
-2.903988206109953, -3.825422916841462
-5.246813960496032, 3.01598857845707
-5.943784720067301, -1.8672066274236179
-5.193180041121268, 0.27974114376436043
1.2234976444229666, -0.4300054103898274
21.339544980515143, 8.62743978592919
-3.046363852229555, -7.0468917566482165
-8.024901337384833, -1.3124115717065372
-9.065586372325757, -4.19427576978169
6.586946192566393, 7.25137479257849
-9.532626109836396, -7.269231329698769
-5.277140348355417, -14.67610555614193
-3.490957777272918, -3.6353026052249953
6.502561532819811, -1.618464052949112
-12.03074257124793, -8.874358332538913
-5.895267790513364, 2.0371890269428627
-3.32452090304424, -6.15585740807043
-8.652330308267503, -2.3911522953448903
-6.602045308946404, -3.4957918566791744
-10.073269107851385, -6.176362646733984
-6.804373638109841, -7.528741617960433
7.864322159464433, 0.038076066323490476
-5.004388473288788, -3.9614346989826736
-2.869676487810792, 1.631231451464724
-7.302328725968854, 3.9352035585016356
11.852064154740418, -5.706098386015766
-6.519335288835853, -3.5745850294190658
-10.234452337777427, 3.3678441685976335
-27.221896281143547, -7.3962462312231265
-4.567923305358652, -6.336828567971251
13.693420404862039, 0.0161360895561371
6.442289608092943, -8.072638252229012
9.247689932428383, 2.254439389476726
-2.2672387967171557, -3.655384604919385
3.379958444953213, 0.46117494580293905
-20.182014070059658, 1.1874736425246857
-4.1813249251407525, 14.443884866448641
-5.142680662880241, 3.195555354195462
-18.570412536075562, -0.4220229246202589
15.478161351203532, -12.68917598240403
7.410826321117087, 0.5568744369411647
-6.043093620213123, -3.6801893495555293
5.229578654811749, 13.242248677848574
-9.581773535831244, -7.634404002857735
-2.7033260645674426, -6.7963354114848595
-2.713222145459394, -7.540032993137732
-10.145428455685709, -11.595921746035845
-4.2058137636956365, 4.601672687015206
-6.318480749958606, 11.785216376792619
-7.202706018276349, -7.2016681011550165
-3.220158500097515, -3.075035086579371
-7.154444771485689, -4.509393049867696
-7.675492262251035, -2.37315885538874
14.722538398732357, -2.3388441715257535
-5.267453533804265, 4.4008945575607905
-5.213902620814974, -1.745949872039679
-9.837797621122203, 4.40665419544001
8.744661819798273, 5.3977369492915965
-4.0700124155696695, 10.420057170160042
-6.2858392678969945, -15.477211643574567
-5.61243444443119, -4.385326644674129
-3.320766952649465, -3.1188305283376265
4.25748823260574, -1.9097102142395541
-6.617912761540294, -7.808501649862402
-3.549963094668751, -14.961918444369754
-22.729931030173574, -3.975889620756681
-13.843379256838087, 1.4378216725598838
-6.259999820757323, 1.5264403106790558
-14.00496577651839, -0.9048399555542253
-12.356486683553998, 2.24335911379419
-5.773994169673451, -5.790873319486185
-3.9491181010588, 1.499874648939818
17.903736652192695, -2.02470223159237
-5.0116635812630275, -0.5713937450407598
6.160652652081855, 0.22236609766453297
3.5423250724919457, -1.2438708270674876
13.325144737780183, -1.0500570444797726
13.023039295532529, 4.540343359480877
-4.21285981871401, -6.6206517608026365
-13.919394792829788, -16.77565294562774
-13.446357019682537, -1.6152154981276823
-3.321126888636988, 6.218420512339438
8.827071794192419, -5.780753152795932
-3.9270505345878726, -1.8317998181342439
-8.948579097207949, -1.561078279489028
-6.947684302271303, -8.440067733272809
3.560092374545632, -4.3967420050819594
-22.68746761245554, 0.5559729637562003
-4.2216501944599765, -9.484695148463224
-6.744063653458959, -2.7473791034049313
-1.5064977277339549, -9.175008364251699
-5.030189842164808, 12.731014249913123
15.276282671508977, 1.8247311943296676
-10.406192438028949, -3.294740270402721
-2.9871394834125824, -8.751177315037449
-4.915169818628707, 9.370932742072323
17.029378504521713, 9.989297477263044
-6.693287068748782, -15.454343645863016
-5.8220457685093425, -11.028802348872894
-3.2470237953126877, 0.617542699330266
-9.732399266049637, -1.1362024330678788
-9.327390866988532, -13.124415691803417
-7.693668336012123, -9.138838836951944
11.028901059757603, 8.164027704478722
-5.13997140052534, 7.114299122652294
-3.793857671630708, 0.2207327493125808
4.077784221519297, 12.926433200430363
6.591252094165813, -4.902223588217639
6.803364267597735, 0.37158416217440804
-4.664506004945781, -6.7136329726324195
-1.6345139541635239, -7.171035303730484
1.8810876180302225, -3.536263965182692
-5.294995523839025, 1.0698157110212043
-10.925825181504011, 11.344228507242704
-5.7401301999532865, 0.924103210557794
14.98463606791216, -11.305623123958213
-10.197743892017975, 3.9618510460915095
4.439382333954335, 0.8742189630185104
-8.225297033433606, -10.872521295095964
-3.168719701802402, -0.29628992435312007
-5.996346345796248, 5.555553610444753
10.733035332489306, 4.869614437303777
-9.936455686519194, 0.7506938270629577
-3.936058830313631, -1.934094006163998
-0.6555976160590813, 3.2473845110815436
-1.7757103795294995, -3.0025210597249155
-5.312205869502783, 1.8187382588361327
-10.446204323285897, -12.545166411840679
-5.228874618527752, -6.810685764198064
-2.6360015501608123, -2.268750241764783
-12.60817145954293, 0.9814432315106005
-8.78413685912422, -9.994666028868048
5.765658181492358, 4.846901402137442
7.6913796118789755, 5.203724974813909
-5.790169338457265, -9.443170162842069
-8.51932321641413, 2.7692033531037596
4.877761687711458, -3.928256599564362
2.1023714963871907, -0.7765552416019683
-21.553244173338925, -3.2300494572920355
9.89326910904731, 14.604368106685587
-7.173453627894704, -9.47098431377532
-4.778707173495586, -15.628829044339444
4.907369513687832, 2.743011525046483
9.793689877242834, -5.741183916304784
4.224069183382196, 5.544980234728801
7.760613728912518, 10.150826657499145
-3.6788720129730903, -4.656058816083725
-4.625859543466913, 0.46521465660474615
-8.952430234878204, -9.070046202692406
-6.67238866373855, -2.727684973728678
12.320068967686108, 6.408493118367415
-4.929078228675364, 6.555964596350287
-2.675751567514258, 8.460434376981823
-8.413568467027396, -2.1390596644705244
0.7580917354450669, -2.2630172179787427
-9.283779595367614, -0.3382253086418543
-14.712934320224466, -5.101030148890638
5.924453876225782, 0.8272225915693419
-2.8458103361409908, -11.767408811363886
-11.812009020708459, -3.7375777510757846
-3.6108552427091998, -6.392400103888573
-5.414097980741158, 2.214119058046145
-8.489021526080764, -3.922523477736939
-1.5313589716659406, -13.198026701844178
2.880318381736278, 4.3229594626044365
4.122974419648524, -1.3676082993650338
-8.424703897023583, -2.8058740852171447
6.482746559016489, -12.6415435507702
14.46857498409496, 0.07164313704314762
-5.736088933918017, 0.8670394771807128
-8.872330890785893, -13.254698078706959
-4.167328440286098, -21.271563418780715
-5.627966638137222, -3.463396881326152
7.996625895270306, 10.449628035677506
10.985118110552815, -5.635151219327567
7.888206578090214, -0.08047014645709494
-5.161315025365116, -13.432794012186239
-5.2498218656267515, 4.731325807268031
-9.031914142309615, 2.502522561439789
4.872214768924976, 8.941728884193456
-7.113625340483697, -20.433072797807963
7.331650513630038, 4.659253973894604
0.9937363222521993, -2.6840637174619095
3.5013070198918657, 9.01646596315571
1.2404399143582623, -2.266213529404509
-16.22556826715202, -7.785981679636724
-10.977016764873337, -7.958342606286597
-10.23150797101377, -2.906638390332822
-7.5961351122714635, -2.2764125055018014
-5.80027678129016, -1.2973131498287969
-3.456074534825892, 13.541105324680895
-13.269122725679104, -6.693748696654591
-3.51834071967983, -2.8892148021059305
-5.028277630231812, -4.038172981329808
9.407402878921134, -19.62499573807846
-8.66303326216003, 2.6950846178667227
-4.371479186647237, -12.220567232162132
-7.661187402684327, -6.45508590685325
-8.926732710120213, -3.630247642571919
-8.893447996789767, -4.829125878890023
-14.396460085799628, -9.19714323674945
4.173494757501003, -0.9000156082793329
-8.002538246256922, -8.740347350624674
11.35523974457083, -0.6811979875480874
12.57411828145156, -1.1850212520829486
-6.926572493203349, -8.971040651717473
-9.010319087093398, -9.728856212255934
-11.871799388012679, 2.3113390905489446
7.447757221337659, 3.547655881560455
-7.982093498447874, 2.7022556395444033
-5.547343239954115, -9.066966735597529
9.08255174896653, 13.503146089943213
-7.763475356880435, -6.768033205654806
-3.8323398291995523, -5.329294286014894
-6.298474693369533, -1.9884042988092518
-3.1337312519735363, -6.180051989142927
2.3111733576340603, -8.237938869120663
-5.434408145137873, -10.633026680234114
-4.998990370645145, -9.578607253782831
-6.1376546377790655, -7.586377739479747
-12.090547120394, -3.587188183609686
6.267840358939455, -14.230286114401943
-8.077585095646636, -3.2982864981792384
-7.393760389440619, -6.776129086628018
7.7949563244370745, -3.391904475526333
8.461581358172706, -1.9942309451420859
-2.6192398987505503, -10.2439926391644
-14.047308056839778, -0.5485026201094285
4.035249602921648, 5.9868731477130215
-6.524517122497678, -5.244832187582224
-9.806654458149215, -15.24457498857959
7.279308635599483, 4.99795178535034
5.654225030360022, 14.617145326786028
8.653348542636063, -5.0871336992755465
16.8584556144945, -2.6815647126753155
-1.5901853868717102, 0.40526120220283035
-7.037228737392308, -14.312762896629977
-6.9741799310827535, 0.2850585087380666
-2.7899147023594653, -12.7308432023871
-12.822240335451271, -8.464224800109228
16.077330164871725, 7.129828612936937
-12.382989072292293, -0.7481404562178515
-16.779662132557224, -3.9488619004873513
-3.2967210946229675, 2.5120044939529507
-2.064778763415711, -0.4355018963705575
-13.25388655916806, -4.694220526721988
12.283496021756072, 7.159212590424755
-4.307506144384151, -6.557241501902385
11.662419023727532, 9.064756046601126
-4.676214916100973, -11.580636046722322
-0.957624742156173, -2.005405043554913
-5.844565084064676, 0.10565961527512169
-7.1470724630293105, 3.137838568726859
-10.744414276402317, -7.944767306968882
10.034970652421856, -7.987719633468025
-4.520574131397658, -16.33718790389405
5.946146194527423, -1.5018552066149529
4.099859878324615, -17.00721447266031
3.1080861842495278, 6.588657552513975
-3.8123507344283993, 0.8116762591044306
15.040437648149272, -3.6883325232571984
12.702166797089575, 7.6208762088589435
5.2555401360952665, 1.341089631483824
5.060941505162913, -6.3607664833838875
14.743193156849387, -5.80920397484583
-5.921542526030356, -3.6592297858310685
-8.832248471840536, 3.907683196507806
-7.137159000772254, -9.4369471192347
10.562909698272122, 6.304211205264334
-6.705518096810356, -7.005402009481228
11.035710008839764, 9.031761414985278
11.304296384731437, -0.8833540990842388
-3.04510263280033, -5.0708087393242955
-5.546081977743696, 7.442593835889073
-3.517893580683216, -12.882950547266297
-10.050447069505028, 3.5354634090089068
-6.727666707984363, 2.243481345980282
-15.80911586325968, -7.3531833419884824
-4.0196496143892695, -7.461223775386034
-5.328305397916838, -1.7841170776666289
2.336359328411767, 0.7853900517891943
-18.921625952907835, 1.8351403285604144
-1.6101269311509245, -6.917672457566271
-6.054029225188605, 3.1348292989887847
-11.365061087899594, -3.063634116015605
15.261677152740742, -2.687418943228095
8.80694772739648, -1.9311640966641535
-12.432014232159709, 5.198057793665273
-8.78178629033593, -2.2721457521398167
-4.3564530702505415, -5.64760371765621
-5.508723142603177, 3.519355349634738
-7.953820437487509, 0.5799727895302595
-6.2470995972673435, -5.921148788021654
14.239705310765835, -4.682565525001531
15.059633544949442, -1.5393246148248845
8.266824607007205, -13.391964912788016
-5.11890575397857, 1.9502794605769944
15.499010777373222, -2.223486561511108
15.857920495856677, -2.1634292312350745
-2.6219398760805728, 0.17467067230685673
-12.117316334762156, -1.4348312205301323
14.791902562486053, 7.996633367580166
-8.019742164293715, -2.084256454097686
-7.964062142450987, -10.413367560500891
8.667547252838245, -6.959745576725348
-5.1402470386318235, 0.2594233339814904
13.286576688116298, 3.6137992626655357
9.130220427596882, -4.050464367515287
-2.7759843626057252, -0.26649449245250034
-0.048596069929884855, -0.1849926998529745
