0,223,505
1,78,215
2,398,66
3,138,273
4,137,435
5,155,280
6,302,395
7,145,81
8,214,261
9,140,248
10,402,172
11,231,75
12,499,68
13,477,139
14,182,52
15,184,263
16,160,195
17,19,139
18,251,96
19,17,290
20,258,238
21,57,260
22,148,463
23,268,170
24,453,271
25,265,219
26,102,452
27,283,64
28,306,256
29,312,425
30,508,364
31,406,504
32,247,73
33,353,455
34,361,133
35,56,392
36,281,369
37,399,199
38,403,108
39,257,317
40,134,104
41,377,64
42,215,280
43,348,126
44,92,430
45,177,128
46,83,236
47,365,368
48,281,36
49,442,139
50,301,119
51,202,471
52,331,130
53,476,479
54,102,26
55,401,81
56,494,161
57,260,21
58,218,368
59,135,154
60,490,441
61,195,284
62,432,76
63,386,293
64,377,41
65,502,381
66,398,2
67,449,94
68,369,458
69,299,110
70,300,289
71,444,338
72,397,503
73,359,32
74,204,372
75,89,325
76,432,433
77,267,270
78,1,215
79,285,86
80,118,92
81,145,276
82,474,386
83,366,211
84,101,210
85,229,211
86,285,79
87,350,456
88,203,320
89,75,325
90,418,62
91,105,381
92,44,427
93,387,412
94,449,67
95,129,262
96,174,18
97,243,131
98,114,345
99,103,136
100,458,282
101,407,84
102,26,54
103,99,136
104,134,40
105,91,122
106,279,160
107,299,269
108,236,38
109,175,310
110,222,299
111,405,150
112,426,327
113,198,286
114,98,19
115,193,296
116,398,66
117,126,242
118,235,80
119,301,392
120,400,173
121,187,236
122,295,105
123,315,230
124,412,387
125,201,136
126,191,43
127,172,156
128,511,466
129,95,262
130,331,52
131,97,243
132,428,141
133,360,361
134,40,104
135,414,59
136,201,125
137,394,4
138,273,3
139,17,19
140,436,396
141,147,410
142,498,303
143,169,271
144,2,66
145,81,276
146,481,353
147,141,410
148,463,330
149,163,27
150,405,111
151,216,409
152,266,155
153,462,228
154,429,488
155,5,266
156,127,455
157,346,16
158,352,452
159,332,495
160,16,195
161,339,494
162,489,363
163,149,283
164,243,97
165,352,158
166,408,57
167,504,319
168,489,468
169,143,271
170,268,225
171,88,367
172,127,402
173,125,201
174,96,18
175,109,310
176,424,194
177,45,128
178,326,341
179,374,430
180,354,324
181,298,253
182,14,274
183,405,451
184,344,15
185,371,188
186,305,322
187,356,121
188,371,460
189,307,328
190,309,308
191,126,297
192,179,430
193,115,322
194,505,176
195,61,160
196,225,421
197,269,200
198,113,419
199,37,391
200,342,473
201,125,136
202,471,51
203,88,329
204,372,242
205,257,225
206,351,417
207,480,38
208,473,342
209,445,177
210,510,407
211,366,229
212,234,393
213,329,72
214,261,8
215,42,283
216,409,372
217,363,451
218,58,377
219,509,411
220,475,304
221,180,422
222,110,241
223,505,0
224,467,113
225,170,196
226,321,338
227,290,493
228,153,462
229,85,211
230,495,315
231,11,75
232,241,222
233,259,131
234,212,368
235,67,118
236,108,121
237,246,244
238,20,258
239,365,333
240,112,327
241,222,110
242,497,297
243,164,97
244,246,252
245,500,174
246,244,252
247,32,375
248,9,254
249,323,294
250,388,433
251,18,34
252,347,357
253,446,181
254,389,404
255,370,492
256,28,444
257,205,39
258,20,281
259,233,347
260,57,21
261,214,8
262,129,95
263,15,439
264,354,450
265,25,219
266,152,155
267,384,373
268,170,23
269,107,299
270,77,331
271,169,394
272,296,322
273,138,3
274,337,320
275,94,449
276,145,401
277,502,295
278,418,421
279,106,351
280,5,42
281,48,36
282,458,100
283,27,215
284,262,129
285,86,79
286,461,419
287,345,98
288,96,355
289,380,415
290,227,19
291,487,404
292,327,141
293,441,63
294,395,323
295,122,277
296,322,272
297,242,313
298,181,341
299,69,107
300,70,56
301,119,50
302,6,395
303,350,457
304,475,220
305,23,186
306,444,28
307,328,189
308,309,150
309,308,150
310,431,109
311,185,496
312,29,197
313,507,297
314,337,274
315,123,230
316,123,315
317,39,257
318,94,275
319,416,498
320,337,274
321,338,226
322,296,272
323,249,294
324,450,354
325,89,75
326,341,491
327,112,240
328,307,189
329,382,367
330,396,413
331,52,130
332,159,373
333,239,218
334,437,5
335,474,55
336,470,316
337,320,274
338,321,226
339,494,161
340,302,6
341,483,326
342,200,473
343,468,79
344,184,15
345,287,98
346,157,326
347,357,252
348,43,86
349,496,311
350,457,87
351,206,284
352,158,54
353,33,455
354,450,264
355,288,18
356,187,332
357,347,446
358,318,26
359,73,32
360,133,243
361,34,133
362,375,417
363,217,162
364,30,508
365,239,230
366,211,83
367,382,329
368,234,58
369,458,68
370,255,53
371,188,460
372,204,216
373,384,267
374,179,11
375,247,262
376,331,355
377,41,64
378,443,456
379,460,381
380,289,415
381,379,460
382,329,367
383,411,219
384,373,267
385,438,485
386,63,293
387,412,124
388,250,76
389,404,254
390,397,484
391,199,40
392,119,301
393,41,64
394,271,169
395,413,6
396,330,436
397,72,390
398,66,2
399,37,250
400,120,173
401,276,81
402,481,172
403,2,398
404,389,487
405,150,111
406,31,504
407,210,510
408,166,437
409,216,464
410,147,208
411,219,509
412,387,124
413,330,395
414,135,189
415,380,289
416,498,319
417,284,206
418,90,278
419,461,198
420,364,508
421,387,412
422,221,18
423,406,31
424,454,448
425,29,312
426,112,477
427,339,161
428,240,132
429,154,488
430,44,179
431,310,334
432,76,62
433,250,432
434,48,20
435,208,473
436,482,140
437,334,155
438,485,385
439,263,434
440,295,122
441,293,60
442,49,139
443,378,456
444,71,306
445,466,511
446,357,347
447,419,74
448,454,81
449,67,94
450,324,354
451,217,183
452,26,54
453,24,271
454,424,448
455,33,353
456,465,378
457,350,87
458,282,100
459,228,104
460,379,188
461,419,286
462,153,228
463,482,148
464,409,216
465,456,443
466,511,128
467,113,198
468,168,343
469,497,242
470,336,130
471,202,51
472,175,109
473,342,208
474,82,335
475,304,220
476,479,53
477,13,290
478,21,166
479,476,237
480,207,3
481,402,146
482,436,463
483,341,261
484,503,397
485,438,385
486,356,116
487,291,404
488,429,154
489,168,162
490,60,293
491,359,73
492,476,255
493,227,290
494,339,161
495,230,159
496,311,349
497,242,469
498,416,303
499,12,68
500,245,174
501,353,146
502,277,295
503,484,72
504,31,319
505,223,194
506,50,207
507,313,493
508,30,364
509,219,411
510,210,407
511,128,466
