0,1.0939803987971604
1,0.9992130179155712
2,1.1403265372633327
3,1.026795449542758
4,1.0946212099590442
5,1.0271530813934684
6,1.0036614559760673
7,1.0016089397280679
8,0.9688808354324203
9,0.999632693141876
10,1.009808886407635
11,1.5219400047547398
12,1.0723170578354138
13,1.0202370159642542
14,1.0146022227674505
15,0.9973175281911264
16,1.0006788332230414
17,1.038713370225138
18,1.220216218656541
19,2.1044981038720754
20,1.1043737649395686
21,0.9921711367315951
22,0.9958144193948755
23,0.9688406251790951
24,1.0657710309049426
25,0.9607125476934455
26,1.4391137345495641
27,1.1481326128959468
28,1.0487805657727314
29,1.034995399408237
30,1.0033055984249963
31,1.0325486040414051
32,1.1554420777058474
33,1.16934193105746
34,0.9513749120021977
35,1.013894437147525
36,0.9668042987548069
37,1.0337003678412864
38,1.0523212293783837
39,0.9938153308139301
40,1.133185975151326
41,0.991717748550978
42,0.9618119051348462
43,1.8807514352232562
44,0.9976126920066481
45,1.0695923129448364
46,1.2012535930898474
47,1.0620613771084173
48,1.0170840871449742
49,0.9867132389651392
50,0.9927178030632391
51,0.9711558747147064
52,1.0976986025669646
53,1.0000037088528366
54,1.2008080086386568
55,0.9800970800688862
56,0.998457329380748
57,1.321570710017997
58,1.0682745777351295
59,1.0755458669913092
60,0.9687880716456985
61,1.0105584948268134
62,0.9835517503651869
63,1.0637862617880085
64,1.0803993975273967
65,0.9622529316845716
66,1.0601771776643056
67,1.0298680942010805
68,0.9921935124114512
69,1.0226162466192277
70,1.0018018414778844
71,1.050580007059469
72,1.0710229912202485
73,1.1532557375424655
74,0.9877785512662486
75,1.0248466838018293
76,1.0166144510661328
77,1.128304159462136
78,0.9899800646938786
79,1.2418623300094196
80,0.975710874575949
81,1.0316525938800414
82,0.9959098614473152
83,1.2593800006234943
84,1.0111415133590234
85,1.0226006940759333
86,0.9922860974292076
87,1.1226002412625569
88,1.0621624677911496
89,1.0789333845329272
90,1.0258073750063508
91,1.0733628022678259
92,1.0752112846483164
93,1.0426535118809104
94,2.241216443355188
95,0.981446041680512
96,0.9852553250516218
97,1.0009354718671681
98,1.3479849044467689
99,1.120846992302167
100,1.1186727520810622
101,1.4317215505069711
102,0.9891052032921925
103,0.9982286185584897
104,1.1073908827894212
105,0.9999640788063676
106,1.4636826530678884
107,0.9975037768808357
108,1.0427799291763185
109,1.1303133955120375
110,1.3631991579162674
111,1.0730525229225638
112,1.000783333078969
113,1.0317041247565157
114,1.1670344093082465
115,1.1494785642489485
116,1.0112665502873575
117,0.9873591223851109
118,1.0676727878470558
119,1.0646594539633538
120,1.0610031533455262
121,1.0589750496806993
122,1.905294563870228
123,1.241947033513129
124,0.9707718735125603
125,1.016697611909436
126,1.0299473300082083
127,0.9887478115825161
128,1.016360880510479
129,1.140565132737146
130,1.0962834090349372
131,1.0055812611404256
132,1.0824050682392046
133,1.1380125372040049
134,0.9768352641551977
135,0.9752227899030301
136,1.023544368007422
137,1.1301568343649402
138,0.9753704243098422
139,1.011717056852976
140,1.0223664472858656
141,1.0392517475812553
142,1.2024783661427334
143,1.3897405617712497
144,0.9813072093482587
145,1.0327568240440632
146,1.0010188295029308
147,1.0290750142753162
148,1.0350921007115015
149,0.9969589391975704
150,1.0974213634749022
151,1.0291831302369499
152,1.00771117341225
153,1.1909310606825274
154,1.0096959974337443
155,1.0161046151568085
156,1.2962481008022344
157,1.0526827035723574
158,1.1454658135701596
159,1.0123539333543503
160,0.9687754802407431
161,1.410098925021067
162,1.094309470472461
163,1.005835181659675
164,0.9716358412683839
165,0.9950152960262103
166,0.9880235506509976
167,1.101048916405225
168,1.4938633823085494
169,0.9590823058177236
170,1.0157233861799737
171,0.9854902819238605
172,0.9659509693466679
173,1.0079514114070396
174,0.9984763512441122
175,1.0281522508841237
176,1.1573217211305238
177,1.0093689114892164
178,1.0499665184356868
179,0.9591260519722187
180,1.0206187196196967
181,0.9744148097595218
182,1.0287477421876443
183,1.008881689658483
184,0.9911444695906471
185,1.0268633430097638
186,1.0386881979114324
187,1.2226695652094766
188,1.0951847612426682
189,1.0630312167528277
190,1.0413494240062802
191,1.0720968476308155
192,1.0395940919263402
193,1.0897548236716628
194,1.0357690757038014
195,1.0981184719522372
196,1.3932156731820227
197,1.074773275453385
198,0.994941166680786
199,1.0690946339634473
200,1.0032919146519428
201,1.448537167803849
202,1.0434331593600934
203,1.0610427419351103
204,0.9625583925506666
205,0.9886145707862402
206,0.9719341658071089
207,0.9893303143754926
208,1.237074800238696
209,0.9750138320793809
210,1.3246692806853044
211,1.0183214957258273
212,0.9727833381916569
213,0.9705520364513143
214,1.0224545567255694
215,1.322579159624381
216,1.0411046568700173
217,1.042338416871818
218,0.9956500969404656
219,1.025141608619018
220,2.4331334163471245
221,1.5177701877832699
222,1.046454730805713
223,1.0026096496751176
224,1.006154769470056
225,1.1058096747849302
226,1.0010997809012099
227,0.9696196483794658
228,1.021317199428399
229,1.053220111967737
230,1.0929546936820103
231,1.0279218771244458
232,1.1740802338806924
233,0.9927995093089939
234,1.0489118250046823
235,1.111420061906709
236,1.1448323567562269
237,1.0002729428237376
238,1.0093747097402928
239,1.0180854062772617
240,0.9747025287693205
241,1.356534749118802
242,1.3862138761844984
243,1.0785187190958376
244,0.9991302179239911
245,1.3122014018262362
246,1.269515189868027
247,1.098197541192008
248,1.0190018104807588
249,0.9849707493901869
250,1.33034391519232
251,1.0262923841370624
252,1.0134891161699975
253,1.0137620299500605
254,1.041048391340141
255,1.059929582040604
256,1.2879446025926176
257,1.080810421231336
258,1.0363630215412756
259,0.9600457243513321
260,1.1287363335076126
261,1.0510006714148734
262,1.2169098353803296
263,1.0817028540463731
264,1.222294521590141
265,1.068004414546816
266,1.0642628174951745
267,2.012671122843905
268,0.985894981802272
269,1.3980045153589908
270,1.0419158534089559
271,1.01404815816635
272,0.9956404279348138
273,1.1426947310064475
274,0.9673477608872041
275,1.0867665679887617
276,0.9777646205518206
277,1.0000124344205168
278,1.0653759941479652
279,0.973063925851175
280,1.0329230928267767
281,1.0010312317064187
282,1.0361618478003507
283,1.0112487898553315
284,1.0235335778810377
285,1.188247907121724
286,1.144889445952582
287,0.9933993094191735
288,1.1598443149692714
289,1.0404391653225415
290,1.0475903895478933
291,1.0639649070238753
292,0.9890481807134036
293,1.0301086142405302
294,1.0029185540434784
295,1.128945578800723
296,1.0393630998955243
297,1.0121185730493756
298,1.0036599151542451
299,0.9511146436904128
300,1.0019247159874307
301,0.9592874179262425
302,1.0370091590737052
303,1.0060140227972005
304,1.012031863829272
305,1.150462813345284
306,1.4304044545734549
307,1.0180281639283206
308,1.0317700940436274
309,0.9641769817501307
310,0.979727463474691
311,1.0982488027550277
312,1.013087963267353
313,1.0174386360783458
314,1.0077466668504216
315,1.0222477494124838
316,1.0153936701049489
317,1.0007791261072634
318,1.3676369880379764
319,0.9771443833566823
320,0.9597667893517307
321,1.0204307495004399
322,1.0704405770096055
323,1.0160513388532628
324,0.9911288053140724
325,1.0725504941015487
326,1.003548692107694
327,1.0311684939701389
328,1.1656336703207155
329,1.0678990418026935
330,1.0105615190101847
331,0.983154836141145
332,1.086224909018011
333,1.126479983341107
334,1.021439396683894
335,1.00932759065056
336,0.9548555411313282
337,1.1355610914178316
338,0.9689238160331219
339,1.5941467187427314
340,0.9690354763099758
341,0.9805760397923631
342,0.9658531185247883
343,1.0779679116857985
344,0.9771561507075347
345,1.0558539945009386
346,0.9871677479161136
347,0.9863844779367732
348,0.9842880055995511
349,0.9760500430388933
350,1.1277380232020973
351,1.0608999283633398
352,1.1948112129862358
353,1.119629906123979
354,1.0095114119065376
355,1.0681114135472034
356,1.2293619101446716
357,1.0107508807246028
358,0.9537035953609513
359,1.3036119588730852
360,1.0452818998766462
361,1.1729070711974483
362,1.046100156695086
363,1.0211963575677112
364,1.0695712036972935
365,1.0015318868516436
366,1.172064650765046
367,1.727573489604731
368,0.9693730956920089
369,1.074911496937566
370,1.2052423452559786
371,1.0611965395525016
372,1.121839400630142
373,1.0579274965044962
374,1.0160111431997119
375,1.0153991615382294
376,1.0578392434884627
377,1.0130215344163165
378,1.4196481066980775
379,1.0321541578959033
380,0.9778909669384476
381,1.3694401347275376
382,1.050465143989019
383,1.0198408821882041
384,1.0215340110534534
385,1.1180558211080824
386,1.0130676619923253
387,0.9928938019107891
388,1.4140990854815696
389,1.1721099656371892
390,1.0227283695634988
391,1.0468191617008917
392,1.0069183751367545
393,1.079841348930533
394,1.0306437822707673
395,0.9831990784080912
396,1.0096844730714762
397,1.169332025959076
398,0.9648453189148958
399,0.9699665376119353
400,0.9902967964205056
401,1.007509891691698
402,1.0093414498513988
403,1.0758023465293638
404,1.0924249165824778
405,1.0141773878538758
406,1.0240961506901434
407,1.1939173324660846
408,1.0768679620190427
409,1.1106787285652322
410,1.0613567378464903
411,1.0835712190557556
412,1.0228697492706675
413,0.9952891920586859
414,1.0026146563125862
415,1.2046563615981847
416,1.0382493166470406
417,1.0497309772955026
418,1.378319627115677
419,1.3070905570702451
420,0.985577440385363
421,1.070918801584651
422,1.124967285919182
423,1.0255917841978415
424,0.9867166804456957
425,1.060707391276643
426,1.0348737617850683
427,1.6825668643542397
428,0.9932328330617316
429,0.9602132059635428
430,1.0070756297479408
431,1.0186215540268848
432,1.0789350011453518
433,0.9938584336760464
434,1.001271032676315
435,0.9689719955056744
436,1.0128103119896847
437,1.0505280181613796
438,1.1580656509669685
439,1.0287819743830928
440,1.1010608703782057
441,1.0498009320395625
442,1.0167192377135514
443,1.0607944805245557
444,1.0970768083303297
445,0.9726261722598373
446,1.0798307679658186
447,0.9745508532192253
448,1.0329469078260507
449,0.983935658016011
450,0.9754207554800273
451,0.9559329863982765
452,1.029336836889109
453,1.0903257253101808
454,1.0014731640584347
455,0.973239001775566
456,1.0125672529166536
457,1.0257933173823242
458,1.1568806870763295
459,0.9764077951292799
460,1.0010835531736268
461,0.9886046331847269
462,1.0095850849597499
463,1.1531093590434132
464,1.0550199775320874
465,1.1370683728777151
466,1.974898666908421
467,1.3223375833265645
468,1.008926716848673
469,1.693809482663342
470,1.0015444241122045
471,1.0189496301013476
472,1.0217472147327709
473,1.1634452346723558
474,1.2928535936584171
475,1.0393063743808215
476,1.5740952512252753
477,1.0551398495119932
478,1.041227715899205
479,1.1359647581897132
480,1.2127110826700034
481,1.1743538659251875
482,1.004640233011154
483,1.191215101212097
484,1.6591633987917316
485,0.9878655517900565
486,1.0245449658019865
487,1.007912713995215
488,1.2864158709312947
489,1.2661895900858118
490,0.9953545730022701
491,0.977415869864489
492,0.9918326689978794
493,0.9930909333268633
494,1.0241181521137879
495,1.0489892868165267
496,0.9837828654434124
497,1.1756211798744567
498,1.1111051928928557
499,0.9668735824128039
500,0.9775016115958921
501,0.9899975460263164
502,1.0485150126951672
503,1.1498316858690765
504,1.140082677732983
505,1.9616942183255839
506,1.1714306846916795
507,1.0738888097784218
508,1.1639007428725598
509,0.9765997989384343
510,0.950670837695937
511,1.0063024968800356
