0,0.15984798058701594
1,0.2207621136476634
2,0.1392038821654563
3,0.2530492251189814
4,0.1302951374422682
5,0.2518406180638076
6,0.2093182292133642
7,0.19397906654350378
8,0.2417932836054628
9,0.17184364158126636
10,0.22801914727271883
11,0.12335152412377969
12,0.21967734661356045
13,0.2589066659281993
14,0.21302757168419836
15,0.2454669986593554
16,0.21555770083034995
17,0.2688698613680713
18,0.1252069704736046
19,0.09588920081386533
20,0.18429620869526434
21,0.14221004254964356
22,0.14690482813488848
23,0.20312662433012124
24,0.19889000106928292
25,0.24420004333903195
26,0.1912721614197181
27,0.19440153881033748
28,0.14310455946373402
29,0.20668419883548797
30,0.19441585909331352
31,0.17926062407178522
32,0.1524444481329611
33,0.20302416907306914
34,0.2816509578014804
35,0.2671998497152861
36,0.2683135095405163
37,0.2146635216180243
38,0.1689555803355163
39,0.20906566290632927
40,0.18779047730529316
41,0.24899258500193322
42,0.22708253639513248
43,0.06003918646819092
44,0.25519235627545844
45,0.16460996871380593
46,0.2009569877896334
47,0.17026338506477554
48,0.184514881919498
49,0.265105428992232
50,0.20221738698886224
51,0.285965456761512
52,0.1622602907463056
53,0.2486996126083045
54,0.11901479646784023
55,0.13866727506031398
56,0.2110724367312147
57,0.1547979789348138
58,0.16437785829813864
59,0.15436504793052788
60,0.19555119559103207
61,0.26893366957279835
62,0.2021864625772682
63,0.14548378391827294
64,0.2082056479111493
65,0.21753372929285003
66,0.2015404534115786
67,0.18198789110214994
68,0.1943047444761186
69,0.2018759845160467
70,0.16767909773140607
71,0.2249291926787558
72,0.20721571358014024
73,0.1615867902048204
74,0.2108784650428092
75,0.2316166476266309
76,0.21198321288411853
77,0.12385461590532248
78,0.2726800799961077
79,0.15832745701060222
80,0.24992694771185098
81,0.2687268174442425
82,0.1356165743441118
83,0.1880754578181169
84,0.21518489821103637
85,0.17901262132937315
86,0.2520649012925976
87,0.17173457627552122
88,0.2264789432544356
89,0.20083839414670937
90,0.2305402942686676
91,0.22248501199637083
92,0.14146948996136108
93,0.13571768041611776
94,0.06806512573161708
95,0.1893267073782106
96,0.22656634055110036
97,0.23257115281293067
98,0.15455808333753265
99,0.20786488425895233
100,0.16605472292162174
101,0.12343095677237552
102,0.17867488786289468
103,0.20496247551605642
104,0.21345617589707855
105,0.25872080396328395
106,0.13875423458041197
107,0.2623515556486354
108,0.169749401866196
109,0.12655305232203978
110,0.10612051002100482
111,0.2085076667178232
112,0.1957373347309777
113,0.17101943035464912
114,0.1908460646153042
115,0.12389924737068965
116,0.18718089096624524
117,0.2546464350195272
118,0.2503414763589205
119,0.16585231757070898
120,0.14197533937354492
121,0.16783580762238387
122,0.10480513490632334
123,0.12132477288195391
124,0.1855206349491298
125,0.17259879435665057
126,0.20310064546299839
127,0.2837534358936334
128,0.2619790431705156
129,0.192161864329985
130,0.19759779821685014
131,0.21702250014409313
132,0.22652271304844399
133,0.16192471992454388
134,0.2840728463162053
135,0.28527715169126283
136,0.24614609597840656
137,0.17373463626192942
138,0.28606792079731375
139,0.19668459545843767
140,0.16592243759709907
141,0.17305371992410856
142,0.15638848516214626
143,0.12213547739315357
144,0.18078555267306495
145,0.19181614398144997
146,0.2163819582237979
147,0.1835506493841931
148,0.22199335227228773
149,0.1999513200180427
150,0.16065052965070728
151,0.1981192592496432
152,0.22213123652810135
153,0.1129181452285496
154,0.14365617735319414
155,0.1793193546110848
156,0.1424635083574476
157,0.1404644465219891
158,0.1454407527490423
159,0.21209741775475435
160,0.2010189041615277
161,0.16869781916868964
162,0.1793571979472021
163,0.1839159551498954
164,0.2139826403559593
165,0.20712033250890427
166,0.21079486614660384
167,0.1658708499450442
168,0.15300060082006856
169,0.26455521378700503
170,0.14136871000048487
171,0.2273948459060319
172,0.27117056293311764
173,0.19793005763384514
174,0.2437053931022352
175,0.16174653497393593
176,0.13762504827392255
177,0.22219978351937578
178,0.12837973697570632
179,0.27185142778927457
180,0.18140212017202811
181,0.217019637464595
182,0.1655309979847416
183,0.2498924404936691
184,0.2406606671592676
185,0.225477682748449
186,0.1805897895476774
187,0.13484004952359896
188,0.13866196185551116
189,0.1937620535672357
190,0.19280981688566692
191,0.23936920878389428
192,0.215888619295536
193,0.19126856114491156
194,0.18974831160716416
195,0.15705798033679425
196,0.09716083825476919
197,0.15568595717003017
198,0.21021323350516127
199,0.17988836305627914
200,0.21016801857441997
201,0.12376137954654155
202,0.1849676528986443
203,0.21752915930095934
204,0.2660404528203932
205,0.25289594555614325
206,0.2355095940362763
207,0.20459750619457193
208,0.1867151374570713
209,0.26750412526401096
210,0.11816716456271513
211,0.2221158224326419
212,0.2031578255567987
213,0.2202777390954098
214,0.22522467509207766
215,0.18835748388112575
216,0.17440795191363187
217,0.15007311546955268
218,0.16114274556711933
219,0.2204175858061694
220,0.06709407209246109
221,0.12076877626994685
222,0.2189843533625942
223,0.18432419961958751
224,0.24072471101407913
225,0.16462220746854123
226,0.25489449298759126
227,0.2933536635959197
228,0.2516146344011705
229,0.22159098298791088
230,0.13412216736546095
231,0.26511558074554237
232,0.14842980459900895
233,0.2609747813659383
234,0.24424393596783356
235,0.19265242860484308
236,0.19171154409883784
237,0.23325497102638446
238,0.24747321485537585
239,0.17036824047477087
240,0.2729510929663159
241,0.15117065127575627
242,0.1506690492253836
243,0.16567864919939415
244,0.2314043848669318
245,0.1493052616711599
246,0.19077598138170387
247,0.1455950946188708
248,0.2515205987852941
249,0.23951825888457498
250,0.14537734688347312
251,0.1469477834610628
252,0.22058483502081028
253,0.24925620403217957
254,0.22685269321319879
255,0.17663641255726747
256,0.1609421649507934
257,0.16324965322155893
258,0.2109850494930799
259,0.2776681496656829
260,0.20773238536313338
261,0.16633271138113723
262,0.19708201419829396
263,0.14149549780666032
264,0.12114834687482695
265,0.21249832240002983
266,0.15277547964819457
267,0.057569489125404966
268,0.28133654491246385
269,0.11863393220868541
270,0.16203630437230215
271,0.20301208166022355
272,0.18730533706001457
273,0.18165063010939583
274,0.20286611510890545
275,0.14087691796798202
276,0.28481744502244755
277,0.2539934535635782
278,0.20355963196899468
279,0.26350865638586396
280,0.2006256522842015
281,0.19089655177474327
282,0.24676138630616745
283,0.2631577116367826
284,0.23344902333154777
285,0.13890801303226413
286,0.13677212040986364
287,0.2340471535565238
288,0.14617752600742218
289,0.1747695666965676
290,0.2082003207926658
291,0.2418866158485477
292,0.23593834615288986
293,0.15092491905129163
294,0.25045622518340305
295,0.1791080441191009
296,0.1356165743441118
297,0.22020584842385538
298,0.2581020484805802
299,0.26985248330769335
300,0.1950991057753464
301,0.20436134113884089
302,0.19599071317349367
303,0.20800377382630458
304,0.2227334876370454
305,0.18504516827273979
306,0.0859485206086384
307,0.21019517306129282
308,0.19127985839234574
309,0.24378751706650892
310,0.2817386531516095
311,0.17308787147861449
312,0.13414097421844234
313,0.14156982751724986
314,0.23555611257142542
315,0.18018555465748207
316,0.13353399380675307
317,0.20555391483803354
318,0.09785494753167556
319,0.28920575445080504
320,0.3027873913871145
321,0.2160193223622695
322,0.18640623283302302
323,0.1878568388724471
324,0.2520512637925391
325,0.20773963576669807
326,0.2744162296110806
327,0.21590433486425561
328,0.12702372985633598
329,0.1749803141215844
330,0.2480544419601999
331,0.2887107039721154
332,0.20932656828883842
333,0.23817707278537859
334,0.2574359181936911
335,0.20105957087393647
336,0.2558476903580779
337,0.12556102867740168
338,0.17849474735429835
339,0.10704143758234394
340,0.2928577326690081
341,0.22768731011220994
342,0.2389199276092978
343,0.12009195328133579
344,0.20903764690256516
345,0.1927740723372862
346,0.23505783189131801
347,0.19917770391487438
348,0.28651940243594143
349,0.24034341362030706
350,0.1466685721668648
351,0.21899413934237769
352,0.16506578025776594
353,0.1463572596764838
354,0.1379857480530396
355,0.1400459823897411
356,0.15123537014338595
357,0.22252377751509933
358,0.2844954229591005
359,0.1380275662545175
360,0.2558665258840633
361,0.17704545700688776
362,0.18378029522733774
363,0.2084809665882284
364,0.18571117061951875
365,0.24844822092626367
366,0.12281919463836412
367,0.06850674360701436
368,0.26235232140134995
369,0.14954696594570208
370,0.17482020168696125
371,0.21654901920097472
372,0.12427400114914966
373,0.22180605180320653
374,0.24671352550403758
375,0.189790191242523
376,0.19449315565730277
377,0.19705392103624633
378,0.12905854767794686
379,0.2375610652749056
380,0.1822053522629896
381,0.09921795846506311
382,0.16378743302252033
383,0.2641520586047674
384,0.17508178055550444
385,0.15349110670448876
386,0.218462627215297
387,0.20460077411437844
388,0.14192485927210274
389,0.1149269400944444
390,0.2754140876420962
391,0.2215126934492318
392,0.17652359283716137
393,0.11520911184329093
394,0.14223762932429462
395,0.20999105959624964
396,0.27723387492641005
397,0.1532772425873096
398,0.2565864218200912
399,0.21647949706124284
400,0.28641253585824294
401,0.17494962396369398
402,0.2456655943580838
403,0.15856273729463816
404,0.16111705681228988
405,0.19527342901072692
406,0.22710702839556368
407,0.1570626442760402
408,0.14289018887529925
409,0.1937761870693098
410,0.19232483910725492
411,0.18925951753508194
412,0.20169885268031584
413,0.20246894827053946
414,0.16585296341436445
415,0.21095018014758424
416,0.19028360958663243
417,0.18603934255128893
418,0.09412429281904207
419,0.13362494118670984
420,0.25267506726796224
421,0.1459856221279628
422,0.20307421322148503
423,0.22678011171208529
424,0.2355086914360564
425,0.18767165043900583
426,0.21388722633884152
427,0.10015816023303784
428,0.18418122416044147
429,0.2650230549777428
430,0.17960511395870013
431,0.19429201736722032
432,0.1544028823839665
433,0.2046842285853354
434,0.19529876157259876
435,0.24371485418890623
436,0.17190295808781533
437,0.21494046129726485
438,0.1687417810430385
439,0.23864756022678546
440,0.13999949224878153
441,0.19462718640601495
442,0.23872459449565755
443,0.16718527074993875
444,0.1888053506614804
445,0.23456727756705495
446,0.1615961252538135
447,0.2738588342070166
448,0.1486289512026849
449,0.21041678945440512
450,0.2053533287666585
451,0.26204981117344694
452,0.1536612688601057
453,0.12069437357769097
454,0.24458883744266294
455,0.24246776549764856
456,0.218432823752406
457,0.15858438818886528
458,0.17007455069129696
459,0.2979839619982985
460,0.274306946064665
461,0.20388347763271686
462,0.17139998414378765
463,0.14893255633137117
464,0.128248500154212
465,0.16402956321186873
466,0.06446598879699529
467,0.08893946663493454
468,0.1965803956616717
469,0.11004262169940165
470,0.2341121704911088
471,0.14704832778572477
472,0.22635257811876264
473,0.1429344541994505
474,0.17692613333495838
475,0.15853151054809123
476,0.08433574815113087
477,0.20554006037417155
478,0.19024575892128043
479,0.16021605319378332
480,0.15750542869320858
481,0.132598695068961
482,0.17879589525248868
483,0.19079724255084382
484,0.08001432251890142
485,0.25929776377270736
486,0.2459318431669867
487,0.1847816641653305
488,0.12348035355608193
489,0.12166533513832209
490,0.25706634923093236
491,0.19526513656240524
492,0.2784366560398002
493,0.23210099736862103
494,0.18780526342769788
495,0.22686090985188742
496,0.19755089073738755
497,0.1966102011438285
498,0.16299457901078157
499,0.21328641822623232
500,0.29245760488665257
501,0.2525822687841483
502,0.15692158056180394
503,0.20020762185097973
504,0.17821241827846218
505,0.08310162171300263
506,0.18705727518107507
507,0.14687596165046074
508,0.174572835883953
509,0.28708372948985184
510,0.22492678546287206
511,0.16931321487902282
