0,1.0013889587282927
1,1.007946790233079
2,0.9584543056379735
3,1.5395009871119352
4,1.0278363409004547
5,1.1945401253952532
6,1.0958217907182477
7,1.0252327170797266
8,0.9907289004277221
9,1.142599574648999
10,1.0065618533563705
11,1.0191342250109958
12,1.130987124876893
13,1.053540369772644
14,1.0339482623131857
15,1.3141985931727822
16,1.8483904892681324
17,0.9723489484328095
18,0.9893569276697679
19,1.0627754729967598
20,1.0378399413510384
21,1.171199040747291
22,1.291932560382376
23,1.032574888544373
24,1.502779214944891
25,1.1973505810512668
26,1.093518025922808
27,1.0886078171871887
28,1.016066902535175
29,1.2401869943371602
30,1.0068530947077794
31,1.3080225419321767
32,0.9659387644217456
33,1.009529363555367
34,1.003308619666332
35,0.9508644358853315
36,1.0030475894621749
37,0.9820702663732908
38,1.1445778487036844
39,1.8701697020597388
40,1.188629575921007
41,0.963813158564186
42,1.1050602078417333
43,1.474724593759848
44,1.5891322295275443
45,1.060751738677036
46,0.9938678641435182
47,1.108858270617419
48,1.2332569728410472
49,1.184194555568134
50,1.4724129316464842
51,1.0206807231916568
52,1.5279417464312512
53,1.100583483201464
54,1.0266137060489509
55,1.0671556815602816
56,1.1529418205108355
57,1.0033914867657407
58,1.0593907884925846
59,0.9873295142264503
60,0.9806053137165607
61,1.385686431943872
62,2.049841831598463
63,0.9963810468842406
64,1.836950954956448
65,1.1502530919680383
66,1.018213717607648
67,1.151389654349766
68,1.049185125516595
69,1.0615269432419643
70,1.0744841199745447
71,1.640044639223761
72,1.0049385377147275
73,1.0379373296118595
74,1.0956557242469254
75,1.0538721616110507
76,1.0413065231874779
77,1.0131791487012645
78,1.6910202957773686
79,1.4547530505877808
80,1.3932214771659241
81,0.998426626823316
82,1.0017287737830147
83,1.0038761266184488
84,1.0058735391082738
85,1.0042027625114036
86,1.0030988950487318
87,1.7444666046669925
88,1.12803102028258
89,1.0874147983594855
90,1.0876226498498753
91,1.0130631905596337
92,1.1630785402212411
93,0.9821866259306865
94,1.0459179214739263
95,0.9800393114871807
96,0.9722721091327977
97,1.179642027185344
98,1.0335801966622167
99,1.105555319177395
100,1.0045643721920319
101,1.155062675573708
102,1.5994633410610142
103,1.132186340759239
104,0.9700443106111434
105,1.0094896603858607
106,1.8180681346474514
107,1.4717513153717967
108,1.1656749552180932
109,0.9701635744347277
110,1.010532019812457
111,1.2191388640472844
112,1.0123071481755241
113,1.0127804587682663
114,0.9984735693516589
115,1.0943452899786346
116,1.0170042336560008
117,1.2044594252251861
118,2.1295354183244903
119,1.023660926629172
120,0.9769522427448444
121,0.9890133681421072
122,0.986701086301055
123,1.0216994119885499
124,0.9742276081748182
125,1.018652240781454
126,1.0428942618398804
127,1.0230786334362394
128,1.0885960582844267
129,1.0297776567900958
130,0.9586617960481241
131,1.025183838461288
132,1.2019010587401242
133,1.111783269545906
134,1.1129408647920274
135,1.0171753542758148
136,1.024735061927882
137,1.0434899866699294
138,1.0789644055517145
139,1.2571905935829624
140,0.9551915114737541
141,1.0707468715495092
142,1.022469849974256
143,0.9757247643270099
144,1.0689339483713771
145,1.615738993323709
146,0.9786316387334517
147,1.1413516664606949
148,1.23204650172392
149,1.0096740309408276
150,1.341669337668291
151,1.0350198384097005
152,1.5032326612286075
153,1.0953747065145587
154,1.0168351874508912
155,1.3069298264456057
156,1.0011154084194458
157,1.0344990778858825
158,1.058745961759759
159,0.9965332114714096
160,1.3452451229194486
161,0.9653590247855974
162,1.4882946366246377
163,1.000067770891817
164,1.2607292353525232
165,0.9840196553343975
166,1.0409955653050253
167,2.224094786407961
168,1.010255998108053
169,0.9751530994363078
170,1.2171734283370554
171,1.0453089261496762
172,1.9235179544921779
173,1.125803180172963
174,1.00559520611406
175,1.0909058692933895
176,1.0522469485056192
177,1.068450890850963
178,1.1336316172374716
179,0.9946501014707854
180,1.0085964696688532
181,1.101828653671316
182,1.1338811409621667
183,1.416225158296238
184,1.1872725067225067
185,1.1757077864490384
186,0.9664203147402475
187,1.168685665908579
188,1.1141909381072925
189,1.3323127974860185
190,0.9857542660138475
191,0.9770759446086139
192,1.218862170935053
193,1.0290435642915254
194,1.1715743670810428
195,1.0932489440627435
196,1.0787693139960366
197,1.0381247351826675
198,1.0619602150095864
199,1.0096113798405733
200,1.047092925012318
201,1.4594615391295302
202,0.9963616572042862
203,1.362883168601429
204,1.3894521620689038
205,1.2149917600845992
206,0.9942110928158292
207,0.9772856132112655
208,1.052809981837691
209,0.9746772155142993
210,1.017017750544063
211,1.0501512182706356
212,1.052343061564779
213,1.0334001389786245
214,0.9805349356651261
215,1.1015871675781266
216,1.0131940589808126
217,0.9778979857516515
218,1.0677313202904746
219,1.095909858796338
220,1.012812616604242
221,1.4610234776242685
222,0.9757131831327973
223,1.0130310574834045
224,1.0064086000002395
225,1.1170119618984091
226,1.6442297367951566
227,1.003418440947259
228,1.0059766497892495
229,1.1019842270607272
230,0.9760638236424996
231,1.0264375112691408
232,1.0149548674124347
233,1.0201231078634958
234,1.1219425025281888
235,1.0063365238416686
236,1.0391210551084284
237,1.173252931336715
238,0.9593914583805467
239,0.9719814816523243
240,1.0649041322470758
241,2.1034842317047975
242,2.561796888579831
243,1.3194344597246057
244,1.3220048634413364
245,1.0049138700732747
246,1.2094531999100182
247,0.971375548705302
248,1.0241078595292568
249,1.7404615247581796
250,0.9791152082085215
251,1.0052080808604344
252,0.9870147031730896
253,1.0957998525741997
254,0.9518494308134551
255,1.018321615156621
256,1.4221143040118287
257,1.1387311569910703
258,1.1325881516380192
259,1.0528833604041536
260,0.9572816967970339
261,0.9943615778468249
262,1.1112491116985952
263,1.1009911574037923
264,0.9754892090301521
265,1.068010842397408
266,1.4007310886849647
267,1.3425352745129964
268,1.0538289911048122
269,2.1813801788621
270,1.0267652391182536
271,1.1221166940499154
272,0.9850737302532329
273,0.9767466099785922
274,1.3228237267535112
275,1.0375007026119025
276,0.979885895505191
277,0.963375203846811
278,1.069352848901701
279,1.037060877286899
280,1.1539208263614944
281,1.0840272040742704
282,1.1614827940730166
283,1.24577215852577
284,1.0698201362856952
285,1.1262533378123365
286,0.9998675021667874
287,1.1063660706249303
288,0.9725834851053146
289,1.018944131247629
290,1.0571356765927125
291,1.0801245744090235
292,1.047116776569991
293,0.9889003346157116
294,1.0104574093701757
295,1.3518704169541655
296,0.957095636631126
297,1.0877326368811702
298,1.1671482559144397
299,1.3625800558878367
300,1.6536969636574814
301,1.1311721646081254
302,1.061774814139321
303,1.0792070361447061
304,1.029753191927328
305,1.2413920563079122
306,1.0029964141710472
307,1.3473466902519688
308,0.9820882314095554
309,1.014027357107849
310,0.9897451664678115
311,1.0104439393468603
312,1.0954805634496072
313,1.0704323279572099
314,0.9896949321125759
315,1.0128987771001547
316,1.0652441402790434
317,0.9740185015052301
318,0.9620748987072848
319,0.9911995582155133
320,1.0085701473672604
321,1.0482862148433638
322,1.0774285230941385
323,1.0671340836355019
324,0.9891073802557259
325,1.0139756185910413
326,1.6370074845582046
327,1.672737732364145
328,1.0370523659506572
329,1.111572158188249
330,0.9995560518588843
331,1.2204169026337448
332,0.9779033093746339
333,0.9698541578017685
334,1.0340693790623896
335,1.074130110819354
336,0.9756243425675377
337,1.1012573454353647
338,1.0081328538494467
339,1.427133623146684
340,0.974914394157912
341,1.0295592506012352
342,1.3234964158878895
343,1.014426545859359
344,0.9521013572588277
345,1.2899727093356739
346,1.0030483959209282
347,1.4549378677648817
348,1.3163179795378226
349,1.1221078083314988
350,0.9867371311042457
351,1.1417738512033098
352,1.660724302619037
353,0.9899023745863527
354,1.0272782559242841
355,1.126289277686709
356,1.349088066413414
357,1.3626068941170715
358,1.2822330754131874
359,1.0375194103008547
360,1.0834391334169413
361,1.095689418921367
362,1.122031436351592
363,2.108634021772334
364,1.0941630308886738
365,0.9705539120736865
366,1.0394040708091357
367,1.034031662686141
368,1.2167301804979158
369,0.9730219019771066
370,1.009634931071987
371,0.9621370485848917
372,1.006430071735147
373,0.9690452084647414
374,1.109064782885452
375,1.0039659504737646
376,1.0293360051433933
377,1.0902039548690434
378,1.0172150672815738
379,0.9863971985397479
380,0.9892584276276231
381,1.4739313833006078
382,1.1442422823273897
383,1.1300353839814714
384,1.103994320813129
385,1.0070740189579852
386,1.0462488850204577
387,1.018943953924959
388,1.3351037760664033
389,1.4755783961013673
390,1.029735205074185
391,1.0223287875986782
392,1.245780702059987
393,1.3531521535810587
394,1.0164102501625207
395,1.2085334867380366
396,1.0680800191289404
397,0.9781921806978953
398,1.3694594696329174
399,1.017641073722944
400,1.032281086004345
401,0.9838171255045657
402,1.0131935711623565
403,0.9835102594383445
404,1.0223076542258358
405,0.975508631031274
406,1.1022243330987893
407,1.2115668180582806
408,0.980037095098105
409,1.0338565811431344
410,1.059558976860261
411,1.18678651205187
412,1.6908027783926787
413,1.7474982116008897
414,1.152021361816011
415,0.9670039022501802
416,0.9960015934069435
417,0.9698242224886595
418,1.2041610541981262
419,0.9947534021282385
420,1.0130235427104175
421,0.9810983952244889
422,0.9991860094102649
423,1.046108866059239
424,1.4435699005540172
425,0.9978058912438216
426,1.0125101881896201
427,1.0606769348441742
428,1.1193884610331861
429,1.0797311486369456
430,1.20752659785138
431,1.1115675608500775
432,1.114025256838552
433,1.0401882792906392
434,1.2053168582390024
435,0.9965016665104743
436,1.2854344581650192
437,1.0710247904582793
438,0.9770580450292045
439,1.158390007566739
440,1.019668961392754
441,0.9855019300302658
442,0.9963297616000311
443,1.002837372591389
444,1.0576239148597124
445,1.0738055068238768
446,1.037631150772532
447,0.9948048264044085
448,0.9915691573621048
449,1.0534569287732554
450,1.019122616899819
451,0.9752587573687175
452,0.9820700664895319
453,1.0027029591824839
454,1.1092630026228492
455,1.0068497001465593
456,1.3702427839827354
457,1.0366918693839382
458,1.122543144838569
459,1.0094259512613806
460,1.6577796096679296
461,0.9520442794416548
462,1.0075729029733669
463,1.0395769819139893
464,0.9854646098715056
465,1.1561126587431234
466,1.0017475888759244
467,0.9957660796220544
468,1.6610472441454582
469,1.082364964862963
470,1.101998627495449
471,1.0326486609609271
472,1.0863746051463208
473,0.9625597182344339
474,1.0340354968147105
475,1.0722175155918472
476,1.0889894255319228
477,1.0351294297912255
478,1.028652932388138
479,1.1181618885774047
480,1.0505702002945045
481,1.266291414143078
482,1.2396631640523785
483,1.0294249823179393
484,1.8892056655713627
485,1.8939264333025916
486,1.1937470738864215
487,0.9628510118851525
488,0.9937373340576259
489,1.0171285672601722
490,1.0019818976842902
491,1.8159176689979395
492,1.2142414264536652
493,1.0180093999406332
494,0.9877667939033248
495,0.9856404582578466
496,1.0110289893252462
497,1.004076809710496
498,0.9588562689383282
499,1.0061355136650565
500,0.9897229948796196
501,1.571898607784263
502,1.0074382169398224
503,1.0353256822636077
504,1.0163966353061096
505,1.0317423480912449
506,1.0203694967519668
507,1.09773054109651
508,1.052592732507602
509,1.0086588495600932
510,1.70381589112338
511,0.9856745739363549
