0,83.58322564876964,90.82200747366124,93.00631726668195,95.34735070056244
1,78.89070732571437,81.88826644861352,81.91830109419156,82.66645014103155
2,72.82942707892782,73.32255681362076,74.23845804008519,74.2465863495836
3,80.70922647624153,84.65866994903249,84.75596753681545,84.90804409363894
4,82.78030492510086,90.09736631476501,90.55205872078456,90.94533616640459
5,82.32388911687447,83.93618084860987,86.74980761007096,88.28066751781098
6,77.46230018383903,82.92096219129738,86.18676932120727,87.34998978075059
7,76.90840736009307,83.3031529390495,84.75596753681545,86.1577557915425
8,76.47319335603288,85.10754738140072,85.1075483064019,86.11871438999817
9,79.25526784025537,84.106380140208,84.7325078526307,85.51770901725862
10,81.01466822035904,83.58436090557882,83.98560021755277,84.29035331552514
11,69.82010638726578,71.21868599821867,76.2906353237038,76.86295959178115
12,74.41919536723383,80.01061874568693,80.29892942189237,82.39700172571594
13,87.98511499168163,91.10959569942108,92.12852786367715,92.48376057289651
14,81.98407388828232,82.70881587944815,83.76565978097727,85.89955537525906
15,74.55528166857844,78.45702520919386,83.08347530606919,83.63032315835434
16,87.07715769505644,89.09145628822698,91.15720308045458,91.3296734390838
17,85.55487113401688,87.2963580045917,87.71104130912543,87.75178508792783
18,74.23845804008519,78.82764036220141,83.60882642041581,85.72391496571717
19,74.41919536723383,76.45195101986504,77.83012736999619,77.84757290434283
20,82.80702738515076,84.41249243640789,84.67095465289707,89.3882620452266
21,86.74980761007096,90.44560506528973,94.48921792498344,94.588171705848
22,74.70551113873344,77.70958467459255,79.92357386486931,82.40915949125305
23,74.410492190512,75.64950418016497,76.57906934741325,76.64085758636892
24,78.35886908253053,78.39058876911211,80.55509743500738,81.48075223145638
25,78.38590939177354,82.38023541875462,85.67213935595635,87.7389057640507
26,79.92312374137938,82.04462328269197,84.08147710538465,84.27597361662416
27,88.15063306117086,92.73019652602879,93.00218390372854,93.83421211526856
28,86.2578764578116,88.28066751781098,90.71481415854423,91.95093018876943
29,74.70593505550707,77.46184700322011,78.13759946329824,78.55690984910422
30,77.83012736999619,80.51324613010374,82.54066093771803,83.61318509772227
31,86.57863564389112,87.65649536865382,88.50724642046225,89.21298754916305
32,83.50181585178026,84.34161363619253,85.49241481594217,87.30801349014257
33,88.47337153295219,91.87570250351858,95.91329547163299,96.71686191143188
34,84.01100098495067,86.19183578641858,86.56702815511485,88.39235012678179
35,75.43045504648342,80.00114650396107,82.70596742732572,83.52077184978614
36,85.79268659121863,86.34938695885772,88.10964244116968,88.10976318764027
37,74.95031941724373,81.2491571682437,84.16928346235474,85.67213935595635
38,83.90089230893314,85.80469916241235,88.29912959943636,92.95475917761553
39,84.78774522413623,86.46873743866546,88.49602753406408,88.56404265954389
40,87.45198375280285,88.56555034168883,91.92640064314692,95.29639985679158
41,79.95920650961585,87.00018422043446,88.29724986320592,91.9843963291734
42,85.76962338758459,86.51199886736798,86.67360164046822,87.62127775970704
43,84.42031673284953,84.49154174974912,86.45577006739732,87.75178508792783
44,84.49154174974912,87.64735881684615,89.85002525926264,91.04664014876771
45,86.11398381887186,86.5499921042609,86.9854876535533,87.51243919413837
46,84.69012322851925,85.02762311950684,86.9854876535533,87.09667655303947
47,84.39442659306474,84.41016109116678,84.51282281817639,85.89863681340125
48,79.09409924882567,82.70881587944815,85.99566082420836,86.12938753557076
49,84.69012322851925,86.5499921042609,87.07715769505644,89.3882620452266
50,82.78030492510086,88.87593352678691,89.71887972805945,93.02361670048256
51,72.82329575074544,74.410492190512,77.94687104203388,83.46087773247659
52,77.75440244947907,79.19174333297326,81.48075223145638,84.35152794030921
53,75.44822970000392,83.08347530606919,83.68291329978493,84.24875706935629
54,86.91289577026717,90.94533616640459,92.12852786367715,92.51757755200119
55,75.85717536195772,78.35886908253053,79.19174333297326,80.38415154909111
56,82.50201184330353,89.00399642133937,89.71887972805945,91.23310220566322
57,82.32388911687447,87.69640460149255,88.71823349555761,91.29474858598331
58,82.26858534099897,89.40741277602552,91.0012339506234,91.65186185109094
59,69.82010638726578,70.78389747911615,72.82329575074544,76.57906934741325
60,77.1991677238774,84.56583428855316,87.82197744653399,88.10976318764027
61,77.1991677238774,83.15973428080665,83.3796606276669,83.50181585178026
62,85.41821750706654,88.59361612834941,88.74217365963446,89.34299106222568
63,77.8635648138542,77.95152873299531,79.12188628749279,79.92357386486931
64,79.69097212930572,80.00114650396107,81.28673736303953,82.90455262025156
65,82.80702738515076,83.08109454318294,83.58322564876964,88.04032221187845
66,79.7114378230742,80.11323662165657,80.70922647624153,81.78744830357854
67,82.69558320969387,86.51199886736798,87.22632051685594,87.67703576220475
68,74.2465863495836,74.24743428910456,74.70593505550707,77.54238145554028
69,82.89299775159935,82.98886715500316,84.74087082554412,85.21315115743612
70,88.87593352678691,91.65186185109094,92.54769010849189,92.80328935569385
71,74.48697444970638,78.55690984910422,81.28673736303953,81.60979656125411
72,78.90274165125781,83.5368712193004,86.00143754143289,86.03569032353326
73,86.04892951571087,87.19558977067132,87.80402224172506,88.15816590689376
74,84.20277155794523,88.77150361962451,88.77565123743165,90.1830344263503
75,82.26858534099897,83.93618084860987,84.23299848667283,84.41249243640789
76,87.69640460149255,91.05991517696528,91.10959569942108,91.5856444183201
77,74.50754235553863,76.7630603912451,77.10415469524516,78.38590939177354
78,84.79363164933105,84.99124739235987,85.66716973611544,85.88850871145293
79,78.33580263928376,81.66293467285479,82.59960898971296,82.66645014103155
80,80.96281499795532,84.56583428855316,85.08264377848462,85.16907610190978
81,70.78389747911615,74.55528166857844,74.95031941724373,75.64950418016497
82,76.81231970985571,86.4242996043215,86.78927050083762,86.95498787336001
83,89.76272585946022,91.52252090427945,91.60299227831597,93.32077948853578
84,82.24769976617642,82.39700172571594,83.68291329978493,84.27428841539466
85,82.28794739461087,86.29476050658698,87.36439840230808,88.30104576154234
86,86.87638809945202,87.2963580045917,89.50651611674739,90.4566769203507
87,74.24743428910456,78.82764036220141,79.22948191444542,82.74924201264267
88,87.00038945211894,87.1106433260527,88.29522430435631,88.60314507253516
89,89.06711180450232,89.12304846571601,93.37410341373993,94.12417367487848
90,82.04462328269197,83.58671676134232,84.78972361280817,84.79363164933105
91,82.50201184330353,85.0356063908168,85.47313475333337,86.11398381887186
92,72.82942707892782,77.46184700322011,77.54238145554028,81.60979656125411
93,71.19694509083222,73.28574718357893,76.64085758636892,77.84757290434283
94,81.20282787606583,83.50108310533169,84.29035331552514,86.07596817791027
95,83.22848985850246,85.22984585670835,86.18338309734118,90.6384258658991
96,86.20875049323296,87.44936320093777,87.53060273744656,91.22688907242666
97,76.81231970985571,80.11323662165657,80.55509743500738,82.28269437978012
98,80.13302980524365,84.65866994903249,89.48120406812409,89.66587181336205
99,79.7114378230742,81.07015756099028,82.18323130516177,83.90089230893314
100,77.2043830666249,82.22337320466218,87.73163049289046,88.36596930343303
101,81.71126233078856,83.64066992429042,85.53170829825069,87.000862765575
102,85.02762311950684,85.0356063908168,87.09453084731727,89.00399642133937
103,82.28794739461087,85.84146241803002,90.82200747366124,92.27937157789272
104,83.1978483894566,83.5368712193004,86.19183578641858,87.28170847677386
105,80.38415154909111,81.78744830357854,82.5911134954624,85.12348986952937
106,76.90840736009307,80.13302980524365,81.21698371055,82.18323130516177
107,82.5911134954624,86.33360281327161,89.90307394082127,90.04935958421358
108,75.85717536195772,76.47319335603288,77.75440244947907,78.39058876911211
109,90.32126640955062,93.32872565670559,94.93185144298384,96.69780700163982
110,84.23299848667283,84.67095465289707,88.04032221187845,88.54410875042456
111,71.21868599821867,75.60769580008517,77.46230018383903,78.45702520919386
112,77.95152873299531,78.29745389131794,78.47453126093767,85.23031246596236
113,78.25456253007523,81.1306942168822,84.38272684131343,84.7325078526307
114,84.80566561460677,85.1075483064019,85.57551840936263,86.75344090729243
115,86.57863564389112,89.96208621465512,92.53072482269452,94.05204912171683
116,83.08109454318294,90.17421898145734,91.33069630420148,92.4241743225627
117,79.19364932747781,82.2300181743613,82.70596742732572,86.7822951613042
118,85.47313475333337,86.65684223274415,87.09453084731727,89.5561500001703
119,85.84146241803002,86.29476050658698,87.98511499168163,88.80286013165966
120,96.36780261167375,96.73975770374943,96.90900701148982,96.92423227457962
121,71.19694509083222,74.50754235553863,76.2906353237038,76.45195101986504
122,88.30104576154234,92.97966239460659,93.22094921077459,94.5565911000344
123,87.51243919413837,92.21540354646518,94.99304517790888,96.4397716978223
124,73.32255681362076,82.02694487555576,82.74924201264267,83.03267751514939
125,83.25659631121013,83.81868199902424,84.53476359182645,84.78851385685479
126,73.28574718357893,75.44822970000392,75.60769580008517,78.74641145484799
127,79.09409924882567,82.40915949125305,83.124632516065,83.25659631121013
