0,1.1612609720621332
1,1.0691259891609202
2,1.0470352247594406
3,1.0603589596489729
4,1.24711421843092
5,0.9843190463496639
6,1.0853420128418758
7,0.9973255756838304
8,0.9775281893725529
9,0.9643788443822853
10,1.0106151123539484
11,1.0611581064532245
12,1.0911336899279709
13,2.312053488960605
14,1.0545682182247824
15,1.0126223636848433
16,1.2322389495868902
17,0.982950009630093
18,1.0505137222677299
19,1.070700482348695
20,1.0751988794689709
21,1.143918144940065
22,1.070090258214572
23,1.0887524377403976
24,0.9750026935857306
25,1.1022094087880703
26,1.0210290057532798
27,0.9985538974631534
28,1.074239350312919
29,1.3018735122290732
30,1.2287997734749387
31,1.016496256505172
32,1.0730079764160254
33,1.0547840100650139
34,1.9537280240097488
35,1.112275158058588
36,1.212294599093394
37,1.0381774472755614
38,0.9695792898979874
39,1.0037042299819796
40,1.0522047873661386
41,1.151615187715258
42,0.989302062635331
43,1.051436336289274
44,0.9886787637725536
45,0.9792271954460594
46,0.9966696043031326
47,1.0185951678537815
48,0.9932603965132051
49,1.3283538154851842
50,0.9677314353511225
51,0.9657139266352015
52,1.3438443948009788
53,1.1075319787178604
54,1.0274670319297545
55,1.0438465275705817
56,1.030711976297069
57,1.8004996650231841
58,1.158962498965236
59,1.0534966680953937
60,1.447155106404832
61,1.0779252278026716
62,1.0128318736643867
63,1.0381566452300297
64,1.0064326687359713
65,1.1325712981187797
66,2.529099848961806
67,0.9506498264701833
68,1.0239490569775416
69,1.155928273607008
70,1.222896095877277
71,1.0441015698535339
72,0.9640129311361346
73,1.1701957887511434
74,2.2305844162326016
75,1.1274330097854062
76,0.9662571822630872
77,1.0389876854652615
78,1.1299602321817617
79,0.9950442243855586
80,1.1235316408421159
81,0.9888723025858569
82,1.0849274517614589
83,1.0180156119589538
84,1.354548478204329
85,0.9842416915696859
86,1.0414339117242277
87,1.2111735152943122
88,2.414801932378848
89,1.221970003489457
90,1.0543825736005368
91,1.0423976004787485
92,1.0142804470027198
93,1.022352533437111
94,1.0429937396912081
95,1.165826179999493
96,1.9565201467315974
97,1.8384113569560592
98,1.039536980343293
99,0.9876135860921974
100,1.0095909051242775
101,1.017009268546869
102,1.4809991308463224
103,1.0957240625845928
104,1.936055003401909
105,1.6933074091772555
106,1.3802909112361064
107,1.1524049217225154
108,1.1008977716033264
109,1.0117271010490203
110,1.0075485060977822
111,0.9756341923333021
112,0.9656666215179978
113,1.0904790902081403
114,0.9896815318465184
115,1.6566771296392293
116,0.9856716740057694
117,0.9869678483728987
118,1.2491860311707101
119,0.9965874527162548
120,1.0236503152522707
121,1.0447659881189741
122,1.1823343749769823
123,1.1728713023850297
124,1.9052470848085243
125,1.1068168047616014
126,1.0018248255949245
127,1.0357528545089596
128,1.245845117273527
129,1.0087129444855636
130,0.9719990859172047
131,1.1925905782634612
132,1.1578800138469316
133,1.4064793114967065
134,1.0236625901247685
135,0.9702123244324111
136,1.0682847662215988
137,1.12127468121725
138,0.965147109657714
139,1.1143172246714927
140,1.0468064283796754
141,1.8049392595371498
142,1.0131758458978748
143,0.9829655316928694
144,2.0755687336928337
145,2.8338245534014064
146,0.9727137355063105
147,1.0815874714990268
148,1.0388188245638548
149,1.0627149377202245
150,1.2569358530718724
151,1.358944898738207
152,0.9696568995857913
153,1.0209863109005415
154,2.208216104224851
155,1.0303490751925566
156,1.1316827962889318
157,0.9619165669536455
158,1.1249017394632674
159,0.9584278312506653
160,0.9796710445456553
161,1.0583619270760778
162,0.9846560294013118
163,1.0140507701083015
164,1.0754220760876456
165,0.9846936784627064
166,1.0810385368441773
167,1.069798523770577
168,1.0212163843119657
169,0.9678206614726348
170,0.9690905975526501
171,0.9818656625470411
172,1.2514641004349474
173,1.3053968765277921
174,1.1853078354922797
175,1.0438303141077006
176,1.4777509009797263
177,1.0043515465302055
178,1.0030758019555728
179,0.9693432187240777
180,1.066577688793565
181,1.0760925651227167
182,2.139623902538615
183,0.9703480861148508
184,1.025811204493494
185,1.1346312156912717
186,2.5419803345427736
187,1.0662607815828764
188,1.066437469164696
189,1.052913946397436
190,1.0057207259306984
191,1.104623954312979
192,1.7604405871143112
193,1.1209647071794462
194,1.1380051652159495
195,1.0031688923792101
196,1.0475051693318003
197,1.312549979816827
198,1.1674862427518393
199,1.340060905143174
200,1.003219416036564
201,1.2855211587784785
202,1.0193198993445058
203,1.0003153535768199
204,1.039831485497458
205,1.0018050019498734
206,0.9989412101319911
207,1.339272098761328
208,1.0488161477470286
209,1.9769335878064145
210,0.9704887633474897
211,1.0674180889670262
212,0.9860061831864853
213,1.543770451753924
214,1.0285733494204017
215,1.0063479107159938
216,1.514039674306205
217,0.9833636035941884
218,1.1132179104661488
219,1.2125219970245384
220,1.1342940346190316
221,1.40810196226252
222,1.1803565318199736
223,1.4786449606793834
224,0.9771229210083149
225,0.9660339359232324
226,1.0334602633901455
227,0.9691329146152752
228,1.0426304106385251
229,0.9765087925967326
230,0.9566046134981577
231,1.0215300237893454
232,1.0045127062166859
233,1.723713720267491
234,0.9921354100231006
235,1.223777951764618
236,1.1263650979470525
237,1.135818867614748
238,1.0729412777094676
239,1.250668435924193
240,1.0833346357084321
241,1.004764917789244
242,1.0052883443876814
243,0.9815748258789763
244,1.1446528875615267
245,0.975410637342006
246,0.9879980414272618
247,0.9902524506865972
248,1.0588647617413374
249,1.0021601162729952
250,0.9916895734933353
251,0.9825422948567524
252,1.1976866362542082
253,1.0506893840560534
254,1.02145424983784
255,1.3333942858244783
