0,1.507506564870423,1.9852307074280557,2.6242301367944036,2.995687831278491,3.3679782670195646,3.510620260019443,3.7076426237830846,3.942724071459378,3.9608843327770016,4.276295847123567,4.464180399031686,4.573570690709595,4.661358498905246,4.734558582259382,4.798954736343107,5.035983949985236
1,0.559477616664448,0.7633574703124111,1.2900803642442764,1.3318848365640583,1.5537633869278529,1.7571031469248826,1.775192880171177,1.804417005648111,1.9140236105084256,1.9975884692736368,2.1277420685408734,2.146274526546127,2.174450419721941,2.1911373521176554,2.196606626604859,2.2171028496510674
2,0.46512611607976684,0.7146651243872946,0.9905344669408795,1.0042053679666312,1.0380290149543994,1.142711274111043,1.516353120138127,1.634572515581542,1.7010627441196478,1.8158353522912065,1.9003191550962595,1.9441771562230041,2.0632744843536788,2.1156951922556955,2.1732204811597864,2.2535282939393793
3,0.14941624152651786,0.8019144254080786,1.3386851486418967,1.4278813499176188,1.475823497739184,1.5353243812874628,1.5531074662220534,1.7850197955568283,1.7944720141491433,1.8262836929619228,1.8310647333458094,1.8417624889079542,1.907938527904796,1.9632257272673868,2.078058114354169,2.1687847982155453
4,0.8045251959160649,1.6451489275382907,1.8430665125973775,2.015181880970816,2.8742867083124883,3.0803445891534964,3.235147496103695,3.3020662721110834,3.766308994851389,3.878480623935807,3.999703314858684,4.185628043187075,4.300489989508867,4.3170948047530295,4.391188777767809,4.4153430450767805
5,0.18620502872948277,0.6492508339448503,0.8415213958826303,0.9007100418257994,0.9832255192624278,1.3194164759341587,1.3899270135895125,1.394233253339376,1.5378681149162967,1.5728196072263707,1.5754794591647256,1.576678268281191,1.6264942738728876,1.6909263641922776,1.7544812452246024,1.9050363085916042
6,0.30213310979721725,0.42857528576917425,0.5201385342864856,0.8795757087003423,1.119879717810612,1.7301279106011063,1.8088996408582467,1.8201604156130322,1.8403495999717543,2.0051544782201853,2.0680510006357857,2.1436580867815644,2.6324950597448886,2.743175390156098,2.788042136566296,2.822820549047798
7,0.16528273737897994,0.6371792879061973,0.654714260289021,0.8117704387727956,1.1049540490380552,1.1608485446220305,1.5090401055222342,1.5298613281799003,1.5669820074616712,1.5891167004031233,1.624428481601973,1.656997453096651,1.666730155765975,1.6678959838655891,1.6708789216061022,1.6920350048391453
8,0.27278157794680796,0.3002402885940208,0.36650335339781326,0.48779366654637035,0.8634371785529577,1.0012505044462698,1.01073645448818,1.0400726754036593,1.1186668665442445,1.1676765205657726,1.247931289097588,1.286125700494885,1.307691576112429,1.3978666094816778,1.487224775019982,1.6172148641359965
9,0.35869549629268616,0.6011178244020722,0.6164796700232655,0.6184859504740989,0.7291221090415867,0.7709579983064171,0.9993969900456997,1.0279590919869355,1.0850221631565875,1.161168235516265,1.2086017077173132,1.2256927813196041,1.4447135085449563,1.5650578974542442,1.6557757876463048,1.6757211875807179
10,0.08687473470551099,0.7229108575662272,0.7476465597639624,0.7789903066512003,0.8487497478767255,0.9007100418257994,1.0347726133340085,1.1329560673847734,1.3385461552124722,1.3577958992188717,1.5775514227703353,1.6029762163676993,1.766257095605348,1.7939739705735127,1.939943792736791,1.9602889715047134
11,0.6497962425536493,0.779493602700735,0.9195421894919703,1.0742946990001585,1.2386436348976735,1.349735912796059,1.3906234381081342,1.5298613281798992,1.5613250372263676,1.5984778447187789,1.6645372158356955,1.8165894056371388,2.1353121224408698,2.154667138281517,2.2721588317113603,2.309668542295498
12,0.3591479302668284,0.9267739115764947,1.1630816097405565,1.247698667135205,1.268300812508054,1.4071068160183648,1.4806570514730308,1.5690526709145356,1.9750377873871634,2.086004963656646,2.4079722362504064,2.709955555979474,2.7514014987465876,2.7835060812614443,2.8033077090290264,2.991458806346479
13,2.5279962454253817,3.9768521921668705,4.500417009918012,5.6693649464934275,5.73030516627058,5.778948709528601,5.815112949683544,5.930928085938717,6.1252417762071545,6.188710688504005,6.24416402673457,6.292481984312141,6.58143176802231,6.632187857642612,6.682530995163225,6.727734165043218
14,0.45831746561873044,0.7821193026103113,0.9337140389638041,1.0193198956245926,1.3558768232429774,1.4967872029336753,1.5493084549119873,1.551685238217709,1.6172148641359965,1.686346409105538,1.8407301013047983,1.8815332792313835,1.9072631664848663,2.0686481078324963,2.146908219181218,2.2993445352551976
15,0.6101501164705024,0.8155689842623867,0.8442832084611093,0.9669451714939437,1.0888890513686458,1.119879717810612,1.4184084319864811,1.6678959838655891,1.728392056573398,1.7444732445325508,1.8017484638017083,2.1019347730302944,2.1425941429858417,2.173800802444762,2.376870094191255,2.3976903629830972
16,1.0485862067515086,1.1225317228556522,1.625120329898675,1.7198750369424958,2.101080720219984,2.127019083121526,2.4360984802101946,2.869583653382832,2.8785584272141467,2.979084316733709,2.9809264172462906,3.0456601745486656,3.1603240779040878,3.1948141154318175,3.4653432859372995,3.5864328996864314
17,0.29024392442848407,0.44055768569408627,0.6798153235747081,0.7773497844540384,0.8117704387727978,1.0168839602664028,1.1270750558534073,1.274542844555911,1.3091880697958005,1.3168241446024749,1.3906234381081342,1.4293146090444453,1.4672465376444168,1.68726620769493,1.924892738249256,1.9326391515122003
18,0.3548610901775167,0.3818695451368619,0.5245548837124843,0.8090747137342547,0.8584539337215517,1.1803282103296509,1.4245056915638996,1.5756467090165043,1.730690191461623,1.7904944129456706,1.916474742672241,1.949820241368403,1.9826104155723432,1.9878514061488683,2.1889000551595976,2.279398101406911
19,0.3650740869917857,0.3839788461712596,1.0981327264108498,1.310978907516435,1.3281119284925407,1.7424913616571829,1.8146323627553311,1.8340517237771672,2.0680510006357857,2.118476569596605,2.1452166784811837,2.151297563270294,2.173800802444762,2.275111362273372,2.302016032500578,2.4403938756215844
20,0.9880408136536736,1.268300812508054,1.3795697511116083,1.4245570744046514,1.4572419028163495,1.4848510127126857,1.5224104816431745,1.6297107660293495,1.7687631620512363,1.9903279397885147,2.0769061860608238,2.0781482766875765,2.0808745301627463,2.0851946400325505,2.331316675733902,2.388599253071582
21,0.7146651243872946,0.9516812392840489,1.1727354280014308,1.3974507326098815,1.5344196799391714,1.572533712851917,1.8496266195278588,1.8896277488893534,1.911746771772225,2.1780345695221808,2.1906395924758386,2.2754536343524703,2.442624604307284,2.477505861427801,2.514739961269928,2.63444878664839
22,0.8005631911717626,1.1663609957727235,1.3914859567571845,1.398432454738414,1.4245056915639003,1.5061226610316385,1.5453894334770824,1.6067210432041243,1.9481996585899708,1.9540296616246824,2.006662846709495,2.101330741351737,2.129807643260871,2.1649561152457553,2.330569893622619,2.4835568645862947
23,1.1652685725547465,1.474359519691845,1.7301279106011063,1.8081335765517037,1.8279972710092545,1.8340517237771672,1.9108659374679828,2.012929772873303,2.068773453422963,2.178105516221099,2.4613493392348036,2.6602326616197858,2.791699425099706,2.847756234924594,3.1397622690504634,3.4124555428514656
24,0.6383143845180411,0.6500605453187783,0.6559239896702778,0.7971709483366467,1.0153507369410744,1.0168839602664028,1.2354397023811086,1.3823412984008077,1.3899270135895125,1.4226342300995254,1.4924530122884478,1.5094224628741473,1.5424614233542733,1.6043332921319076,1.656997453096651,1.7320540872630226
25,0.30372658895223253,0.8423394353358195,0.9439312691713024,1.174141399377643,1.2202515323371772,1.5310650475234395,1.5738086634222839,1.6029762163676993,1.7161796870569919,1.7550630619445018,1.7816569281079988,1.8349315510917033,1.964420910108917,2.0754549566314315,2.138141741559807,2.1817005803891
26,0.5808668933723652,1.0109395908110441,1.1477877475837321,1.8333478512837709,1.893973524063537,1.9401055424969602,1.9411564905409127,2.4545136190004393,2.7364883929244983,2.7681617949062267,2.7761107780827317,2.8108674286948494,2.8235418439017526,3.19079450155672,3.1948141154318175,3.45311771235844
27,0.6442605536480867,0.896451890995753,1.059241760994116,1.0919834412103422,1.1262379805782519,1.2009856697070003,1.2309624406923214,1.3918372674642308,1.5298636549518447,1.581297737436234,1.5987609065590476,1.7683145387185428,2.093072174855149,2.190315663186295,2.2974229266035993,2.3770798698101494
28,0.42026029044362745,0.6390413459841623,0.8813369666541202,0.9136834808437708,1.029530441757992,1.1191463427299189,1.3743872910636752,1.4848510127126857,1.6183781401078972,1.6585903018470136,1.7664132462312474,1.904109635127774,1.9375119962109975,1.9789528543918724,2.0785437848204276,2.112283384711448
29,0.7840006141988796,1.1053613965867928,1.5120843591389213,1.812414506025753,2.109776707937288,2.2721588317113603,2.412597837301475,2.462551841788508,2.604919153667007,2.659544065778068,2.889732204814531,3.0515417703472014,3.0593664217298575,3.1684359969869647,3.1797959974116075,3.448929613163601
30,0.5075065770519099,1.9754048540691476,2.177667105536456,2.658557290367155,2.755035537562893,3.6618483588288093,3.6849411445264235,3.9608843327770016,3.9878372832153617,4.193961170998915,4.582061705125515,4.718829102020151,5.133696021506666,5.61866305154146,5.65278855082986,6.038263229814968
31,0.07274437463735138,0.6815762532141357,0.688827174646187,0.7041754940671521,0.713110616615568,0.9454262605248841,1.0042053679666312,1.172478850553146,1.1979941177384845,1.2295328837709167,1.2925151686856668,1.572533712851917,1.804383199784069,1.8250927556683452,1.8747883689860554,2.0422089034183437
32,0.8299767163073029,0.9417902815554401,1.1510900561957569,1.3757481948177972,1.385528315534603,1.5086013411148584,1.6185839247597342,1.857486315162742,1.9696905173222592,2.026876914432162,2.049626976891018,2.1120481619220923,2.4764591356852166,2.580945724269511,2.596273799334499,2.618324110682468
33,0.4205345228981285,0.581606915209795,0.7999949760445788,0.8446442879992966,0.8687862803799915,0.9979530880301749,1.172478850553146,1.1960578803021724,1.1985634428235599,1.3842697195393618,1.5578924473651408,1.7959626051660855,2.0485437256529204,2.1050406876506704,2.1387628462588943,2.1732204811597864
34,1.668363181286786,4.130380441210933,5.417069371778802,5.823259522765903,6.290897371627795,6.6443503412519265,7.9926050819400345,8.272811891525011,8.315919049436364,9.459925808829428,9.767763863184332,10.517025037068366,11.045492587968141,11.11749304349232,11.231959178051733,11.232292640698152
35,1.0058374721173435,1.5815017858509692,1.7165854495353694,1.8430665125973775,1.9830245369280635,2.179970525482263,2.2396775370166084,2.4378170092923575,2.6087613721194165,2.824142561085878,3.0831968665501397,3.3143499347596275,3.524458318605152,3.5329722295440344,3.533988319134991,3.5662974770088782
36,0.8614623307199153,1.1380026961088134,1.503972595473314,1.5453894334770828,1.8047313580842885,2.101080720219984,2.2960395599085204,2.4937606287883956,2.5523711472525075,2.670872673189538,2.6991522053639416,2.7119457960317224,2.7732412209963258,2.86233361214439,2.8632980297320003,2.9485622260029927
37,0.8155689842623867,1.008860069107782,1.0413569136793057,1.3254019668461259,1.5398803948384372,1.6656960406997294,1.666730155765975,1.7717474201903909,1.8403495999717543,1.8770846003357562,1.878433667602917,1.9004145864312958,1.9022673319127177,2.0244204184888632,2.036405650208177,2.1900401481789102
38,0.15579361939458164,0.30073314317473504,0.39033965875321136,0.4348881951792949,0.6890996029927269,0.7166553011547351,0.849411637830542,1.0421249427295938,1.1396264477717928,1.2719916041082007,1.3250313828850846,1.3577958992188717,1.435816862309934,1.511710225303036,1.6744209003086186,1.6909263641922776
39,0.4864267197099295,0.7821193026103113,0.8634371785529577,1.0660373512611248,1.101066914270054,1.1184618372571231,1.1401753535446113,1.2023340975053938,1.292106480167999,1.4089094942819893,1.6476508490811301,1.714618169302012,1.8292980363227407,1.8344740268510336,1.8753254549691603,1.892232647292183
40,1.342445803456998,1.5096034223020882,1.8809424850156469,1.8954685530970405,1.958898957553161,2.4008796618275037,2.4545136190004393,2.498338095181798,2.5116150171780127,2.610518892735702,2.7534194307300237,2.7665371049334415,2.926898812514222,2.9809264172462906,3.025954011681697,3.2095296754283598
41,0.8042657088406913,0.8614623307199153,1.7198750369424958,1.9982421670047568,2.0066628467094954,2.0948000854693944,2.182945975477625,2.614015801116466,2.624394768887347,2.8004050032344945,2.807110966202061,2.9591018216662497,3.057940392857221,3.0748751790374946,3.19079450155672,3.257788838315759
42,0.6372707070465748,0.705896527821342,0.7229108575662272,1.0406476370754136,1.083301581506221,1.1382850630785526,1.1396264477717928,1.174141399377643,1.1794193066322254,1.230901077605986,1.2310123752381654,1.2322772847383214,1.269963586628893,1.2960855358356094,1.4236958892172427,1.4780391373480575
43,0.3839788461712642,0.5152852212487411,0.9879529732657175,1.2530675031379346,1.4820023487114578,1.6650461139308486,1.7080711911430388,1.7934361265896512,1.8017484638017083,1.8088996408582467,1.8463115253231448,1.9108659374679828,1.933604579121348,1.9558209830173094,2.115428687802751,2.1202980240361398
44,0.44055768569408627,0.6660551719950174,0.7276223748000896,0.7585372737961741,1.0149932314615613,1.0742946990001585,1.1049540490380536,1.2354397023811086,1.3715097766930455,1.5508028459524477,1.6334549585275615,1.671641960447987,1.6783935243758208,1.682860192473213,1.7634303182175777,1.8055865107248934
45,0.12772955460300894,0.5227682024342553,0.7885004873902662,0.808771006809227,0.8799998233438199,1.2309361392536822,1.2842524875539973,1.288453024115983,1.3553824962109555,1.3978666094816778,1.414077965523929,1.4215556424415638,1.4378716321024667,1.4568739045941455,1.548630206951578,1.5832358103922772
46,0.7369149001485773,0.8305443805732858,0.88140080748841,0.9351317232417382,1.103526759550689,1.2859835533581472,1.2889041149453406,1.315943274689244,1.3736830543331373,1.4013582918640095,1.6795115282462083,1.720823416851746,1.7306901914616222,1.766070968918467,1.8121917329155168,1.8122030996213674
47,0.07274437463735138,0.6984891301074266,0.7128443932709697,0.7561918446800459,0.7725504816628853,0.9905344669408795,0.9925507385746477,1.1985634428235599,1.2662365773768969,1.2919133887075525,1.3554278697657764,1.5344196799391714,1.8252399458744217,1.8888092130843412,1.9365187700287307,2.114856759538131
48,0.6278070125394503,0.6660551719950174,0.7773497844540384,0.7971709483366467,0.9955655466913511,1.2179282089435597,1.3417680459472796,1.3772028428602363,1.401729770660965,1.4401697097657011,1.4541079078804475,1.4730264353159834,1.5891167004031221,1.6645372158356955,1.9050363085916042,1.9626236250793854
49,2.8350878315518537,3.4327614900714423,3.7076426237830846,3.7168131710474155,3.889972464622967,4.20925517973427,4.500417009918012,5.064146787330902,5.140479501919782,5.210772732642575,5.393748840311799,5.557310481036842,5.632959271514069,5.698768791778929,5.7358914595881245,5.758196325064057
50,0.04657552445024556,0.19882083188699043,0.6383143845180411,0.9172314083473772,1.11840031554477,1.274542844555911,1.377202842860235,1.4674127983884468,1.4883342473298753,1.5176092609091658,1.5728196072263696,1.579852072640538,1.6194813380014819,1.624428481601973,1.6334549585275606,1.6763998603846
51,0.26233173707077523,0.6164796700232655,0.9203852039197258,1.1533026675877962,1.167375546443109,1.1903365137990816,1.2107607498299016,1.282171836008624,1.2949386435902348,1.3383923733694634,1.344315833287148,1.432007244922588,1.4549979345008315,1.5798243192403778,1.619824649446154,1.6313755081418386
52,0.971855995538152,1.332449894605193,2.414150269859549,2.652125295542593,2.653328069689364,2.7293805223604517,2.8362165441836718,3.066826322462592,3.0954397902638218,3.3939778175354833,3.508784329826153,3.78853824005701,3.8900258575045212,3.9858208363158973,4.1046563066773345,4.324955478265507
53,0.9417902815554401,1.2378098487019846,1.3265354118066062,1.5135778056889384,1.6830550010228995,1.7290682468274252,1.7454556529940661,2.060009132934978,2.3343683178292527,2.4153388255239805,2.4251819086493516,2.656215564391018,2.701816163826842,2.7815046381981703,2.9512490056575116,2.9698048136099615
54,1.1161449618347283,1.1389098938890352,1.490830913548248,1.6289526901243894,1.7141478396532321,1.7165854495353694,1.9292480636900715,2.086004963656646,2.0980258021605636,2.241703498596494,2.495566987562991,2.536441381785258,2.7052822771391307,2.7656541960395797,2.807250242120063,2.8403413969827573
55,0.6168898791479225,1.3387151730699598,1.4598587630185513,1.5053147191470835,1.5086013411148584,1.542088931055082,1.6935273344053279,1.7828932925778247,1.9113849854808904,2.0504530342008542,2.0769061860608238,2.0980258021605636,2.1268494940700466,2.1908519985148796,2.256080573213009,2.3343683178292527
56,0.35686043991677463,1.0109395908110441,1.2895245333262002,1.7361408226538744,1.7911276357374435,2.0660552476476806,2.182945975477625,2.3488382261405865,2.428913031769635,2.4360984802101946,2.707801644379522,2.7493286206124004,2.7665371049334415,3.0444055503606666,3.248579819135505,3.3382956567007693
57,3.7023153870510557,4.0513325800013815,4.143987351636515,5.145447969411144,5.65278855082986,6.574196667382092,6.891733659850599,7.443173523813153,7.5904818064297315,7.638849781602015,7.829419341645308,7.855007836945151,7.929433934088102,8.044588555020757,8.084452132550037,8.202858930532276
58,1.1074146680301737,1.1669099995824006,1.4245570744046514,1.8285749884971267,1.904109635127774,1.9407880793075936,1.9750377873871634,2.0838089093899805,2.111623192878454,2.1770028646570077,2.1907010129075144,2.5845674141008765,2.70990721871448,2.717094665115846,2.824521934662841,2.915106736351419
59,0.45831746561873044,0.7891251002471333,1.106591358431364,1.1184618372571231,1.1492322159723747,1.1829652966279816,1.2635142183111607,1.4512620951290216,1.9422121809162491,1.955103512807611,1.9815516600316159,2.087643144999487,2.1013307413517364,2.173790187495438,2.1764504464215118,2.1781210847707606
60,1.4156028877002302,2.179426835083374,2.5198690075494476,3.0798078798804016,3.9073324341602347,4.13038044121094,4.150392155594636,4.502950488622785,5.67751722064025,5.679279277365568,6.023470250195541,6.428362743757244,7.108451668643171,7.148394686494311,7.181759884238747,7.214777260515343
61,1.1225317228556522,1.694482783856098,1.8176177881765583,1.8954685530970405,1.9920152543343579,2.3488382261405865,2.442522505474336,2.614015801116466,2.7378483092700456,2.7761107780827317,2.9797370614129375,3.0428923197187197,3.0714388048091372,3.0949810014960146,3.149386921964595,3.153682052798177
62,0.5838725317233283,0.6455247414347637,0.7422002012137604,1.0256728269585527,1.167375546443109,1.1960578803021724,1.1999944270871716,1.205660168771724,1.5207123161828815,1.5617478685503217,1.6465496539465145,1.777989631258697,1.800568039141468,1.8747883689860554,1.9038259721587296,1.9365187700287325
63,0.6278070125394503,0.7585372737961741,0.8055642143152235,1.1270750558534073,1.1868632217143327,1.2243795492135907,1.349735912796059,1.408857841949273,1.4226342300995254,1.7670288714826219,1.812414506025755,1.8630926210745073,1.9316159460135596,1.9964142198356565,2.0008184023742133,2.026868092443383
64,0.9172314083473772,0.9310320716538105,1.008860069107782,1.036986499355302,1.202817328000123,1.4166457731815745,1.467659282103631,1.5094224628741473,1.5669820074616712,1.68726620769493,1.728392056573398,1.7496194097904836,2.0312780904794674,2.1135757705469556,2.1240701508082083,2.143366488421216
65,0.6902026348251051,0.8055642143152235,1.1053613965867928,1.1319949122302724,1.3417680459472796,1.5508028459524477,1.6607913660019502,1.8165894056371388,1.9326391515122003,2.0705242454375083,2.213620587130603,2.39690102439366,2.5333317032062337,2.565338433865595,2.653003293966784,2.680802591362317
66,1.6223192180033619,3.8360783360151984,4.013627142306754,5.34859085595273,6.705663656291895,6.813212358697957,7.300765093769201,8.034235728514123,8.043945092093786,8.308911173429118,8.31059366708589,8.352007331068405,8.717415710737043,8.752339392792473,8.806847030165915,8.847093206884676
67,0.3227089274081385,0.526123166269406,0.5861279035630536,0.6261484325110422,0.735838581252605,0.7709579983064171,0.8200406674383018,0.9263582407891056,0.9308289673763063,0.9711194717664494,1.2328932716971879,1.3383923733694634,1.4856112850251029,1.5774685037425826,1.6795115282462083,1.7278612580096004
68,0.19673652529834057,0.8140760173177753,1.1703546634877084,1.2223621279222665,1.2994969015869855,1.3918372674642308,1.4275538477486627,1.556202698952972,1.6324943878248628,1.9509276074960622,2.029826917497378,2.0994102805981134,2.1764504464215126,2.2484762149454767,2.274964030811715,2.3739635996020683
69,1.1074146680301737,1.1307797913996471,1.4806570514730308,1.654337109369528,1.6805507541144047,1.7687631620512363,2.1199960737772057,2.227511719307345,2.241777008715779,2.6112985546539003,2.614011151544271,2.645605301224937,2.827669047372411,2.9357990575109283,3.002117525411786,3.2243733132826136
70,0.1758254897250413,0.9524804839818948,1.3664237136434803,1.7486865456527094,1.8613102291148564,1.9292466589239305,2.2754536343524703,2.7681617949062263,2.9464121282365556,3.248579819135505,3.2636045376958043,3.355767329400638,3.4136644755148446,3.4786388664039705,3.579586693011094,3.6033337326553694
71,0.19673652529834057,1.000357073355736,1.2394109974835175,1.2412015690068403,1.320654788493115,1.3643065253950237,1.4128094239934263,1.581297737436234,1.75762537373029,1.8282102905451612,1.9213951823580477,2.173790187495439,2.1944521913595425,2.2612455968022664,2.327517837083325,2.3735696021983452
72,0.11020667139492228,0.19392601239576998,0.20676687280242242,0.3665033533978181,0.6941553061131692,0.7451859572616815,0.8831490312727807,0.9423999649350584,0.9613164483017558,1.101066914270054,1.1267409110217574,1.2019045379817308,1.4755958679844894,1.5204263551518837,1.548630206951578,1.6555822643965077
73,2.241777008715779,2.2874717669284244,2.35803881256172,2.4671287364681316,2.7372629866367904,3.0532769349636943,3.1911148400061915,3.212470300554527,3.512107120275581,3.571426855784554,3.864365717148882,3.9570161860635493,3.9585522437801908,4.037560515189842,4.435224620557543,4.583429341660257
74,2.192690991016185,4.0667482357601745,4.228576656125065,4.323670894995707,4.934202244679118,4.942740870998616,5.85187571423873,6.1006281761965475,6.210918734753341,6.271362536296899,6.349218529876826,6.427288587836207,6.732858179645637,6.742864216993275,6.756878178950387,6.9194898779058835
75,0.5563925075406538,1.6034175883222677,1.6305255850928866,1.9838834639723193,1.9892583744218915,2.6685874978250075,2.906615728020763,3.0831968665501397,3.2640257480588524,3.6200059135823635,3.7598202983681523,3.783494635484075,3.8238269500845594,4.006372365660768,4.146715634851149,4.150392155594636
76,0.04657552445024556,0.15469276960284473,0.6500605453187783,0.9310320716538105,1.163745163065717,1.3168241446024749,1.401729770660965,1.4502335154029449,1.4730444429483962,1.5139505459830749,1.5339834269418302,1.5378681149162967,1.6301789946153407,1.6611455912926936,1.6708789216061022,1.671641960447987
77,0.41018812352153894,0.6497962425536493,0.7087309778158457,0.8654186711477954,1.6783935243758208,1.8238130920338793,1.90682602154539,1.924892738249256,1.9964142198356565,2.0800186895200308,2.11542868780275,2.151297563270294,2.3003187434253403,2.3382668131251867,2.381593399261685,2.39690102439366
78,0.7633574703124111,1.2150402779072875,1.4278590044096904,1.5415349002749983,1.5439714832990794,1.5579703384840558,1.8586529818961792,1.9638766892483999,1.9810659792631282,2.036585581398153,2.1309539783603535,2.1527132178934494,2.1546169226547445,2.1616912709075007,2.168327103017811,2.1919510326740186
79,0.4240426177820541,0.6171508915506085,0.8112404594740108,0.8305443805732858,0.8502424009647693,0.8694064314463772,0.9308289673763063,0.9932378576733195,1.0674641446437927,1.161342231672726,1.3306016141865076,1.4860583934295157,1.575646709016503,1.6557757876463048,1.717975017951128,1.7884596039840537
80,1.004534424233786,1.3743872910636752,1.5949878294901658,1.6735226800767367,1.7883590326817045,1.800568039141468,1.8285749884971267,1.8678535591601237,1.9312342300886773,2.0001636223221246,2.0306238285837845,2.053180506881035,2.1807219979591053,2.268967068557659,2.276499429736628,2.3375144627049695
81,0.27377424354328805,0.6655908346536082,0.7522579535303788,0.8799682314080474,0.8923769208466433,0.9527320576475943,0.960690554316441,1.029530441757992,1.032563204014719,1.083446631345727,1.2086017077173132,1.4856112850251029,1.524143634205988,1.5496695113338745,1.5798243192403778,1.6245790947626977
82,0.3591479302668284,0.9673234612016498,0.9880408136536736,1.1828852672158887,1.2742459163058824,1.5888942968202295,1.654337109369528,1.9086456668943688,1.9292480636900715,1.9407880793075936,2.04882873640239,2.394663260046453,2.4320736892205965,2.4612991972584974,2.4679248059018217,2.915014127547741
83,0.46409571206200384,0.5186693845381823,0.5245548837124843,0.7313674433680131,0.8232072671077317,1.0674641446437927,1.3736830543331373,1.4322753707450302,1.4592561978287122,1.461044066252374,1.6259374948857546,1.7595478973260028,1.8622699219870456,1.9481996585899704,1.9665499363648213,1.9699602999295507
84,1.567186309956314,1.7407160922510636,1.9754048540691476,2.57794652283925,4.027043818778639,4.143987351636513,4.152764405921503,4.156505281791404,4.1894125853583,4.2789707770526295,4.8591596823973076,4.88486740794024,5.02490885326009,5.0554030722697725,5.319530236436765,5.560467284945008
85,0.1937225445982337,0.4858331669968336,0.6634449934466671,0.7789903066512003,0.7913182490818321,0.8005864526048564,0.8415213958826303,0.849411637830542,0.9180898276345186,1.083301581506221,1.142220328666573,1.3399094490661378,1.382504860861803,1.4888525015999614,1.5339834269418302,1.579852072640538
86,0.6168898791479225,0.8589649679871467,1.173011473072999,1.2302709303994908,1.5203256273140515,1.5224104816431745,1.5682421511535403,1.6183781401078972,1.8747417950633638,1.9856379401615722,2.04882873640239,2.056477598510156,2.1120481619220923,2.1746090011424113,2.2071856267174033,2.241703498596494
87,1.625120329898675,1.6944827838560979,1.878433667602917,2.2698151592115163,2.3139964185883426,2.3698766214571902,2.376870094191255,2.390920978288324,2.4767151948490134,2.5513481725382334,2.668152606492077,2.6686079834644043,2.788042136566296,2.91156719354056,3.011576949821638,3.037955644625985
88,2.5279962454253817,3.4327614900714423,4.625099129907238,6.248170551488203,6.387522942893155,6.940404481991418,7.042541356015359,7.642858111983138,7.753938412898938,7.886342353541759,7.893697674073329,7.91299675302173,7.925138592091748,7.952255499920673,8.042915608228181,8.220609731272818
89,0.1758254897250413,0.9785651438339814,1.5100345912581496,1.760970444958447,1.9240843618131231,2.076389806731867,2.442624604307284,2.810867428694849,3.1076542402618657,3.288200093646373,3.3382956567007693,3.511709019267092,3.5501496666320693,3.6161181254976578,3.6630701331914146,3.7168131710474155
90,0.9673234612016571,1.043373029560099,1.1161449618347221,1.2476986671351993,1.3795697511116083,1.5203256273140515,1.6935273344053279,1.730071716517234,2.023522258308018,2.153895643878485,2.213683980855137,2.347700117855201,2.5116412371702896,2.5237264012670466,2.5756319042396556,2.6112985546538976
91,1.4661541979098165,1.5096034223020882,1.536007186834789,1.7381381704563619,1.7650641521179626,1.9401055424969602,2.4389113870615198,2.6701506914626725,2.7493286206124004,3.0949810014960146,3.107985538941239,3.330217456882005,3.367978267019564,3.46840092867715,3.6769694500772956,3.773690244663631
92,0.6154835832787267,0.6390413459841623,0.8799682314080474,0.9483956757743244,1.004534424233786,1.3105422402986242,1.325932047845715,1.364808281309817,1.3718227012835895,1.4447135085449563,1.4549979345008315,1.556906074282707,1.6963067576418873,1.8402494676759054,2.043251636891399,2.0851946400325505
93,0.8005631911717614,0.8266925335671296,1.0720638995725942,1.1601980925940047,1.1803282103296509,1.3673291807837977,1.4802594375430411,1.6259374948857546,1.6365663505002208,1.6557915956693974,1.7702249137714652,1.9060215331848707,1.9422121809162491,1.9449549517387201,2.0264867650045306,2.1903156631862957
94,0.40253288037059365,0.5674651717471485,0.8299767163073029,1.178685665638602,1.1867070031596763,1.3265354118066062,1.6938214058533314,1.750105677031355,1.7683145387185428,1.939727679674338,1.9855539171877912,2.0504530342008542,2.202853832022535,2.2043886717078522,2.335867050668718,2.581118342938444
95,1.507506564870423,1.5927347905643383,2.1527895983923595,2.293001939807801,2.4156818545847165,2.658557290367156,2.843470102049261,3.1368718984494888,3.168326939198873,3.3302174568820053,4.024008158460277,4.156505281791404,4.232174351240734,4.760395498429181,5.043544048602127,5.138174621953612
96,2.9228986630998537,3.1096018703465895,3.508784329826153,4.210923101867745,4.585234326848654,4.614969984898601,4.750145936926362,4.80286202166645,5.201646528247796,5.322363853434012,5.444307215253603,5.528418911726529,5.560616620513081,5.600523996582356,5.650445876008447,5.65483818384032
97,4.0513325800013815,4.118089764388516,5.7575861813713125,5.870242366974194,6.128683102600693,6.589287027249836,6.6469294897519795,7.116432005522096,8.3514401500537,8.673715059928218,9.634888811086512,9.681067439519063,10.054920967103683,10.093106943542198,10.10873202013718,10.1984004979071
98,0.5059230563528017,0.5674651717471547,0.6353665950454309,1.2009856697070003,1.3007914905866462,1.3021182447623885,1.3855283155346056,1.4537995618675783,1.6830550010229015,1.8515706615319478,1.990166021057007,2.0256531853997277,2.1230824379929123,2.2484762149454767,2.259895115650942,2.426957523272798
99,0.4042711607124948,0.41836068318405567,0.6286690048948257,0.766431243883538,0.9723012673137887,1.017814770251211,1.1322801964023224,1.179449080530507,1.1864501193951233,1.200755786768351,1.2719916041082007,1.2842524875539973,1.4082368466455957,1.4236958892172427,1.4278813499176188,1.5658509505005251
100,0.20236265079494029,0.9675316359215633,1.1492322159723731,1.1703546634877084,1.2309624406923214,1.2412015690068403,1.4737729750671171,1.4928290549495826,1.5493084549119873,1.6111115578696973,1.698506956615259,1.8272019645091986,1.8753254549691603,2.0233834504252344,2.0264867650045306,2.0357376113681784
101,0.4205345228981285,0.46211266295344244,0.467155799929169,0.5224690547062131,0.6129730370984529,0.6308491780390629,0.9454262605248841,0.9916128928712408,0.9925507385746477,1.0256728269585527,1.4833732804399444,1.6764084868840337,1.7942963260328275,1.816077548858379,1.9003191550962595,1.9146188900366587
102,1.9810659792631282,2.22819745820215,2.35221562120299,2.4027751019777845,2.4126776540099004,2.5553209584444443,2.577265352990498,2.6177093780298524,2.930416230314081,3.1096018703465917,3.133047594942018,3.3012977688477543,3.362028905242575,3.4992109219483067,3.5115385805891117,3.514828969310215
103,0.3818695451368619,0.6232337782439503,0.7313674433680131,1.126164963971161,1.179717589074906,1.3673291807837977,1.3914859567571838,1.7884596039840537,1.9353442700416514,2.061118393824332,2.089994572519023,2.1028999644412054,2.13306120418109,2.190336464110744,2.367599354782724,2.3742668493270953
104,0.8946597334327472,2.3800697296109328,3.0216296302021477,3.7499858721880943,4.161753949799479,4.214127354301479,4.4684914778881035,4.593851694411934,4.609364690889719,4.640696663104024,4.643545147770208,4.771316984968878,4.803553351831557,4.8355121405382135,4.86914916755409,4.882730583755301
105,1.8892235198879375,2.192690991016185,2.8192226260297715,2.9380345966065287,3.5979917528113114,3.864365717148882,3.9316861227443805,3.9716701208810203,4.0791549205746405,4.401438233185201,5.029661931900726,5.05808019212536,5.363223517563702,5.392755970204993,5.471380672979884,5.484827914866278
106,2.300552303146159,2.8838616697658552,3.023395338176623,3.0798078798804016,3.173348705887998,3.618325623024072,3.6823465861851807,4.146715634851149,5.0552568230426616,5.5717378035608345,5.823259522765903,5.959729592547416,6.076021414467705,6.505923794197428,6.7720885838755,6.812081504314803
107,1.0981327264108498,1.1852470074406372,1.4820023487114564,1.9669435617578928,2.068773453422963,2.213434136742394,2.346553853341815,2.512250391247071,2.562082076412356,2.977097068547754,3.1170506141378977,3.13149753457089,3.132637800727322,3.226541013155646,3.254877747702707,3.2574581219394427
108,1.0058374721173435,1.3539606620885043,1.6451489275382907,2.342848614786544,2.3947862329227143,2.6685874978250075,2.7052822771391307,3.1609977000864466,3.195350903358125,3.2875366376494384,3.3041202205743154,3.7977134365163168,4.024687637422829,4.054864444812236,4.2819244720893455,4.304836954915907
109,1.0325331749610525,1.1186668665442445,1.2023340975053938,1.2212449134009136,1.2309361392536822,1.3415265872528621,1.36969895992703,1.4463898495066396,1.4755958679844905,1.4967872029336753,1.5329456208992343,1.6675356694028771,1.796679855147096,1.8310647333458094,1.9003414751922478,1.9524341767524223
110,0.7530487347212538,1.1262379805782519,1.2778516722637656,1.2859835533581472,1.3021182447623885,1.3057791167216333,1.3262909524033328,1.5178011944708925,1.558334186697169,1.6938214058533314,1.7386139845246884,1.770224913771466,1.8242488845482954,1.833384829362416,1.9665499363648213,1.9731977607090825
111,0.5356361819620952,0.5453137029943143,0.7087309778158457,0.779493602700735,1.160848544622029,1.268904101991893,1.3715097766930455,1.4672465376444168,1.5452514097540369,1.6650461139308474,1.6822767674529437,1.8146323627553311,1.9316159460135596,2.0375529963002643,2.13374409449321,2.2241922117633237
112,0.1970281055775558,0.20676687280242242,0.2288228786738476,0.48779366654637396,0.5439071853847002,0.7691655409087472,0.7990827260852281,0.8607712407385248,1.0131283885561733,1.0463104243125687,1.292106480167999,1.333493914011311,1.4378716321024667,1.5329456208992331,1.5520957220009612,1.6107970734157728
113,0.9478595792764499,0.9591994253913305,1.0222163990549005,1.5360071868347898,1.958898957553161,2.293001939807801,2.396191091927125,2.444250562162697,2.949251650485098,2.995687831278491,3.4627386800749016,3.5128441859771673,3.5606457272427217,3.8542380007438433,3.87793766260991,4.049974042912035
114,0.06185252746708479,0.613698601004242,0.6185667376295637,0.6798592580906315,0.7990827260852281,0.8831490312727807,0.9769667143404502,0.9905049512813837,1.2107597500581921,1.2479312890975893,1.3318848365640583,1.5486273544353841,1.5579703384840558,1.5822037459660596,1.7339895790197828,1.7400656596955464
115,2.0072827384875667,2.604919153667007,2.937601409731173,3.342204958303258,3.425857611734119,3.7499858721880943,3.782611965986028,3.8880706230166364,3.890482312102637,3.9642833742496957,4.118022676123194,4.231014278888272,4.729918532305471,4.875947772543863,4.9626699725955685,5.221473002798704
116,0.2760852354796912,0.6166555397945737,0.6185667376295637,0.6305165381451445,0.9348557029099648,0.9613164483017558,1.0131283885561733,1.0710806197681868,1.1428027980099746,1.1887448476141993,1.2861257004948865,1.3572836475240555,1.5488935605365381,1.5658581995900605,1.6476508490811301,1.804417005648111
117,0.467155799929169,0.5106240714053801,0.5246658234619455,0.5577717763764604,0.6166614642418199,0.688827174646187,0.7561918446800459,0.8028114405437033,0.8687862803799915,1.0710175001922326,1.1999944270871687,1.4569522113641253,1.5103680234013752,1.516353120138127,1.6313755081418386,2.01610136164848
118,0.5075065770519099,1.567186309956314,2.6278879265065758,2.847796606329811,3.1368718984494897,3.3046950693301986,3.92197893459104,4.404876950335734,4.464180399031686,4.531632321077131,4.6787113511231295,4.984617524954043,5.120977596864792,5.145447969411144,5.757586181371313,5.993822652468633
119,0.3982608708159537,0.6305165381451445,0.8417181139976966,1.1920511998426135,1.2107597500581921,1.2925200745375967,1.3190699600340237,1.4941281633565417,1.5204263551518837,1.6107970734157728,1.6248664772985846,1.7123559333418201,1.75762537373029,1.7939513546252561,1.8184824835011717,1.8505253707616125
120,0.3752020393578022,0.49756145898274123,0.5390925971637803,0.8423394353358195,0.9736631709616136,1.102920239726681,1.1503577589311211,1.5164087249243305,1.518947966473069,1.5658509505005251,1.7535983370515098,1.7582725841625673,1.7690012155437085,1.9707957251074804,2.00275183333074,2.036585581398153
121,0.42026029044362745,0.49512659310717066,0.7684793750477441,0.9189409051924031,0.9483956757743244,0.9527320576475943,1.2302709303994908,1.4572419028163495,1.6183163720159977,1.7828932925778247,1.7883590326817045,1.8045745770020343,1.809827649710205,1.9130143096400982,2.001761907611708,2.0797827062792202
122,0.7684327923733804,1.0591476349326565,1.5207123161828815,1.5578924473651408,1.8020812987981374,1.816077548858379,1.820753461505896,2.0397454042523604,2.118347009593155,2.2536179936317793,2.4943610700531607,2.654051448696902,2.720514832527365,2.722859495757682,2.7520226746056484,2.7618252747241074
123,0.2518108163251847,0.4009282530377566,0.7431821030174283,0.763007564030147,1.6815253318488823,1.8112387915503874,1.9220943099061651,2.015341628879767,2.037160003785388,2.1277420685408734,2.2794752459847234,2.3073811778050195,2.365459467201666,2.372639287333525,2.414150269859549,2.432530669776549
124,3.8192825927163057,3.8360783360151984,4.31840815923964,4.413683272470142,4.584356582500368,4.617466060814598,4.806546536791047,4.985419177133259,5.0340241032851925,5.104797076130876,5.218503979900851,5.304423931503747,5.406514903929671,5.505099260684331,5.622392074318284,5.664778727728014
125,0.868503168398482,1.3757481948177972,1.4908309135482434,1.5135778056889384,1.542088931055082,2.023522258308018,2.056477598510156,2.2043886717078522,2.239677537016605,2.5170139261576816,2.5731112132663534,2.696503836556994,2.7324242335753253,2.750129454101448,2.8123888893418973,2.8705435181111296
126,0.4548550009241954,0.7522579535303788,0.7684793750477441,0.9415354875275569,1.0514141136923134,1.1191463427299189,1.173011473072999,1.2768474645783139,1.3718227012835895,1.4876789563809385,1.5053147191470835,1.5573996972322244,1.5907823633812352,1.7122273159579848,1.8424053884856686,1.9322321570929233
127,0.42857528576917425,0.5882531114456754,0.8158281654220062,1.307745451791162,1.4184084319864811,1.827997271009255,1.8358890908417644,2.036405650208177,2.1863935906192626,2.2198551961858763,2.458438153612967,2.4892419355451554,2.498338095181798,2.5720113727667813,2.668152606492077,2.7378483092700456
128,0.8045251959160649,1.3539606620885043,1.9830245369280635,2.653303068311415,3.5213770211667663,3.609393564908114,3.6964060241702112,3.8238269500845594,3.87137624898543,4.096319421765091,4.375574675663762,4.420792544453408,4.471348510737641,4.519342029738778,4.553031638264414,4.7228976900418465
129,0.41018812352153894,0.46636648548561044,0.5356361819620952,0.9195421894919703,1.6920350048391444,1.7080711911430377,1.7424913616571829,1.80401564727994,1.8055865107248934,1.9671047226588074,2.069220625036136,2.0978194500771865,2.1825373435880033,2.213434136742394,2.247382946169845,2.4584594554206256
130,0.5227682024342553,0.6498736533066782,0.9094141095949995,0.9729565194874177,1.0231809769053848,1.0463104243125687,1.0640023302255293,1.1326232663644935,1.1676765205657726,1.2019045379817308,1.3264819048970913,1.4463898495066396,1.5822037459660596,1.5921577545592613,1.6255883780477345,1.635199445051358
131,0.5680688958297885,0.9604348526530855,1.038742607110516,1.3664237136434803,1.5100345912581496,1.8896277488893534,1.9411564905409124,2.066055247647681,2.4200223799265457,2.5183580573032143,2.589259176075648,2.859173131551507,3.0539152813962493,3.198431577414714,3.3869259904454845,3.433969555755981
132,0.9516812392840489,0.9604348526530855,0.9798972726713012,1.634572515581542,1.7486865456527094,1.8785591431222626,1.9240843618131231,1.9556641513497584,2.099697774206549,2.480169405718307,2.521115907808145,2.707801644379522,2.776791262628225,2.8235418439017526,3.060361152029734,3.1136922553330364
133,1.4892225077259615,1.9727955937766108,2.2261774254498947,2.265412563949986,2.284353918810813,2.3311381146305656,2.3800697296109328,2.4249769527944185,2.466116474891968,2.7542481708668247,2.7601823398458456,2.810077192877156,2.9031767979385026,3.0565024156367375,3.156318393742777,3.3129213916460665
134,0.8140760173177753,0.8699214925556014,0.896451890995753,1.000357073355736,1.4061476421590906,1.4537995618675783,1.4737729750671171,1.48071243348104,1.5464934604402547,1.837380734566189,1.939727679674338,1.9568267132330222,1.9731977607090825,1.9735833377033982,2.175215910292258,2.363740436995231
135,0.34089129873581353,0.4348881951792949,0.5490602249603062,0.5593680290703924,0.705896527821342,0.7706645995522841,0.7913182490818321,0.9714987761678541,0.9837029092760031,1.0347726133340085,1.1506116814612632,1.1864501193951233,1.220558806832429,1.4178186606928245,1.576678268281191,1.5821091846586357
136,0.49756145898274123,0.8130562935046624,0.942866663054078,1.0847932854686781,1.2202515323371772,1.274513791388874,1.5052136768057418,1.5415349002749983,1.5921577545592613,1.744679347625461,1.7548973645503996,1.7904920611486308,1.8972186487616087,1.9761545880605442,2.0139659857716365,2.22819745820215
137,0.1917689741165581,0.2518108163251847,0.6193928999146052,0.6302187255356522,1.7351867948312028,1.8497354000691115,1.8505253707616125,1.9353898704097117,2.021963530953367,2.0685112260040266,2.172121306980026,2.196606626604859,2.2982628099585365,2.356276692153073,2.401624528324887,2.4475293399594045
138,0.10960750053255694,0.11020667139492228,0.2288228786738476,0.27278157794681446,0.7684531119866757,0.8028256981137115,0.9769667143404502,1.037168755377891,1.0660373512611248,1.0710806197681868,1.1326232663644935,1.1395811090762402,1.3696989599270313,1.4568739045941455,1.561102571479658,1.6248664772985846
139,0.868503168398482,1.5815017858509692,1.6289526901243894,1.7454556529940661,2.015181880970816,2.026876914432162,2.3947862329227143,2.4027125210162903,2.5237264012670466,2.653303068311415,2.680719048672124,2.761503738063163,2.8057553150288013,2.885574343207431,3.1675175243587916,3.266095918928764
140,0.03244400580842296,0.6302187255356522,0.7414909274519365,0.763007564030147,1.2925200745375967,1.5488935605365381,1.574023560354443,1.6602609173980831,1.6771650616337923,1.7339895790197828,1.775192880171177,1.8231375836975143,2.0583328863409025,2.380957842597309,2.3971208418580976,2.444357763877027
141,1.975252365413871,2.00728273848757,3.2376929123768647,4.139108003625822,4.1420282599350005,5.149152177957633,5.211188768496915,5.218503979900851,5.34859085595273,5.367279287575989,5.599655088060029,5.795266393150217,5.927325019359216,6.1055849134960205,6.270018800536334,6.4573803443106215
142,0.7922727892266974,0.8499477188166651,1.103526759550689,1.178685665638599,1.3007914905866462,1.3057791167216333,1.5836993527372463,1.618583924759732,1.800251910180241,1.8424053884856666,1.8607002235266628,1.9113849854808886,1.9288653765478019,1.9657494495515584,1.9841736317074177,2.055931714067712
143,0.39033965875321136,0.4858331669968336,0.5005099624752514,0.5490602249603062,0.6718256262632317,0.6910650062536365,0.8818982024349467,1.072549021478061,1.122522382502494,1.1329560673847734,1.1366808151762142,1.1382850630785526,1.3194164759341587,1.4959412218904904,1.6271588650105695,1.6301789946153407
144,1.975252365413871,3.9642833742496975,4.013627142306754,4.026636112276949,5.304423931503747,5.580796787395687,5.635772681975233,5.775825266245945,6.853875635985147,7.018067892965169,7.268236901668508,7.555382827815986,7.5875945631176185,7.622935344761669,7.690987864838393,7.747667354599774
145,3.7207977239305317,6.298077135215224,6.932270576296849,7.673251036980377,7.684716851247556,8.348288286643191,8.389411326092077,9.040449993639038,9.213404023326136,9.68464077633895,9.804171569174951,10.020684059620876,10.195212728303733,10.306622918463649,10.335300000699634,10.372036924158792
146,0.4240426177820541,0.5649990028782472,0.7369149001485773,0.7378725103201128,0.9711194717664494,0.9902451766060743,1.0732302335043826,1.150083297358269,1.1834230819338607,1.2485329015274527,1.3172905661780392,1.397215373330035,1.461044066252374,1.524143634205988,1.5650578974542442,1.5836993527372463
147,0.30372658895223253,0.5390925971637803,0.6687382666343751,0.942866663054078,1.230901077605986,1.3665465626939635,1.4303994364429153,1.51109927520405,1.6876026902300685,1.766257095605348,1.7741339485217515,1.827537842687241,1.8406088960482145,1.9985762979135553,2.066902297240623,2.1032815265028404
148,0.5816069152097889,0.6308491780390629,0.7128443932709697,0.713110616615568,0.8028114405437033,1.0855913711346437,1.1486283675799231,1.1891832870064252,1.1931377019282006,1.3918175301351847,1.6465496539465165,1.7010627441196478,2.118347009593157,2.1906395924758386,2.233953556287866,2.2889239178916743
149,1.2378098487019846,1.4915430593002044,1.837357774300146,1.837380734566189,1.9796125610479676,1.9855539171877912,1.9901660210570051,2.049626976891018,2.3171716762324794,2.3739635996020683,2.473149109782746,2.4997744410375637,2.524382213215753,2.680719048672124,2.696503836556994,3.0620049438918753
150,1.2540820330435862,1.3279837321257018,1.6173259004885407,1.888499159812294,2.015341628879767,2.021963530953367,2.6259112329874372,2.629983266223882,2.652125295542593,2.9157582121912053,2.993568981679359,3.273292899528482,3.637137094201774,3.7077280639186188,3.7427867066554787,3.8772898242534604
151,0.971855995538152,1.979212458782691,2.129866149772716,2.365459467201666,2.6166304954426094,2.681632109269528,2.750331950318248,2.8486897244936773,2.880662901603017,2.9228986630998537,3.133047594942018,3.175464430780359,3.273292899528482,3.779327316361145,3.836594782352562,4.06453598790359
152,0.5439071853847002,0.6798592580906315,0.7031309149397611,0.7296757820571448,0.7451859572616815,0.7684531119866757,0.9094141095949995,1.0012505044462716,1.0380011236514481,1.1887448476141993,1.414077965523929,1.4278590044096904,1.5412211236766895,1.5537633869278529,1.7838743582670502,1.8184824835011717
153,0.877163004075687,0.9675316359215652,0.9971554928419822,1.0720638995725942,1.106591358431364,1.1246157656676419,1.5298636549518458,1.551685238217709,1.606721043204124,1.7386139845246895,1.839245093866835,1.895186965532924,2.0994102805981143,2.138583807224957,2.1645384845997957,2.175215910292259
154,1.668363181286786,5.677517220640245,7.0169653035994815,7.487716915417131,7.856041411384835,8.195833384892572,9.576868998699393,9.825863294004407,9.964494455812503,11.128288924988077,11.35198053627857,11.960150668631599,12.462305087481557,12.694117539970279,12.721907123240596,12.849353818499205
155,1.0184244672206126,1.141424941884251,1.5690526709145356,1.6876599901850415,1.9086456668943688,2.1199960737772057,2.258856287188737,2.3124151860560684,2.4671287364681316,2.5116412371702923,2.729806555951338,2.807250242120063,2.8212466362524253,3.1017142013136865,3.511622069371328,3.6200059135823635
156,0.5563925075406538,1.441969757265067,1.5105148039079197,1.7338572705986766,1.7757947221587662,2.5795192285164132,3.195350903358125,3.3355518092586776,3.3631889085664346,3.511622069371328,3.5329722295440344,3.618325623024072,3.902196934166465,3.9073324341602347,4.289616000563697,4.375574675663762
157,0.10960750053255694,0.19392601239576998,0.1970281055775558,0.3002402885940267,0.7031309149397611,0.8808787558964097,0.9905049512813837,1.0231809769053848,1.051880639465359,1.1401753535446113,1.1428027980099746,1.2402453357989363,1.3415265872528608,1.3553824962109555,1.4617880429391528,1.7123559333418201
158,0.559477616664448,1.2150402779072875,1.6345792551356708,1.6602609173980831,1.7220324276515835,1.7731853045052097,1.8112387915503874,1.9353898704097117,2.0907103906986366,2.126204743776331,2.129866149772716,2.1425317805381807,2.3024532560185573,2.3864102950111863,2.4126776540099004,2.500761210685213
159,0.26233173707077523,0.6184859504740989,0.9077666907559525,0.9688351815628033,1.0634443766735737,1.205660168771724,1.2088924872174303,1.2124973357385893,1.2328932716971879,1.2489407900024108,1.341529076381487,1.38931936358863,1.4569522113641253,1.4900961108624124,1.5527651856449196,1.6142984872528048
160,0.4864267197099295,1.0193198956245926,1.0400726754036593,1.1267409110217574,1.1395811090762402,1.1692271062755932,1.1829652966279816,1.2402453357989363,1.333493914011311,1.3572836475240555,1.367023680799661,1.4941281633565417,1.6111115578696973,1.6675356694028771,1.7410842410483005,1.780246454210464
161,0.9267739115764947,1.0184244672206126,1.1307797913996471,1.2742459163058824,1.5870918475424693,1.746627351898041,1.9903279397885147,2.0838089093899805,2.1538956438784886,2.2874717669284244,2.811241027098509,2.8403413969827573,3.0352852050449677,3.1116554266946768,3.2775278534228853,3.305469360569993
162,0.2340184809763734,0.23814703069214932,0.5106240714053801,0.6129730370984529,0.7422002012137555,0.8205807853346841,0.9979530880301749,1.0634443766735737,1.1903365137990816,1.1931377019282006,1.1979941177384845,1.2662365773768969,1.4035942751063595,1.4811094473993318,1.6757211875807179,1.9441771562230041
163,0.20236265079494029,0.877163004075685,1.059241760994116,1.2223621279222665,1.2635142183111594,1.3002784814793105,1.320654788493115,1.4061476421590906,1.6740389160366407,1.686346409105538,1.7345568137849527,1.8092047661085895,1.833384829362416,1.9060215331848707,2.059122680989824,2.2012661303247594
164,0.8019144254080786,0.9464919712611154,1.0325331749610525,1.3226071182488628,1.4008929856214907,1.4215556424415638,1.5707978781386178,1.7865832380403837,1.790296209364493,1.8880640156482467,1.9099638138575945,1.9551653622719654,2.0785064309117316,2.1113947661463923,2.219251840126191,2.2380823897094277
165,0.18620502872948277,0.46988704725919894,0.6634449934466671,0.8487497478767255,0.9244348151697989,1.1366808151762142,1.3009640313248505,1.3823412984008077,1.4178186606928245,1.4502335154029449,1.4780391373480575,1.4883342473298764,1.511710225303036,1.5803007633102837,1.7817717358996876,1.8056489997611602
166,1.0222163990549005,1.5927347905643383,1.7339674043737723,1.7381381704563623,1.962873143509543,1.9852307074280557,2.7534194307300233,2.9577828133764252,3.180033367958691,3.349250548273334,3.5871986891903935,3.7298773505323206,3.9878372832153617,4.270764954312984,4.404876950335734,4.406698567608367
167,0.9478595792764499,1.0626406398459933,1.342445803456998,1.70933050792852,1.7650641521179626,1.962873143509543,2.4563092144298784,2.5720113727667813,2.847756234924594,2.882380795579567,2.947065007282751,3.1536820527981773,3.160083194423829,3.1683269391988724,3.387003493796779,3.45311771235844
168,0.3982608708159537,0.9348557029099648,1.0737504770385917,1.3643065253950237,1.367023680799661,1.5389051230635016,1.5486273544353841,1.556202698952972,1.574023560354443,1.6036810738005658,1.685712525081627,1.7798752158611746,1.8134938605364572,1.8292980363227407,1.8450865568051444,1.8791580353639294
169,0.33014067396963986,0.35869549629268616,0.37271872490675756,0.735838581252605,0.7549039835512319,0.8923769208466393,0.9005187186510116,0.9203852039197258,0.9688351815628033,0.9958069959109737,1.2690135714246953,1.2935983916289404,1.3105422402986269,1.3172905661780392,1.4860583934295157,1.5907823633812375
170,0.29646557955884384,0.33014067396963986,0.43344618375964933,0.526123166269406,0.6011178244020722,0.7171450600557348,0.960690554316441,0.9902451766060743,1.0564850067515739,1.1122474770855957,1.161342231672726,1.2107607498299016,1.2124973357385893,1.2881304727280634,1.556906074282707,1.5573996972322244
171,0.2760852354796912,0.613698601004242,0.638725440098155,0.6941553061131692,0.7691655409087472,0.8028256981137115,0.8417181139976966,0.8808787558964097,1.0107364544881818,1.0380011236514481,1.0737504770385917,1.1692271062755932,1.4089094942819893,1.797007860304637,1.8231375836975143,1.8395405416706394
172,1.020716610727947,1.1669099995824006,1.6805507541144047,2.053180506881035,2.41142848092532,2.5906266029295226,2.763030180169769,2.811241027098509,2.8192226260297715,2.8195728467309076,2.991458806346479,3.0306511449015794,3.0532769349636943,3.1190989343295916,3.3014184134154605,3.423344069488051
173,1.2540820330435862,1.6322094214969929,2.5777363996875926,2.653722194555377,2.727906077762525,2.7335395906844275,2.9092365578649306,2.988367208512768,3.0620049438918753,3.4249772609457185,3.4313359083425157,3.8900258575045212,3.9608380938554277,3.999703314858684,4.027140721081499,4.08114415227811
174,0.6194708657597455,0.6902026348251051,1.1868632217143327,1.4730264353159834,1.5120843591389235,1.919331818077947,2.0127206307848944,2.2113677176268367,2.211411789641408,2.244685816953122,2.4011898392822517,2.430284383675049,2.459562889975485,2.466116474891968,2.6291011100682367,2.648905412690359
175,0.7047677654647286,1.141424941884251,1.4071068160183648,1.5870918475424693,1.5888942968202295,1.6791468525834767,1.7141478396532321,1.7300717165172381,2.569419202517927,2.6087613721194165,2.645605301224937,3.0644651218218772,3.1985329538442078,3.246034251221595,3.2580380029138745,3.2640257480588524
176,1.7550630619445018,1.9727955937766108,1.9985762979135553,2.35221562120299,2.3634677450985087,2.445812017355935,2.580906713074518,2.584070189440087,2.6026059453224115,2.6233702844287623,2.6661286974010623,3.0216296302021477,3.1996906929266324,3.268451677134602,3.3253773935451636,3.3275691392705338
177,0.06593046953030808,0.23814703069214932,0.5224690547062131,0.5838725317233343,0.6166614642418199,0.8446442879992966,1.0211669489412356,1.1486283675799231,1.2088924872174303,1.2925151686856668,1.2949386435902348,1.3554278697657764,1.6328372367111246,1.658510127408038,1.8020812987981394,1.8273500996435137
178,0.0553185898964967,0.5186693845381823,0.8502424009647693,0.8584539337215495,0.88140080748841,1.0029551905354634,1.150083297358269,1.179717589074906,1.4054981994225155,1.5178011944708925,1.5703114431166294,1.6502928492826052,1.6557915956693974,1.6689602356467488,1.7278612580096004,1.9288653765478019
179,0.15579361939458164,0.2418941112203428,0.34089129873581353,0.5005099624752514,0.5766614682766956,0.8273945003203542,0.9180898276345186,1.0406476370754154,1.1116477623415078,1.1322801964023224,1.2818474164397897,1.2966981579382915,1.338546155212471,1.5361462177504481,1.5803007633102826,1.6834045584979829
180,1.6034175883222677,1.6791468525834767,1.7757947221587662,2.1478699456438948,2.1580447448943265,2.179970525482263,2.258856287188737,2.342848614786544,2.536441381785258,3.086253662432323,3.1116554266946768,3.1446771716216957,3.1821537004703537,3.25045601791594,3.3088740620657715,3.5009040840394694
181,1.0380290149544011,1.1270853016549014,1.3904465689066579,1.3974507326098815,1.4672888782518934,1.496645680037313,1.804383199784068,1.8252399458744208,1.9556641513497584,2.005900699128934,2.014034235114166,2.016101361648479,2.089994572519023,2.098434434760508,2.253971151667132,2.256162242576597
182,3.7207977239305317,3.972891774261409,4.468491477888105,5.357447342141964,6.395440127400972,6.77740590523602,6.8465607644176165,6.974793683005839,7.326409556217716,7.962063436666781,8.057357704305904,8.36456877721284,8.549863471359224,8.569340113413894,8.720006653597,8.866807452338804
183,0.7828773966783561,0.9077666907559525,0.9263582407891056,0.9993969900456997,1.1332920876978752,1.139961090307413,1.1533026675877962,1.2690135714246953,1.2881304727280634,1.390446568906659,1.4035942751063595,1.4833229476085776,1.5103680234013752,1.540809799782712,1.5562873133916186,1.6328372367111246
184,0.6353665950454309,0.6442605536480867,0.8699214925556014,1.1150837322178841,1.1867070031596734,1.2778516722637656,1.570694246139689,1.6324943878248628,1.6740389160366407,1.800251910180241,1.8272019645091986,1.8282102905451612,1.9696905173222574,1.9796125610479658,2.0600091329349763,2.164538484599795
185,0.9591994253913305,1.0626406398459933,1.5182683524424094,1.6709299583902617,1.7339674043737723,2.400879661827504,2.4156818545847174,2.4389113870615193,2.791699425099706,3.173481054834765,3.470732867705903,3.5106202600194427,3.661848358828809,3.7339848699679266,3.7707520795010168,3.9219789345910394
186,1.6223192180033619,4.31840815923964,5.635772681975233,6.915762793146963,7.746437939364191,8.25646864609817,8.41583744783261,8.727352330591417,8.935686332693523,9.088808419218259,9.09929450451211,9.297711489588947,9.406785426011554,9.421945816778535,9.449736243926317,9.656244527531285
187,0.3650740869917857,0.5152852212487411,1.1659143531661698,1.1852470074406372,1.474359519691845,1.6709574006321823,1.8201604156130322,1.9382993444191368,1.9474478100121335,2.0978194500771865,2.1019347730302944,2.13374409449321,2.186393590619262,2.403730739296588,2.4668548968649135,2.5076217884395358
188,0.23413788733555418,0.30213310979721725,0.5882531114456754,0.8442832084611093,0.8639247123279202,1.5398803948384372,1.8463115253231448,1.9025376830655296,1.9382993444191368,2.012929772873303,2.1452166784811837,2.300452967683262,2.4259292114106485,2.5259846651110993,2.5271987616121065,2.5513481725382334
189,0.40253288037059365,0.5059230563528017,0.8499477188166651,1.1150837322178841,1.1510900561957569,1.3262909524033328,1.5300954239154065,1.5987609065590476,1.7290682468274252,1.8158905954515083,1.9568267132330222,2.0079529098232354,2.1268494940700466,2.3171716762324794,2.40255276918755,2.50695786586413
190,0.4042711607124948,0.4952676078453751,0.5379728826387791,0.7084280611337679,0.7759903648772022,0.8799998233438199,1.014611746294705,1.1953299139764069,1.3264819048970913,1.4008929856214907,1.4129911491463534,1.475823497739184,1.4971806885901653,1.51894796647307,1.5361462177504481,1.5821091846586357
191,0.3496009221239079,1.3931838400061276,1.4128094239934263,1.4275538477486627,1.48071243348104,1.4915430593002044,2.1779621291682543,2.20707397776442,2.377079869810148,2.4557668343566834,2.531187081722747,2.5909546895114683,2.608332309827077,2.6181805796866935,2.653722194555377,2.656215564391018
192,0.8946597334327472,1.4892225077259615,2.3634677450985087,3.4424589556376355,3.473745843925795,3.718049082620793,3.753643109010924,3.753870521237049,3.782611965986028,3.7979879507306045,3.9141826394838155,4.094547416049627,4.123687322253598,4.154503134216641,4.242288172265381,4.355699998776207
193,0.7992522579275109,1.1380026961088132,1.355876823242978,1.4512620951290223,1.5061226610316385,1.8951869655329245,1.9449549517387197,1.9750258179958489,1.998242167004757,2.0219260623517963,2.2567011107847237,2.3626152990095406,2.4845697476468986,2.5308290891960104,2.6006623856502262,2.6167052886367492
194,0.5680688958297885,0.9798972726713021,1.5396467138749976,1.7361408226538746,1.8939735240635367,1.9117467717722256,1.929246658923931,2.076389806731867,2.0913134156485294,2.4685563645094684,2.551095651078933,2.6087811930931357,3.010401235304615,3.0748751790374946,3.1033104581014053,3.446161542957961
195,0.7530487347212538,0.9971554928419841,1.0919834412103422,1.1601980925940032,1.3002784814793105,1.4928290549495826,1.516504667401749,1.570694246139689,1.6689602356467488,1.6883285483680852,1.7904944129456706,1.8122030996213674,1.8515706615319478,1.954029661624682,1.9699602999295507,1.9735833377033982
196,0.03244400580842296,0.6193928999146052,0.7378056954803435,0.7431821030174283,1.3190699600340237,1.5658581995900605,1.6036810738005658,1.6345792551356708,1.6827947500452436,1.7400656596955464,1.7571031469248826,1.8395405416706394,2.0749324532225715,2.400759797793085,2.410013127621753,2.4246897974509256
197,0.7840006141988796,1.6607913660019502,2.1353121224408698,2.1689670780520838,2.2114117896414065,2.3382668131251854,2.65927128719082,2.7480880968328933,2.7687515844944444,2.7967540954492525,2.8755218513863565,2.937601409731173,3.099663405310053,3.1988020049878245,3.3837285958845893,3.552013472853673
198,0.8042657088406913,1.0485862067515086,1.503972595473314,1.5890008021849953,1.7911276357374435,1.8176177881765583,2.6006623856502262,2.6686079834644043,2.7364883929244983,2.7812875863480246,2.80918407305852,3.1033104581014053,3.307725197386138,3.358371939569086,3.4646273174710323,3.51292526729528
199,1.020716610727947,1.8892235198879375,2.111623192878454,2.227511719307345,2.5765808009272555,2.7372629866367904,2.9694490581540873,3.2775278534228853,3.519913102790202,3.607207140584226,3.6580164899690617,3.688469414839535,3.7825505140851052,3.8016710499076156,3.8098945250338145,4.0667482357601745
200,0.21507363206735844,0.4952676078453751,0.5653749806617382,0.7478213209638183,0.766431243883538,0.7885004873902662,0.8424135123255233,1.0640023302255293,1.1029202397266826,1.2745137913888753,1.3859781339339698,1.511099275204051,1.7443615199623164,1.7551046613814338,1.7816569281079997,1.7853020798484855
201,1.3279837321257018,1.332449894605193,1.6815253318488823,1.8386599577608551,1.8497354000691115,1.979212458782691,2.4246897974509256,2.444357763877027,2.538287678022923,2.5777363996875926,2.9478070471390496,3.4374737531310595,3.7002392862139386,3.724230262653078,3.90022166492172,3.9028940981844515
202,0.7922727892266974,1.0514141136923099,1.315943274689244,1.3746485659251733,1.397215373330035,1.4598587630185489,1.5300954239154065,1.5496695113338723,1.5556988866767554,1.568242151153538,1.7009382353876108,1.750105677031355,1.7910158434520964,1.8045745770020323,1.8139707105486054,1.85748631516274
203,0.5246658234619455,0.6780959048715315,0.7041754940671521,0.7725504816628853,0.8205807853346841,0.9797384144159613,0.9916128928712408,1.0211669489412356,1.1332920876978752,1.142711274111043,1.1891832870064252,1.3842697195393618,1.38931936358863,1.496645680037314,1.5617478685503217,1.619824649446154
204,0.35686043991677463,1.1477877475837321,1.2624433201967737,1.5890008021849953,1.9920152543343579,2.0913134156485294,2.0948000854693944,2.127019083121526,2.4200223799265457,2.5116150171780127,2.6701506914626725,2.7351188574134273,2.9485622260029927,3.060361152029734,3.5435722392180993,3.579586693011094
205,0.27377424354328805,0.6154835832787267,0.7826121047642289,0.8813369666541202,0.9005187186510076,0.9189409051924031,0.9415354875275569,1.0564850067515739,1.1268772410781567,1.161168235516265,1.2655917798449792,1.432007244922588,1.5774685037425826,1.5949878294901658,1.6142984872528048,1.7488424265587221
206,0.46636648548561044,0.5453137029943143,0.8654186711477954,1.2386436348976735,1.253067503137933,1.3281119284925407,1.509040105522233,1.6487342176531794,1.6709574006321823,1.897172254556631,1.911876656948248,1.9669435617578928,1.9701470148046862,1.9966485161302985,2.006803318468578,2.4150190142049084
207,1.0591476349326565,1.154094123367384,2.1497227042813942,2.276499429736628,2.41142848092532,2.567841864811373,2.5765808009272555,2.6061925430913555,2.643391963579556,2.758474768659922,2.8281382523035603,2.9380345966065287,3.0807449535326685,3.1436178985596,3.1511014636215595,3.199033269020818
208,0.23413788733555418,0.5201385342864856,0.6101501164705024,0.8085563742660845,0.8158281654220062,1.3254019668461259,1.67356991665849,1.7934361265896512,1.9474478100121335,2.118476569596605,2.178105516221099,2.208946276728918,2.3027999173656073,2.304387819222671,2.4767151948490134,2.5252600580976763
209,3.2376929123768647,3.890482312102639,3.972891774261409,4.026636112276949,4.869149167554092,5.556639206984934,6.4926687513972245,6.7166337056875935,6.7952515147915555,6.999789321044161,7.230326445089703,7.440623064532089,7.684716851247556,7.87871597971747,8.029931690951786,8.034235728514123
210,0.29024392442847796,0.496031259147247,0.654714260289021,0.7276223748000921,0.9955655466913529,1.0153507369410744,1.0556004377988568,1.11840031554477,1.163745163065717,1.294638937873211,1.408857841949274,1.4166457731815745,1.545251409754038,1.59847784471878,1.9022673319127177,2.0068033184685787
211,0.3548610901775167,0.6232337782439503,0.8232072671077317,0.8266925335671296,0.9653955388439767,1.0029551905354652,1.1663609957727228,1.516504667401749,1.8081549317127936,1.8121917329155177,1.8242488845482945,1.839245093866835,2.147865679350281,2.248157336362145,2.27044789896426,2.2742811780170356
212,0.41836068318405567,0.5379728826387791,0.5653749806617382,0.7195275107880658,0.7828401372172816,0.9149640480078111,1.1503577589311211,1.213839865527361,1.220558806832429,1.2322772847383214,1.240910296476311,1.2818474164397897,1.288453024115983,1.3665465626939635,1.435816862309934,1.5052136768057418
213,3.016566677417855,4.7067537469432175,6.0846609068277,6.25447307486485,6.6469294897519795,6.69198207239074,6.806641705153717,7.68792870313162,8.048647813701162,8.312018225774551,8.691676465339194,9.05845767795863,9.099184972377738,9.138546869770025,9.37138767908923,9.372210814171014
214,0.5808668933723652,1.2624433201967735,1.2895245333262002,1.4661541979098165,1.8809424850156469,2.313201572089685,2.442522505474336,2.4685563645094684,2.5183580573032143,2.7812875863480246,2.882380795579567,2.949251650485098,3.045660174548665,3.180033367958691,3.2636045376958043,3.2882000936463736
215,0.21507363206735844,0.7084280611337679,0.7195275107880658,0.7747393565859018,0.8018815996303179,0.808771006809227,0.9723012673137887,0.9729565194874177,0.9736631709616136,1.0847932854686781,1.4303994364429153,1.58358717977881,1.7161796870569919,1.7838743582670502,1.8217632277948308,1.9328799118650102
216,1.760970444958447,1.8613102291148564,2.7057069508953657,2.8350878315518537,3.1984315774147145,3.2884686769153912,3.3623648978224407,3.742039676715215,3.8030682022465254,3.8197433581834423,3.8748141272716476,3.8757568874179547,3.9768521921668696,4.080230364264271,4.367481940798031,4.50268009300561
217,0.2418941112203428,0.30073314317473504,0.4039761302625226,0.5593680290703924,0.6910650062536365,0.7168469915554393,1.017814770251211,1.142220328666573,1.2310123752381654,1.240910296476311,1.3357861053350988,1.4129911491463534,1.4415127653009683,1.5334062764586283,1.5531074662220534,1.5775514227703353
218,0.6194708657597455,1.1319949122302724,1.2179282089435597,1.2243795492135907,1.5424614233542733,1.6264942738728876,1.7817717358996876,1.8148325859922658,1.9950310967930864,2.1080753868554436,2.1097767079372898,2.157284659179635,2.1573574784843155,2.1963669453199173,2.226177425449893,2.2414764173500243
219,0.9524804839818948,0.9785651438339814,1.038742607110516,1.539646713874998,1.8333478512837706,1.8785591431222626,2.313201572089685,2.4289130317696355,2.6899184404073098,2.7057069508953666,2.7351188574134273,3.107985538941239,3.403767849185058,3.83262355273067,3.8544316813520694,4.055131475989529
220,1.5105148039079197,1.8812239486617754,1.9892583744218915,2.1478699456438948,2.5036819681239404,2.609786149100133,2.729806555951338,3.023395338176623,3.0644651218218772,3.089704595879677,3.7363257965570025,3.754363296192214,4.037560515189842,4.211644743966515,4.2819244720893455,4.312205302773022
221,0.7684327923733804,1.154094123367384,2.1050406876506704,2.2840363209528824,2.4386225950809357,2.5158789711144074,2.5256557504759103,2.601634080751583,2.7535526342626313,2.8989963755276573,3.138036322399432,3.271416301805951,3.290597877297463,3.4207146505638053,3.4224829132671224,3.488513638710027
222,1.5182683524424105,1.8335849000725803,2.444250562162697,2.4563092144298784,2.4613493392348036,2.5779465228392486,2.755035537562893,2.843470102049261,2.8477966063298097,2.9577828133764252,3.1605050570403486,3.669413098603287,3.770380304025012,3.816191366902954,3.8850630682684115,3.955115321639297
223,1.7407160922510636,3.1605050570403477,3.3046950693301986,3.622648777505331,3.6849411445264235,3.7023153870510574,3.755190370988665,4.150460348591028,4.361460451230993,4.5136880992457264,4.657937592873091,4.850409853752435,5.330008311865165,5.470654582541555,5.47661784028646,5.515660867893649
224,0.5485443620229553,0.5861279035630536,0.7828773966783561,0.9932378576733195,1.1122474770855957,1.1287177959450363,1.2256927813196041,1.2485329015274527,1.2935983916289404,1.4056708535826283,1.4322753707450302,1.4672888782518945,1.4900961108624124,1.556057969685197,1.5703114431166294,1.6728555899165896
225,0.3227089274081385,0.5485443620229553,0.5983841140686005,0.6171508915506085,0.7171450600557348,0.7378725103201128,0.9774262942081345,0.9958069959109737,1.0850221631565875,1.139961090307413,1.4013582918640095,1.4054981994225155,1.410796940218904,1.4592561978287122,1.5527651856449196,1.6245790947627
226,0.8085563742660845,0.8639247123279202,0.8795757087003423,0.9669451714939437,0.9879529732657175,1.1659143531661698,1.3077454517911613,1.310978907516435,1.6097685038764253,1.7717474201903909,1.8081335765517037,1.950976240998065,1.9966485161302985,2.088227426363672,2.2241922117633237,2.346553853341815
227,0.29646557955884384,0.37271872490675756,0.5241327897428592,0.6655908346536082,0.7291221090415867,0.7826121047642289,0.8200406674383018,0.9774262942081345,1.0732302335043826,1.2768474645783139,1.282171836008624,1.325932047845715,1.3306016141865076,1.341529076381487,1.4056708535826283,1.5562873133916186
228,0.4548550009241954,0.49512659310717066,0.8589649679871467,0.9136834808437708,1.032563204014719,1.1268772410781567,1.3387151730699598,1.364808281309817,1.3746485659251757,1.6297107660293495,1.649448493689111,1.920487337787164,1.9222598981141945,1.94163094092659,2.157698668046512,2.1669166909192588
229,0.12772955460300894,0.6498736533066782,0.7478213209638183,0.7759903648772022,0.8018815996303179,1.179449080530507,1.213839865527361,1.2212449134009136,1.3226071182488628,1.4617880429391528,1.487224775019982,1.5412211236766895,1.5520957220009612,1.561102571479658,1.5690741318419708,1.6555822643965077
230,0.43344618375964933,0.5241327897428592,0.5649990028782472,0.5983841140686005,0.6261484325110422,0.7549039835512319,0.8112404594740108,1.0279590919869355,1.0834466313457236,1.1287177959450363,1.2655917798449763,1.2889041149453406,1.487678956380936,1.540809799782712,1.5556988866767554,1.627700084321818
231,0.7047677654647286,1.0433730295601058,1.1389098938890352,1.1630816097405565,1.1828852672158887,1.6876599901850415,1.746627351898041,2.0808745301627463,2.1580447448943265,2.4378170092923575,2.563635991854931,2.573111213266356,2.614011151544271,2.689139488314764,2.761503738063163,3.1083503040780087
232,0.06593046953030808,0.2340184809763734,0.46211266295344244,0.5577717763764604,0.6455247414347637,0.7999949760445788,0.9797384144159613,1.0855913711346437,1.2295328837709167,1.2489407900024108,1.2919133887075525,1.344315833287148,1.6081149906800174,1.6375844946115017,1.820753461505896,1.8668148234373632
233,3.016566677417855,4.118089764388516,6.037591979530218,6.352813185434179,6.4250053017031865,7.378554885230507,7.638849781602015,8.142646192593208,8.539542214858614,8.795205469404841,9.172566616651173,9.735371685951831,9.983721545816403,10.301492987209272,10.668571748279646,11.001313493957
234,0.3752020393578022,0.6687382666343751,0.7747393565859018,0.7828401372172816,0.8130562935046624,0.8424135123255212,0.9439312691713024,1.1953299139764055,1.200755786768351,1.269963586628893,1.5690741318419708,1.5832358103922772,1.6281927392673423,1.6396857263385547,1.6875290743720495,1.8321454231044167
235,0.38424271092696005,0.9613150098576634,1.7338572705986766,1.9838834639723193,2.179426835083374,2.609786149100133,2.8838616697658552,3.5009040840394694,4.391474177121846,4.439087894721232,5.014971616835189,5.061873554983817,5.130686265278731,5.359456247250474,5.636053247821031,5.977915871994556
236,1.2989538507552065,1.3931838400061276,1.5447506341344037,1.6173259004885407,1.6322094214969929,1.7351867948312028,1.9220943099061651,2.0583328863409025,2.0749324532225715,2.444582304442515,2.4518096237081477,2.524382213215753,2.5260709990894794,2.538287678022923,2.547232428410263,2.8368069131684575
237,0.1917689741165581,0.4009282530377566,0.7378056954803435,0.7414909274519365,1.5447506341344037,1.8386599577608551,1.8799118706246047,1.888499159812294,2.0644150543336095,2.126204743776331,2.249305162093013,2.2537614064626568,2.377951464854406,2.418435480572482,2.474986603093883,2.5253872361219467
238,0.7891251002471333,0.799252257927512,0.9337140389638041,1.1246157656676419,1.3984324547384146,1.4802594375430411,1.6985069566152582,1.714618169302012,1.7345568137849516,1.8047313580842883,1.9132727577751802,2.062462936026281,2.1489012934553275,2.2742811780170356,2.529237710917363,2.612983201141994
239,2.1527895983923577,2.177667105536456,2.6242301367944036,2.6278879265065758,3.7298773505323206,4.152764405921503,4.172764088611398,4.355436599030581,4.421974303846768,4.706753746943219,5.246251413026784,5.455375808304407,5.758196325064057,5.778340363394261,5.848025260165025,6.037591979530217
240,1.1652685725547465,1.6709299583902617,1.70933050792852,1.8335849000725812,1.8358890908417649,2.0051544782201853,2.300452967683262,2.396191091927125,2.517859293884663,2.5252600580976763,2.572846368659245,2.610518892735702,2.9379101728825656,2.9394922405189035,3.1185340219059903,3.226541013155645
241,0.7166553011547351,0.7168469915554393,0.8273945003203542,0.8818982024349467,1.0110393751506574,1.1506116814612632,1.3399094490661378,1.3901300584877507,1.5029994900403838,1.5353243812874628,1.62683034776371,1.7174110173261847,1.7496194097904836,1.7949484767704047,1.832591428959622,1.8561380043744726
242,0.08687473470551099,0.6372707070465748,0.7892247346698178,0.8005864526048564,0.9244348151697989,0.9832255192624278,0.9837029092760031,1.122522382502494,1.2966981579382928,1.3250313828850846,1.5310650475234395,1.5334062764586283,1.6876026902300685,1.7352648091440408,1.8577296795305978,1.873722022833635
243,0.4039761302625226,0.5766614682766956,0.6286690048948257,0.6890996029927269,0.7706645995522841,0.9149640480078111,1.0110393751506574,1.014611746294705,1.072549021478061,1.2554540232318396,1.2960855358356094,1.3386851486418967,1.3859781339339698,1.4888525015999614,1.58358717977881,1.6281927392673423
244,1.8812239486617754,2.3124151860560684,2.35803881256172,3.0352852050449677,3.2580380029138745,3.3088740620657715,3.3631889085664346,3.6823465861851807,3.779340924840678,3.783494635484075,3.831303027985683,3.922732662397127,4.185645129319496,4.341965636537896,4.391474177121846,4.670068121074256
245,0.15469276960284473,0.19882083188699043,0.6559239896702778,1.036986499355302,1.294638937873211,1.3009640313248505,1.318790871032736,1.382504860861803,1.394233253339376,1.4293146090444453,1.4401697097657011,1.4959412218904904,1.6610016253077617,1.7174110173261847,1.7634303182175777,1.8153118267966608
246,0.16528273737897994,0.496031259147247,0.6734292682340449,0.6798153235747081,1.0149932314615613,1.268904101991893,1.4541079078804475,1.4674127983884468,1.467659282103631,1.4924530122884478,1.5139505459830749,1.5613250372263676,1.6487342176531794,1.6610016253077617,1.6656960406997294,1.7444732445325508
247,0.6371792879061973,0.6734292682340449,1.0413569136793057,1.0556004377988568,1.0888890513686458,1.202817328000123,1.3091880697958005,1.6097685038764253,1.6194813380014819,1.6611455912926936,1.67356991665849,1.6822767674529437,1.682860192473213,1.8153118267966608,1.881907730308743,1.897172254556631
248,0.14941624152651786,0.9464919712611154,1.2554540232318403,1.3901300584877507,1.4082368466455963,1.4415127653009676,1.497180688590166,1.6834045584979833,1.7069025279917511,1.8259779077190992,1.8657035040062488,1.972245866665176,1.9771427189237507,1.990334811937545,1.990654019439497,2.0645148531664193
249,0.0553185898964967,0.46409571206200384,0.8090747137342524,0.8694064314463772,0.9351317232417382,0.9653955388439748,1.126164963971161,1.1834230819338607,1.410796940218904,1.556057969685197,1.558334186697169,1.6365663505002208,1.674446840726224,1.6883285483680852,1.732431968572989,1.9841736317074177
250,0.06185252746708479,0.6166555397945737,0.638725440098155,0.7296757820571448,0.8607712407385248,0.9423999649350584,1.037168755377891,1.051880639465359,1.1920511998426135,1.2900803642442764,1.3076915761124304,1.5389051230635016,1.5439714832990794,1.635199445051358,1.6771650616337923,1.6827947500452436
251,0.1937225445982337,0.46988704725919517,0.6492508339448475,0.6718256262632317,0.7476465597639601,0.7892247346698156,0.9714987761678541,1.0421249427295938,1.1116477623415078,1.1794193066322238,1.318790871032736,1.3357861053350988,1.4730444429483962,1.5029994900403838,1.5176092609091658,1.6043332921319076
252,0.38424271092696005,1.3455133884367947,1.441969757265067,1.6305255850928866,2.5036819681239404,2.5198690075494476,3.173348705887998,3.1821537004703537,4.054864444812236,4.341965636537896,4.637791621186433,4.7765802364072485,4.911373676704221,4.983002141841752,5.330791138581242,5.5958675190795315
253,0.3496009221239079,1.2394109974835175,1.2989538507552065,1.2994969015869855,1.5464934604402547,1.837357774300146,1.8450865568051444,2.1114672329836504,2.2537614064626568,2.346901550571768,2.380957842597309,2.401624528324887,2.410013127621753,2.4259693815196264,2.4672279426771717,2.520255050883047
254,0.46512611607976684,0.6780959048715315,0.6815762532141357,0.6984891301074266,1.0710175001922326,1.127085301654903,1.1727354280014308,1.3918175301351847,1.4811094473993318,1.4833229476085776,1.4833732804399444,1.6081149906800174,1.658510127408038,1.7959626051660855,1.9964228433645794,2.0411415330089877
255,0.9613150098576634,1.3455133884367947,1.4156028877002302,2.300552303146159,2.5795192285164132,2.906615728020763,3.089704595879677,4.352329774185888,4.670068121074256,5.400375011692034,5.417069371778802,5.76790923545215,5.835317391765745,5.9651067803316495,6.3024363969143415,6.4457550455565515
