0,1.1410359283715392
1,1.090249933754775
2,1.0813007476505305
3,1.024244305207326
4,1.0514367473955817
5,1.000225136073671
6,1.0419425436500354
7,0.9125709174537378
8,1.0232798221073758
9,0.9942793070926716
10,1.0910792175650696
11,1.0987143333046838
12,1.0649381325202065
13,0.9839669301028868
14,1.1159920266901042
15,1.0621761384180974
16,1.0733575807558489
17,1.7341182634259276
18,0.9939072345573274
19,0.9530921201478405
20,0.9534726913382788
21,1.195172955422166
22,1.0565324076966645
23,1.0087464352432973
24,1.0038328387920428
25,1.2448633737308576
26,1.0098431586722794
27,1.0161118889138119
28,0.917117174410475
29,1.0708002163138295
30,1.0584766026161234
31,1.0132429511019299
32,1.14482141869153
33,1.014356866687896
34,1.3529308137021623
35,1.208248764828728
36,1.0166234806947911
37,1.5681775555811308
38,1.4364406681524027
39,0.9950678903809146
40,0.9984874245943727
41,0.9896087805197215
42,1.1163050124178024
43,1.7675209736970454
44,1.1389272788940166
45,1.030164255762503
46,1.026200931847438
47,1.2119715920757537
48,1.0297828603211419
49,1.0391490580631055
50,1.0874354505648602
51,1.046900936119028
52,0.9455232106488733
53,1.0425539411630917
54,0.969293250052562
55,1.005800939345015
56,1.1476399663242562
57,1.0639220072663769
58,1.002032381158371
59,0.8623561906808994
60,1.1308461525214493
61,1.2768418608953427
62,0.9751459904193935
63,1.014356866687896
