0,1.1206912092574386
1,0.9926507930370267
2,1.151971487728229
3,1.1561794354260142
4,0.9639517023528039
5,1.0269689258958425
6,1.1391367651479574
7,1.493970644473372
8,1.3831856954979902
9,0.9849183161326835
10,0.9248773538137061
11,1.1144255480212482
12,1.1122242512344305
13,1.1711173835705735
14,1.8885885356605168
15,1.5609663378966507
16,1.4501123330644934
17,1.34460560740516
18,1.0311165132465425
19,1.1091290033926589
20,0.9807158429863092
21,1.0723230444158727
22,2.618652508222345
23,1.047632064277435
24,1.0333425287181703
25,1.218091158473165
26,1.1707927446081396
27,1.2506565799212614
28,1.3746726435829957
29,0.9645995948203516
30,1.4241126856831459
31,1.145188077531043
32,0.9849183161326835
33,0.9925184492275176
34,1.081418057056217
35,1.2177921215645306
36,1.3552873062650366
37,1.2361113351494128
38,1.108246967777414
39,0.9193757062932552
40,0.9639517023528039
41,1.0778892773839626
42,1.1100342443726925
43,1.131042674181086
44,1.309724130094214
45,0.9783328148113681
46,1.1556554805419763
47,1.4889184767128252
48,1.0006997698626503
49,1.2943093829930115
50,1.023694083793905
51,1.131026166999437
52,0.9899750187595675
53,1.1308147223475216
54,1.038849192129684
55,0.9504365541286182
56,1.0596390822873856
57,0.9464322855335071
58,0.9983413670772815
59,1.2778712757641262
60,1.2499336038033644
61,1.1206912092574386
62,1.06003483679806
63,0.9398224258940244
64,1.0178259206255333
65,1.0253594110179973
66,0.8817597832331553
67,1.0777872407340696
68,1.6343167953933204
69,1.1669239508809048
70,1.955064776708661
71,0.9456814449993173
72,1.0241902365100968
73,1.1711173835705735
74,0.9993084590439738
75,1.6932847011121024
76,1.1261255961921148
77,1.055495283002353
78,1.0080132997326958
79,1.1042374542005589
80,1.038849192129684
81,1.6680132384206992
82,0.8817597832331553
83,1.0577717395280746
84,1.2897913049744218
85,0.9504365541286182
86,1.0110254643949426
87,1.1293739622838181
88,1.880352085734021
89,1.145188077531043
90,1.0711604556521221
91,1.5213278165731157
92,0.8655221021878532
93,0.9971256843138232
94,0.8920805585041023
95,1.063831058064185
96,1.192248364645059
97,1.1823311383355257
98,1.2897913049744218
99,1.1310915378067703
100,2.1898077604423687
101,1.0785817541895764
102,1.052969891567262
103,1.1316606763917771
104,1.7950553567086436
105,1.1957154936227847
106,0.9193757062932552
107,0.964501009195059
108,1.0669809222538358
109,0.9707065093341407
110,0.9045396558419014
111,1.01033311300173
112,1.4400174309224827
113,0.9707065093341407
114,2.0182409648110915
115,1.0787446109839802
116,1.3051624765671197
117,0.930980664514841
118,1.0311014935207972
119,1.680473300668114
120,1.2002621038131795
121,0.975826580450435
122,0.9188666793768794
123,0.950125082414004
124,2.809060414117802
125,1.373538924078294
126,1.0028783629925244
127,0.9330195527624197
