0,0.18546927105470717
1,0.24345854127116015
2,0.12834481890255245
3,0.14470095533572286
4,0.2302382922620837
5,0.3652963689381669
6,0.11349441310796919
7,0.10679868845981305
8,0.1664550848172202
9,0.5461613623807642
10,0.2671489969231264
11,0.16735432504421452
12,0.22091495443435438
13,0.159166563490697
14,0.09600418152408119
15,0.15976899059458646
16,0.22417161745230732
17,0.31357079074584715
18,0.23785648620168787
19,0.13809162539936531
20,0.2570746829061447
21,0.26324990676407606
22,0.15517382141166638
23,0.31357079074584715
24,0.24854933886096364
25,0.23343870235981043
26,0.15929713970301984
27,0.1533579391832108
28,0.39730285237744295
29,0.22852406762747518
30,0.14507690411238672
31,0.184331123346156
32,0.5461613623807642
33,0.24165100660557515
34,0.2370854317903493
35,0.12840146736661023
36,0.10986585690322169
37,0.17161739206049995
38,0.1762261089577184
39,0.284851685443046
40,0.2302382922620837
41,0.12840146736661023
42,0.29868208073097924
43,0.14959712815158066
44,0.24899732372345557
45,0.2810104553952578
46,0.19896641056008998
47,0.13449899934080548
48,0.16318292331052986
49,0.12660795245189974
50,0.17161739206049995
51,0.2876397443151373
52,0.19374035918903193
53,0.15706691173758872
54,0.21363889528359226
55,0.33154733779187606
56,0.12714961174049821
57,0.3847006125731582
58,0.2835501017477078
59,0.12099680012876339
60,0.15209291636789532
61,0.18546927105470717
62,0.2662933978888262
63,0.3874062482148196
64,0.1608989814316728
65,0.23785648620168787
66,0.32611780320949024
67,0.19231910721935874
68,0.18562716350599764
69,0.20902576277914608
70,0.10825621761962721
71,0.30434150018834033
72,0.2366296391315537
73,0.159166563490697
74,0.16364785650253685
75,0.14840366238306169
76,0.2142700730765353
77,0.16035350351175792
78,0.24305652552931445
79,0.25564152020891107
80,0.21363889528359226
81,0.2116030583758775
82,0.32611780320949024
83,0.11349441310796919
84,0.1356341271312319
85,0.33154733779187606
86,0.2769381386117601
87,0.19848694268586364
88,0.13690062107406178
89,0.184331123346156
90,0.15875470734267763
91,0.1571437543199444
92,0.1771555221489947
93,0.16388645130426907
94,0.16124594959975413
95,0.36288979106934177
96,0.23891975354300313
97,0.17975002579644583
98,0.1356341271312319
99,0.18603409219330952
100,0.09323154681237056
101,0.20487342857430973
102,0.21431322202891478
103,0.1533579391832108
104,0.11790606742953688
105,0.31474988037181173
106,0.284851685443046
107,0.2142453085320846
108,0.25970175849899174
109,0.25265901520902967
110,0.27356426479973656
111,0.2499202869954583
112,0.16782388106902305
113,0.25265901520902967
114,0.2665312709194487
115,0.1256108824622048
116,0.143854513333593
117,0.1790010434153297
118,0.529687296364825
119,0.17295116755767503
120,0.12834481890255245
121,0.2483574140351618
122,0.24562793708298128
123,0.28062937878865774
124,0.12498060295494688
125,0.34344283886651183
126,0.16294637110218665
127,0.2851491370321599
