0,28.75209268190346,32.261033018658544,33.12729127321242,33.41291886701144,33.95768979998155,34.04335292181545,34.29146702515318,34.42731773600475
1,18.47389053485109,21.900254084455362,23.82931388467749,23.974495573876993,24.1456569997064,24.82046169135308,25.240355543837236,25.363635273133166
2,32.43202176723775,32.675566879938955,32.90799198259864,33.01105719152294,34.5024792815275,34.80466624776313,35.438639665607276,35.90640299232821
3,30.68271357512818,30.78972762236625,31.024348164559356,31.027729239182126,32.977394147018906,33.969828325703816,34.67900312499082,35.449921217287354
4,26.42849532621613,28.576259796505322,32.49666471292568,32.7222660266534,34.49527267579966,35.324499378895034,35.41764845175146,35.851392100375406
5,35.72004917907174,37.44375659543687,38.37123956168047,39.03977859685349,39.10101979647507,39.35646903286626,40.407551455782716,40.637976163003664
6,26.774533696721676,28.87916507224964,30.635545431761432,32.49340579184278,33.07263643004293,33.131028358680254,33.25789309731061,33.545333442748706
7,24.58984736613213,30.0424070822806,30.792421615962006,31.16433216662177,33.290627159928036,33.3549744676467,33.54330599727297,33.559875796715225
8,33.26460398767268,37.478677518381566,37.76524067336759,37.9931901233619,38.16804119982298,39.39573552688471,40.47539392508279,40.840957309502095
9,24.58984736613213,26.635159500321034,28.080221160382152,28.23578227842469,28.360442226619657,29.13747515359808,29.849522855699874,30.890788438916925
10,31.241190614145626,32.37611324304304,34.636454301851415,34.9948846749322,35.09518599232843,35.335985836361246,36.28167330830434,36.34134327815897
11,23.173410908925327,26.173326197828224,27.86250194118103,29.77720543586213,29.865208386946172,30.20161181370402,30.285938833649457,30.29012922841736
12,32.72722624645902,33.191485019268896,33.36293665719958,33.76017226234404,34.15122252962411,34.502926345868396,34.742356400560865,34.8724522170324
13,28.467533730289865,29.44911639632489,30.2437089970956,30.348390231539426,30.91553215444713,33.12105026131855,33.29515397200706,33.317325464461575
14,28.452170561599324,35.66385959846921,35.892197769925914,36.180674260561055,36.36109172523927,37.146657382982625,37.729314796154725,37.73321622373945
15,26.145855320114045,32.25429136881703,32.78485007408927,32.94263941051266,34.8025230255759,35.388771342688074,35.97608051656833,36.339429406877315
16,30.154434419161376,31.293728166384383,31.415582109613457,31.55070705783561,31.903767421115738,32.04626888179983,32.34819975323417,32.86329941934706
17,32.050256070222204,32.756327915548596,34.918656219347326,35.45007706323742,35.77804822934554,35.958143157817894,36.02298842459403,36.058626818699565
18,24.85512104748344,26.088819667374015,26.32389673503209,27.273276711701826,27.393849071295822,27.537155037739176,28.02163605699885,28.086566340900017
19,33.49911265441668,34.132039400102585,35.06378524839448,36.47963234613426,37.32669749244332,38.163262413156374,38.58926013592216,39.01028010058492
20,31.45284714119415,32.72722624645902,33.180885355925895,34.0146046914856,34.38445350482885,34.696698074984866,35.98193749470178,36.00547131288505
21,33.5201562766347,33.57241319421392,35.24556593233753,35.31068322939852,36.627814099148765,37.613591363301595,37.64407296004238,37.889066558187416
22,26.17951515361958,26.790161098896412,29.326409563602322,29.410061078657705,29.55227050576594,30.550720585982106,30.864715251170377,31.492022188986653
23,28.632287781097105,29.142909315280566,30.147833566614306,31.433155697552962,32.511085624895784,32.64407910814074,32.68024018741447,33.43438398886308
24,26.577170834610513,28.05078952351131,35.32291636656405,36.71960704947733,36.767491832172716,37.21299176685829,38.469081360247905,39.050752256550226
25,30.020407424826427,32.10965982036304,32.490144967102566,32.50828941884654,33.96174756504596,34.009641999560856,34.08656036818468,34.490853901954225
26,28.795820946964728,29.074976196243696,29.24396336235065,29.35875123714196,29.814507684842475,30.370880606193857,30.421451670790656,30.42363346570513
27,28.73442004677261,31.482811671328786,32.40310894491237,32.5860110254219,33.05474531213131,33.23966728538984,33.97345369397342,34.267056274413534
28,28.22821903841117,28.92728463634828,29.140917616319438,30.800567512889643,31.28521671437234,32.26376049092603,32.46067714596929,32.811545937398655
29,31.80773641825973,34.42107183928604,34.692264718427246,35.03970015322578,35.048526676888024,35.17668051823267,35.50464580165441,35.70100486999568
30,30.362402218253287,30.417641844084688,31.118665205502285,31.72077294118423,32.594125652338796,32.782805551655436,32.926770602512924,33.3377364754757
31,26.004614702914882,30.933899968381393,32.913180903408715,34.01479113142372,34.022298665191116,34.186990956070886,34.666300818883286,34.75039434584818
32,32.20280457211862,34.132511079029385,35.089276501640825,35.191253539378714,35.282521415232495,37.83484346150587,37.83877763462171,38.094965939343105
33,26.661906752517567,28.811604508411527,29.280923227073878,30.580498577306738,30.797516228198116,30.809624874645195,30.83631150054481,31.59786058740261
34,36.294189520346194,36.7800701157712,36.8580720633497,37.26957086020236,37.35387234004406,39.24548491097303,39.415231254746836,39.53850183747172
35,30.572643694699728,33.4385342152776,33.547297491853335,33.94609719599137,34.23293283242656,34.64450101583327,34.72223263665421,36.03609320024874
36,26.675728163535844,27.87181837974379,29.481879775727236,32.11768599493649,32.477557282778264,32.49959756316908,32.65901262009998,32.78231363913311
37,31.152963191495743,31.256789812788035,32.03306229989033,32.78342649627304,32.93206746385168,34.21582043216033,34.62384103139919,34.692264718427246
38,31.06770142790861,35.9525177909344,36.061100441270845,36.29872710621952,36.56664312219513,37.18344687540653,38.11731502457433,38.2059745082773
39,30.73178909243872,31.945640988651032,33.35036770686424,33.37314380911383,33.428742018762286,33.57400024641406,33.8680202009432,34.363852434582
40,28.09100000373954,31.59678643574001,33.11557692383944,33.49556150496016,33.760347872558484,34.050705084870685,34.23607850695722,34.46528469360435
41,27.688629413032753,33.08081218841856,34.33831420880977,34.44127576841472,34.58917477157009,34.82304139931198,35.145706471287156,35.21475790552517
42,32.57073893316672,33.4385342152776,34.42107183928604,35.33062607361412,35.548080305011325,35.659495694768516,35.86552798056091,36.462226442031536
43,27.866356529672164,28.802902964426444,29.04663939772533,29.366261044144142,30.61938151014705,30.675199778390112,31.339148271725968,31.98994413879686
44,33.76328357006429,35.25728657541477,35.53448821569217,35.69774099562586,36.86596140426709,36.95220393245402,37.008970394940974,37.017750385889144
45,28.301568556947785,29.126901832383425,31.173990386622613,31.600188120354904,32.72831936986546,33.19877887883911,33.288306434074045,33.50997363934678
46,32.78231363913311,35.34852426811591,35.700242388301845,36.43465286692708,37.12876231193418,37.836066133891535,38.450772739688226,38.5752725457385
47,22.210377069876348,25.394058547909715,31.258148437132856,31.27307032351366,32.43832509337812,32.619628925807106,33.51099003913506,33.75627366954158
48,30.572643694699728,32.061890437566355,34.32964083974124,34.424381870635564,34.882074365276445,35.068853007010816,35.20383591421769,35.254063686503656
49,28.360442226619657,31.601514264271025,31.661581595203955,31.86338535142041,32.53027177960309,33.314804557354506,33.71380124527189,33.85455615705776
50,24.445396215183468,27.22472075998436,27.317049071907793,29.677200001814775,29.825763070179796,29.86260321537827,29.934244985529034,30.201080830449545
51,21.318328198562163,23.216591557625254,24.35878004884869,24.831305286172427,25.23056920197301,25.96027328726529,26.10022760556826,26.25296058390596
52,33.94598351241304,34.011265893263925,34.14418029312128,34.497892188081956,35.39630200167472,36.078336376447,37.110700855627144,38.01204293002142
53,21.551613347800515,25.130829604620885,25.288052219388792,25.363635273133166,26.20673665325787,26.25419713797033,26.772646289922413,26.780724581731057
54,34.76156225854526,35.715190338020996,36.3348781935361,37.798300319454974,37.98255394154743,38.01212636204551,38.63846115353037,38.74112643441433
55,23.53669584468747,24.616139608279607,27.016854816974053,27.23054474541617,29.86589188367587,30.933899968381393,30.9877148677701,31.193635979367915
56,31.227108558960442,33.148098728884364,33.82716585485596,35.28913185377862,35.32386691748506,35.5742883834564,35.97827370763641,36.31933193542492
57,26.125965637751605,26.25419713797033,26.727034597336047,28.48040088064571,28.698585416862926,28.726896144817772,28.880757530532293,28.95839185357244
58,29.74883452900654,30.01434139259449,31.506307353312117,32.4906879673329,32.79403294479172,33.490967909672335,33.91766601877865,34.38445350482885
59,31.002647926878954,33.907934877090604,35.503104865337406,37.128540910304444,37.22437199998243,39.19112998036116,40.12533845137358,40.15462961208393
60,28.774003532296856,29.669091391859173,29.871803616499566,30.2437089970956,31.407956110696155,31.428464497059633,31.945640988651032,31.982709568445358
61,22.439880206429027,24.6182339449373,25.288052219388792,27.29319687415908,27.317049071907793,27.86858473563729,28.032431553869174,28.12543516830949
62,29.92790872897597,32.160088908979525,33.3377364754757,33.566529014245845,33.62653519775288,34.421352345592695,34.93546077909367,34.985255606204554
63,26.50527183547052,29.28033465799141,30.433192181696043,30.78972762236625,33.40979899592393,33.42162248175943,33.44202985397359,33.51919469133097
64,33.26902154250127,34.82696786894066,35.99726041318253,37.94401143077484,38.54594277874069,38.78886210701394,39.16919358692186,39.24477495904644
65,32.84520896392124,32.917932530570134,33.11686822408026,33.137049840901696,35.08788436453901,35.119294404075234,35.804115864879385,37.46010167537443
66,25.82616728769583,26.235097537577627,29.508793487774188,30.69570508302353,30.73178909243872,31.277629956165786,31.429568902484625,32.644840565471256
67,33.96174756504596,34.18045464240734,34.88003236402812,35.038073125686864,35.16750690654362,35.72238578460465,35.82199084515145,35.8858996868666
68,22.14232086457687,25.070517793233225,26.191554195027273,27.772473231356507,28.03120091295056,28.375167177422625,29.43039005433093,29.51384173114618
69,29.834376529706258,31.506307353312117,31.61079746248718,33.34247424065155,33.6101400239476,33.688029453567175,33.775386258156445,33.845424870393344
70,22.94197999474677,24.170265444821172,26.392908833699384,26.842839321623256,27.04827700015368,28.133128828441098,28.616141916950166,28.880757530532293
71,35.61631689268158,36.006327786549726,38.23967955201189,38.48333418104962,38.773869387378774,41.47496900378132,41.5181146213775,41.54437356386869
72,31.42086177546881,31.87136648783878,31.92903567485581,32.258483762080246,32.48874850570607,32.56542013170133,33.99931971456298,34.234035631976205
73,29.224392886416364,30.052226718748535,32.756327915548596,33.04715123875592,33.16675531795422,33.388751718148214,33.430752832120085,33.62376511160093
74,23.47684521744059,23.974495573876993,26.3087548608164,26.829204779216766,27.025119728739366,27.611470771200057,27.636046979545693,28.089357177049212
75,23.47684521744059,24.294438046009535,26.32389673503209,28.264463777426627,28.498763285290213,28.507939841363452,28.5416277022229,29.070087314641764
76,28.15434933705229,32.72831936986546,34.92706882877489,35.67170220661663,36.034938476242814,36.17142552157658,36.25959720180778,36.29576370378446
77,34.79843024699541,35.241801601861496,36.09529988930764,36.237683323995235,36.41557727944293,36.59841049108753,36.99317844555803,37.856138431369736
78,29.44737928310126,32.49666471292568,36.50466737725502,36.82078124870661,36.96040183060052,37.242782225761765,37.522096454796326,38.29685584028035
79,28.154101972334573,28.264463777426627,30.47806351283913,30.949731893223127,31.138806797269844,31.15270432719347,31.784975027924805,32.016176983921476
80,26.7223910633588,26.987875574847276,27.554451260280022,27.907376728135414,28.675727686241448,28.764620179446293,29.18757831852384,29.27386770727044
81,28.334178796570235,30.17437362267638,32.18885376519301,32.8639548268216,33.02103756127591,33.2663731529528,33.322026602922804,33.439703734323594
82,26.475352281460033,27.86250194118103,27.915788527795524,28.379184527457916,28.903843284417093,29.835482971644222,30.362402218253287,30.49504047792345
83,32.047104856652076,32.21917638326259,33.21237778510861,33.312844302478226,35.50537760052918,36.06901479049783,36.50395113398521,36.5556708905945
84,25.900959766734182,28.55556892127873,29.292139250821233,31.326949948659305,31.494389220573137,33.12105026131855,33.970480103176556,34.060849004292564
85,31.59786058740261,33.23966728538984,33.26460398767268,34.066293195043244,34.423131764157624,35.99799714493708,36.308083919962854,36.5366330422485
86,36.53643786052944,37.4391264008711,37.54652791274267,37.88098918070205,38.48171744779107,39.00734678242091,39.152944882719886,39.21184593771241
87,33.448005037100295,34.32129492785089,34.67731547245287,36.217544054897026,36.551521993794644,36.9290444584491,38.067903491012956,38.402091130905546
88,30.019170865324526,30.166700656373774,30.41757478775714,33.67288208253839,34.582579361955396,34.64450101583327,35.32518793921602,35.39630200167472
89,30.962244660159413,31.754843968352738,31.913288990765587,32.016176983921476,32.770286702611685,33.39934942656571,33.49556150496016,33.566529014245845
90,29.871803616499566,31.562325420028067,33.63486369914213,35.01781016440503,35.35848070206394,35.45302298902893,35.50464580165441,35.76893918383657
91,28.811604508411527,30.14117093586579,31.724598288644206,31.903767421115738,32.477557282778264,32.598694001558016,32.93672207703822,33.49911265441668
92,20.873325923383046,24.593418244673956,26.685435097837676,27.22472075998436,28.753313186899746,28.84944737910129,30.208222572327422,30.38175690969428
93,29.666891517731646,32.04902641796883,33.11686822408026,34.267056274413534,34.85893890218311,36.77356449653114,36.80328593054053,38.08514563795908
94,30.039019263293607,30.08207409180239,31.90889140460888,32.01127223244003,32.57751099024717,32.62203082547827,32.673628279736725,32.745536567808436
95,27.971951398441032,29.622225146399835,29.993997360561853,30.395371275027617,31.36199140939914,31.640138616049256,31.79220521024313,32.39187565965068
96,25.182232547618725,29.814507684842475,31.349943187981584,32.0349787912024,32.432040580767676,32.65037824250206,32.78371207652464,32.99432696240161
97,29.903637133911356,31.664083038973903,31.91704880389285,32.21789221394753,32.90848941924754,33.39622259707662,33.7740272880097,33.8811498931046
98,35.354452321318504,35.40733444794563,36.412615776726234,36.54043801520305,37.660124130083226,37.961156362179,38.38179011030202,38.73866677796214
99,30.26450293150735,30.41757478775714,32.21579342777195,32.27540267624901,33.443091812680336,33.57121849108399,34.424381870635564,34.43596883921729
100,26.82256087967876,29.745707895837125,30.140775991066093,30.44802935283413,31.591018065534932,32.49422625825351,32.80515869775317,33.380536827229406
101,27.017986164972854,29.35875123714196,29.76458747817326,30.29006670362835,30.3404605122963,30.614244574798533,31.269105677157906,31.6511264814847
102,28.831584331941528,29.097154794865993,29.28033465799141,30.03833755299514,30.38175690969428,30.502117829380794,30.697528526397196,30.85985148229922
103,34.97565987363225,35.11792463893363,35.538725126330014,36.32207586107028,37.42479249804911,38.58476687651262,39.10762572748209,39.39634371816242
104,30.867071924230448,33.48637847863515,34.37696624294729,34.58938101739236,35.07222570202225,35.26179235351345,35.397237866882115,35.72238578460465
105,28.907540272200894,29.18795489534346,30.243905250719084,31.924277434139608,31.987243802188644,32.4417779596233,32.53891831584282,32.56948023392527
106,27.02731308910768,27.12897692047236,29.105121922587188,29.656787172832676,29.789365176216606,29.87229342438312,30.0401221014675,30.32747665218498
107,25.850065516401713,26.790161098896412,28.768821024872896,28.795820946964728,28.86566735561255,31.58809110502475,31.635868790978623,32.20351387572831
108,34.132511079029385,34.78518714770092,35.331855949447615,35.33488183364014,35.67103889527264,35.71227983795303,36.1368777902747,36.2057974331459
109,27.783989938614038,27.9717860399775,28.743676739999447,29.80746819034531,30.728186124798732,31.664083038973903,31.709137129359103,31.984412457900994
110,32.62154439361677,34.880972724768874,35.0023167927188,35.41504626449385,36.009185627770414,36.51595493118119,36.53407925447429,36.61412937871107
111,31.01845930064962,32.35542268927662,32.48441893352146,32.925536198416474,33.569654901760785,33.96911790393312,34.24817951409119,34.49339188589339
112,25.102295682088926,28.899690408928567,29.054666230237505,30.349966802844108,32.047104856652076,32.21162070278634,32.5998878442195,32.73096103288161
113,28.81684341311899,33.77804123497266,34.39354243883936,35.097953105745304,35.7585920220512,35.99799714493708,36.80442866470544,37.23478671319178
114,30.89562587226254,33.23210031588415,36.06634563091007,36.631186016026525,38.10977132349165,38.36500728972417,40.54689664077475,40.63738745692173
115,29.74883452900654,32.663028449181375,33.775386258156445,33.815039666578976,34.00581750224447,34.990672817691774,36.294189520346194,36.445579037490596
116,36.652198168388146,37.06106100919149,39.31814111934765,39.66319931281596,39.83231527995769,40.984299286254824,41.18558903346999,41.83234146159638
117,28.26980661969874,29.68544479348367,29.750659936474168,30.100291510555635,30.97189033025481,31.525552192808444,31.80487223491675,31.863723688919197
118,30.743366825732288,31.296560160479306,31.41451238616655,31.84344658612613,32.79403294479172,33.15257383530515,33.44527623162923,34.4354184351768
119,28.98914093071789,30.08338081250015,30.08486361001823,30.20026087002114,31.7680049908308,32.21992510501721,32.78485007408927,32.80586099852951
120,26.905337690060165,27.59476053934087,29.566602358133615,30.219004003085296,32.638763770063285,32.721996968463536,32.9563284120102,32.960089184647295
121,34.317760313808655,37.01639479291416,38.12456487393691,39.29425072147098,40.12448145110392,40.41077876262951,40.50833940351609,40.73214186162373
122,34.623936450735556,36.45742666813767,36.537166879509556,37.237179547883116,37.36285298317554,37.52761968597007,37.82552880826676,37.94401143077484
123,31.033564657143824,33.55020269978676,34.7259105012512,36.542311084290645,38.02603921195192,38.46471666947381,38.61218473292671,38.670190855561884
124,34.48499812278081,35.59409898506645,35.80346738501919,36.5429439712838,36.63025659900879,36.993192558929486,37.17933645606644,37.21917154488201
125,27.263486147350676,28.288367028041815,29.449568851654412,31.296560160479306,32.11768599493649,32.29556586357638,32.46067714596929,32.53733604048754
126,26.324840523202965,30.88838757544001,30.949970861688865,31.307906279230018,31.540742526719004,31.662931591241673,31.775738122765016,31.884711920196896
127,31.89796239562499,36.04310235859598,36.876367794583096,38.57557053517209,38.95781707587446,39.04933390292555,39.38244402802677,40.01945898095358
128,26.50527183547052,29.75433175672992,30.697528526397196,31.665341206492286,31.792491930684683,32.31400148473932,32.78709535256043,33.27128324589012
129,31.708666786495638,32.24828503873573,33.43713909408032,33.64048387095212,35.064186183726875,35.54223341311646,35.91228913007213,35.9410474628364
130,26.175069018452962,26.233023000367645,27.87092532044517,29.7930378334658,31.83667061583675,32.625119158041365,32.644840565471256,32.77542867702691
131,25.839635847297288,28.334178796570235,29.344912687951094,30.039019263293607,31.56084411717186,31.80773641825973,32.95828870889598,33.70768987328891
132,27.247496676234228,31.033564657143824,31.89796239562499,36.48609892966987,36.83728763880244,37.569458837094814,38.124745700130845,38.30885623732209
133,29.622225146399835,30.082610732884575,30.94672844741065,31.88614174905172,33.16169578003197,33.349544475677774,33.46445199559314,34.7154902496523
134,28.268438568051902,29.7930378334658,32.01127223244003,33.581041753441475,34.524609540305235,34.80803909657694,35.141221823640834,35.64698632342846
135,30.049188803749594,32.93672207703822,33.62903791346482,33.880848075200184,34.15122252962411,34.81100371767501,34.82431506596567,35.86110654571011
136,40.00590805375544,42.75771723448398,42.79003002106549,43.256837627012786,43.75113664820459,44.50173499338364,44.997118664673,45.333631956776294
137,31.714782284742892,31.782982859344248,32.5812655616063,33.090277497539795,33.16920827172971,33.61090490451603,34.47574536676539,34.496541699448024
138,27.258223983828522,27.592239187753748,30.42860257950177,30.64602214480352,31.024348164559356,31.4650696915976,32.34353137742311,32.48874850570607
139,30.56175864182857,35.48927787562727,36.071337186209085,36.4077549238495,37.05814455753685,37.063017165867606,37.12274469700375,38.05976535286765
140,33.84744138328528,34.63079930129479,34.64645765710075,35.81318084383027,36.00591384945908,36.51443955974877,36.925159901544845,38.67804368624691
141,29.449483270452987,33.377921014632115,33.69767919758506,34.5896480221664,36.4497519679208,36.493667911428744,37.177336174467975,37.717267321756985
142,25.644697165556558,27.67042584323237,28.76719825959418,28.98914093071789,30.251412704427356,31.364807474924532,31.747293862079225,31.77319024909121
143,25.10491608996296,26.60220949488259,29.03337365139538,29.93566796919393,30.4328078517682,30.663027211701905,30.72441349361456,31.107163532485878
144,25.394058547909715,26.949451614616187,27.38030971030103,28.333234325348087,28.961950879575742,30.329279568711666,30.65174163868562,31.173990386622613
145,27.661699363102876,30.792421615962006,32.37190024714242,32.939656715504505,33.12440645545051,33.28465498876646,33.76179014624436,34.03859022580527
146,28.92728463634828,32.51016791444901,32.53733604048754,32.54211024917784,34.77182367381252,34.96981132834961,35.24485008304339,36.319427667878166
147,28.55400501577234,31.907367744229006,32.1305530988821,33.17762060073763,33.4506706203386,34.36669666434366,34.921857180655266,35.177713005741225
148,24.67366763193357,25.561419831376895,27.763323748446997,27.971951398441032,29.315537917093963,29.93156375258474,30.080831784489984,31.30058510355392
149,37.40634710569615,37.64453753986161,38.063827877103876,38.733571426974684,40.472697188847484,40.686758077434504,41.09100648347517,41.621431146001704
150,33.75718073970551,35.18244056624545,37.477720823841125,37.5268684765909,37.93944997155034,38.02611645067173,38.8306498260182,39.31574793498383
151,34.45143997424383,34.62408236346616,36.12951085488677,36.6161215532921,37.844391662397086,40.39331660247068,40.66825423888494,41.72640237768702
152,22.94197999474677,29.080733169092838,29.346370226217,29.37595646232008,29.621685733846643,30.332291398271142,31.665341206492286,32.07833627555881
153,35.27692528089091,35.79837960013164,36.390498066225256,36.952516794122076,38.060934514443396,38.574641315348245,38.78205456721615,39.0981528861946
154,26.905337690060165,28.40019045167869,28.80691938180678,32.082148022608536,33.34469839373594,33.5298200037512,33.66595437244624,34.269218233565915
155,26.088819667374015,27.333557702642196,27.90161510194458,28.154101972334573,28.62777502709364,28.73611244097455,29.097606074878804,29.65497266215886
156,28.15434933705229,29.819633639715097,31.86585290013109,32.01878663396397,32.05842399568903,32.36377535943202,33.73243078384691,34.03905745471891
157,24.895688184931156,26.48148263217452,26.577170834610513,28.854488923338184,29.941690584224144,30.528315331061304,31.40814629168131,31.62943535219101
158,33.549165070410766,34.82642751326232,36.93636933472579,37.70955470963276,38.01789903815097,38.478691398003036,39.43132771423389,41.39833505683693
159,29.440743756053784,29.45086932574417,31.241190614145626,31.96968841669768,31.97075624876751,32.00270940761798,33.4104018356938,33.554655830657744
160,28.518999775721387,29.204942071603462,29.784814993410112,30.201080830449545,30.64602214480352,30.663027211701905,30.9335468545194,32.02273542648246
161,24.564436089165646,30.477602596192185,31.104878316178187,31.675316752652744,31.747293862079225,32.0349787912024,32.3138908386168,32.37564676633332
162,34.700737654095185,34.7384907249853,35.95313060388656,36.756545440912554,37.76821247345672,37.94478006728539,38.25005488771986,38.2548849325262
163,34.666300818883286,38.06495932363463,40.266153317049884,40.50089964569661,41.248743782716694,41.52094788818591,42.09410983493122,44.60591551943366
164,29.9183128674622,30.05896016506695,30.917141203243865,31.689659098589562,31.778302110593355,33.04223736175415,33.379985136964166,33.91459343362922
165,25.86223517723877,29.409375070774903,29.45507890019207,29.730280470978702,30.08486361001823,30.925139285639638,31.92460180718339,32.62249742788974
166,32.22948591659821,32.46949092729881,34.36857005281554,34.75919908737795,35.10624472881022,35.43872597121968,35.81566423003012,35.83252430068368
167,29.340763399246566,30.97880775768722,31.299616483205345,32.4417779596233,32.95786285807638,34.229128442077254,34.57687585935479,34.78240266305054
168,30.097417399307435,32.10509369506691,33.98308757598412,34.46790395645882,35.212041743679286,35.297824714739384,38.55442595981643,39.099281166221324
169,22.026389235215753,23.216591557625254,23.864694056447036,24.1456569997064,24.925345112689833,25.703168925619728,25.818941731122994,26.3087548608164
170,43.28016506359297,45.001142069472905,45.73431461406392,45.87529871180446,46.2078629856198,46.45007821146792,46.55180106052895,46.81465078151785
171,26.661906752517567,31.772761929297005,32.39876418510042,32.41770172549029,32.73588575423797,32.90532484069685,33.064095635711666,33.19744832369416
172,32.7996336170586,33.448005037100295,35.08423524931476,35.56491400382326,35.5740621555428,35.81167046848187,37.99277321434991,38.0609932438755
173,27.781376117364026,28.606187659783984,28.675727686241448,29.07879934760981,30.069360117670627,30.09906544990878,30.27707261680833,30.684476065928116
174,37.19614790895486,37.40114865185771,37.93362873192763,39.65958659183953,40.2058528297447,40.23264880548019,40.58212007126828,40.82567894454811
175,29.94379367049844,32.00263127619793,33.89170168437633,34.16296577608486,34.174163237445015,34.200897603263975,34.37696624294729,34.44511549904322
176,28.5215373765299,30.815457052262516,30.82657345736782,31.385313548489627,32.15889219232257,32.77984904582155,33.4053334676582,34.24128647776835
177,34.10840130742224,34.82640180629441,35.057332716149084,35.534885584793024,38.152839654890954,38.217608429053016,38.728742254150355,38.9892559123119
178,23.007347465463525,24.170265444821172,30.59307146433853,30.646339306380952,30.715312824445398,31.124956695393728,31.505630388861604,31.804309857467235
179,31.152963191495743,32.46190148487187,32.73086896217064,32.799293237751,32.95764645739682,33.080576854546216,33.457783975431795,33.806027808287475
180,26.675728163535844,32.91038672849392,33.55266704456791,34.023591770173525,34.29683693007141,34.63754534035447,35.122350831097805,35.44819194764498
181,24.142523156767414,25.77390084931113,26.177937184857555,28.12543516830949,29.277727579701676,29.81432256577924,30.107644635321133,30.758058771325516
182,26.06970052304676,28.63531660628208,29.07879934760981,29.84604493700237,29.918012884054328,29.935272016866627,30.082610732884575,30.11875965792277
183,28.114444986455467,32.79247345209897,33.76179014624436,34.58678824802765,34.82420781342602,36.7992992199041,37.65240702073713,37.75903755829124
184,28.004624661014653,28.887433170796488,29.250211806460175,29.77487360934091,29.81157107947423,30.91553215444713,31.193635979367915,31.428464497059633
185,28.288367028041815,28.617611884348214,30.743366825732288,31.51601987102387,32.49959756316908,32.79533776663823,33.583418369155055,34.00881688665854
186,28.523695370066594,29.39313495716955,31.869922573333096,32.8567651354745,33.295225447971525,33.67482661494474,33.82090713444689,34.438655664342335
187,24.6182339449373,26.01214559091256,27.15816045742497,27.251439524399142,28.827780497268115,30.068966264131333,30.07407202127958,30.967955597276397
188,28.845048473364592,29.77487360934091,29.86589188367587,31.139153578700366,31.361553623498658,31.83667061583675,32.10281153736936,32.433166525508966
189,29.33587133267341,29.45086932574417,29.814179344494733,29.9176048502105,30.49335389198774,31.014426101292262,31.658867084161848,31.829272140893515
190,32.061890437566355,33.547297491853335,33.67482661494474,33.74586889191878,34.471290323923014,35.48324912882828,36.404720618248795,36.97311462972344
191,30.121461363517632,31.407956110696155,32.69562972981744,33.49774753762597,34.10400418585631,34.54090658028632,34.59085498977696,35.458124668996575
192,31.429568902484625,34.217540657920615,37.75098716822478,39.32593013270297,39.936451645553255,40.92527581826273,41.09392252214795,41.63667861489737
193,29.746877210288527,31.45475679831102,32.23072803684184,32.27361423156868,32.59616837603079,32.77542867702691,33.306581801599755,33.436057934232124
194,29.508793487774188,30.704447133004184,33.35036770686424,33.515198455753776,34.69511883325615,35.10260221811343,35.396091689151525,35.42732104304852
195,26.06970052304676,27.781376117364026,28.512686943978498,29.445230157512484,31.984477090083857,32.02279016546764,32.556750283599825,32.75427258785836
196,32.70776705157592,33.01942392073972,34.5096942589057,35.872551816657,36.13221641790258,36.14024421464721,36.2747225225856,36.46063926623549
197,22.14232086457687,28.653951484860197,28.737551460321797,29.174880039627215,29.467029085782265,29.697923312279922,29.915777009974097,30.49949163046623
198,35.868011255849574,36.682776475929764,36.887013225038345,37.2871783219298,38.09020254950487,38.27982892781511,38.71278864740005,39.26184115445254
199,31.395677032819165,32.27391702254974,32.40490742131814,32.51023048625529,32.54211024917784,33.822199041336376,33.97344264436577,34.02998412031484
200,23.788505394309908,23.864694056447036,24.68494706111475,24.831305286172427,25.070517793233225,25.661477579050345,25.859663877388584,26.57613066619697
201,28.337432503082102,30.191075276112784,30.615026433927728,32.43202176723775,33.71776088667299,34.03258749305352,34.15576608069511,34.28981681949346
202,34.650438662401434,35.21475790552517,35.763326094503626,36.68773695308829,36.70469645678828,36.98935643386564,37.640945554965754,38.91683002108012
203,32.23072803684184,33.832317391718945,34.7259105012512,35.216763998287625,35.480658523216775,35.61903606037706,35.78601059492526,36.42734294775975
204,25.828994588059178,26.125965637751605,26.574211325339164,26.95723279613699,27.256986422381676,27.346988897366145,28.048696859514333,28.069886977644238
205,30.26754893091266,30.291377713721165,31.88292017600263,32.21673417364923,33.31179745228787,33.92402922403064,34.06716211915201,34.17633505400193
206,25.96027328726529,26.173326197828224,27.195353188733574,27.818166780101933,28.379184527457916,28.491785588121775,28.874188706865365,29.842632697217596
207,25.921245925667236,30.795147992208303,30.967955597276397,31.90815975464622,32.17251806483617,32.506186679440226,34.127368009868825,34.152983003322475
208,36.695460295605855,36.86386411890575,36.98601176562005,37.05620636178812,37.27641242834493,37.77914672866602,38.34542404571279,38.7152709278231
209,26.570308951702305,28.23578227842469,28.337432503082102,29.512657617154822,29.76458747817326,31.118791076938763,31.401566748854574,31.73046665659381
210,31.8888267989799,32.65158532248613,32.69782572359119,33.064095635711666,33.20814016863832,34.060849004292564,34.17260955568492,34.918656219347326
211,30.297617750415476,30.726927829276253,32.31758965099453,32.35542268927662,34.20330890700884,34.48989258865177,34.4899468085554,34.61130022429054
212,22.21707183331478,25.240355543837236,30.03121342583345,30.955384771781606,31.27083854427746,31.27843513281117,31.31930001673596,31.395389928396497
213,24.616139608279607,34.383113384980625,34.52303409998742,36.14654329983703,36.62282255306278,36.72869415476625,37.0556967896725,37.06932079229695
214,32.28807419437509,32.396647558068494,36.157548105493326,36.410407544909695,36.99139169801653,37.43311232498462,37.526832893808944,37.52696207298953
215,34.42952055177404,35.149129955957875,35.5742883834564,35.68223047638282,36.07870805774674,36.43638942258852,36.48429275916172,37.33265783253924
216,29.440743756053784,32.82539469763841,33.40461686708311,34.21677981565671,34.39354243883936,34.42147785234181,34.457926284919665,35.16689655524249
217,31.96199723879007,32.94601454252245,32.9479902101112,33.08323195129364,33.16421125339284,34.63252397472186,34.72656761177184,35.14862740928966
218,34.69867370602497,34.93060699834312,35.379474898003764,35.40159762979778,35.53390978858359,37.90834052949845,37.9931901233619,38.65041430840446
219,29.344758516699965,29.409375070774903,29.599251809444226,30.0424070822806,30.191075276112784,30.362648299638533,30.370880606193857,31.401566748854574
220,28.320068571974332,29.834376529706258,30.797516228198116,32.418243250885716,32.82539469763841,33.04715123875592,33.17246495912068,33.36293665719958
221,27.694832608063155,29.169574486864846,30.50221699904847,31.551626008390734,33.009909398758225,33.15466999115366,34.97257415039629,35.48806143169924
222,33.562197750941976,35.67989491624975,36.16104583359004,36.80157601222434,38.98147851495641,39.13598495561815,39.24265497726329,39.92314071679599
223,31.299648116041684,35.52399545005243,38.16463712705458,38.19737768830106,38.356605473476904,38.852039181740054,38.93597134277989,39.15626889139015
224,32.40490742131814,32.59137948434646,33.65710414884019,33.83407816256277,34.42147785234181,34.636454301851415,34.82390836744076,35.37721294733706
225,36.9875479240481,37.83845253911465,38.304543337414735,40.05674006008293,40.66662411306592,42.02331912900594,42.319171742198016,42.61564620598682
226,34.45078593504322,35.396091689151525,36.95214465144987,38.53793373346741,38.74543640564259,38.98136344461063,39.2931994383678,40.03176447845818
227,30.49335389198774,31.942850645734044,33.17724546803376,33.53984831682886,33.584294735444075,34.132039400102585,34.18190133353813,34.363907802535486
228,25.756312419114206,27.02798002603918,28.576259796505322,29.010122499805266,29.10277472532271,29.474536297034316,29.484644774198074,29.689577206751654
229,25.130829604620885,26.52080679227191,27.130982508897574,28.69422133434715,29.148344316855102,29.248270959472848,29.326419207146664,29.81432256577924
230,27.159479611723196,37.12578280520794,37.26229913308289,38.18028070005393,38.65217875577673,38.90384303720204,38.92502725911117,39.23979408147692
231,27.541322881284213,29.762227994159797,29.849522855699874,30.357087988535774,31.724469435084682,31.860753077698398,31.907367744229006,32.458507508383555
232,18.86997040476488,22.321512542808595,27.554451260280022,27.694832608063155,29.050073314545628,29.84474590847682,30.03833755299514,30.835136125747905
233,27.703210688944374,31.61079746248718,32.4906879673329,33.54932041903926,34.17260955568492,35.057332716149084,35.47885226009173,36.05233723705877
234,33.02373207113922,34.9377497493698,35.58871239967017,35.99214550806998,36.56797082546802,36.95846934164786,37.119769677473585,38.59234158592209
235,18.86997040476488,27.258223983828522,28.512686943978498,29.125569101541863,29.360278166634036,29.84604493700237,30.129880495073163,30.483002730592553
236,26.57613066619697,27.35402170365422,29.46992882682398,30.553389347821025,30.560763501370577,31.770345923577455,31.890872483530956,31.907081704890718
237,28.95176773524138,29.50707934469353,29.54433337231872,29.87229342438312,30.169201918375187,32.053426662780105,32.57665533883419,32.69501815068943
238,34.06362125348139,34.81100371767501,35.83868163785794,36.00547131288505,36.12951085488677,37.15726776923662,37.44085240014854,38.10296819853809
239,29.10091332160856,29.689577206751654,30.740211395106627,32.442158338563985,32.46467888390025,32.515916808367216,32.63890677834654,32.745536567808436
240,33.43558800315445,34.35765357300038,34.52222926487297,34.62408236346616,34.66775903465603,35.149129955957875,35.16282493985778,35.724580168325
241,37.262198568048234,38.47707793354926,38.70536542157622,39.53398855489513,40.11666461781361,40.24907142888451,40.28559222973898,40.50792254244735
242,27.592239187753748,28.518999775721387,33.7526832754778,36.487498683034886,37.45783949039351,37.53380712979787,38.521605191364344,39.20950822323765
243,32.048015229688616,32.05218040446542,32.61370554453881,33.41359015301565,34.06176012319957,34.703621029195034,34.81035355999632,35.271008188008786
244,26.333920997517072,28.333234325348087,30.50759851373491,31.252566379298933,31.540742526719004,31.59181599325423,32.08980811797028,32.43832509337812
245,30.052226718748535,32.652910196609824,32.79922504450465,33.00102807360569,33.69018296534669,33.97345369397342,34.23625085797299,34.30209553788808
246,30.505812274261096,30.726927829276253,32.799293237751,33.12010220942359,33.92969266471036,34.5278440465529,34.90398805977386,35.052772988052226
247,27.87181837974379,28.452170561599324,30.800567512889643,31.829272140893515,31.863723688919197,32.371328280696794,32.980929752791,34.42971427857044
248,42.45465674306237,42.586650560481026,43.095494858530564,44.80290939763832,44.949031340080836,45.11026729089773,45.15334191210498,45.4676385734822
249,22.643455387073203,24.2624558974818,24.78955135354633,25.77390084931113,28.680454233140708,29.23714010923319,29.248270959472848,29.365399021215936
250,24.911232104980616,28.83214559432582,28.98442839030139,29.344758516699965,29.470280391587742,29.670644526897235,30.8609986097247,31.420673537828453
251,32.10509369506691,32.925536198416474,34.15554699163543,35.12415000746104,35.972959892061596,36.67120368545152,36.903662485514566,37.07735891323697
252,33.822199041336376,33.84872759736607,34.42952055177404,34.463784514619164,35.11792463893363,35.1844989601959,35.58203862964129,35.59917687063132
253,30.880018852150137,32.37190024714242,32.56431417481227,33.559875796715225,34.32138218999298,34.34341902565964,34.85581662735817,35.29725090298699
254,26.116256281514968,26.60220949488259,26.987875574847276,28.428905699675806,28.96806315032545,29.579039964199005,29.639592670806266,30.1807022464351
255,29.823155197772632,30.37759751719836,30.559816615969584,30.949970861688865,31.655346395093545,31.67345011703489,33.376923360168504,34.452413602525105
256,36.18676237927925,36.86425580801161,37.60779153401375,37.68902128459553,37.782149633408224,37.91956765852847,38.57200206034383,39.08796814553603
257,28.87916507224964,34.322725378349446,35.42864529789317,35.5071044216286,36.29329143559277,36.74192894914486,36.881799102160954,36.95157017290226
258,24.142523156767414,24.333138921498026,25.150771742065732,25.394676926359654,25.90574744440266,28.4108913545969,28.51213396735156,28.582771939654503
259,32.673628279736725,33.26902154250127,34.6737978709644,36.94579961609695,37.04726142848494,37.09617544861424,37.191692200125544,38.05913791400112
260,27.05485801884702,28.838096766213848,32.29384339713676,33.27128324589012,33.296039896764505,33.51079428248816,33.562197750941976,33.63501746880579
261,36.86934508309453,36.90320607767257,38.219055358176085,38.721328140755745,39.23036517510887,39.414354118802,40.95159326674232,41.49130587446629
262,34.95337597545453,35.06378524839448,35.42934776303704,36.4187186451881,38.12521972260234,38.494606677248925,38.52637240708719,39.431394427030746
263,32.32994577468941,32.7996336170586,33.342951204496984,34.763659811803834,35.18736969146059,35.65078851705051,35.825251066327304,36.16030432398058
264,29.6007837130656,32.187888302878925,32.869748429172645,34.14853341063557,35.33152286583553,37.1852600818745,37.374063354344806,37.54652791274267
265,27.428050378271877,27.966011143602408,28.62069448971885,28.83214559432582,29.266910506202137,29.819633639715097,30.7133791584837,31.24033411865826
266,26.98048138289285,28.320290195352563,28.604247450146524,28.75209268190346,28.863908836261448,29.074976196243696,29.493997831723178,30.05165898265488
267,26.635159500321034,32.904319722006655,34.180242409869564,35.39566942131722,37.526832893808944,37.95947534634295,38.32083200959724,38.369448732783304
268,25.839635847297288,31.41505671952758,31.961862453533286,32.082148022608536,32.37202618751476,32.836755627195345,33.322026602922804,33.515198455753776
269,34.644194022061406,35.2033379833429,36.41209541408768,36.53648218069108,37.53224986168802,38.472694078524064,39.18213927229854,39.18945936975037
270,24.304775911528637,25.14228164087958,26.44478986055914,26.727034597336047,28.00429768824771,28.048696859514333,28.51213396735156,28.59934213214501
271,32.452557812702366,35.18657412911673,35.63563510329429,36.94370842778951,37.36982364532027,37.472723170030335,37.51076263658325,37.727631050147565
272,27.247496676234228,34.13357619941951,34.28462275955964,34.62384103139919,35.125548998333606,35.30936208719409,36.04310235859598,36.14186756265218
273,31.513003306059026,31.525552192808444,32.272427608327625,32.99288915213057,33.48570954223942,33.88794517149273,34.00881688665854,34.16508658777688
274,31.636904252333082,31.80487223491675,31.82541452337284,32.927943392184034,33.20814016863832,33.4684038410831,33.48570954223942,33.807090331441316
275,26.997001178810876,28.300703905849197,28.77529466217104,29.27386770727044,29.84474590847682,32.01814508040819,32.258483762080246,32.357461632605684
276,23.36183975676767,23.402879907627817,24.77173589137817,27.360607602158563,27.598862908600132,28.301568556947785,28.32284021486394,28.415952136044595
277,25.92203346227941,26.801753519023098,27.661699363102876,29.72311064230823,30.28346780165725,30.37381489368184,31.157265620105424,31.16433216662177
278,29.29351224477338,31.386283997066737,32.78639958520368,33.38033070118649,33.51501417481091,33.925544083021705,34.3422178459805,35.020219729326655
279,29.810087796472313,30.349966802844108,31.96968841669768,33.17724546803376,33.82779710695875,34.0146046914856,34.01525976509042,34.18979743902742
280,34.89813031043917,37.43270231222209,37.76821247345672,38.36299932522763,39.740428917889275,40.385296927410025,40.72714643022666,41.21776358085868
281,32.89014085944576,34.074814283775545,34.64295298336092,34.86371374008551,35.18657412911673,35.97701679949877,35.98213943768516,36.00311362999185
282,28.617611884348214,30.472210597627317,31.127304515653375,31.8888267989799,32.272427608327625,32.49200854705622,33.137049840901696,33.15257383530515
283,27.542168145272374,30.016647024533675,30.28346780165725,31.065430035857055,31.95400067529193,33.132260565838514,33.15301530596159,33.22175052994855
284,25.00583290209042,34.45078593504322,35.10057011271744,35.56940476804971,36.03609320024874,36.42459883643924,36.80538920872338,36.95941136616541
285,27.203643482561354,28.523695370066594,29.50441861224947,30.495297732721916,30.996339924292595,31.44967404467901,31.785481515976677,32.10314319382207
286,31.429861588330912,31.516504074892975,32.1305530988821,32.85743990438923,33.538189705052474,33.97395439876033,34.28428832762034,34.84311049984122
287,28.097811104324176,28.243057907687138,30.740211395106627,31.44967404467901,32.625119158041365,33.306581801599755,33.57241319421392,33.81555120736997
288,27.883135602985774,28.397950243399524,29.484644774198074,30.406865233838555,31.277629956165786,31.328107314121624,31.50321406221388,31.99557755955423
289,28.5562672737014,28.950296559878222,29.29790106692647,29.33789471854172,29.366261044144142,29.63999334466171,29.850556991412777,30.02230971697892
290,27.016854816974053,28.52008876039567,28.887433170796488,30.921935149291343,31.403970032775707,31.48230677602692,31.961862453533286,32.913180903408715
291,39.0251707329763,40.71828605930711,41.50187870329988,42.657206936686144,42.69440748892907,42.73626769533642,43.266968199010314,43.67084264264525
292,30.20185786133519,31.966448164348368,34.456930861310056,34.94038278866873,35.69163980229107,37.52904114096734,38.23170011072267,38.38269953947202
293,26.560270804104626,27.966011143602408,30.251412704427356,30.37381489368184,31.43665320765413,31.93194417289115,32.232463861632795,32.412184552379884
294,37.55197352924079,41.53919768654582,42.887954541575375,43.59707028866759,43.779320547949936,45.059852355267125,45.51235620545647,45.52109258433932
295,28.40019045167869,31.73002567585524,31.74538762728852,31.966448164348368,36.44367532158945,36.933122670838564,36.96040183060052,36.995075104766364
296,21.853841999200124,25.581555500690463,26.574211325339164,27.68408662032966,27.783989938614038,28.23273437188165,28.5416277022229,29.055729535555354
297,22.643455387073203,25.150771742065732,26.177937184857555,26.44478986055914,26.677115078689912,28.328736850265784,28.512355269043965,28.552698809394496
298,28.441039414361203,32.29556586357638,33.05474531213131,33.412628698754645,33.75718073970551,35.502612061414304,35.68430080256766,36.04835898856473
299,29.148344316855102,30.758058771325516,30.814071292613118,30.957836041731863,31.092572637139913,33.77760603053619,34.020480867555854,34.418947521124785
300,33.77582305439291,34.69867370602497,36.52243539876597,36.962919385685986,37.06307308102796,37.91956765852847,38.186605078283364,38.22177917756409
301,27.017986164972854,27.360607602158563,27.88931059477829,28.961950879575742,29.113271294148355,29.126901832383425,29.97739630827386,30.212628273561254
302,29.054666230237505,31.06770142790861,33.88919070390275,34.261663632733956,34.87596001360347,35.5750046677004,35.92115240568623,36.33811618894501
303,28.280938071781023,28.604247450146524,30.246569232212657,31.057231507349318,34.24599004918311,34.5217453643726,34.913630316450536,35.13806672853077
304,31.262451063896048,33.969311284653415,35.29003505057224,35.70543294708743,35.707802013601025,35.81571086607289,35.84296874520159,36.04884427944055
305,30.46712141621911,32.8639548268216,34.29771710023055,34.48989258865177,35.811662596684236,36.53810800848783,37.766683539477135,37.82366579343545
306,29.9176048502105,33.611713193375145,34.56678353462688,36.254976522852715,36.26743741955575,36.50395113398521,37.72781568302627,37.82020883883349
307,28.899690408928567,30.31378389034877,31.28521671437234,32.22071037638091,33.474386661627626,33.80632420574501,34.96981132834961,35.21928332978093
308,41.299834700976206,41.83735052729303,42.45967142459863,42.530969677618735,42.68860975015374,43.096841271448746,43.191952136708636,43.442215245372395
309,25.376329937595052,26.17951515361958,27.069856971220315,28.415952136044595,28.76719825959418,29.45507890019207,29.599251809444226,30.233503156285234
310,29.050073314545628,29.125569101541863,29.445230157512484,29.93156375258474,31.42086177546881,31.472176776022913,32.71097226813434,32.85074265075784
311,32.11255237358953,34.02664173549127,36.79353929847916,37.26825959454865,38.35236254242311,38.469081360247905,38.47040964040599,38.56291875717632
312,31.914152667560863,35.29725090298699,35.31136472463843,36.58174243289985,37.333718313202375,37.698718530724946,38.05976535286765,38.84750547863795
313,34.32341354689017,34.55272390424432,34.87354552976302,35.94043211893659,36.66307917278437,37.21936551486538,37.28797610374188,37.36631645818136
314,27.88931059477829,30.33641587906062,30.3404605122963,30.867071924230448,32.20351387572831,32.77272477187479,32.800664612475614,32.90796725756381
315,28.243057907687138,33.35322856536506,34.90404478734598,35.008199651746274,35.24556593233753,35.780416448086044,36.872356858059234,37.39047988431928
316,38.45736050945634,40.51128427060161,40.954434498619975,41.630636939896306,42.96948031927983,43.03284613879096,43.18605177370773,44.52475091037397
317,30.097417399307435,30.921935149291343,31.787164577042166,34.25594012999732,34.570068037252746,35.091630625441645,35.14135275093526,35.304222824882046
318,31.636904252333082,32.66797181338564,32.84520896392124,33.752089903500526,33.936196717030874,34.09403689147707,34.8724522170324,35.18605972826412
319,26.536231206798778,26.659119895771692,27.02731308910768,27.333557702642196,27.537155037739176,27.907376728135414,28.594433059958707,28.63531660628208
320,25.00583290209042,31.220947820657084,31.90889140460888,32.57073893316672,33.16421125339284,34.23293283242656,34.524609540305235,35.426775875427495
321,28.441039414361203,30.049188803749594,31.226932436589387,31.293728166384383,31.49416187142612,31.513003306059026,32.121017851310455,32.371328280696794
322,29.010122499805266,29.449483270452987,30.505812274261096,31.290285113602426,31.769541339119566,32.29288445698434,32.53662692033791,33.1012458014674
323,32.72205555680356,34.694662159270536,35.21504916239914,36.5556708905945,36.63937400180731,37.06307308102796,37.72148369988896,37.72781568302627
324,25.636141310289215,29.24845655493849,31.99557755955423,33.998989289453334,34.139510123147495,34.29498476880255,34.82640180629441,34.94038278866873
325,29.351617198059046,29.730280470978702,32.23755376809784,32.26136383849975,32.41310878963657,32.62154439361677,33.29933927058246,33.530579284453815
326,22.67128047828687,25.561419831376895,26.780724581731057,27.367030675758627,27.502356081486564,28.167606138078767,28.498763285290213,28.95851816794629
327,26.93957945194006,27.07790363610752,27.251439524399142,27.86858473563729,28.244553902490235,28.56979661041472,28.977344842074743,29.483635789490158
328,29.658962394138427,30.107540537590886,30.46712141621911,33.69767919758506,34.028649722458766,34.4761229904411,34.95823478332235,35.14884822265809
329,30.019170865324526,35.63322254095392,35.707482269276035,35.8643581649305,36.00401788488021,38.11441631701112,38.14552372969737,38.79632978806455
330,30.833758951016264,31.180737492866452,31.704448524257476,32.21162070278634,32.418243250885716,32.811545937398655,33.474386661627626,34.01525976509042
331,24.7658946798951,27.46470668787993,27.598862908600132,28.3974113242454,29.532398811362643,29.55227050576594,29.772490019585312,29.823155197772632
332,25.721223523276546,26.24732172179035,29.24845655493849,30.12950067217958,31.328107314121624,32.03306229989033,32.403589269192295,33.457783975431795
333,37.047431890515334,39.894473967026975,40.35233381110571,40.666383160661844,40.89552587073874,41.047857387491504,41.74083248907991,41.807478059263325
334,30.52244412429182,32.04203655793404,32.04690357101762,33.322445659773095,33.691935483101666,34.85107572086055,35.482211834504966,36.00010450271231
335,26.324840523202965,27.542168145272374,29.72311064230823,30.36927517922457,30.37759751719836,30.416653050767252,30.50759851373491,30.508350477171764
336,29.68544479348367,34.37262357890143,34.54549982684746,35.557043315815825,35.833558103841156,36.55952855814133,37.45445386129283,37.49866067676086
337,31.74313829001849,33.43558800315445,34.10840130742224,35.59917687063132,36.25659108562869,36.43638942258852,36.88618916730301,38.11731502457433
338,23.116198116571866,24.87207878462061,25.859663877388584,26.347029910379995,26.659119895771692,26.842839321623256,28.811655493552582,29.121135876819036
339,31.482811671328786,34.788907299493616,34.79458497681979,35.338977376648835,35.37721294733706,35.655131782559415,36.11197523457464,36.11404951825102
340,24.67366763193357,29.993997360561853,30.319536800334365,30.483002730592553,30.975084329678232,31.740009008467098,31.88614174905172,33.180919122468595
341,22.210377069876348,26.949451614616187,26.99432600318628,29.69671675753821,30.880018852150137,31.441693007474395,31.57707447368408,32.08980811797028
342,30.941291769677907,31.157265620105424,31.485093644279697,31.86585290013109,32.207790521064936,32.50140437450546,32.904319722006655,34.227892231757984
343,31.92460180718339,33.26219543491775,34.50337306507299,34.973857142028734,35.28834482403006,35.74955696150376,36.55120936263059,36.764910743432544
344,30.154434419161376,30.833758951016264,31.49416187142612,33.04736281677839,33.22334288026201,33.67488104922251,33.875979157185625,34.0643824700744
345,29.666891517731646,30.56966175689384,32.27339891007587,32.917932530570134,33.233893696924795,33.31568912686052,33.388751718148214,33.41651757574368
346,44.90654292780847,46.14974995580928,46.61893828188538,46.74330623232535,47.33545689216488,47.771966535934965,48.13088912026348,48.173171928542835
347,33.745742351211135,33.84744138328528,35.048526676888024,36.12589896779234,36.270109190325655,37.13640305287678,37.619547492313956,37.75098716822478
348,33.629665647500445,34.32138218999298,35.077722199870735,37.35054721315275,37.40089352768553,38.51707460390411,38.56103469092676,38.83962999806343
349,33.24455850334638,34.249145656096275,34.423828527552295,34.4354184351768,35.92115240568623,37.41287918555684,37.8435731100353,40.019314284564
350,28.774003532296856,29.13544779130627,31.50321406221388,31.696364062066163,32.46190148487187,32.93304926183302,32.98614941898711,33.317325464461575
351,29.107294156287452,31.494389220573137,33.55005289911885,34.70741347617541,35.171183512882656,36.58631540261949,38.3449066702613,39.0203965300068
352,32.75751158110946,33.64751337042493,38.858800025406694,40.18539838945336,40.843958559799084,42.259390281612106,42.865140497309994,43.25811674849757
353,29.24396336235065,30.811668461376357,32.31948346940602,33.41589308793931,33.52060669088385,33.68635977159176,33.69515654124544,34.53440220541301
354,22.321512542808595,26.7223910633588,28.189277011285785,28.77529466217104,29.169574486864846,30.045828225434345,30.129880495073163,30.216483814499476
355,27.703210688944374,28.80313576473255,33.40465449637913,33.97344264436577,34.77182367381252,34.93060699834312,36.14431339132967,36.23722799706979
356,31.31557988722496,31.615643841363262,31.825784432968252,32.07438898912926,32.142931520759625,33.19312439083701,33.78030709483001,33.82204348796135
357,31.220947820657084,33.512270260433226,34.55996656046002,34.72656761177184,35.10057011271744,36.094069979121905,36.240517840436844,37.432270089850206
358,27.027828867166225,28.62069448971885,28.83110238653121,30.416887964435837,30.947154771032018,31.68300648306535,32.25429136881703,32.452557812702366
359,30.965772253206865,32.70602222348171,32.85074265075784,33.290427178513966,33.760347872558484,35.15735826779461,35.55201285923013,35.87367650282708
360,20.873325923383046,29.164920319286285,29.219603742069413,30.99617429656623,31.180850778602707,31.257119583393973,31.505630388861604,31.735641740493477
361,29.658962394138427,30.516867046270217,31.977475882857266,33.1012458014674,33.65788298320145,33.92969266471036,33.94395056531368,34.09553361827887
362,23.173410908925327,26.772646289922413,27.346988897366145,28.432574393317037,28.698585416862926,28.97758853887039,30.30022731288451,30.675199778390112
363,28.09100000373954,30.135048150932448,30.75118428375039,30.761114416361924,31.652156642896497,32.13223005825455,32.18543450730806,32.34831250931211
364,23.97539921821694,25.10491608996296,25.64839444352369,26.823147269697998,27.15816045742497,27.326025432385734,28.00429768824771,28.428905699675806
365,26.850576030203246,26.93957945194006,28.2247239791206,28.529221466641125,28.97174656973252,29.639592670806266,29.648540385878377,29.75610554331757
366,25.182232547618725,26.774533696721676,28.7397369558594,28.863908836261448,30.246569232212657,30.41577405745528,30.935400072336154,31.05992594155694
367,24.911232104980616,24.939709136939715,26.48148263217452,27.541322881284213,28.295502590774298,28.320290195352563,28.632287781097105,29.789834670276594
368,26.570308951702305,29.13747515359808,30.497238951201233,31.39032098199704,31.661581595203955,32.05842399568903,32.07438898912926,32.57834197964019
369,22.89763251595122,25.581555500690463,25.94543141857669,27.611470771200057,27.69840758540814,27.9717860399775,28.272158762354753,28.538239049735637
370,33.40461686708311,34.222125412617494,34.55559677541274,34.581934198769396,34.650080333590566,35.600892691584264,35.712964955148536,35.7694322207672
371,31.002647926878954,31.014426101292262,31.227108558960442,32.9539360268796,35.236730798272426,35.379474898003764,35.66385959846921,35.74513172648831
372,28.32284021486394,30.141614132674434,31.298349173080034,32.11255237358953,32.37609263486575,32.79247345209897,32.969299283529736,33.06809764239287
373,29.814179344494733,30.183965069289698,31.180737492866452,31.55070705783561,32.44568172191595,33.04736281677839,33.30114541312924,34.301918727324804
374,33.25842587985289,34.139510123147495,34.96344608938356,36.42734294775975,36.51786825835535,36.73417211311021,37.242352982077925,37.39047988431928
375,32.7222660266534,32.8159504201586,34.91074024398433,35.8903116032831,36.149889130575836,36.686988044652644,37.262492251633745,38.681159854003155
376,30.020407424826427,30.56175864182857,30.92227968642133,31.659342801235763,32.55716541768167,32.877948096411515,33.08611684065946,33.636819033439835
377,24.77173589137817,25.850065516401713,27.46470668787993,27.502876346222006,28.666599005325857,28.768522051342888,29.410061078657705,29.493997831723178
378,24.785607174836745,28.80691938180678,29.746877210288527,29.75022605442631,30.219004003085296,30.996339924292595,31.74538762728852,32.8567651354745
379,29.351617198059046,30.54814680287485,31.258148437132856,31.57707447368408,31.75908508686188,32.80586099852951,33.09640527472157,34.26261531381721
380,31.415582109613457,32.132365756033856,32.44568172191595,33.535851590021814,33.88794517149273,33.91514217252171,34.26033510392152,34.66222724658171
381,27.027980026039184,31.62775892867379,33.13184553550288,35.30844704869223,35.44189097690865,35.48726468221998,35.97639371089904,35.99090942901795
382,31.05992594155694,32.432040580767676,33.20894321353733,33.21029892616432,34.48272544259073,34.95493950967601,35.055599332842014,35.86390831465592
383,29.33587133267341,31.74313829001849,31.98474574029401,33.19744832369416,33.312844302478226,34.18190133353813,34.27878567568798,34.42971427857044
384,29.36236621414625,29.539152599078026,30.067997236768672,31.143271573356508,32.29384339713676,33.64955697440886,33.98581717437482,34.302348426699716
385,25.921245925667236,29.704825159397473,29.742879412371245,29.781497474033078,31.026753914744283,31.285065156721053,31.326746073471217,31.984412457900994
386,29.280923227073878,29.449568851654412,30.12529758659317,31.21846414454455,31.84344658612613,32.73588575423797,33.583418369155055,34.419271203859296
387,26.175069018452962,26.235097537577627,28.460102821454857,29.890574461113438,30.704447133004184,30.743092140990466,30.9877148677701,31.326949948659305
388,23.116198116571866,24.35878004884869,25.476509755911398,25.661477579050345,26.946545680067114,27.05485801884702,27.395604173367282,27.609517210238394
389,28.53135823220214,30.52244412429182,30.935400072336154,32.231494277716045,32.65037824250206,32.68401888601916,33.635222303495205,33.74633820152585
390,25.900959766734182,29.890574461113438,31.256789812788035,31.520665389303808,32.69562972981744,33.18231458861717,33.401177613657055,34.03934664554098
391,30.97189033025481,32.91038672849392,33.193396612656876,33.23815075546381,33.29061278782586,33.30114541312924,33.74447465374641,34.261663632733956
392,21.318328198562163,21.551613347800515,21.82443332395911,21.853841999200124,22.20103832127682,22.67128047828687,22.89763251595122,24.294438046009535
393,25.82616728769583,27.883135602985774,28.467533730289865,31.0610556467024,31.12402607523031,31.290285113602426,32.16155719265075,32.79376586435543
394,30.12950067217958,30.15059579983179,31.603436328914373,32.48441893352146,32.638763770063285,32.73086896217064,32.78342649627304,33.25842587985289
395,30.809624874645195,31.520665389303808,31.704448524257476,31.869922573333096,32.1570545796261,32.47556728611417,32.598694001558016,32.888830568996504
396,24.242484908385087,33.998989289453334,34.82696786894066,35.95964121244079,36.542311084290645,37.21199451222257,37.728459053956044,37.95770140968715
397,33.77582305439291,33.807090331441316,35.34677219586832,36.196353009930036,36.32207586107028,36.50289189149322,36.63937400180731,36.84634249070269
398,34.252484776712095,34.89606894207121,35.035005795553566,35.235431588003905,36.40140687788393,36.45877179065386,38.21130769063712,38.48505313333243
399,30.169201918375187,30.319536800334365,30.82657345736782,31.186156915541105,31.640138616049256,32.70376032519527,32.76514626594893,33.23366829127446
400,25.788184201904794,29.470280391587742,29.762227994159797,30.0975386182876,31.025000649902918,31.05853736081916,31.058656365331217,31.78055933112301
401,25.34344962690988,25.612733498029794,25.756312419114206,28.397950243399524,29.44911639632489,31.0610556467024,31.59700663203122,31.62775892867379
402,32.39437980156922,32.9563284120102,32.98614941898711,34.775763761638835,35.259212543328466,35.4297405161461,36.08783699544082,36.8524435135527
403,26.42849532621613,29.10277472532271,29.755240608365114,31.73002567585524,32.355602959676155,32.442158338563985,33.34469839373594,33.490447608161965
404,29.326409563602322,30.233503156285234,33.26880772935248,33.377558654131875,33.90414312030052,34.352771516916086,34.712047920242796,34.791744077709424
405,28.26980661969874,30.83631150054481,31.724598288644206,32.61370554453881,34.23625085797299,34.38213798159534,34.5850123335616,34.747948517108235
406,30.100291510555635,31.21846414454455,32.76737947310736,32.79922504450465,33.193191660992774,33.34609515127102,33.412628698754645,34.374507240064844
407,32.231494277716045,32.877948096411515,33.06847576824847,33.377558654131875,33.579959082569786,33.89752511073328,34.009641999560856,34.427994102432585
408,22.439880206429027,24.445396215183468,24.593418244673956,25.14228164087958,25.90574744440266,26.20673665325787,27.326025432385734,28.328736850265784
409,23.97539921821694,29.54036495639579,29.745707895837125,30.572497856465354,31.179631972459646,31.400338830924774,31.599603410732794,31.613349612816823
410,30.635545431761432,31.43665320765413,34.38344208386116,34.48232906522648,34.685557737507295,34.80514291971121,34.991128995441095,35.78570746559242
411,25.612733498029794,26.24732172179035,27.199443797911353,27.203643482561354,27.503269055986895,27.87092532044517,28.097811104324176,28.268438568051902
412,30.865167516777046,32.812732147536884,33.892564808712386,33.928483836795436,34.47167032700653,34.7337619115889,35.41491849437537,35.584962827678375
413,31.696364062066163,33.509609313660576,34.79843024699541,36.658005464167374,37.847760029879495,38.12760477676586,38.52845676513946,38.73943978347015
414,31.115804456397296,31.27585368522012,31.95532718879669,32.06548821625332,33.34393639075124,34.08871907935351,34.09082976931345,34.31554942586079
415,24.564436089165646,25.644697165556558,26.145855320114045,26.560270804104626,27.027828867166225,27.428050378271877,28.724992318002247,30.08338081250015
416,27.199443797911353,27.23054474541617,28.460102821454857,29.10091332160856,29.474536297034316,29.50441861224947,30.26450293150735,32.29875918101191
417,24.85512104748344,26.90012226418667,27.92335465724013,28.483560825547098,28.49722001441349,28.5562672737014,28.59934213214501,28.764620179446293
418,33.65049266047742,34.02974596083883,34.5906664890973,35.15345091565025,35.53077338330122,35.63203620748732,35.7722239798185,36.22121265643957
419,27.59476053934087,32.18885376519301,32.94951793873754,33.79509593348394,34.269218233565915,35.10624472881022,35.61607719237411,35.99067230721493
420,29.266910506202137,32.916742367671496,34.63481303588451,34.766366861680396,34.8025230255759,34.81124498547136,35.349765552798935,35.504427615869794
421,33.040918515819335,35.034410514613285,35.384610416748046,36.10741618645963,36.18676237927925,36.907286460939304,36.9875479240481,37.36873313261745
422,33.53448088544055,36.54273033372584,39.09193807098168,39.94499782115172,39.9936814787795,41.011360230968855,41.304579798532195,41.51849714741508
423,33.94595709377361,34.7382160665519,35.25377283256187,35.32647486460675,36.61539035267144,37.477720823841125,37.84913116487446,38.1647513512564
424,27.688629413032753,30.08938909999222,31.79220521024313,32.66420955933362,32.77139526257609,33.45290975262718,33.52162992410692,33.58022541039356
425,28.81684341311899,33.80632420574501,34.581934198769396,35.24485008304339,36.412615776726234,37.06299534458394,38.2508696167601,38.7213022413631
426,28.320068571974332,29.750659936474168,32.652910196609824,33.193191660992774,33.29061278782586,33.41359015301565,33.41651757574368,33.490967909672335
427,26.151336261953713,26.536231206798778,29.54433337231872,29.7581631584897,30.09906544990878,30.224395264755255,30.324388144995826,30.45316444886924
428,27.67042584323237,28.724992318002247,29.142909315280566,32.21992510501721,32.37564676633332,32.38996405954586,32.619628925807106,32.71285952234855
429,21.846512761077328,26.333920997517072,27.38030971030103,30.416653050767252,30.631482013346652,30.88838757544001,31.299648116041684,31.441693007474395
430,28.55400501577234,29.755065078068327,29.789834670276594,30.26754893091266,32.30896938096129,32.675566879938955,32.72131862557744,32.862021082855684
431,25.636141310289215,30.20185786133519,31.386283997066737,32.52669369754683,32.79376586435543,33.278679482748814,33.63822868254854,33.89360408258418
432,29.901504033850955,34.47828137745188,36.79105586724936,37.20450743136946,37.899997834868806,38.206626589320074,38.4525549311599,38.565047151831656
433,25.721223523276546,27.503269055986895,30.15059579983179,30.495297732721916,31.229462954958194,31.41505671952758,31.48230677602692,32.17570885830362
434,28.7397369558594,29.731722367701163,31.825784432968252,32.10479172729555,32.232463861632795,32.37609263486575,33.12729127321242,33.259905332558695
435,38.3763021472037,42.704015774466995,43.8596368558093,44.64610986334332,45.374967193373664,45.521412358785874,45.56911606785881,46.513218960216925
436,32.59137948434646,32.789597889130796,33.040918515819335,34.02998412031484,34.92926578042264,35.58203862964129,36.31933193542492,36.382537628958694
437,29.224392886416364,30.56966175689384,31.00876078317218,31.127304515653375,31.942850645734044,32.04902641796883,32.050256070222204,32.40310894491237
438,27.069856971220315,32.256574046073055,33.350064889111515,33.62539073498579,34.074814283775545,34.594554185444395,34.8944182578857,36.079482259502704
439,21.846512761077328,28.114444986455467,29.69671675753821,29.85835851880435,30.016647024533675,30.212628273561254,30.508350477171764,30.54814680287485
440,32.35075299995251,35.16292917481191,35.548080305011325,35.63320587751639,36.00086424591941,36.43029581807192,36.610860005905536,37.24827769565253
441,33.40465449637913,34.00581750224447,35.570459028792456,36.17100335709112,37.478677518381566,37.48341452551421,37.51347714439846,37.80697327848654
442,25.64839444352369,26.392908833699384,28.512355269043965,29.32869369104595,29.621685733846643,29.728536477062246,29.86260321537827,29.87458600617658
443,30.580498577306738,31.45284714119415,33.15072709923904,33.54932041903926,33.688029453567175,34.7327885763187,35.422810060317225,35.542410647636395
444,30.183965069289698,32.121017851310455,32.9539360268796,33.23815075546381,33.58295570580458,33.67488104922251,34.45143997424383,34.92902326581832
445,31.504355338080444,32.836755627195345,33.15248315710736,35.08640422432713,35.12551435886169,35.66462443354721,36.289766855738876,36.82078124870661
446,28.5215373765299,28.632973016488627,29.499166716592253,30.02230971697892,30.05896016506695,30.55757550501755,30.703011887273455,31.392775013364417
447,28.295502590774298,28.3974113242454,28.86566735561255,30.147833566614306,30.149846786254017,30.2511050029112,30.825839340935097,31.95083899451939
448,30.416887964435837,31.24033411865826,31.665521947854817,34.38792447288825,34.50337306507299,34.7384907249853,34.92746349011826,34.96664239594051
449,26.635429575761094,27.92335465724013,28.93437163847715,29.04663939772533,29.874335450972612,30.01998004163735,30.690038712027185,30.723905941847043
450,24.304775911528637,26.02575813494276,26.82256087967876,28.272158762354753,28.594433059958707,28.743676739999447,28.950296559878222,29.30220141400098
451,37.592743348018615,38.11845988565724,38.549144477129154,39.26062863775696,39.730617099459025,39.81999223726057,40.5027427963818,41.84705241088082
452,24.242484908385087,32.52669369754683,33.41506626172678,34.456930861310056,36.6950960025038,37.46849600795599,37.66993070572256,38.54594277874069
453,25.734924252539077,28.243767902793927,28.300703905849197,32.17110123900751,32.507212022251046,32.69520307070922,33.59450897636797,33.60573529364636
454,31.603436328914373,34.1130871411038,35.71185535683104,38.177312947870135,38.32089462120592,38.74570008101756,38.94335715863948,39.38244402802677
455,23.402879907627817,24.7658946798951,28.080221160382152,28.768522051342888,29.113271294148355,30.29006670362835,30.291377713721165,30.357087988535774
456,23.007347465463525,28.582771939654503,28.616141916950166,30.285938833649457,30.7072768355191,31.314079823678327,31.976129328166824,31.999028835526016
457,30.01434139259449,33.180885355925895,33.6101400239476,33.88919070390275,34.20687975776169,34.249145656096275,34.40186004752181,34.502926345868396
458,35.471523816904345,35.99545055968869,36.20397706098222,36.48571559451789,36.56151735491444,37.27418208321361,37.58454449552433,38.4315962601278
459,30.7133791584837,31.003425016186146,33.01942392073972,34.68086382965217,35.0390566891112,35.089276501640825,36.00814466003607,36.39869420652625
460,33.233893696924795,35.0160649438609,37.24133212806878,37.58667507986569,38.27990818567237,38.43908458347648,38.50628522434633,38.59201656188953
461,28.907540272200894,29.386109539340886,30.069360117670627,30.1807022464351,31.257119583393973,31.299616483205345,31.538955860073816,31.566052876168076
462,33.44527623162923,34.61955533970177,36.21114173034386,39.123081534811085,39.490915165134275,39.96298314521419,40.462996641673485,40.72476188989376
463,25.376329937595052,30.52698350191679,30.925139285639638,31.364807474924532,31.665521947854817,31.675316752652744,31.7680049908308,32.38996405954586
464,26.01214559091256,26.116256281514968,26.823147269697998,27.29319687415908,27.35402170365422,27.367030675758627,27.48821798749506,27.763323748446997
465,25.86223517723877,26.99432600318628,31.137733366376864,31.27307032351366,32.14873784296493,32.41310878963657,33.350064889111515,34.03859022580527
466,32.75411489780127,33.59129425559216,34.32341354689017,34.423131764157624,36.29052787152674,36.326186166777276,36.682776475929764,37.47392181174596
467,28.80313576473255,31.226932436589387,32.51023048625529,33.59129425559216,33.815039666578976,33.845424870393344,34.023591770173525,34.28096443804806
468,26.151336261953713,28.606187659783984,30.5105778089051,31.42147343585784,31.538955860073816,31.588091649064708,33.109260028541435,33.60128197389132
469,35.503104865337406,35.74513172648831,36.46844533883133,36.589930818462065,37.463711291396066,37.58659550686096,37.79561055496632,38.16303064402895
470,28.004624661014653,29.344912687951094,29.901504033850955,30.17437362267638,30.297617750415476,30.969688312426392,31.01845930064962,32.00655120662001
471,25.34344962690988,27.1594796117232,28.688852688335437,30.04401696971812,30.107540537590886,31.63870379913831,32.53662692033791,32.58593146672456
472,37.238094547525115,37.3399682508363,37.38703782008249,37.784145827243066,38.32789255549358,39.10762572748209,39.75898233865398,40.959271772309556
473,32.70776705157592,33.174466908916415,34.37556942624143,34.974839831760434,36.45627504257485,36.80655459669046,37.544037596034194,37.66828626448107
474,30.799034424543624,31.871734879540067,31.875343560129906,33.0342192371413,33.42133217292074,34.87126167973467,35.36118000624594,35.45406531013457
475,34.326607557179244,35.634249108254735,35.80873752004972,35.8158822783114,35.915159643721914,36.548920406352295,36.58421632437917,36.80150296292663
476,29.140917616319438,30.31378389034877,30.32287039279618,30.472210597627317,31.00876078317218,32.00270940761798,32.38675077805704,32.62046050383141
477,33.05959398849921,33.36524544158675,35.45251975907152,36.34570191981167,37.51633335555055,37.71513983879282,38.37123956168047,38.69999914067202
478,29.97604666195944,30.421451670790656,31.349943187981584,33.297954028174466,33.51553634875293,33.65461127219591,34.385852496476936,34.388508189996905
479,33.554655830657744,38.066493143686984,38.69159589205622,39.27678461341792,39.678830246687916,39.80370459257363,40.25617617691574,41.20936561550105
480,30.569097290026143,32.02273542648246,34.08871907935351,34.16754792902575,34.34015548407343,35.05387093827056,35.073150522135585,35.320740352673305
481,29.481879775727236,30.14117093586579,31.97075624876751,32.27339891007587,32.62046050383141,32.888830568996504,33.00102807360569,33.55266704456791
482,29.44737928310126,31.504355338080444,33.70768987328891,34.636853016126324,35.24175859474531,35.719201497943445,36.24707596591521,36.32120660314474
483,23.36183975676767,28.666599005325857,31.59181599325423,31.782982859344248,31.82541452337284,32.460777560649746,32.50828941884654,32.55140745115316
484,32.49200854705622,33.15072709923904,33.584294735444075,33.82779710695875,34.052762953818174,34.1833200662875,34.39924756097314,34.77722064278464
485,26.90012226418667,29.440996737850213,29.764611607622882,29.934244985529034,30.243905250719084,30.51014421079591,30.523169133531127,30.8758534336493
486,29.532263618444794,31.63870379913831,31.977475882857266,32.36539590964633,32.71451285231064,32.89540644141087,33.05959398849921,33.35322856536506
487,25.102295682088926,31.395677032819165,31.658867084161848,32.04626888179983,32.21917638326259,32.22071037638091,32.26376049092603,32.41770172549029
488,22.569448841976815,24.68494706111475,28.375167177422625,29.638489939445243,30.9026139090391,31.285065156721053,32.228737259487474,32.62145029117571
489,29.810087796472313,33.24455850334638,34.06362125348139,34.22152620156822,34.27878567568798,35.29705063383789,36.07870805774674,36.6161215532921
490,31.68300648306535,32.20280457211862,32.94263941051266,33.19877887883911,33.585627267498865,33.62216041188894,34.763659811803834,35.504427615869794
491,25.23527975901073,26.233023000367645,29.107294156287452,29.292139250821233,29.75022605442631,29.81157107947423,30.121461363517632,31.139153578700366
492,30.965772253206865,31.104698933280496,33.034790246427065,33.44175711881683,34.681676770851055,34.81100045311224,34.89831821048551,35.06378467364311
493,32.5860110254219,34.763084103285195,38.70971211197471,39.0201341616253,39.737146543627475,40.81850372546347,41.56987068144925,41.76299041035689
494,36.56781097489361,36.793480969527955,36.80807606484344,36.89219218338695,38.32279574666119,38.49981882563769,38.691998496925216,38.81259062435432
495,27.263486147350676,28.22821903841117,28.73442004677261,30.12529758659317,30.32287039279618,31.41451238616655,31.51601987102387,31.772761929297005
496,21.82443332395911,23.82931388467749,24.2624558974818,24.333138921498026,25.854850378206987,26.055618348309455,26.10022760556826,26.946545680067114
497,24.895688184931156,24.939709136939715,25.92203346227941,26.98048138289285,27.846286962159297,28.05078952351131,29.731722367701163,29.755065078068327
498,21.900254084455362,22.20103832127682,22.21707183331478,22.569448841976815,23.788505394309908,24.87207878462061,24.925345112689833,25.23056920197301
499,28.854488923338184,29.532398811362643,31.416006138818716,32.717824196644926,33.2381304770298,33.65261041022539,34.37649632994308,34.80601848629383
500,18.47389053485109,22.026389235215753,25.734924252539077,26.055618348309455,26.829204779216766,27.192980383486805,27.273276711701826,28.55628487921943
501,32.048015229688616,32.39876418510042,32.66797181338564,32.927943392184034,33.82716585485596,33.83407816256277,34.60858859662753,35.116286077554264
502,30.516867046270217,32.81735621952805,34.247031331101155,35.14750300853475,35.269222827561144,35.31132590021817,36.078336376447,36.33182981752049
503,25.703168925619728,28.343284793725612,28.93981030338315,30.011071851285685,32.1223562303635,32.33323869199508,33.02373207113922,33.60573529364636
504,25.788184201904794,26.801753519023098,27.846286962159297,30.935264965018813,31.071435211904824,31.420673537828453,32.187888302878925,32.18842908539399
505,35.297824714739384,35.39326428010498,35.99955327007637,36.08783699544082,36.686988044652644,37.29961749528419,37.504270785621316,38.446544099971966
506,27.502876346222006,28.768821024872896,29.941690584224144,31.025000649902918,31.269105677157906,31.416006138818716,31.685428780467287,32.673967771726346
507,29.50707934469353,29.9183128674622,30.671890090917717,32.76514626594893,33.44175711881683,33.4963315965015,33.499237682370776,33.72230327459216
508,23.53669584468747,26.004614702914882,28.52008876039567,29.755240608365114,31.716398128050134,32.36539590964633,32.960089184647295,33.170196103970326
509,24.785607174836745,25.23527975901073,28.55556892127873,28.845048473364592,29.566602358133615,30.673522541028515,31.982709568445358,32.108150001589706
510,28.98442839030139,29.6007837130656,29.94379367049844,30.20026087002114,30.731813369464938,31.003425016186146,31.071435211904824,31.262616910634957
511,28.280938071781023,28.53135823220214,32.256574046073055,32.49426765973665,32.75529502965049,33.40891734562334,33.735558615243576,33.77984714065566
