0,1.02945332982474
1,1.0381578119872537
2,1.0024785849783795
3,1.2806649883779366
4,1.2402260538821928
5,1.005342389753404
6,1.0306039140883207
7,1.3050934459550079
8,1.0122707026974942
9,0.9747354482496686
10,1.0079642906071207
11,1.120300944310376
12,1.082801667154894
13,1.016839798528725
14,0.9817314986281018
15,0.9501214666675493
16,0.9680376475030738
17,0.9753362875724106
18,1.1014542848268345
19,1.2775878354310253
20,0.9845621314706159
21,0.973004205327147
22,1.1218586566175535
23,1.000374926533574
24,1.0293836819573965
25,1.0330844275401896
26,1.0269866474048126
27,1.0592375715031581
28,1.0920920523340283
29,1.130656436637023
30,1.1482894806945523
31,1.4264281080517107
32,0.9753364257761061
33,1.002927029160507
34,1.0452140654307378
35,1.357230648476528
36,0.9726769196708333
37,0.9990014195357644
38,0.990513867593608
39,0.9572606748146797
40,1.159593505245582
41,0.9820307959733017
42,1.000736599785228
43,1.2521509346702184
44,1.2313596707749364
45,1.098488049451949
46,1.004493972561505
47,0.9992335578085472
48,1.0117411335603752
49,1.0273806113483572
50,1.0368858609941443
51,1.0287611796380283
52,0.9611217540626508
53,0.9739297940481411
54,1.03766397070478
55,1.015077237703457
56,1.052508483648601
57,1.2188282788206557
58,0.9878453100764542
59,0.9806552133512771
60,0.9677868082053332
61,1.1815391426132393
62,1.6894695545515654
63,1.0040595299649513
64,1.1203217570269577
65,1.0383495673907104
66,1.0667695189584276
67,1.0782361665167253
68,1.2075681292574816
69,0.9697586380603787
70,1.0008571934990491
71,1.2378494026436475
72,0.982016250998111
73,1.0557894969378652
74,1.0444707092545042
75,1.2303452584060812
76,1.0051214247442277
77,0.9746539555950716
78,1.0043430557801587
79,1.0670705408788064
80,1.0814263365782988
81,1.4224988862927819
82,1.1482405443799881
83,1.1021670551686702
84,1.0849437024557271
85,1.028536919804277
86,1.0068273757467643
87,1.058299038685657
88,0.9982552512266507
89,1.1354179802461575
90,0.98094231049635
91,1.0308470973883228
92,1.062627761461877
93,1.3227779171778637
94,1.0605189390996554
95,0.9587729139854009
96,1.0085638524380562
97,0.9712902105343946
98,1.045226488770505
99,1.0042335593325153
100,0.9564475258145706
101,0.9956592421459973
102,1.1408278868382722
103,0.9818528245160669
104,1.0190464766894616
105,1.0591779300781452
106,1.0099796424473624
107,0.9801625399585181
108,1.3718236856607327
109,1.0174745840987667
110,1.0163611913172705
111,1.0841581367936963
112,0.9941442532875251
113,1.0343786832879354
114,1.0265231947740734
115,1.0147756761871944
116,1.447372880255534
117,1.1170626936329136
118,1.2417565743484773
119,1.0293562201710071
120,1.070071092630732
121,0.9938831818766352
122,1.0444654973128764
123,1.0188605795139365
124,1.0164242449454495
125,1.0690499897057126
126,1.0934780064933025
127,1.0372326458495136
128,1.0425423805383525
129,1.1082049733202517
130,1.0868565691022485
131,1.013513040914224
132,1.0366475390709258
133,1.0050507908245119
134,1.0440973691569315
135,1.3672904148649305
136,1.2401409253557962
137,0.9819981181589499
138,1.014875869156842
139,1.115989118382971
140,1.0079588104658586
141,1.2435609905420635
142,1.342844878306269
143,1.029744484102146
144,1.0794430736495992
145,1.1971333180924217
146,1.107086504447636
147,1.005752717436855
148,0.9752324116018916
149,1.2248169397167756
150,1.0374870221071733
151,1.1182231306889383
152,0.997660679399528
153,1.0338499021325172
154,1.0927560469860413
155,0.9717157991203841
156,1.1570375635176027
157,0.981939541010542
158,0.9962708689714581
159,1.0661370124724787
160,1.0267063074056415
161,1.0034963248023705
162,1.0981444270395047
163,1.0688676568271887
164,1.090121329907075
165,1.0545655173704933
166,1.068901876096369
167,1.0014557457707327
168,1.0129574974956659
169,1.0575041747946545
170,0.9758305962250091
171,1.0075724899525722
172,1.05934559599118
173,1.0009026510813277
174,1.1572912939411233
175,1.088328367982205
176,1.1070694161292862
177,1.0182797210054848
178,1.3162842956907128
179,0.9762570965637243
180,0.9703165849779503
181,1.0167361053485542
182,1.0136125530605988
183,1.3368067431235413
184,0.9561810354157283
185,1.288955373584073
186,1.0716661994731855
187,0.9868123787769536
188,0.9839840020424345
189,1.1673244666179863
190,1.0423388047681699
191,1.039162015648244
192,1.0171005951125762
193,1.038295066448451
194,0.9342485506613201
195,1.3929229465131263
196,1.6928786799714906
197,0.9493881220736258
198,1.0060259882133171
199,0.9684529403727898
200,0.9950825797577524
201,0.9807377002863809
202,1.215929841551933
203,1.057688935477886
204,1.1315765439863674
205,1.0366218503682094
206,1.0206554769307532
207,0.9884018897016611
208,1.0528030940505244
209,1.0872266150995065
210,1.1823791659419234
211,0.9894102403290098
212,0.960526429987024
213,1.0578246292220335
214,1.0021784301343217
215,1.3022815836434467
216,1.0114033528546345
217,1.060783645085732
218,0.9997588039531429
219,1.2510474819745707
220,1.0269215386839368
221,0.9935560193386652
222,1.0289132674732484
223,0.9698643177925044
224,1.056506011902047
225,1.0370223546068675
226,1.0133703924525177
227,1.0155026725615817
228,1.0233557638484432
229,1.0084815681593304
230,1.0025165745950635
231,1.0257789598455909
232,1.0257514897421842
233,1.0063254854882158
234,0.9748183961335588
235,1.0265492664714206
236,0.9689562512693448
237,1.2235333275019267
238,1.0880762942419402
239,0.99983493950327
240,1.0497000276835555
241,1.044966548108171
242,1.0516615860652432
243,1.1089246563027255
244,0.960486616784505
245,1.0155293567154118
246,0.9972072183951627
247,1.0861448007679109
248,1.0723748774801392
249,1.1502350323428954
250,1.030479199808993
251,1.0213263474286123
252,0.9729107461710318
253,1.0082591226907303
254,0.9853468301408719
255,0.9963620647561506
