0,0.10218593253038265
1,0.17925487819463012
2,0.15977865402652064
3,0.14529618015976822
4,0.15231460349363488
5,0.16077447409223983
6,0.10614096446974562
7,0.18492855929089394
8,0.05810401693674428
9,0.1696898039904534
10,0.15813561085247227
11,0.17308790497891163
12,0.07684030237881864
13,0.09283705154223326
14,0.1525723515741757
15,0.09493879618696237
16,0.1129845717981909
17,0.1310302879341442
18,0.1792407397885779
19,0.16062338733619932
20,0.16008457900789627
21,0.0949395157274073
22,0.11450369335415052
23,0.0710494170705571
24,0.08589841207414216
25,0.1649760297331981
26,0.1844517575347362
27,0.18411948017756055
28,0.15268475828783445
29,0.14226700078623192
30,0.16802123787224582
31,0.15648555540853357
32,0.058984310441469956
33,0.11298160730720261
34,0.16531229786690785
35,0.14447804715823273
36,0.08937928498353116
37,0.1559368441403897
38,0.11682841388990917
39,0.10668813160541864
40,0.08953856352805098
41,0.14201720472161064
42,0.18188553963078602
43,0.1368059765412451
44,0.15228641149332062
45,0.12659153296981157
46,0.1846535830946739
47,0.14079052297226238
48,0.11738464462713111
49,0.17672841194557698
50,0.16106018519423643
51,0.12676934301070406
52,0.18040850441715833
53,0.13596087552494374
54,0.09064785110225068
55,0.09495100608249617
56,0.18255791019825568
57,0.14384126976572517
58,0.10492982594119142
59,0.1304267307825611
60,0.1572492913792605
61,0.13800445146842527
62,0.10086159690551913
63,0.1243986176153893
64,0.08437270575464731
65,0.15186252394171967
66,0.18409581531004962
67,0.09783420529413564
68,0.11220845649327423
69,0.13865339200427834
70,0.08117774896327222
71,0.163474269538778
72,0.06698413598003645
73,0.15008568761245972
74,0.15336161854308877
75,0.14854432334647366
76,0.18556201073787612
77,0.18409622422461705
78,0.15356348796649988
79,0.18485060982229867
80,0.14580247777243888
81,0.10874027501556321
82,0.06412603146381654
83,0.149090411910136
84,0.16170114269047914
85,0.18457109012873923
86,0.06557980198336373
87,0.07728972790140068
88,0.06404234573815004
89,0.14384803963203485
90,0.17813734305407286
91,0.10044942516531968
92,0.15751500530477744
93,0.1566281164274365
94,0.07116494945260474
95,0.1329987449745938
96,0.12915990616976394
97,0.10279626559402538
98,0.14202628553096044
99,0.05799876781986856
100,0.16508270422839078
101,0.17991608091571099
102,0.15514055092426757
103,0.15291339045916733
104,0.11136742273912664
105,0.1571113865372035
106,0.16102090206237207
107,0.05411509292146437
108,0.09152710596596964
109,0.09553199727470586
110,0.15361203738969564
111,0.18440862368729288
112,0.0637860508310687
113,0.05485135911141315
114,0.1851779570613971
115,0.135932976750532
116,0.12801822627503595
117,0.18306075124497162
118,0.1769219691654317
119,0.18065998015382198
120,0.16136172506092297
121,0.09110072401187289
122,0.07719894093182378
123,0.16982208314582256
124,0.059260898663594096
125,0.1523084240970461
126,0.14963609264819983
127,0.1736289685209845
128,0.1501540476393457
129,0.14560114476014285
130,0.1518598357527597
131,0.18461448931758653
132,0.15196160882832258
133,0.15717603299269747
134,0.1582015731805503
135,0.1670891177493889
136,0.18444571560068396
137,0.15938480881655193
138,0.15172698547365998
139,0.13359882978449344
140,0.15111813548757513
141,0.14864543859730037
142,0.14861597039558475
143,0.13497037763399206
144,0.16427240797482676
145,0.1470983880825584
146,0.18446604670623243
147,0.1818830033199547
148,0.0980277066972983
149,0.1818894424414133
150,0.1291112942371847
151,0.17546437132303025
152,0.06032288241844186
153,0.18223420011742753
154,0.18492320495782383
155,0.1382150531314489
156,0.162003280759693
157,0.15740765704386017
158,0.15952868426848682
159,0.1546772490045895
160,0.16000216487559585
161,0.15002987885734925
162,0.14527643629622458
163,0.17306852326490138
164,0.1518690895047481
165,0.08111170029426527
166,0.180195380865956
167,0.15767442078105048
168,0.16806584780496064
169,0.18266274997113155
170,0.07429701102443521
171,0.1816360409384283
172,0.14615823354093097
173,0.06893181000268815
174,0.13578429674893389
175,0.17814692622386533
176,0.1543047205487407
177,0.11657562740742067
178,0.15336431143016455
179,0.13615950386156025
180,0.16578189667010446
181,0.09559386335738063
182,0.0755303687047478
183,0.1119361943023843
184,0.1598907300410935
185,0.17925419180723623
186,0.15398914288509968
187,0.18601565251771932
188,0.15093342548619154
189,0.16032379120565768
190,0.05831771415709967
191,0.15978763685267794
192,0.1605684127780587
193,0.18229628292915284
194,0.14090993312293967
195,0.14358923414875183
196,0.14129422656820242
197,0.15580315275720932
198,0.17828812379069042
199,0.09620251422167539
200,0.1576039078432947
201,0.17914528185139234
202,0.08118920354205257
203,0.14930684964361876
204,0.08927805149672037
205,0.1844662888963383
206,0.1095120047786398
207,0.10037531202982045
208,0.17924967864191146
209,0.16815804160911552
210,0.14909201719860507
211,0.18350066590850928
212,0.1809649434966342
213,0.15261087475888263
214,0.16056516721781897
215,0.07450996094949106
216,0.15285686286723948
217,0.1512768737889475
218,0.10990634153309338
219,0.09515197588122058
220,0.07441022731564459
221,0.14972898479838073
222,0.18098271442823036
223,0.11645353526229545
224,0.12218556834722805
225,0.17287827088712263
226,0.06859194899163551
227,0.13980264809947332
228,0.1531351731136419
229,0.10608571227835764
230,0.18606844928236416
231,0.08363577719065941
232,0.08830957208649372
233,0.119915768252728
234,0.16386715062492768
235,0.08111478814477543
236,0.07454533316504461
237,0.14895651683414737
238,0.1830674424988977
239,0.18231976486300724
240,0.13292374667816467
241,0.15630882270444607
242,0.18484691266423026
243,0.11645803458634799
244,0.13091491413988574
245,0.14235792142593795
246,0.1306430299752062
247,0.10593991677465314
248,0.159668173390713
249,0.1566447238748865
250,0.18439657076163654
251,0.10198026312857437
252,0.17890173775104837
253,0.07932798209192364
254,0.13489181489954433
255,0.08189491389511527
256,0.1667306154641862
257,0.1467363417816778
258,0.13883724984801651
259,0.05834677721174849
260,0.13755775026236539
261,0.08812939441762206
262,0.14816667632537595
263,0.049228649082314994
264,0.08786283620035631
265,0.16578223338840412
266,0.11817587885196434
267,0.07296154439545884
268,0.0707612946203586
269,0.1620631688046473
270,0.15090355290930152
271,0.1027381737109409
272,0.07034785312838272
273,0.15395238230055813
274,0.1689308758614489
275,0.10288464858627788
276,0.16973219972573106
277,0.17375736693813282
278,0.13829148110662495
279,0.14925476434330073
280,0.122082334822469
281,0.1606747801481759
282,0.12314816568518928
283,0.07480534542258063
284,0.16586849575680207
285,0.15385668954977744
286,0.1181934994550014
287,0.1594087388544942
288,0.07142261070117083
289,0.15411117532132365
290,0.10625085646206792
291,0.14205266640900532
292,0.14735651877756575
293,0.053499559203086855
294,0.14691175778897472
295,0.05477854306965137
296,0.11796912113694023
297,0.1773213402670326
298,0.07871355418391411
299,0.18489414808241844
300,0.11119235849340044
301,0.15818048106825633
302,0.09421730675184323
303,0.14241471088714258
304,0.1462695098885066
305,0.1680604496470893
306,0.15302475957083844
307,0.15338574601387922
308,0.15810155224617628
309,0.11948567358243847
310,0.18261706883619394
311,0.07825855673353349
312,0.12765422001483556
313,0.17237293881190657
314,0.14309533569598834
315,0.1644892169929513
316,0.09735624497346933
317,0.12924282767838535
318,0.15736706539408282
319,0.12269074386428341
320,0.1254996739443278
321,0.15607196477213583
322,0.07082994214094473
323,0.1447748077202633
324,0.11717677096290817
325,0.10946622898352576
326,0.14589972347396202
327,0.11990978215521238
328,0.15415134333560623
329,0.03204766868841783
330,0.1601968149211389
331,0.09638668982742553
332,0.17044814602720462
333,0.10073977483772727
334,0.11300924041182969
335,0.15766050495218525
336,0.15228042918227794
337,0.1421988205055252
338,0.17702991146622102
339,0.18345495550606952
340,0.1804104593616862
341,0.13832496298155694
342,0.1485177115412064
343,0.06575892319605738
344,0.097907528870088
345,0.054337619327567276
346,0.18578164845902076
347,0.06675116115797769
348,0.0794747695216594
349,0.09386754171043402
350,0.16497435319391954
351,0.1822967961692204
352,0.1760154049927634
353,0.17237101904293323
354,0.15954209423227855
355,0.15511820338432308
356,0.17944547948747347
357,0.14705657269782224
358,0.18404434785008172
359,0.14281291170721952
360,0.15445518803791297
361,0.14276633234960248
362,0.10812708403701822
363,0.14209069205978672
364,0.1381386803233016
365,0.1051019769048186
366,0.13036260313680115
367,0.09998976959363808
368,0.1708095415588915
369,0.1475414873875873
370,0.09412542818172334
371,0.15761275132793365
372,0.16226733993320136
373,0.08437882859591456
374,0.15741148936913743
375,0.15556118139603842
376,0.14492751943024312
377,0.050943920151554856
378,0.18485636622948415
379,0.1723651090512693
380,0.18030232405984895
381,0.18580843904604172
382,0.09780646978996806
383,0.11025847706214495
384,0.06059062285083955
385,0.17308554361694709
386,0.09458630279423492
387,0.08039324094835373
388,0.15597795899881706
389,0.1653464766120971
390,0.13607396826486662
391,0.10103624352256815
392,0.08242390670988403
393,0.16222419502257487
394,0.15362436726694068
395,0.04733515479126091
396,0.12935468613633677
397,0.13345653525250345
398,0.17068278919934696
399,0.15245691484249962
400,0.13742087717098037
401,0.10576812911074794
402,0.18419378961737573
403,0.11735795254796329
404,0.17278539884182817
405,0.06930475425583543
406,0.12264625720272725
407,0.17787616656899014
408,0.15919243096667776
409,0.16401552971308736
410,0.14020614354378677
411,0.1618393245566268
412,0.12656255266443242
413,0.1394027158975071
414,0.1520948891161935
415,0.09468859413051887
416,0.17962131164163334
417,0.1548274939874591
418,0.15421514117442384
419,0.07928429297063855
420,0.15822644800142366
421,0.1405979870322614
422,0.11182406287023614
423,0.18024219093700433
424,0.11748227391135227
425,0.1450093780739318
426,0.17962244007319075
427,0.18332883913231285
428,0.056652318920173896
429,0.1483745739805284
430,0.15718709436559444
431,0.1314116864891386
432,0.1447281032122522
433,0.164063088174548
434,0.10204551075822954
435,0.1852651918126835
436,0.1061009055572898
437,0.18262744771073353
438,0.09903195698779543
439,0.09675292063552017
440,0.14956723009537343
441,0.1851598093524993
442,0.16806584780496064
443,0.17768894318871933
444,0.15736936850558506
445,0.1504234387207984
446,0.06860800922723831
447,0.10717299232570708
448,0.14068763455082606
449,0.07438898344645635
450,0.1628955747639557
451,0.13850253464690715
452,0.0857203027777108
453,0.1065168574540467
454,0.18514340948784724
455,0.08398852703038544
456,0.18614187735554544
457,0.17273908822380885
458,0.1558168049627676
459,0.11020291816590745
460,0.1510758601580635
461,0.15143787990156546
462,0.16807568801723463
463,0.11929783226749072
464,0.1525137292518752
465,0.15138164457080258
466,0.1747988850611741
467,0.1484798670822732
468,0.06531467016704988
469,0.15206180888319157
470,0.18440991009126909
471,0.14955890869308663
472,0.18223864111420057
473,0.16340490266270924
474,0.18410023885649035
475,0.13011966223027346
476,0.09406267122834373
477,0.14702601488440886
478,0.16332233120312145
479,0.1542573496019185
480,0.07608981071076899
481,0.16004229051278324
482,0.11462021378370728
483,0.08208963043361206
484,0.16133087424049047
485,0.07725711683031936
486,0.12028666267265863
487,0.04871280343509044
488,0.147511108681342
489,0.1479245453491738
490,0.13389131337389099
491,0.18185707625912267
492,0.16611828097689182
493,0.13653347435239982
494,0.1695915686873731
495,0.09130040385692732
496,0.14798229604434485
497,0.12988869491961202
498,0.1374806859398867
499,0.17400926228270835
500,0.1429938936732795
501,0.16481764869042476
502,0.155729201312989
503,0.14558807297168566
504,0.1152707062114
505,0.1233893050296967
506,0.07850267686806617
507,0.16639526410258748
508,0.18408549290998935
509,0.17409008749330127
510,0.16051291667528436
511,0.18481962571137264
