0,1.0748922588564658
1,1.0599449578494406
2,1.0391375518295458
3,1.022366167314822
4,1.073512002577501
5,1.0859954621983594
6,1.0728137344755724
7,0.9940582800095928
8,1.1008911383346178
9,1.1275149807906093
10,1.0279875511256409
11,1.1479127262685775
12,1.0209565214021024
13,1.0061307246443212
14,1.0001231786165357
15,1.008166148802328
16,1.2338537780517917
17,1.0177415385758835
18,0.9980781365481383
19,1.1884341681969057
20,0.9751969442692388
21,1.185626584513106
22,1.0312523061851984
23,0.9763347509233156
24,0.9828636238993016
25,1.0139863951078472
26,1.0494067911095768
27,1.0091298019208503
28,0.9948647622886548
29,1.0631039342598627
30,0.999217343905785
31,1.0280991522923757
32,1.1615941749143586
33,0.9988855306631798
34,0.9976210488613775
35,1.1370269548172525
36,1.0333369167899278
37,1.028120188238205
38,1.0604343006375019
39,1.0943064382651913
40,1.035601585315916
41,0.9863452383683056
42,1.0378842279631941
43,0.9883613058681289
44,1.0804717890109115
45,1.0237582653958162
46,1.0054256465319462
47,1.0960823438137721
48,1.0197980457498839
49,1.004029562208831
50,1.0122157491226906
51,0.987906926854099
52,1.085197943629907
53,1.1066431658205778
54,1.0421594325367254
55,1.0520505955250843
56,1.0111978351554713
57,1.3289442394601743
58,1.3616305934920105
59,1.12092394288474
60,1.017628384817285
61,1.0694456231015779
62,1.0235434547868882
63,1.0667681695683364
64,0.9861713691729577
65,1.3219609034982656
66,1.0176129600553985
67,1.1047098009188843
68,1.18312317847189
69,1.0590208626296007
70,1.1216194638484476
71,1.0754879386185723
72,1.1711853223634612
73,1.2518935802030335
74,0.9565032617033071
75,1.0349046436294622
76,0.9914448771693883
77,1.1815084603438346
78,1.0077802439267516
79,1.0191285393345004
80,1.1064601409407886
81,1.1487051113941127
82,1.142191995654045
83,0.9868527085786765
84,1.1962547229476277
85,1.0020031622343124
86,0.9968067242334007
87,1.0010496658371286
88,1.0465685351176006
89,1.084999110466776
90,1.0018674581648557
91,1.0080892127279117
92,1.0114966315729967
93,1.0512099687587102
94,1.0865522429932573
95,1.0268889152250011
96,0.9906791065634797
97,1.0117200457685098
98,1.0376165641157753
99,1.125923842983203
100,0.986760999867788
101,1.0251400735482348
102,1.0201373552149673
103,1.077611156812916
104,1.042647481701092
105,1.3997279405699363
106,0.9994112149263888
107,1.0217550584225938
108,1.0184993700075307
109,1.020515314364473
110,1.0482424646519009
111,0.9968325549735934
112,1.2652239626132724
113,1.2407763781578407
114,1.0712581213784695
115,1.1495837729970009
116,1.0156514259352951
117,1.3921790714784614
118,1.0199057643293197
119,1.0134174989480145
120,1.080585470308951
121,1.1400948519884424
122,0.9851419518859008
123,1.0303620886269567
124,1.006466746891899
125,1.0792000149098824
126,1.1032451491013895
127,1.0073330359572998
128,1.3039915181232098
129,0.9752304918095155
130,1.0133319030144339
131,1.0199747453409431
132,1.0457075954603539
133,1.2732234078350089
134,1.0499020250598896
135,1.0471249859237204
136,1.0645394081179214
137,1.3451839436134856
138,1.1494764262672579
139,1.2439314096636116
140,1.0201638924146095
141,1.031170291079202
142,1.0060494819474073
143,1.028387262936375
144,1.0501676237847786
145,1.015567733384633
146,1.0086165244688943
147,1.0473869513785805
148,1.0864827500432517
149,1.0436010770972026
150,1.005149800847726
151,1.0556723922009783
152,1.0633952988224347
153,1.0145679229840598
154,1.1707234320049178
155,1.2579177906959103
156,1.0703822998276
157,0.9899362218293162
158,1.0008101642780165
159,1.0829482116576408
160,1.1335096772460698
161,1.0060212922469938
162,1.1917474600472775
163,1.048156887191068
164,0.9997375333405983
165,0.9951201798111302
166,1.0947836426702238
167,0.9999095115582723
168,1.0570095818925611
169,1.0402145585618425
170,1.0237330310131916
171,0.9765166930440061
172,1.007233060135908
173,1.1318490881176957
174,0.9501141666146772
175,1.0890132867873272
176,0.9950101849466473
177,1.1247577794940926
178,1.1120435271319429
179,1.2085939464367776
180,1.1703149355652194
181,1.0252459212312628
182,0.9926752762549642
183,1.0260470141463598
184,1.206505910690577
185,1.05259599767574
186,1.0946496183545293
187,1.1535770063402782
188,1.0221571777554455
189,1.0742597895941122
190,1.0152675281023322
191,1.04720893612727
192,1.0813998107930183
193,1.1873400936286242
194,1.0106175153357317
195,1.2167192255448058
196,1.3854213721751316
197,1.0861510805589907
198,1.3326056705854161
199,1.0828047778934202
200,1.1054763470752174
201,1.1879194191469984
202,1.2899686103882457
203,1.1108550789133385
204,0.9990572124747533
205,1.0113997236637118
206,1.0257485666262818
207,1.0179431280435283
208,1.002149876284323
209,1.3212606809733594
210,1.2850619985013152
211,1.05524879188452
212,1.013793267741432
213,0.999551834034274
214,0.9839600869385063
215,1.1638288828076087
216,1.1150736616010484
217,0.9853208581626556
218,1.035846756629843
219,1.0018349434635434
220,1.1081002783368477
221,1.175445081482918
222,1.1177417399967573
223,1.0388642414832994
224,1.1484979041058245
225,1.0671646343752754
226,1.0479764001182135
227,1.183405918649734
228,0.9805972372353339
229,1.0374620452968335
230,1.0661183913089618
231,0.9968953679213912
232,1.1220778642239595
233,1.138282480765946
234,1.0629327086204627
235,0.9830600905540546
236,0.9704233260276474
237,1.3496319123937244
238,1.058366635327267
239,0.9841695853172971
240,1.0673312143755849
241,0.999623222958854
242,0.9969470473829728
243,1.1611766914406814
244,1.0400126818458808
245,1.0511678960333706
246,1.0858972386806085
247,1.0243458619876715
248,1.0141751980014961
249,1.0320937792131182
250,0.9851602416315305
251,0.9926996986498089
252,1.0476451305835728
253,1.0407427569352663
254,1.0400609516481614
255,1.088663291974918
256,1.0789897490829912
257,1.010724035776503
258,1.1195581267890762
259,1.0475661050615832
260,1.0749554374356425
261,1.1684005937785356
262,1.0657739806747009
263,1.0194488023614734
264,0.9572452106194577
265,1.0277612438207107
266,1.0270107030505493
267,1.1289539507899646
268,1.2241498563949973
269,1.1773727645876795
270,0.991388949459066
271,1.0194693310217735
272,1.2902831820593788
273,1.0219469288224474
274,1.0990266508465507
275,1.1701965035589952
276,1.1231907087185553
277,0.9854498402230183
278,0.9891975541698588
279,1.1402365305012783
280,0.9988400770299145
281,1.0920334003224754
282,0.980495556029738
283,1.1894602895551567
284,1.0468234515651673
285,1.1858281469413374
286,1.0121305748314469
287,1.0210080972626367
288,1.0306804364734892
289,1.0863327825724824
290,1.037543780231104
291,1.351772347634292
292,1.0803573528740793
293,1.046256434233997
294,0.9866131647459448
295,1.0460232673148817
296,1.0236630743355724
297,1.0561109496993386
298,1.065142887445683
299,1.0031213553924256
300,1.0005362837314045
301,0.9814683700997773
302,1.0039962934582345
303,1.0027292020339664
304,0.9689359927363081
305,1.0486238014968243
306,1.171739489092197
307,0.9831242246868971
308,1.0858743958251336
309,1.235280657061681
310,1.051323637789832
311,1.0341685647831695
312,1.1110685465651515
313,1.0824216842355556
314,1.0910219610632486
315,1.0874605183096238
316,1.0456045125264033
317,0.9992718917876497
318,1.1006213813585792
319,0.9743057376060205
320,1.0417209002238677
321,1.1001388858187426
322,1.0724787824292892
323,1.038314074698881
324,1.1555386631114244
325,1.028831041652353
326,1.3478771238484009
327,0.9960290635588416
328,1.0065067774877063
329,1.05422490654515
330,1.1912665966373028
331,1.0276315837238232
332,1.0147714326527515
333,1.0513156009468474
334,0.9975873929171819
335,1.0875730981613563
336,0.9949581015367257
337,0.9796250874483442
338,1.0413268087337908
339,0.9733426258132738
340,0.9710868205717806
341,1.0718459538431033
342,1.0085878383500106
343,1.3830351429482128
344,1.3290911156884917
345,1.0231571013102128
346,1.1674524555160164
347,1.2466082205600229
348,0.9810868737616187
349,1.1617286644116427
350,1.0392620181964547
351,1.0195925233753713
352,1.0080202773360507
353,1.0523481190830228
354,1.0341775717265462
355,0.9936334766612371
356,1.0728264702192039
357,1.021003413317667
358,0.9937192586980718
359,1.107343280248911
360,0.9795399392987109
361,1.1087495474128242
362,1.0108685267372577
363,1.015537086732355
364,1.134376515847946
365,0.9908467606681982
366,0.9766134956523536
367,0.9709003801027345
368,1.0442033739138075
369,1.037717774655595
370,1.0822150570973383
371,1.0618385773955805
372,1.03904202904062
373,1.2063504785826815
374,0.9753901948255665
375,1.0501247671360243
376,0.9947895122416448
377,1.0095453639650274
378,0.9825246160412775
379,1.3815367874496645
380,0.9964491748721542
381,1.1651023735939183
382,1.0611839027696734
383,1.0052157776738262
384,1.1101163434253598
385,1.0840979626430216
386,1.024862731222774
387,1.1548833940499343
388,1.0377676024495865
389,1.0751644507381495
390,1.0605435197255328
391,1.2059281331822849
392,1.1102819679473463
393,0.9889275046609711
394,1.2027992394075282
395,1.0249311702080868
396,1.0045871201683072
397,0.9592072245202317
398,1.0890308274901561
399,0.9792399477539172
400,1.057413630478566
401,1.0370618215175658
402,1.2217586067857216
403,0.978151193079228
404,1.021884456235016
405,1.3673523640872465
406,0.9685477026492132
407,1.0459179976464192
408,0.9846577495533435
409,1.0360421921327077
410,1.1271047719977791
411,1.1477021721101055
412,1.2186598469634706
413,1.2363514868972243
414,1.0261511410023332
415,0.974715794828747
416,1.1371862447285177
417,1.223168067658374
418,1.1044885595105827
419,1.0257040960352088
420,1.0664475932563153
421,0.9706701374596678
422,1.0521904018226031
423,1.266063461499403
424,1.0005925384271537
425,1.03275444309815
426,0.9917798201535074
427,1.0027639634009486
428,1.0454072630789852
429,1.0026595210009703
430,1.158887380608859
431,1.110301477330839
432,1.0930267253483237
433,1.2111114677764159
434,1.292756535242417
435,1.0291445336633132
436,1.071209092306754
437,1.2433310987653092
438,1.0214492890065687
439,1.0045108940761933
440,1.195032286851402
441,1.0212266857179624
442,1.0416420055258184
443,0.973728562353967
444,1.0431093501844142
445,1.086731720415473
446,0.9917266048732882
447,1.38049217810526
448,1.0891229100742408
449,1.1086976726451998
450,1.0237463896140653
451,0.984950961240077
452,1.042243992284701
453,1.0018229685104538
454,1.0107469976102217
455,1.0410652382331855
456,1.078520654102591
457,1.0854126492540703
458,1.2141251932470767
459,1.0572869661257052
460,1.1057062966104145
461,0.9916028615272443
462,1.1165330146744585
463,1.0656522786293277
464,1.3279347824069774
465,1.107433876134674
466,0.9962887348369565
467,1.0661566778542926
468,1.1009941637233123
469,1.1451667607630598
470,1.0270168177483876
471,1.0452001224916714
472,0.9710054998367477
473,0.9921352278783144
474,1.0523331449770543
475,0.9754226417180796
476,1.058841317507266
477,1.0481456670897364
478,1.002526285687689
479,1.083516921357414
480,1.0219551518991357
481,0.9604548626495886
482,0.9817018904754571
483,1.1630144620633858
484,1.2028816647644425
485,1.0486465526158892
486,1.0518595977592087
487,1.0140701948790332
488,1.0656280067795292
489,1.0258536085000192
490,1.1276014438885005
491,0.975185286766886
492,0.9977551162167642
493,0.9878224387054995
494,1.1885288668483112
495,1.0994046833780817
496,1.189087148862071
497,1.02518097539448
498,0.977025745628823
499,0.9953293339334062
500,0.9975254366956718
501,1.0856090969713634
502,1.0972283078579372
503,1.2267952327237341
504,1.064313683019066
505,1.081598646478389
506,1.0104927553121361
507,1.1442527671520941
508,1.0010399379793173
509,1.089688515822424
510,1.0760943173140052
511,1.0805843314387666
512,1.1628610912895931
513,1.016005919829031
514,1.1034929346199944
515,1.0147732881153095
516,1.1713056758571052
517,0.986051158158826
518,1.0641551450422946
519,1.0199694969193716
520,0.9929083148485744
521,0.9965443610120696
522,1.1166513322735923
523,1.0170296835436146
524,0.9751234657242966
525,1.0137610555315053
526,1.0661159489257936
527,1.019212691354938
528,1.015894046423345
529,0.9845238503537683
530,1.0808297856354554
531,1.0008639702367625
532,1.1561217705044013
533,0.982462654381114
534,0.9907531742622679
535,1.0242682944404506
536,1.2108716645248165
537,0.9902984970519324
538,1.151041037231399
539,1.003567628098533
540,1.0962979355716005
541,1.0252030147662086
542,0.9637234603899126
543,1.1002894667983134
544,1.041258145847118
545,1.2806369118598093
546,1.0261337553675993
547,1.0379487386562884
548,1.0163735693596911
549,0.9694599678929913
550,1.0996542229500377
551,1.0198917310127738
552,1.0589842136119931
553,1.10407477395199
554,1.003495300467899
555,1.286449408917408
556,1.0093181464299534
557,1.0001873593138089
558,1.1397099252994103
559,1.0026463650261412
560,1.0442712361349407
561,0.9720587172993322
562,1.0119571396377358
563,1.040106159700323
564,1.030277588915696
565,0.9909478307194709
566,1.0035837739616946
567,1.0401554468974985
568,1.0718337807761555
569,1.0411875679005504
570,1.0631911871645605
571,1.0631661096567453
572,1.0575058078613042
573,1.04557117393629
574,0.9680965140475541
575,1.4033962292906446
576,1.1715693644148422
577,1.0202479550977785
578,1.0468732656206257
579,1.06519834085117
580,1.0122977404219684
581,1.056698327505568
582,1.079327793494583
583,0.9915359812269207
584,0.9836919664647865
585,1.0171688582261043
586,1.112056225869725
587,0.9845939166905675
588,0.9808324970688966
589,0.9904720304823795
590,1.2132713039565912
591,1.0241154176740852
592,1.1281263124162009
593,1.0316882952314312
594,0.9997554197407411
595,1.087499766715299
596,0.9899762967100567
597,1.0976427093368806
598,1.0984324253290632
599,1.0997780339638803
600,1.0451423168378888
601,1.0640583184810595
602,1.0337450317481778
603,1.1192376861362532
604,1.0090934748885847
605,1.1585300599525565
606,1.017384010152563
607,0.9848232922330504
608,1.0242702611308085
609,1.0050021680075933
610,1.066321301093836
611,1.0223290873611304
612,1.1134188827555016
613,1.061794894041815
614,1.2796176713075127
615,1.0475438309904623
616,1.1543833962239087
617,1.1381441488144834
618,1.014714106921736
619,1.068288206256319
620,1.161101949280432
621,1.1146517523477026
622,1.006181218189883
623,1.1633218636836011
624,1.071354638738672
625,0.9762558035007505
626,1.0605077342035507
627,1.0852400458032534
628,1.1444458016090393
629,0.997049298517322
630,1.1043819394276826
631,1.0728599190687609
632,1.0707013154973046
633,1.1506644205186158
634,1.1255845793340653
635,0.9760650426889552
636,1.04703942903912
637,1.2621459679872555
638,1.000386439364295
639,1.0203891764611976
640,1.079161220412903
641,1.0144390889022246
642,1.3533742388831485
643,1.0501594575369348
644,1.011132408740672
645,1.058835306911012
646,1.0497989154826146
647,0.9763291644947003
648,1.1197133432763184
649,0.9798297987890446
650,1.017496110045458
651,1.0071275599408662
652,1.0081445033892829
653,1.1074968449838458
654,1.0075277388056652
655,1.068870241254626
656,1.076471298408182
657,0.9690913845955536
658,1.0728571782022291
659,1.1004721819248675
660,1.0322104276612791
661,1.2019944055345428
662,1.0201511804976073
663,1.1057121791970874
664,1.2348181288728681
665,1.0744755558562709
666,1.0465553049356282
667,1.1753534512464776
668,1.0449684000251398
669,1.098944465303429
670,1.2468524369052736
671,1.0235998095513472
672,1.0460065700880086
673,1.0047759390300135
674,0.9799536341700811
675,1.0278564514015305
676,1.0389225553783161
677,1.041165080277797
678,1.0391567281673857
679,1.0937723332754663
680,1.0783944842973103
681,1.0414307628635082
682,1.0470604194425226
683,1.001078878448338
684,1.142516192645234
685,0.980796585486455
686,1.040831567229833
687,1.0036485551570244
688,1.001263389108109
689,1.055492467177768
690,0.9849515918242967
691,1.0693741345278203
692,0.9963393163308928
693,1.00101208218615
694,1.0926956932438103
695,1.0252139847438748
696,1.004899068104204
697,1.0238664658778276
698,0.9938295532874513
699,1.1176709181974975
700,1.0986326903866237
701,1.0658005344751742
702,0.9778419405073311
703,1.134724552548101
704,1.1114390207262697
705,1.015712886826177
706,0.9852215682610634
707,1.0080423472336562
708,1.186827287847609
709,1.0827613612759097
710,1.0306229967481166
711,1.2332708713588483
712,0.9966378129598265
713,1.0216481972232976
714,1.0048732370633602
715,1.0195586971697437
716,1.0284710313298442
717,0.9850034064674744
718,1.0416914331857834
719,1.1360858065072152
720,1.0093643433327437
721,0.9770558733759946
722,1.0152777139350357
723,1.0848762180945593
724,1.0162694309101652
725,1.1155140833202273
726,1.112450402282187
727,1.0996659057133644
728,0.9984842825264345
729,0.9685816694038323
730,1.0415304911871521
731,0.9903511127877658
732,1.0850837934348225
733,1.2250272037496082
734,1.054339445684065
735,1.005511443744432
736,0.9713429256546455
737,1.0135393412855676
738,1.0262067795714325
739,0.9919132936447914
740,1.145348020237369
741,1.2464190244863549
742,1.0507596866146
743,0.9715227511581273
744,0.9861247484935471
745,1.0512379916615293
746,1.2724300036699165
747,1.104939724324937
748,1.1167290165088082
749,1.0313007091857522
750,1.0821395612981397
751,1.0778099238174035
752,0.9870709988169588
753,0.9959294168122275
754,1.0350079908267515
755,1.1386829413140642
756,1.0810427878960767
757,1.1234496861840797
758,1.03649417371436
759,1.2528604652771616
760,1.136482963805517
761,1.0142740088135187
762,1.0787568856783913
763,0.9958488704817939
764,1.3330591320753862
765,0.9935837774109848
766,0.990069112303652
767,0.9788438123204588
768,1.0139295944536797
769,1.0199040406216864
770,1.068069300447298
771,1.0508164682566854
772,1.0866488409610908
773,0.9765651463094688
774,1.007723457551906
775,1.0151326963502472
776,1.1159688640754706
777,1.1235714055000918
778,1.122662956811161
779,1.010209613389487
780,1.030135441894787
781,1.034109703181409
782,1.1266375205292924
783,1.2093794866176664
784,0.987905273025388
785,1.0681437775882987
786,1.0575059657225085
787,1.0036935657790762
788,1.1411953319190173
789,0.97519679283227
790,1.3405718198983325
791,1.0119732244316912
792,1.02956208784469
793,0.9547401121262897
794,1.0397046513175399
795,1.0810555113625022
796,0.9943270735820957
797,1.2478249873552176
798,0.9663090228479722
799,1.1225044959628838
800,1.0639646407466183
801,1.0497326120519748
802,1.1129587318148608
803,1.083997548383695
804,0.994944633443239
805,1.0616792030258955
806,1.005438310101527
807,1.072716731374075
808,1.0457101325013585
809,0.9869783017292448
810,1.1145936898418705
811,1.1208718435336849
812,1.1810073579331757
813,0.9567073669066961
814,0.9922946655473066
815,1.078089049910735
816,1.0572693822386139
817,1.1640973295428818
818,1.006953566475999
819,1.0999286141209823
820,1.06604327611246
821,1.0857708803652741
822,1.0099325555793934
823,1.026319412487592
824,1.0115719577209537
825,1.0747747023859775
826,1.1185077669774413
827,0.9813814638242581
828,1.173197493014474
829,1.0381556112795856
830,0.9899255172721609
831,0.9767499250647614
832,1.1773333193631261
833,1.0653109552794058
834,1.023322049670456
835,0.9995123499428431
836,0.9848386078321238
837,0.9826222399176285
838,0.9628476964668737
839,1.0165130985336375
840,1.0683697601663993
841,1.096962999528305
842,0.9981907133185465
843,1.0094418991613707
844,1.0122909879808644
845,1.1117975477940316
846,1.1506572868944374
847,0.9819525748423925
848,1.1161557336744559
849,1.0348227213653982
850,1.0170519036216852
851,1.0471487761693596
852,1.0445550331374354
853,1.1565700833169945
854,1.0504273972042282
855,1.0258708485784296
856,1.0406037670166588
857,1.2098149847420308
858,1.0594422537380481
859,1.0856758728130256
860,0.9767630789571311
861,0.9882224453161821
862,1.0627472216211433
863,1.000210697596947
864,1.031405701204552
865,1.1417597514266653
866,0.9944547106478838
867,1.0443030127526733
868,1.0369916422371843
869,1.024195340150932
870,0.998615690164697
871,1.3365986723877263
872,1.1427573140666927
873,0.9758581123502986
874,1.4592725556923047
875,1.0749980548474718
876,1.122902371043284
877,0.9601650250602158
878,1.0073973287944242
879,1.028714468769443
880,1.022484520343669
881,1.1706218113515416
882,1.2762227493337122
883,1.0469431874609676
884,1.0192826088157685
885,1.1193421629780986
886,1.0536986646226607
887,1.2975368007074874
888,0.9942858589533028
889,1.0201541105845444
890,1.0547468424167814
891,1.1480075395901124
892,1.0462244082524288
893,0.9822062794107086
894,1.0557085486643263
895,1.183598968618965
896,1.040041637073093
897,1.14295447257741
898,1.002788771012253
899,1.026219751675578
900,0.9967253967434434
901,1.114028510621717
902,0.9639116346508513
903,1.0010180548405931
904,1.058980179717015
905,1.26648805178701
906,1.079318673737896
907,0.9839531207090764
908,1.1982110934019543
909,1.0212526777867459
910,1.0515385907145058
911,1.1394847992602681
912,1.0561521695152134
913,1.0049346002549995
914,1.015432788294324
915,1.0512745036362774
916,1.0075208916610667
917,1.0253835958426645
918,1.1433738408193455
919,1.0699944451245615
920,1.0843180296667865
921,1.0383112934016046
922,1.1640282877996173
923,0.9961976348877752
924,1.0704064486196017
925,1.0520356148937142
926,1.1441673820611147
927,0.9902277725821202
928,1.0904094142887708
929,1.0692232484647346
930,1.1599515988343545
931,1.0138376224903067
932,1.186793874648262
933,1.0950320379289098
934,1.2414287933711885
935,0.9841308797738321
936,1.069878803675017
937,1.1054340869834154
938,1.048042716243788
939,1.0772205978497607
940,1.022178296371969
941,1.0418046432837915
942,1.0547351026995957
943,1.1062362433127992
944,0.996135950534463
945,1.074399620002834
946,1.1398930470208506
947,1.0086445211300754
948,1.011153180407069
949,1.0843797543692966
950,1.153107032248019
951,1.0152145314137466
952,0.9660694999013737
953,1.0250529978576766
954,1.0133635464782087
955,1.0432817353450046
956,1.4542947374078703
957,1.0506021894834374
958,1.0311704718259997
959,1.025226860203721
960,1.0929477830135959
961,1.0211188420213824
962,1.054060784124065
963,1.0088767721172944
964,1.0336191061575049
965,1.001208659682165
966,0.9962173021470093
967,1.0117150735312714
968,1.3484759118815015
969,1.1134674899723402
970,1.1470649505372656
971,1.2095079792240548
972,1.0985104225071822
973,1.0487889938908939
974,1.0450763773899732
975,1.0003448866836546
976,1.0348163538366342
977,1.2811840355987458
978,1.0173920737875024
979,1.0205617255599213
980,1.3616945372326916
981,1.0346436141466202
982,1.4984036265410459
983,1.0463659144502118
984,1.0975508472233775
985,1.0452316587582795
986,1.0475779135838232
987,1.089126558125221
988,1.071000208983453
989,1.1653688816024457
990,1.018493357149564
991,1.0415944806217385
992,1.0651100143432384
993,1.0874947524404392
994,0.9982960106519887
995,0.9644247569633907
996,1.1039664586178066
997,1.0472316745418977
998,1.0391206680074765
999,1.0134724712315373
1000,1.0915122423390038
1001,0.9943861749119617
1002,1.1548555612188265
1003,1.0233329325237264
1004,0.9941166254155512
1005,1.0720702739437307
1006,1.0339249147914393
1007,1.0093183788288325
1008,1.0764396585389355
1009,1.1787761738246536
1010,1.0299229360180266
1011,1.097134540921124
1012,1.1250048683596843
1013,1.0642000985988953
1014,1.0759376152106168
1015,1.0152116528366382
1016,1.0682312965794039
1017,1.0221622746858465
1018,1.0080686805987353
1019,0.963281253751048
1020,1.0311399242254207
1021,1.0965444651268483
1022,0.992124553623175
1023,1.0795979395692914
