0,0.06212105381936297
1,0.053340127807890554
2,0.060032507430910646
3,0.06526120004549416
4,0.045341652424586286
5,0.05612988443323696
6,0.04622397282343501
7,0.05044275384471531
8,0.05292221300705975
9,0.038407788055744574
10,0.05976522371469904
11,0.05060672902273563
12,0.060947303010589725
13,0.06437340392264629
14,0.06681668977686286
15,0.05826779372941179
16,0.044845126927252454
17,0.05882026775372879
18,0.06614815601981405
19,0.0483861591904331
20,0.052168655959660436
21,0.04802224935224733
22,0.05305984975521321
23,0.06050724755701272
24,0.05823914894701652
25,0.05020685510817908
26,0.058593873452686546
27,0.05604090900343001
28,0.04688666432725354
29,0.04559732562814616
30,0.05811058437022586
31,0.05749744226169839
32,0.04600936695075979
33,0.047340805477260224
34,0.04801530441450564
35,0.05669373930689603
36,0.04628355271184528
37,0.05906473277761172
38,0.04339504170234231
39,0.05866087780818666
40,0.06308721476717691
41,0.06869754676343233
42,0.05284466740533945
43,0.05598052131889178
44,0.05610558040069967
45,0.057679240160380264
46,0.06064968872993793
47,0.05624496367495881
48,0.0652446513513124
49,0.05692004502713623
50,0.053235613507492854
51,0.06424870084965566
52,0.04983988783269975
53,0.04337365760475101
54,0.04277768769581737
55,0.05292532033286006
56,0.0662735434475393
57,0.04734784555928574
58,0.037207204182409644
59,0.0509681599504226
60,0.06209485155299332
61,0.050029994118706435
62,0.057931904624960916
63,0.05910343527994999
64,0.05912115702700792
65,0.04313375544342389
66,0.05900697815709288
67,0.06041772941300369
68,0.05042971993961257
69,0.04409188879389587
70,0.050781036752754284
71,0.04234091361795787
72,0.05308115264975052
73,0.03755084230104281
74,0.06242038503556894
75,0.045394818608145954
76,0.06678830692895342
77,0.05318362770258273
78,0.0552145873878774
79,0.05492740789436689
80,0.04855320854842503
81,0.05216221717094794
82,0.039744115900358236
83,0.06314799265156999
84,0.034664191131713255
85,0.05578107071430285
86,0.058212803589236965
87,0.06108927443670306
88,0.04422529008155865
89,0.04175679730637272
90,0.056396151612693
91,0.053413173485814903
92,0.047423880003457555
93,0.06113976890573258
94,0.058175643158947826
95,0.06355428868081918
96,0.048570288075585895
97,0.056274085168052504
98,0.052009289997585764
99,0.05953899970568356
100,0.06972527462282628
101,0.04629130148220053
102,0.06351769881283781
103,0.0571439470196109
104,0.04805882194836514
105,0.0337997126970328
106,0.06204172669773351
107,0.060468982353134165
108,0.06213863502231394
109,0.06073343051875046
110,0.05420027865113637
111,0.05992108905085477
112,0.041700855595336976
113,0.04852009311337449
114,0.058495387666849356
115,0.049964560988393004
116,0.05894888643545354
117,0.03806145133392889
118,0.05590802571291311
119,0.0447514382157398
120,0.05774799143487226
121,0.05485034054377801
122,0.0648762987327812
123,0.05335996525546948
124,0.04726547336773837
125,0.05731941511274666
126,0.05844029297620773
127,0.06315857396704468
128,0.04435058651131208
129,0.05224376590382673
130,0.0644225835527414
131,0.06098340462736642
132,0.0575991679624666
133,0.0411156905557167
134,0.045546548769414975
135,0.05718559143282752
136,0.04566985124946209
137,0.04301964583433851
138,0.05250617612683433
139,0.044941618650870166
140,0.05359448837822108
141,0.06270255774626728
142,0.06463794871918585
143,0.04633819355190623
144,0.05172500753478303
145,0.04516800435247927
146,0.046562468290080206
147,0.053208773776856365
148,0.05072409594933238
149,0.05579372862673002
150,0.056346549088917126
151,0.0496304609300117
152,0.049925222241458844
153,0.054247009311762524
154,0.0413811610811425
155,0.04136844453862192
156,0.053516707947690555
157,0.06511762388945572
158,0.060332362041201584
159,0.04281513310935549
160,0.050160254893806856
161,0.06340120477057322
162,0.04321377863715515
163,0.05839383130023701
164,0.04851432071813149
165,0.06392997669321496
166,0.03977918891395969
167,0.05707160176911034
168,0.05165409559250573
169,0.056387550863280095
170,0.05572861291805102
171,0.06778549468316969
172,0.06578642133798336
173,0.044983931108719934
174,0.06256112800300918
175,0.05344387032508751
176,0.06413886474907617
177,0.04340089921178777
178,0.05582218398713419
179,0.03682986615031689
180,0.047492578831385544
181,0.06309474997199244
182,0.04917135691267916
183,0.06224543518676314
184,0.048384804196037
185,0.0593035637814691
186,0.049510256708039074
187,0.04844118765674826
188,0.05646330361297407
189,0.05482944018516013
190,0.05949132039882316
191,0.0466881096171161
192,0.05178639861334777
193,0.04130830376368585
194,0.04862954057721133
195,0.05197136837548119
196,0.039402763680817854
197,0.05547988009200942
198,0.04241532669405341
199,0.04957369115184008
200,0.05821526791720725
201,0.04472262525317569
202,0.04483095556329002
203,0.05382406092988082
204,0.06642230276455453
205,0.055094499979959646
206,0.06417701715223231
207,0.061142226537691406
208,0.05752012829874195
209,0.0413926320967038
210,0.045529325274524725
211,0.06245202932598569
212,0.055247254978752276
213,0.057129247635475805
214,0.05875519545243947
215,0.050610980129886886
216,0.05499407981136214
217,0.06279273371828714
218,0.05278758118945592
219,0.05823139829555412
220,0.05035214137293559
221,0.05221131821550144
222,0.04178990499359493
223,0.05811306045262829
224,0.053286577201070835
225,0.04580235265776028
226,0.06315576207537407
227,0.046528755938043
228,0.05574059959913201
229,0.04435573560357318
230,0.04195298012048323
231,0.06327043533102326
232,0.05553123912019943
233,0.0542608510324572
234,0.05324348712209019
235,0.05082720734875872
236,0.053450554671963316
237,0.03415919134522096
238,0.061223017963708666
239,0.07078728740411164
240,0.04562330502342716
241,0.05080954418672237
242,0.06414947953424283
243,0.04327324203852062
244,0.051690717206894464
245,0.06090083185983879
246,0.04991169125609973
247,0.05477251028806519
248,0.061652956028702695
249,0.05369037186704174
250,0.07120898895001854
251,0.06401085106336565
252,0.06022240340500968
253,0.05669389364550266
254,0.054456405505551135
255,0.05515820081200793
256,0.042165974498062204
257,0.047339921215903906
258,0.04632654981656384
259,0.0608261196952831
260,0.0528688017464714
261,0.04136197733545464
262,0.05674712447242489
263,0.058130943840921066
264,0.05257533592590956
265,0.060912425451974915
266,0.05251251033281109
267,0.04875602521222496
268,0.0438255254469195
269,0.051129305402423844
270,0.06205568395166391
271,0.05795837541265806
272,0.046926906689090685
273,0.054354642354724314
274,0.05849753981276021
275,0.047677740660948174
276,0.04650477450700537
277,0.06920667874915175
278,0.06001135525020579
279,0.0488171406778985
280,0.04898893972051045
281,0.05258207350371264
282,0.04973421159762128
283,0.04940163957822679
284,0.055630245375796736
285,0.04670772768028539
286,0.06383442191801707
287,0.058227640206890224
288,0.059109830620425734
289,0.05233929085511622
290,0.043363706604253524
291,0.035588247049071695
292,0.052389335570951295
293,0.06511346113472752
294,0.047275338528842685
295,0.05713005066204346
296,0.04489246923656588
297,0.05987930254696382
298,0.05831092973843025
299,0.06590373024764566
300,0.0555829139030218
301,0.05993873556265339
302,0.055082337017603775
303,0.05773816834828013
304,0.06951353352580174
305,0.04716744634799163
306,0.05255280522214185
307,0.06542736441114798
308,0.05897028573892516
309,0.050899054190545454
310,0.042908197586992505
311,0.06270635074702696
312,0.055044527950740774
313,0.05795147468977838
314,0.05246738960451306
315,0.04231909127668025
316,0.05070292711279038
317,0.056478778525190294
318,0.054054763849600326
319,0.07075461750073439
320,0.06313618337180947
321,0.05641959067964101
322,0.053675957701052726
323,0.05306151912768422
324,0.03975135316500278
325,0.047917751220633895
326,0.04288045369452473
327,0.051374069021221186
328,0.06447114669922284
329,0.047817928164927095
330,0.044279554669809255
331,0.0584163707154707
332,0.06036269787269636
333,0.044387037233125
334,0.049930561944313084
335,0.047641645684063046
336,0.06004798174601486
337,0.05030390554436372
338,0.06302054564517202
339,0.04955613482976021
340,0.07083497288482703
341,0.050677468064724354
342,0.057580177992400006
343,0.03527416025123938
344,0.043753673537474266
345,0.053347057823628176
346,0.05167394678477151
347,0.04620630711394968
348,0.06598270561938999
349,0.04967748901213694
350,0.05780138426101556
351,0.06374964255275044
352,0.05540758140121234
353,0.04428095766234544
354,0.04677059716443588
355,0.05056367034847212
356,0.0589671154616925
357,0.06420593988529966
358,0.06726826383989128
359,0.039925630357547766
360,0.06441746029498939
361,0.05263474985485571
362,0.059025989920287195
363,0.0645231579731477
364,0.04613654174812912
365,0.04809516791579208
366,0.048743364769869124
367,0.050266407069763715
368,0.05483829754106581
369,0.046259197416360254
370,0.06120729225892982
371,0.047179498751163326
372,0.0565643361254913
373,0.042865881134103376
374,0.051915592160540695
375,0.04356388102340718
376,0.06864298871574802
377,0.05611799769273584
378,0.06806489945681561
379,0.033067372269908836
380,0.059795484781984654
381,0.04319917204679948
382,0.054575450499126134
383,0.047370618856372865
384,0.05290505963668552
385,0.043879862329136855
386,0.06533950812314927
387,0.03979171064934599
388,0.06384744796527436
389,0.056980280162123045
390,0.05639477232240055
391,0.04908205740101221
392,0.05914964596995189
393,0.0502530802145985
394,0.04070732763919722
395,0.054216879263822404
396,0.06355103452458095
397,0.07266829760729793
398,0.05747003582109303
399,0.052132446347544485
400,0.04440530224639575
401,0.057372397222820774
402,0.042764494470414215
403,0.059741537327178316
404,0.05386364830662366
405,0.03839945078006503
406,0.06972768818868191
407,0.06202012465571394
408,0.06112810852965957
409,0.04658727443502705
410,0.05260623770212716
411,0.041565788010645456
412,0.041849793878915575
413,0.04429862577455019
414,0.05484067141982232
415,0.07101830130311942
416,0.051258201884561067
417,0.03684834334448514
418,0.052423419232803935
419,0.06154894270675398
420,0.05223245029279259
421,0.060667209345130514
422,0.05485788533692237
423,0.03590420889825256
424,0.06613630325501127
425,0.047545160670842336
426,0.05968362154455993
427,0.04723353783720769
428,0.06287550554280466
429,0.05802940762604046
430,0.05651004240565338
431,0.04233987390509799
432,0.04725818490779391
433,0.04391929823230612
434,0.04529941361051521
435,0.04653638679964493
436,0.04520800968177042
437,0.04194817987953386
438,0.06459539611359635
439,0.061508288668937774
440,0.049676324087273425
441,0.05926581077249072
442,0.04563076612734833
443,0.06777527404485215
444,0.05176148488567201
445,0.04253328383229923
446,0.04836740924385876
447,0.038481771968334515
448,0.049204070196265944
449,0.04889170067429866
450,0.045846591119804235
451,0.050010395895210794
452,0.05557663299513147
453,0.057154541777772905
454,0.045829140219335276
455,0.056803703326623906
456,0.056747045395821136
457,0.05608952254595011
458,0.03812113200562465
459,0.061577942297294984
460,0.04245855972623642
461,0.04809108360644095
462,0.045643460663463795
463,0.04376807972553619
464,0.043861658350857965
465,0.05335240463236005
466,0.057913124610855175
467,0.04966603052852363
468,0.048876095917977334
469,0.04991004729907084
470,0.057528685395233474
471,0.052887986941959515
472,0.07090856266930333
473,0.06740794737198404
474,0.05716542823636886
475,0.06916295285428023
476,0.04325736585487357
477,0.060001819158378836
478,0.05783764865343674
479,0.041784501972355205
480,0.0453310837853715
481,0.06203920897874668
482,0.06620795016588657
483,0.039650730949300994
484,0.050986120226708696
485,0.04682767040787313
486,0.05196740108503522
487,0.04871474648472664
488,0.0583427778689379
489,0.06331813800629582
490,0.05392153428633474
491,0.05218257250552708
492,0.05073023223454577
493,0.06659541654291506
494,0.047830364096119946
495,0.04367204469664289
496,0.04236305559343935
497,0.062251967196194434
498,0.06084290839591833
499,0.04899979380218111
500,0.05747621523846463
501,0.05377321576733125
502,0.05679409336814256
503,0.045333929573293456
504,0.04110114777714364
505,0.05837261668964459
506,0.06432371172317203
507,0.050698864889151006
508,0.04664908543577336
509,0.04298622926306109
510,0.04989858817855169
511,0.04551995225441826
512,0.043700815302437045
513,0.061774715741063004
514,0.051106356653415154
515,0.06651275976148299
516,0.048257443840356795
517,0.049112920001972066
518,0.0497472934173588
519,0.05892861664501958
520,0.07060170946055865
521,0.05652433058983483
522,0.04382580577899387
523,0.059435578201777764
524,0.05972827430259878
525,0.04876099876394407
526,0.05871400858956165
527,0.05239417858804277
528,0.0575218212369297
529,0.060116492367895354
530,0.061235837714250334
531,0.06235178816099896
532,0.04547135027352525
533,0.06041827452189471
534,0.04906404049720187
535,0.0620518068499453
536,0.04775431467828382
537,0.06549288361947044
538,0.04660138862920808
539,0.05654635125219661
540,0.05047167436524804
541,0.060573008329917556
542,0.06098829742512539
543,0.050404401343011655
544,0.0627564736140239
545,0.036218779593418314
546,0.05627393319564571
547,0.05967364101471864
548,0.04831569821745135
549,0.0661985141396237
550,0.042019091751844366
551,0.06546701519120852
552,0.042793225268371704
553,0.05111962844768678
554,0.06507877155653459
555,0.03998475718949105
556,0.06852143851311235
557,0.05589530580863614
558,0.0403797347432984
559,0.049285904197857666
560,0.05596427243336292
561,0.061823450777061945
562,0.06227836530694533
563,0.05567889551416152
564,0.04369827240974235
565,0.057229176451569275
566,0.05864549173184133
567,0.054175931759242256
568,0.0586811174200999
569,0.05590574242470452
570,0.04278086283380451
571,0.05196190137347847
572,0.060733246723155714
573,0.05721294365720734
574,0.059941443467196806
575,0.03993995357996714
576,0.05517280059764505
577,0.05400859702078994
578,0.05879464038309258
579,0.05865005368816013
580,0.06899263800088348
581,0.061907473663436095
582,0.05363591880537214
583,0.06523190523812819
584,0.0658616540768271
585,0.04523744782203998
586,0.04266345333866468
587,0.06530626298002509
588,0.06444977652924797
589,0.04734708313289782
590,0.053138854520378746
591,0.047425872107989216
592,0.04867192590464091
593,0.04661575986621418
594,0.06512246049560877
595,0.05030607322978059
596,0.04842360693079985
597,0.05590226938746196
598,0.0482636121546189
599,0.05385856152452609
600,0.05505686475364843
601,0.042306426663074846
602,0.04323401824104132
603,0.05466698094694368
604,0.047931757472233515
605,0.04083583934270232
606,0.059652803511474464
607,0.052076267715000395
608,0.06147756581870001
609,0.06282829795134574
610,0.055737778238725874
611,0.06350533526707504
612,0.050861679049722976
613,0.054773735809562685
614,0.03915473450383092
615,0.0420714964787534
616,0.054376845961715804
617,0.045559370208013324
618,0.04936022624880627
619,0.05861860953992749
620,0.052731062757024674
621,0.0439009197735049
622,0.0659542108572749
623,0.049128006463318455
624,0.05194268489138026
625,0.061397221168770576
626,0.062436625588608505
627,0.048877773523887
628,0.04182079800547998
629,0.06238769839599502
630,0.05413288528546333
631,0.05725661731657008
632,0.04926232901769141
633,0.04906346302146511
634,0.05384450481817618
635,0.06557623336097725
636,0.0573411294293215
637,0.04088518962142867
638,0.05750974859613555
639,0.06347599374431535
640,0.05720325261958401
641,0.06420624399722233
642,0.04382480352698678
643,0.04305887797233179
644,0.06368292580837373
645,0.04321528836614238
646,0.05932173847566615
647,0.06827841623704797
648,0.0524432228736939
649,0.06609164602654788
650,0.046866528828259216
651,0.0629255732768096
652,0.05719500039133063
653,0.05236492647057539
654,0.05655938858276228
655,0.04384521105274353
656,0.05211238212003094
657,0.0513014717748923
658,0.05303004627857477
659,0.04469039404974932
660,0.04752980109971419
661,0.04517082883344293
662,0.04636614743328591
663,0.05656885958587368
664,0.05123564947283858
665,0.05137234660573544
666,0.06296646904452537
667,0.05188155436381402
668,0.05761028127226089
669,0.05081757756658299
670,0.03808902126431844
671,0.06737153135681945
672,0.057521846299986364
673,0.06215947441762617
674,0.06618577405271624
675,0.05523006945703266
676,0.060263209839304915
677,0.057580613490326116
678,0.055300943162390835
679,0.05559959196434114
680,0.060308807574120264
681,0.04160532633798059
682,0.057513415549852794
683,0.07002143936213515
684,0.044172297175943794
685,0.058449894563063765
686,0.05567881648048042
687,0.04918985651230991
688,0.05718297228877585
689,0.04304658867361393
690,0.059678614547567975
691,0.04344063915477429
692,0.0564287588887258
693,0.06271145296643583
694,0.0495209351754123
695,0.06056892717033596
696,0.05543873128773063
697,0.04680030951787839
698,0.05740594759672697
699,0.04119803602739334
700,0.052325422177404234
701,0.06055648197347728
702,0.06615130141994809
703,0.04993860749742127
704,0.049045827938252226
705,0.044750036756442416
706,0.04887980261913877
707,0.06646028231966086
708,0.0512621892946991
709,0.05981172349648371
710,0.06005380390765504
711,0.03752159937512818
712,0.05025551556093512
713,0.046809169638827544
714,0.049845581453329756
715,0.056784118592525294
716,0.046382925993641334
717,0.06353542930152756
718,0.04837122585301096
719,0.05228059577753814
720,0.04448796644462764
721,0.06836191499777142
722,0.054552863626919475
723,0.05616930681926357
724,0.045193231552396664
725,0.054800838480677745
726,0.05973686338689693
727,0.05272951657111799
728,0.06538709234749526
729,0.06822642892514194
730,0.061857826391238595
731,0.06253932019273195
732,0.05157274871018431
733,0.0459196498449931
734,0.05785549267323097
735,0.0632622179992106
736,0.06097002987349475
737,0.04848844376948714
738,0.048308119437926136
739,0.06518751857888264
740,0.04153002024113337
741,0.0478694315202333
742,0.05650819104014107
743,0.0668675350437586
744,0.05989976493746949
745,0.055164780766454855
746,0.03520157526902881
747,0.05639133059922682
748,0.04916507503230714
749,0.055597847490580256
750,0.05123957204117456
751,0.04138917727647083
752,0.07068615953631666
753,0.06462273267805256
754,0.05935429959486707
755,0.05365984129428525
756,0.04197484235898463
757,0.04054743858958711
758,0.054012770312633754
759,0.04721548824556676
760,0.04669534092954034
761,0.054574497238328225
762,0.04398740774825622
763,0.06463863577353483
764,0.03555735812063829
765,0.06602861473958911
766,0.06423740573864319
767,0.050783549008575284
768,0.04824582399380141
769,0.05044010183438834
770,0.05722967067103604
771,0.04529389462665195
772,0.05475994129776435
773,0.07177318892321422
774,0.04713670928358547
775,0.04576917001124321
776,0.05516461222092264
777,0.05034928595010581
778,0.04105223268245243
779,0.05807765960892394
780,0.05824147708367019
781,0.046025940254863826
782,0.04642851196785279
783,0.03869244542270146
784,0.06689449365797656
785,0.05211371247385742
786,0.05746840199027205
787,0.0582606463013777
788,0.04946187755924999
789,0.07137276886169792
790,0.03288480034644721
791,0.05926801972574654
792,0.06417823366748955
793,0.06831626694030278
794,0.06111219316229989
795,0.04213901703838773
796,0.0494731474108837
797,0.04623714749585919
798,0.060309281916052816
799,0.04913701726568091
800,0.05835021193080045
801,0.05907167005874241
802,0.05377197626608183
803,0.056961467440986534
804,0.05930048443563746
805,0.04698527545906831
806,0.04589064250642292
807,0.053704655541655995
808,0.05189043146720685
809,0.060817148650202664
810,0.04396012881894829
811,0.05691095929779823
812,0.045879436044826825
813,0.05321702874087576
814,0.04965563931343158
815,0.055817926160539315
816,0.055142891770643
817,0.04936172595437677
818,0.06023317578792205
819,0.048399766170451504
820,0.05221826525442149
821,0.050890255556114726
822,0.04928224655812965
823,0.04816064109368884
824,0.06243086101434508
825,0.04838043425638149
826,0.05551592352341405
827,0.05817295150548471
828,0.04940730279011973
829,0.058305503925674
830,0.07047882109230794
831,0.07010350050500433
832,0.04111930819787119
833,0.04338007730242743
834,0.062038222562445684
835,0.049454799357320986
836,0.0604348919010617
837,0.06973200991338224
838,0.0723244255685846
839,0.048512797577573485
840,0.043671410923505245
841,0.05074715120685296
842,0.0664060242456564
843,0.06705601486392891
844,0.04944361965100801
845,0.04168973142404902
846,0.053350574245508244
847,0.05147430906233556
848,0.04824114048541806
849,0.05419722346161431
850,0.056122695495669866
851,0.06210714460321944
852,0.057802719517327766
853,0.04864860296107877
854,0.04393524464873314
855,0.04717437760318541
856,0.05624737407884274
857,0.04845469003948783
858,0.04232396794081551
859,0.057313712392912504
860,0.06734460516393463
861,0.049571721141099416
862,0.04686047144258307
863,0.057368477344283526
864,0.05314082730512067
865,0.038058492643391
866,0.0663761670164979
867,0.053776403308924525
868,0.04533443165458845
869,0.06129621118470524
870,0.061865108905030664
871,0.03508606481546358
872,0.04586836255673779
873,0.07104874135904903
874,0.04111834769920184
875,0.05243987899414475
876,0.04758794725757007
877,0.07087432292685977
878,0.05932870352533462
879,0.04887673216275018
880,0.04679845876012436
881,0.053120162852201995
882,0.04855712615278422
883,0.0613275817108287
884,0.05631732698052491
885,0.047662858680774994
886,0.042913122286463025
887,0.04409716498496375
888,0.06824603116290245
889,0.06270864598783148
890,0.056377815856570646
891,0.03906475821191607
892,0.04663958770441065
893,0.06802048727658565
894,0.05209630276298232
895,0.055649309902665325
896,0.05615295088037369
897,0.049398145011286164
898,0.046654078120799615
899,0.05770356481178652
900,0.056152391512067475
901,0.05317249256848932
902,0.0525991416619311
903,0.06565818699220437
904,0.043866196064409994
905,0.04837786836346593
906,0.05690838978226668
907,0.05075313844057786
908,0.050793264723128694
909,0.059547929844672186
910,0.04375704041040132
911,0.04220628541158346
912,0.05802631806530812
913,0.05590621313363186
914,0.05619620922622829
915,0.05300680729840234
916,0.04881488545750231
917,0.06442527578692388
918,0.051729966211333925
919,0.05697074357049586
920,0.04246610323894608
921,0.052183699093893574
922,0.039465327835670465
923,0.06815438071081265
924,0.04170202941428605
925,0.04805701081752322
926,0.055529569818049
927,0.059298224366584565
928,0.05958360045047722
929,0.05075504248653491
930,0.05592031003547034
931,0.0605511000701901
932,0.05225030927826095
933,0.05866254740517563
934,0.051276993012787084
935,0.0635394023918922
936,0.05472947231336751
937,0.041566142590022545
938,0.05769572158458016
939,0.0569640707456604
940,0.054732875522188154
941,0.05432547058116533
942,0.05551589778824434
943,0.05646870898597833
944,0.06730130075425313
945,0.05614485817493213
946,0.0388427324886327
947,0.056080563771828566
948,0.05806608728624029
949,0.05192815611946152
950,0.05727581231592471
951,0.05733940312812382
952,0.0582716882370082
953,0.05647670342378946
954,0.05432596753610065
955,0.05562864501122708
956,0.035651555361516214
957,0.054650205043215085
958,0.05722215445770348
959,0.055855463105207524
960,0.05383518024526048
961,0.062207275872710306
962,0.049822594018799446
963,0.04997467422960021
964,0.06314040558436682
965,0.06984001929314233
966,0.057545026272318445
967,0.047314695356660955
968,0.034721069044884346
969,0.056514267037683474
970,0.04777178155084115
971,0.04953885326731297
972,0.057620973235997054
973,0.044870324173019636
974,0.06024188441728467
975,0.060197806015898886
976,0.05369071768281873
977,0.04045439570056327
978,0.04720730474920474
979,0.05884414997343884
980,0.038174168558583424
981,0.0609921313299679
982,0.03544639823227259
983,0.05866272971860355
984,0.05156198282941923
985,0.058675768567707
986,0.05716823004727447
987,0.04125368428492698
988,0.05824636203501727
989,0.046293749340743436
990,0.04921256767918313
991,0.05247315384097963
992,0.05613564354798748
993,0.04269613636985823
994,0.06041664236760928
995,0.07016027840574923
996,0.049918003956191045
997,0.0454706552819795
998,0.06144632439798618
999,0.053913849119788824
1000,0.05173747136438635
1001,0.06493319098145119
1002,0.05460824353943942
1003,0.058815479360803426
1004,0.06892141363314595
1005,0.060507699475650184
1006,0.06020746782147817
1007,0.04779456572567983
1008,0.051334121111776335
1009,0.04672807458277324
1010,0.05969445204652439
1011,0.057571601595251966
1012,0.056837768215273025
1013,0.05378306383040037
1014,0.06010690986713592
1015,0.04529551235143673
1016,0.06099676910220703
1017,0.06033248885367719
1018,0.04960236955155046
1019,0.06809020817673728
1020,0.060326431420213836
1021,0.05051880315555865
1022,0.07037916730583643
1023,0.04500672772393689
