0,8.513642653825324,11.918615710353215
1,10.43111731480428,10.90940159313979
2,15.731263891914013,16.727154615471687
3,7.776933608985483,8.414520732615495
4,13.073558526521207,13.753744643529844
5,9.540347811611491,10.880017170518014
6,6.556788660313572,11.480704480149226
7,8.513642653825324,8.810949179985167
8,11.627040750695684,12.574213300947587
9,11.627040750695684,13.311106260962745
10,6.366188024011224,8.430672189290348
11,7.66000440439077,16.476033717935103
12,11.449821020363931,16.12364588795297
13,12.774184193692658,13.822815142642154
14,9.986186738249648,10.300686173642266
15,7.776933608985483,8.53675954366868
16,9.169429375034566,9.612145688337964
17,8.189219682532991,10.078249975432936
18,11.624910843493256,13.436816544248229
19,9.753589702580365,10.388769746818323
20,11.43514410688259,13.436816544248229
21,7.185386817873537,8.194389253564546
22,12.737919006951646,12.919270558305422
23,12.424539690826586,14.990776034251084
24,14.293268059596949,14.706430133583085
25,11.430648220697304,13.45834170377192
26,11.99741495648565,12.907732932116426
27,9.079369915983902,11.183265612559607
28,10.204676697697648,11.670160191903388
29,8.274965146598815,9.239602035033512
30,11.540016350317224,11.940714956578129
31,11.813898459848026,13.19833243186961
32,8.871836820567648,10.008976740837523
33,10.90940159313979,12.0577885531208
34,11.130103783028035,16.443295873908536
35,13.591059306098595,16.443295873908536
36,8.639655373561487,9.37927223345918
37,10.786632162091866,11.842937676065265
38,10.296838084074947,11.522256115593633
39,12.791348767311419,13.591059306098595
40,10.35103717873266,11.640805015989594
41,10.204676697697648,11.852033243626057
42,7.00176861600124,9.917864448296196
43,8.240524967527767,12.25146257360046
44,9.166699759095671,9.917864448296195
45,9.22853363327504,9.636619835294084
46,14.04914910999269,14.083096554280452
47,16.191274533383854,16.71921664397295
48,7.185386817873537,8.385522225497315
49,6.058207920137442,11.666029327455407
50,6.556788660313572,9.986186738249648
51,13.032702023211233,14.20233155414442
52,11.43514410688259,12.574213300947587
53,11.502525897636756,11.739017471763889
54,13.451264647884544,15.43268030177505
55,13.766407039231012,15.956554561176102
56,10.149596908228679,10.217806891556112
57,15.47144227708886,15.514361450230925
58,10.008976740837523,12.38563743992591
59,14.755543159811019,16.9247180246216
60,7.00176861600124,9.166699759095671
61,8.385522225497319,8.721698457861851
62,7.206592706860465,8.430672189290348
63,21.802872938838544,22.026136220191013
64,17.357992052202757,17.37770159308654
65,6.786459129809886,8.274965146598815
66,12.791348767311419,15.097356567878714
67,8.75524626094996,12.38563743992591
68,11.376757076514224,14.940904042691743
69,19.48233714665519,20.498296214434145
70,10.653094614728163,12.139567309408065
71,10.015465233685804,11.852033243626057
72,6.058207920137442,11.629314771944738
73,13.560387793608568,15.628775728906678
74,11.376757076514224,11.444999640135016
75,13.560387793608568,14.755543159811019
76,15.121382528895868,15.549726327394563
77,8.189219682532995,11.023776158165843
78,7.66000440439077,17.37770159308654
79,9.22853363327504,11.267654141202543
80,8.005825281525889,10.207041641852019
81,13.451264647884544,17.894883033488533
82,10.820342048789138,11.480704480149226
83,10.393588454758198,10.965512260168055
84,14.74181589303713,18.41325570935839
85,15.154871302309656,16.028321441059646
86,15.958675440452721,18.254163202572077
87,14.231212253011861,15.958675440452721
88,9.636619835294084,10.072926970515018
89,6.366188024011224,7.206592706860465
90,13.982187788554231,14.081139495356584
91,9.169429375034566,9.914438932312528
92,11.522256115593633,12.531508293439929
93,11.267654141202543,13.143973930372102
94,8.194389253564546,12.350730455199557
95,8.240524967527767,13.427543575386407
96,13.766407039231012,14.524611084129381
97,12.601348091225937,13.228000620899513
98,9.612145688337964,9.914438932312528
99,9.61733584634247,10.015465233685804
100,19.82096481631563,20.279997519573616
101,8.721698457861848,9.023077124545726
102,11.918615710353215,12.184503266014396
103,6.786459129809886,9.239602035033512
104,6.596800140313465,12.320977449740004
105,12.062604656105359,12.101099450148855
106,12.975284984432678,14.513006495459237
107,10.35103717873266,11.026133011541093
108,8.810949179985167,9.079369915983902
109,10.207041641852017,10.215086995063277
110,14.065077925324976,17.71379453679272
111,14.231212253011861,15.052574206971041
112,10.500195501942263,10.880017170518014
113,14.287785502632886,14.468667760467174
114,11.026133011541093,13.28876340812922
115,9.540347811611491,10.500195501942263
116,11.130103783028035,17.816634139307407
117,12.11541386744181,12.666222947578738
118,10.296838084074947,10.300686173642266
119,14.065077925324973,14.706430133583085
120,6.596800140313465,12.922619386489622
121,13.46303556673012,13.853482355012597
122,8.414520732615495,8.53675954366868
123,11.430648220697304,18.51412818865154
124,16.32528519315324,18.223000257814512
125,8.005825281525887,12.398622574286819
126,11.624910843493256,13.977567281020686
127,8.75524626094996,8.871836820567648
