0,1.018408323955898
1,1.0028933775204434
2,1.0129330817234818
3,1.0173698342134165
4,1.0499223794216215
5,1.0385367683544335
6,1.0847824734781544
7,1.053611946309839
8,1.0246569420746223
9,1.0736513636647755
10,1.0214788351686899
11,0.9751936730061945
12,0.993490372503872
13,1.0392336862463734
14,0.9989264592224607
15,1.0571110136909116
16,1.0521194639223252
17,1.0248742400202238
18,1.061083733285329
19,0.9895944861346189
20,1.0351361647599924
21,0.9858843330863342
22,1.0236657761606507
23,1.0094753660005862
24,1.0123636336814275
25,1.0158859236218436
26,1.053787373985693
27,1.0301971659197828
28,0.9917241669427161
29,1.0127049885299315
30,0.9908352414294257
31,1.0750866745463739
32,1.000211106736257
33,1.0400689599303894
34,1.0397372208667837
35,0.9814060594357232
36,1.0130053081273398
37,0.9838852523114122
38,1.0085858398717065
39,1.0642976879998065
40,1.011728132381655
41,1.0022100322099625
42,1.0118834900623608
43,1.00391048038412
44,1.0289947969840354
45,1.0255945708602343
46,1.0337421177329282
47,1.0171792291178456
48,1.026734225584593
49,1.0117601303897925
50,0.9935271933154458
51,1.0592525038702634
52,1.0354880917057574
53,0.9832846465101226
54,1.0197447784712026
55,1.0019416106461885
56,1.0131824490879298
57,1.041919460964062
58,1.016333752801273
59,1.0611580965086698
60,0.9983192004071427
61,1.0263030270153932
62,1.0261524121883072
63,0.9868268364890742
64,1.0414610759865846
65,1.0272542318280948
66,1.025337593645148
67,1.103104272813693
68,1.034479829169575
69,1.0258184377645398
70,1.0445347989982416
71,1.0277447564532154
72,1.010541246615411
73,1.0265139001907544
74,1.0206597340519972
75,1.0432144095825424
76,1.0125214702454484
77,0.9902558293445864
78,1.0283865183595025
79,1.0410837066079055
80,1.0412244133830986
81,1.0498813216391296
82,1.0126098902504113
83,0.9919283274154234
84,1.0125157976524004
85,1.00937554778158
86,1.0107958120357714
87,1.0039918747408128
88,1.0018491612303908
89,1.0191227524016233
90,1.0361694841822735
91,1.0755341377231185
92,1.0234589454426395
93,0.9876503839982315
94,1.0188720493088845
95,0.9850440283697861
96,1.097761968668695
97,1.0111772127921648
98,1.0154364359828896
99,1.0292310210756332
100,0.9980638857361058
101,1.007588681225651
102,1.0692554490267718
103,1.0327949112828332
104,1.0034656895377307
105,1.045861282732898
106,0.9794151589499341
107,1.0281332838830446
108,1.0056149735990743
109,1.0071390535530702
110,0.990126956472579
111,1.0032121359554294
112,1.0071167622978416
113,0.9865426340171746
114,1.0536761863292445
115,1.0166595597572416
116,1.0236485256440715
117,0.991419491043179
118,1.020579280557115
119,1.014476438430373
120,1.0513736989647238
121,1.027914717571687
122,1.0621691653110217
123,1.100674859505848
124,1.0103882473256038
125,0.9955879425341518
126,0.9864325075402307
127,1.0215672291578528
128,1.098697679393559
129,0.9988842887957428
130,0.9991820848363282
131,0.9988870657328389
132,1.0567997277105527
133,1.0122212767633936
134,1.0100182118085188
135,1.0133989712946208
136,1.0343695632165677
137,1.0049509408558148
138,0.9886581108720093
139,0.9969968363039462
140,1.0437974015655824
141,1.0089054247353193
142,1.006708900370122
143,1.0010190764794142
144,1.000449677162403
145,1.0270562699859398
146,0.9981204047103196
147,0.985905550047337
148,1.0041330460719449
149,0.9954643655040185
150,1.0079176027283685
151,1.0059314965784945
152,0.9948203243916586
153,1.0802112790970948
154,1.012603950679654
155,1.0609115848558466
156,1.007070442777657
157,1.0136709639567583
158,0.9986539673453114
159,1.0005588613472793
160,1.0033225579573788
161,0.9894479271327643
162,1.007086890016161
163,1.028479113764327
164,1.0459132244109373
165,1.013703020010079
166,1.0118228905282787
167,1.0133057043181075
168,0.9852296647404449
169,1.0465062458315624
170,0.9992364646796987
171,0.9936397010059679
172,1.0286298826355322
173,1.0166159234893397
174,1.0148637500076245
175,0.9914908014588149
176,0.9975093263836683
177,1.0407872815534707
178,1.0262107335122748
179,1.020453427533344
180,1.0331693117228744
181,1.0671854708902198
182,1.011852540083768
183,1.08318162731457
184,1.0200060871674888
185,0.9925956648270987
186,1.0087755636244546
187,1.0354777733762515
188,1.0022450281507727
189,1.0384639244365588
190,1.046137334415892
191,1.0166097991562966
192,0.9766700468851893
193,1.0298988549043129
194,1.0042665030090074
195,1.0388032826359652
196,1.008371139494125
197,1.0282153563039422
198,1.0053044257044745
199,1.003500950760499
200,1.0177010024853517
201,1.049723163127973
202,0.9921492319257377
203,0.9993328090742927
204,0.9818877941345253
205,1.015178308503589
206,1.0485117222131728
207,1.0902706017738069
208,1.0240573933674293
209,1.0580610526947873
210,1.0127511466537529
211,1.046560468962041
212,0.9857353131293465
213,1.0133145231832934
214,1.0268711641712245
215,1.1195474071567615
216,1.0074293259337135
217,1.0970912044481413
218,0.9895497350823721
219,0.9719840181200013
220,0.9836616639728465
221,1.0255666525595557
222,1.009832480451974
223,1.0492519659804174
224,0.981598324395877
225,0.9935175064434978
226,1.0222055422581793
227,1.0458920093651485
228,1.022250790681106
229,1.0392162257869937
230,1.0067031457155782
231,1.003676984503409
232,1.073034296970587
233,1.0217333205910322
234,1.004227887816415
235,1.0760459193958942
236,1.0567831688539568
237,1.0031150453070659
238,1.042948788389178
239,1.048129349842853
240,1.0460996540999483
241,1.0171424110523513
242,1.003200519019362
243,0.9995209411010142
244,1.0617302491325387
245,1.0569186610522758
246,1.0012402986305982
247,1.032885507412262
248,1.0020581612860293
249,1.047892234451475
250,0.9999337130292771
251,1.0003081290988538
252,1.0644450326340018
253,0.9943948947865375
254,1.0023160787471705
255,0.9960912976945969
