0,0.023239977676316706
1,0.0219545161348926
2,0.021414522099656864
3,0.021360135699127904
4,0.026510762862285507
5,0.023924401226837956
6,0.027233808527969975
7,0.027254729261116353
8,0.020897196703340823
9,0.020899503722695632
10,0.024516848336796366
11,0.02135130762011851
12,0.023943076516003046
13,0.023289613111914464
14,0.02652060854466319
15,0.022694007833668765
16,0.02720192269007696
17,0.023293372759787007
18,0.02741025158777556
19,0.02188330984205613
20,0.022106189304686063
21,0.019484103702584347
22,0.021610361812080765
23,0.023060804495593584
24,0.02298623782327731
25,0.023953430303306347
26,0.024303997457599844
27,0.02679203604504458
28,0.023243927262671448
29,0.022808929485540298
30,0.02184813268615806
31,0.02411785598102935
32,0.02170147792701003
33,0.02126126496474583
34,0.02547025713003953
35,0.024479791559971254
36,0.022385518096398396
37,0.026883221415393635
38,0.021932235620490004
39,0.021809188006988573
40,0.027439577104960394
41,0.020234082234517108
42,0.024206869997707568
43,0.023893936851319415
44,0.02420174054297064
45,0.02135557059434106
46,0.023516282245104294
47,0.02344539149968198
48,0.021995956090003974
49,0.02352693351099152
50,0.027329200804052226
51,0.026998773581432274
52,0.023369852134805146
53,0.022018447633507413
54,0.026953387686575892
55,0.02314854703419141
56,0.023057096485639725
57,0.02452235171424539
58,0.02350609726622505
59,0.022398136922137327
60,0.023165756017236257
61,0.023365497201622152
62,0.026554775400642956
63,0.021755845653163894
64,0.02536380915546984
65,0.02632335172962394
66,0.02200177131486598
67,0.024557033123118476
68,0.027119541064156434
69,0.021999547216762623
70,0.023330915451583962
71,0.0267801131284688
72,0.026623521551598004
73,0.026532152806234437
74,0.024441845537936362
75,0.021717446698743047
76,0.0234174009540113
77,0.02000795010061526
78,0.027587658146838327
79,0.026936622834711123
80,0.025995841896791955
81,0.024573719638148587
82,0.023218102372949016
83,0.02768802724971082
84,0.02190041885685868
85,0.02761205038504317
86,0.02051373306858063
87,0.023900494249868908
88,0.027640753015240525
89,0.02389046474768257
90,0.022649762002366375
91,0.02332922535670555
92,0.024013067716126917
93,0.024307167380059655
94,0.026548771972814206
95,0.0267867101696422
96,0.023888166717111976
97,0.021604371473823648
98,0.02432156571662397
99,0.02194220656607436
100,0.021896990177101498
101,0.023432733345155884
102,0.021112424691155787
103,0.023777903590182295
104,0.02186207697068393
105,0.022004017190237334
106,0.023303648009448532
107,0.024580102126433793
108,0.024461734352077717
109,0.027485921239064032
110,0.024203017161017804
111,0.027203398768235177
112,0.021836063957440036
113,0.02151001451414181
114,0.02096057543287109
115,0.026603533309375812
116,0.027458817701589984
117,0.02385193499168366
118,0.027423975990420648
119,0.02357588541089115
120,0.022342809646142835
121,0.02144832186329378
122,0.027607754817253628
123,0.021767085767060948
124,0.02139644313174843
125,0.02303133446026279
126,0.024477815670054515
127,0.02617482142591712
128,0.02334404102900317
129,0.023180296245700484
130,0.024302403165227394
131,0.021474566345155953
132,0.021407628913560947
133,0.018875418644124176
134,0.027300785523634075
135,0.020877605577053062
136,0.021736707641656933
137,0.021208882269957353
138,0.02391257073801667
139,0.023346338555504432
140,0.021916291432031703
141,0.027393832454339618
142,0.023497215482361094
143,0.022094486126082204
144,0.02723458209601781
145,0.020993468265833537
146,0.02702598672377344
147,0.024355323282073554
148,0.024157505430132717
149,0.026761898725712514
150,0.02571066462782042
151,0.021138948861454326
152,0.027134091362063656
153,0.02467689425246106
154,0.024362717397883014
155,0.021710532296855215
156,0.021795386789369774
157,0.02323296187799527
158,0.02404865684017974
159,0.023383315858235373
160,0.020441154182335906
161,0.02119614067107218
162,0.02412057018977777
163,0.024171707870227235
164,0.02344969822949605
165,0.023084227071889275
166,0.023688687684728905
167,0.021665748035874628
168,0.02346427395517149
169,0.022991186327172532
170,0.023631506264073135
171,0.022047207085006078
172,0.02421452060719937
173,0.026791859868314696
174,0.024217136121848854
175,0.022777419130044507
176,0.022595629188164774
177,0.021739731821634294
178,0.023110079318556683
179,0.024146804509764544
180,0.021815645822511734
181,0.021782931755347592
182,0.027646968457657302
183,0.025829047281017894
184,0.021814326830632974
185,0.02189857148794123
186,0.027356832535541612
187,0.024047608989212897
188,0.022119545672744635
189,0.023280758074294465
190,0.02365555740407588
191,0.02218855179152231
192,0.02672491358556989
193,0.023502871495399865
194,0.027161333409802608
195,0.024397315865751952
196,0.02655801985761868
197,0.021747679405348743
198,0.024051657676678852
199,0.02027928928098573
200,0.022718934805732983
201,0.02368615096383711
202,0.027371062254289542
203,0.02398020777628268
204,0.021187594278444924
205,0.026769294574606618
206,0.02197039065684364
207,0.026187194032365666
208,0.023455280986330963
209,0.026957285857206678
210,0.02446013835678829
211,0.020482717879675233
212,0.027408243268634655
213,0.023356257006165827
214,0.02762536266961118
215,0.023428214273135267
216,0.025735827634390973
217,0.02189134098349938
218,0.019518257124165606
219,0.02319765516362385
220,0.02627649592855548
221,0.023549092044041802
222,0.024513523929371922
223,0.02320805603870594
224,0.024416281816591626
225,0.027303907448430368
226,0.021077403860690725
227,0.02104242190079315
228,0.02756992094929656
229,0.026732426681398854
230,0.022976721432651413
231,0.026820827320648902
232,0.023645348776778038
233,0.02327763003799024
234,0.02325322212464971
235,0.024302641608021675
236,0.022582445278394765
237,0.023533636431072993
238,0.02761071592013803
239,0.021744724799490984
240,0.02437344146717251
241,0.026474662116510936
242,0.024279871118758758
243,0.021756567442531665
244,0.022290058875587014
245,0.023942222230022018
246,0.027011959060081282
247,0.023274302810799414
248,0.02379736003439987
249,0.02271902379842057
250,0.027031597276362132
251,0.022543157539618768
252,0.024261722016761373
253,0.023183342091466948
254,0.023881076697174063
255,0.024458225864237675
256,0.022740323769208707
257,0.021282758929712084
258,0.026987369776100847
259,0.023260819697906027
260,0.021400898628761527
261,0.02199708431916949
262,0.023058407496646605
263,0.023201080322353566
264,0.026539316420759552
265,0.02172660988696486
266,0.023361426916875105
267,0.02365761383884215
268,0.021785994256993763
269,0.021326475459443526
270,0.02191957517064936
271,0.02321502728796344
272,0.027350285384005153
273,0.026342959214579145
274,0.023466297528253945
275,0.024485182384767268
276,0.026942215501133713
277,0.022564942850367503
278,0.023541829004017103
279,0.02324965957043736
280,0.021930456908668128
281,0.023469253995785755
282,0.02674513874147277
283,0.021180855998502498
284,0.021679737968174517
285,0.023483589908224783
286,0.022217130162453653
287,0.026396640801401906
288,0.027485833086544356
289,0.02384506957568199
290,0.021865512149467848
291,0.0252700291410415
292,0.023790827167126608
293,0.023339349789799235
294,0.021959107183499253
295,0.023142600949041
296,0.027506615561406968
297,0.0208248506057242
298,0.021958762998495033
299,0.02339003600145473
300,0.02660791514514469
301,0.023409823641105595
302,0.023318786988287
303,0.022088920557249474
304,0.02237211473644122
305,0.02156911531091117
306,0.027398623482868614
307,0.021497442806454617
308,0.02307064750375295
309,0.023589767971302123
310,0.027090172516483317
311,0.023170306881363057
312,0.02339575084894615
313,0.023018659333925207
314,0.027147274718181815
315,0.023282757706276545
316,0.02339055998890864
317,0.023369507037468016
318,0.026971781163923143
319,0.02337091780981659
320,0.02460997443556043
321,0.02195631823987858
322,0.027354643969008156
323,0.024174126158846575
324,0.020756621680412993
325,0.025291568547451883
326,0.02171706181920651
327,0.023191826061837943
328,0.024010425201635332
329,0.021928597133275
330,0.02429661497398254
331,0.026950256982623908
332,0.02751152354266471
333,0.021733743314725235
334,0.024336427398771062
335,0.02683962367352202
336,0.02264430626505518
337,0.02101031550228751
338,0.02463111071605533
339,0.024287551184548214
340,0.02255882198978483
341,0.024128257043151892
342,0.024594568560052564
343,0.02646514396910716
344,0.022691252058468822
345,0.023443772950395528
346,0.025515337351919964
347,0.021578886344006776
348,0.023551647265638576
349,0.021524567448683703
350,0.023102009553878006
351,0.025500720728926687
352,0.021706317021112243
353,0.026485972471872024
354,0.021773285230526858
355,0.02081683652012618
356,0.02187150840379359
357,0.027747175874828823
358,0.023682660562890204
359,0.0272397711472483
360,0.0245599701914212
361,0.02174248402024435
362,0.021444506000629197
363,0.027496391338728825
364,0.022540038157821036
365,0.02184973643616598
366,0.021678281765448115
367,0.026530754388841827
368,0.023690510039571358
369,0.023685879600095543
370,0.024166748405305537
371,0.02741761923921225
372,0.022533873642683475
373,0.026596970483034943
374,0.02438128711154923
375,0.025973447229057256
376,0.024208809974494202
377,0.023277298217159126
378,0.02406519720998277
379,0.026261615767129754
380,0.027049509067476288
381,0.021766805304487585
382,0.023100150995490582
383,0.02306738718422614
384,0.02192465698437444
385,0.023439563058957873
386,0.02365855064042316
387,0.021173086701423437
388,0.023340981676604238
389,0.021915318248981595
390,0.023911780542233266
391,0.023553977232624725
392,0.021796469516124795
393,0.02735063598327345
394,0.024614360297235963
395,0.02166631495175846
396,0.021682336626140674
397,0.023774389117664878
398,0.021505807467196117
399,0.02126571282477523
400,0.027443815165151538
401,0.023049956948643813
402,0.02201548898943355
403,0.02223345616780969
404,0.021487903202248946
405,0.02454060886216422
406,0.022743683292558048
407,0.021934657157888025
408,0.021496971983098648
409,0.02303363584192124
410,0.026688560964668595
411,0.027492896927539846
412,0.02188665001168276
413,0.02447135861261341
414,0.024344204652342678
415,0.02178189503953795
416,0.02364271635811863
417,0.02414506314701073
418,0.022503231204497594
419,0.023223312894573116
420,0.021714100838901133
421,0.02701599880147063
422,0.024276862814147763
423,0.027354219547560586
424,0.0211739084007795
425,0.02626020475739112
426,0.02307400960491787
427,0.02342271458800468
428,0.021888123872194246
429,0.027592348597899313
430,0.026920735243811375
431,0.024559929937878214
432,0.023390874321971344
433,0.026765018141241697
434,0.02286678130246534
435,0.024174749463652997
436,0.023388240599559764
437,0.022210374225843814
438,0.024126434094062985
439,0.024597501469676975
440,0.023114511044339585
441,0.02149802779669169
442,0.022196408012487262
443,0.020632516089471333
444,0.024530139216700365
445,0.0226990071388322
446,0.02155382334443626
447,0.02438613771668532
448,0.02182536879948233
449,0.02342158163848768
450,0.021367849130005053
451,0.027098926639659484
452,0.027219018671813366
453,0.021450392832602524
454,0.021645229532441582
455,0.027489341172807404
456,0.02359715029396867
457,0.027423565881777984
458,0.024186394903579097
459,0.026442913707319292
460,0.022480673209990736
461,0.023806482921440317
462,0.024454727899022262
463,0.021828670438941693
464,0.023102380139928866
465,0.01981207698853871
466,0.0246391729525368
467,0.023756748081656186
468,0.026479254825040613
469,0.021847310007537684
470,0.023514970462355008
471,0.027390414433838443
472,0.022113855046088583
473,0.023970635882446707
474,0.02286752374627828
475,0.02184197724527348
476,0.022065888812897675
477,0.023134487813156534
478,0.022737064924165978
479,0.024295984051405872
480,0.023325963760199568
481,0.020952075291764887
482,0.02422583475195811
483,0.02450449002130135
484,0.02432888439964816
485,0.024441413539533056
486,0.027500729456370145
487,0.026607661119537853
488,0.023780092863704527
489,0.023570227314766965
490,0.026950562555175833
491,0.023227444111066916
492,0.027623865631688758
493,0.023841953039393862
494,0.023533033538001114
495,0.021827677698032413
496,0.023951484425245508
497,0.022080414381905073
498,0.021417904099965895
499,0.023498836453810484
500,0.02537950039623929
501,0.0268295080261226
502,0.021765185763774963
503,0.024457326167545035
504,0.021974907187221532
505,0.020781392749595434
506,0.027232572176768905
507,0.02675956288135867
508,0.02127226136843732
509,0.022052358024118302
510,0.021240717063470728
511,0.02328379513897316
