0,0.09059808610962869
1,0.12191536642727181
2,0.17924773385843645
3,0.06447193524213463
4,0.08442741703965363
5,0.11508317634841443
6,0.11602766975933125
7,0.06497338680435905
8,0.0900205039097293
9,0.06079406832382538
10,0.09764513629110685
11,0.1169021106635148
12,0.15655283724734956
13,0.1512630092518274
14,0.06757455412329587
15,0.06281019543246592
16,0.09492725066978192
17,0.08646672755858245
18,0.08458470174513959
19,0.17372609267434155
20,0.07323098154583962
21,0.1235979583512636
22,0.12016082038618581
23,0.16753514598292762
24,0.15450991327086738
25,0.08938991326841579
26,0.059335696728235805
27,0.09391264235480574
28,0.15562433207084106
29,0.14438882097460612
30,0.12362911615688843
31,0.07468638027472288
32,0.07177167244738036
33,0.0907612085645884
34,0.12471175961162546
35,0.06877531035130606
36,0.1444123663136873
37,0.17716242165684673
38,0.1477512966193853
39,0.08809905575579638
40,0.1172950268584973
41,0.1521625496189475
42,0.09051156500133697
43,0.12201833843977913
44,0.07321529136357324
45,0.1213978147400023
46,0.12774555537485272
47,0.07612974783815032
48,0.12029635137298499
49,0.12136063900853848
50,0.10321414798080013
51,0.1529161313518281
52,0.12537691521546787
53,0.07963389962591995
54,0.15373603138927305
55,0.08941433874915197
56,0.09605572040405291
57,0.07935389098496702
58,0.09938688723480543
59,0.07315999667042958
60,0.06159749344307032
61,0.1628238863215815
62,0.12129322175383847
63,0.17398862792895842
64,0.17284386726589307
65,0.16949693818004852
66,0.10629923371037463
67,0.17679040554834116
68,0.12517593250690895
69,0.08153399217706346
70,0.16576963970213196
71,0.0867864150732673
72,0.09137953626236782
73,0.13740119576997606
74,0.16949016424851265
75,0.08966062808922011
76,0.0996399884135595
77,0.1257646578092318
78,0.09161849606071676
79,0.11534594204324906
80,0.08705225838365103
81,0.08576044727954997
82,0.16637425946823647
83,0.1591772949940369
84,0.07367637782907124
85,0.16454481915942296
86,0.09114938553450072
87,0.08970692103848571
88,0.06726926806078364
89,0.08911108668770758
90,0.16080807174995343
91,0.06919516590489894
92,0.13978892970755288
93,0.07253854582630569
94,0.0871718420990786
95,0.06493144029494538
96,0.08389729481946413
97,0.07400756166473675
98,0.06995430217895857
99,0.12642623864384708
100,0.07192940165527983
101,0.1799729488463185
102,0.11959907154610153
103,0.059275923346849724
104,0.07536441454715757
105,0.06562475951279075
106,0.051950004664972974
107,0.12243957002346854
108,0.05033418878170073
109,0.13673349922253317
110,0.16077385131705949
111,0.09047045578030904
112,0.16960696996184665
113,0.12590200983089977
114,0.1260789752310655
115,0.09585314245976624
116,0.1310384200377318
117,0.15799004974468797
118,0.10817217964073468
119,0.10393474558775247
120,0.11039322302494979
121,0.12152046996587926
122,0.048744459580286705
123,0.09931982003255152
124,0.07602349358112771
125,0.16575626194689166
126,0.07574298998913066
127,0.16207209519603774
