0.24949089615244002, 12.289799294916351
-9.357161635812348, 21.3635047410339
6.290056298211258, 5.162145600077248
7.698187511147677, 8.018688168879608
-1.2024799832845918, -5.165050576771238
0.7445213684497323, 6.188740560205448
-6.532535017234101, -9.08395147694965
4.241832914926965, 5.221667209145118
-10.559226213962889, -3.623552687606556
-29.036945794201984, 0.22651674009847156
7.161921727304646, 2.8100450276521594
-6.36533963654577, -4.198120445089849
5.145918095686371, 8.908801260882894
-27.965694464948967, 3.2740000873957253
-0.5658763896644263, -8.129951574791914
9.146754416295972, 2.8777257974183827
-7.789363316749799, -8.948025758017222
8.508967236754783, 9.245959716457733
-22.371207443005403, 6.84218527546312
-2.392648426324712, -11.28217044895921
4.447278326848579, 3.584488580398008
2.6952783211017524, -15.044883510670985
5.347481675188437, -2.0715576329618686
-13.635860160069754, -1.292334229883111
5.963518794329714, 21.055365170056533
9.332807546286842, 0.40264882238835487
4.281818079689276, 9.68547613817274
-5.465570511858713, -11.245381897695912
-4.74097688760193, -6.086188371185951
3.1181507480860096, -2.6716899557208134
8.250540142814234, 4.322835233764797
-3.498544664214302, -10.031517044038841
5.780188962752504, -8.188628309942649
1.2706645881407719, 5.034995567451559
0.11976300741320856, 11.128697288542135
9.12220176590385, 6.417508611107233
0.6602757090524864, 11.25190385878191
4.650147890154042, 2.1218277243981194
-4.405030888225082, -8.838252054354175
6.68344877717938, 1.0375553655166394
-12.946801161432443, -2.150219429332825
5.366547049869929, 1.6055670019165156
2.8355181147668214, 2.168870686033836
-7.330175669865502, -7.740282142976662
-8.366120608996509, -6.7439654371958255
-13.532837563647382, -8.314850278949525
10.775708389507907, -2.1349537809312116
-14.716518354927546, 12.808536913124584
3.2006803863653843, -5.267604060397442
7.4580645805287755, 2.2046287399126596
-9.690235969946512, -8.734462528095525
-4.344451708879305, 18.363505356054016
6.286145321145383, 7.226182613736688
-11.773390994700751, 15.764179475296386
4.523973957342845, 5.485942028941012
1.7030193162640828, 7.703165763516953
-12.818407078484507, 10.24245710197691
-18.34555211856165, 15.24829063116176
-12.02631536514085, 0.31782843374240644
6.032123754734446, 1.009741240451126
-14.855304723377378, -8.889662266708402
4.495996888571964, 5.205388473956342
6.462148655258721, 5.264847048506149
4.819476305160823, -3.674536633326862
6.70988424020061, 8.326293411031344
5.646759938778605, 1.984584331807349
5.342067583484422, -9.60669190530241
2.3023327084486507, 5.873336390290783
-7.407664084449536, -11.60596904639331
-7.019214006896591, -14.231019206915272
7.5945494146669175, 4.293826826141524
-7.237573865025645, -9.205745749999359
4.612677559720284, 3.7003209433924162
6.585291934818233, 7.701883302568077
-14.304731123989924, -13.516343210223354
-5.08532474886505, -10.875368969321704
1.0279366869759388, -11.784791931278374
-17.872168778651726, 15.698407979601148
-9.224675315071327, -6.048195680864641
-7.326414577895539, 20.566502218314845
-11.525101713584403, -8.466254214952915
0.6177101511979601, 15.986363331318788
-4.707920151950856, 9.761646750394075
5.507474634398931, 8.618911982852644
6.302945426734524, -2.592112655000184
5.818207779491667, 6.440854423766166
-2.40928489199793, -1.2391326475660538
-3.5780298890317024, -0.13421668031971956
7.447135903662676, 13.665151732301545
5.286897134484571, -1.6010924557057011
-3.1932545916341333, -8.603436323316462
3.7401013255031126, -8.809839049372348
-10.83552402556112, -8.39553897799264
7.58221492774243, 5.740408004143033
1.8747296985396715, 6.752161579158547
-6.26605047439847, -7.975557557112008
-8.232037249033826, -9.130933208585054
-4.596366380369977, 1.226412387978272
-18.31290936723655, 16.09108312011942
-7.873460754481326, 6.149598769111938
1.8419116454664424, 4.750649083754205
0.4148610354260187, 10.802770262673716
-13.108671694831935, -7.251545025234689
-11.896184463334642, -10.961816636472886
-13.958652197240347, -7.222681999187806
7.667419785174337, 9.251955283324797
-11.201996484231115, -6.383461282621516
-5.084313356098146, -8.508120706024382
4.0423086811265865, 15.015782971585452
8.381232581363644, 6.66808305318482
5.98079102307404, 9.50373586373602
-5.845015829097329, -6.681800635144226
3.4393082043114447, 3.3975009753185548
-7.259241935565942, -11.05440297865054
-12.436060024865057, -8.103863110438924
6.553471699643421, 4.075687226800696
-16.190281585227627, -1.02881703865493
5.633020240053925, 5.763729153454295
-1.145395260755775, 1.2876916329003298
-11.429192408761116, 11.362319589919517
-9.616726325768976, 9.599773287143078
6.842441160494865, 5.492789072944028
7.5473446157620305, 6.057235265324836
5.555126369990562, 8.467376447270125
-16.50635746585763, -11.930126357516512
-20.459392353502814, 0.7529798778210215
0.47320716850433975, -9.624773542195552
-6.520238398760703, 0.6409950302920091
-6.427218450494275, -10.93683581460278
5.100081905180455, 5.088216595406568
-12.266951626643154, 7.485843480113216
3.2296053261267437, -3.750839938079068
-9.211342927608058, -1.7434661203287396
2.888869491805766, 5.234961760012334
4.320286608414994, 3.8914420218606134
3.2771680084834696, -2.398825615546032
-5.293814019621137, -20.903275933819543
8.867463965704424, 7.192827396939077
1.9825913288863128, -0.3513342911946719
8.384078642417697, 1.8823429191142682
1.305900384278345, 2.528988869187891
3.7050105177485215, 2.216599244818884
4.945989021023596, -5.833616451987562
3.280884803645895, 0.9206798124693865
-19.274477818172226, 4.661235901006324
-10.51180274302493, -9.686380455814648
3.371110906617316, -1.3793517483576838
1.9272907667844519, 12.156564907965956
4.644778922163075, 5.9629382572014045
3.0048803114868603, -0.3809073047950431
-14.647790363125303, -1.2983729900129406
6.445399201097097, 5.969625334712665
9.90837640066027, 3.0781515422401564
-11.00912756901773, 7.691852871936087
-8.88155944215735, -7.821159792132768
-3.929253035835659, -7.409534996586931
7.09867032879186, 9.175472846291942
-10.202307168443914, -12.976095685499015
3.5428712409183083, 5.313837984176226
2.209993557734582, 5.9225534215770805
8.609282092406696, 7.436152163918369
6.508015484408792, 6.4596526565783865
-0.3416655460701996, 5.519360243003721
-12.17324872998871, -9.963427664879667
-17.711950940488514, -8.584803042221173
-12.293068737305155, -7.044182319431046
6.88694498713993, 5.336401354427062
-18.650875268647162, -8.770735430307067
4.840813060613155, 7.678146262471345
-0.03466834800553542, 2.8065282162161496
7.976291500853471, 3.291865641771433
1.4970789063069685, 12.179088985932543
-10.281160571341692, -6.226401255613823
-4.920015988951005, -9.777551986632266
6.730596656013945, 5.171667030096217
-8.042234677657104, -11.703029199754447
1.597428976157919, -16.73718532078275
7.500879695956232, 8.007725478169933
-13.08090582886589, 2.858940058846581
-12.51245655486593, -14.165064063646934
-17.879702353727666, 9.432042477655836
10.262242974327744, 3.0456561849589816
7.888309346127793, 14.091142075309273
-3.56596624291475, -10.12619078531594
-10.179165407223502, 0.36278564719995954
-3.1397432991484653, 1.611433262088382
-16.223153978213784, -15.790976375034981
5.31786710139793, 6.0225856750755575
3.1764268265084317, -2.8872330587967867
7.272823752060554, 6.316291602789209
4.81295782542741, 5.424272630934009
-15.25379567029244, 5.158893839149437
2.6525050904778613, -8.016544015835525
-5.595114150605104, -8.421411049601735
3.2707053256882905, 6.465778392345886
4.694956255711822, -0.39529682817369666
6.733911430708241, 3.134909144483882
-2.015406660526164, -5.9896385943791906
-1.0078835903379701, 15.106683993660065
-11.234140771498172, -1.5440534499272118
-5.497977863965653, 19.27199332847269
-16.106936432453615, -9.865258322885095
-12.57824167364594, -8.586977607106673
6.614756907475831, 4.678919001115251
4.180568853501627, -12.669516386646949
8.830589813739124, 9.402750809181992
-5.324863377265606, -7.214229202164404
5.61559838716734, 3.6674100048008604
9.08119793710506, 3.4766073871221694
-9.287457698362859, 21.359026040541778
-13.64742099565203, 18.243588743829804
1.8119787446727222, -5.666369645238033
-2.1996683412985414, -7.686198921383436
3.9976366405992088, -12.827035373976205
-4.772316646275424, 14.113425701051625
3.651660548323181, 10.34098251895134
-21.202527020187592, -4.407995631555802
3.2636819574614333, -9.762445494143448
-8.916063393397291, -5.155684232375123
6.434101979677201, 4.036077121314343
5.953583937842589, 5.63718533609596
-8.650488495429974, -2.9745388340318284
5.738109021124773, -5.375453991430042
6.9088349953599035, 8.211089128853997
-7.78902498782843, 2.4860489826536027
2.9243479202898506, -11.125782968264515
3.136284855428572, -11.755982857400795
-16.10589274443558, -7.364407437869199
4.096037265514063, 1.3654851524377511
8.367407460338177, 4.360798853086061
6.286388337705873, 7.393565001865381
3.169643648194367, -15.105655789201526
-12.44014874828144, -9.087205772584058
-8.497310914078685, -12.228331259915413
7.859980165760682, 3.6775063681315046
2.7388099184006194, -4.920948482894632
-8.284600172846858, -9.0603945769078
12.149289871597139, 1.5368902349728657
-6.092173357377916, -10.308433693873722
-4.792272755634728, 18.382660339530943
4.606115311383494, 6.181993729234842
4.966561022576392, -17.99267336865277
-8.778334824594884, -7.583656034703642
-11.517532491668529, -13.524342693045993
0.7851993148564294, -5.004545967836845
-13.260138305709473, -10.912182768740822
-13.598833833563287, 0.9465304947685329
5.744780827330576, 3.368224054783943
4.74453724099148, 0.3848312792967567
6.102784302729658, 2.4096421365195884
7.101539858525544, 6.191938669762849
-10.905252502536742, 15.185045131205316
-9.643128599200427, -6.050436369731001
-5.735330757361754, 11.354439850796131
8.043126097520306, 3.6246505526282062
4.546947837665852, -0.784088912450944
4.323397951118446, 4.786891837634141
3.9328740188883846, 8.865407336861116
-8.281489821207076, -12.690796931203897
7.100693940211561, 7.181450208578016
-11.925169808906675, -10.555855568569484
3.8124060042014802, 8.468017383954702
1.3298455333609347, 4.296692282114036
5.824564557215375, 7.66853000239627
9.049250486148228, 3.768097778135612
-15.196182110080459, -2.609683119831505
1.259374239212563, -6.822451911402333
2.2091191744401093, -4.95224357254758
5.031575585351708, 4.908998547895137
7.439675310764234, 3.7045592379982937
3.134737233143622, -3.233253129828423
1.6463223577842792, 2.912073836527705
4.334566760875855, 9.69024460965276
3.7340556911656053, -11.915401598930575
2.662447939176611, -15.5572188958403
-17.371644481325188, 4.0836469918540335
9.597505214079609, 10.271296437893692
2.145307023435466, -6.347402612631544
5.819137837053775, 5.383852115292846
6.412302697205507, 7.772344388335419
-11.113588242134046, -10.459354357884258
9.036017510830545, 5.616988122377205
3.5918861610617117, 3.1142687555493422
8.381848287133307, 1.989458608892575
7.69370674269206, 10.135782876993822
8.28669104636514, 4.275269640245922
8.403274862665434, 7.375074472040224
-14.788991678003448, 1.7260721322215815
6.060944867646951, 3.4744744912619443
5.148250265964633, 6.110709537906596
4.601058899292573, -8.699344214616973
-13.862829182807616, -3.198751218345868
5.62506607175221, 7.186878043444844
5.2043531616004435, -3.0074954996708425
-2.5764922320463093, -9.985640482989279
2.8645861431871804, 4.916309834589412
7.103834811782624, 5.931105335329636
3.781059660253649, -10.814711254362111
-5.6281559350902395, -0.12170640009885636
-9.094691659547756, -7.024315415152245
-9.994884495071876, -9.409431894979807
6.974444362841852, 8.051867534376987
-14.086703268935047, -10.031719759850265
5.790327979666617, 5.676260544181756
-7.322487239840084, -10.90155375407692
2.712854842855108, -8.164356599965094
-6.786246604031212, -10.754858255997016
3.604203097296069, 14.233192479367949
4.784708675548296, 7.678535717969793
-11.95934371443576, 4.143071440052286
0.6300902390548817, -11.607458254996445
6.499078889210546, -3.815658583913622
-6.349527816736971, -9.497131554358452
-3.5447813027041066, 1.9628758208406636
-14.025250497663816, -4.814627193060121
5.533995419890784, 5.255679571961688
5.023444104762433, 9.013367504328262
-3.1808629541263667, -3.4666569656771404
-9.28588153513292, -7.8068720675005325
-1.9568273147081579, -7.046294394437125
-8.078030527011991, -3.636087916807055
-9.177430664674128, -6.925901406373118
-9.882432801522283, -14.175388933172284
2.9503340321248417, -7.30515531036635
7.115810342679706, 1.6671060406504683
-4.018573117340518, -7.468664450667673
-17.20481964307139, -4.081730477494171
7.938395945682583, 7.701227448632995
0.6652203537865242, -13.375472350611183
-15.947691693018745, -7.9175902429119045
6.981522244565803, 5.601715239086385
-1.2562381245582213, -8.101941939262739
7.8704348128184956, 7.482567305611724
-8.185336793689109, 3.270196954134809
-15.456186318048175, 10.911828761476691
-23.537545663448427, 1.2382729097874603
-10.457145954285432, -9.365013126980026
-9.126267199591755, -9.751675669081209
-4.8862112639022035, 26.124942093225215
4.485219010061046, 1.837217078413567
6.0011957699649745, 1.1178313382448977
6.495544968422102, 4.855079662093356
8.64490414482939, 3.974559526843376
-24.91797725161446, 7.1621850808159735
7.737324908195855, 4.4726598428266815
-6.224998648446999, -10.122691653036052
5.106690604365636, 6.356968063858897
-14.391356230865677, 5.655772489968325
4.2132619906069, -12.229137678105362
-7.142797464093415, -7.756496793808726
-5.204518120390421, 3.1504284735431503
6.722351929970837, 0.2475349427476754
-0.1149043349416754, -5.168408307172131
-11.200512934853212, 15.900659333838078
-8.835798946461628, -9.681839130131774
5.045501815864266, 8.253835717198637
5.401193172540809, 1.66947380907887
3.556509405181476, 3.936673370740556
4.8480177652091605, 7.073302232153131
-10.269202720591947, -12.64650682151083
2.2695627511769594, 1.6625837761273292
-15.389570098644949, 14.845140448607614
1.8261634553669523, -2.3231939945036895
1.824373542882535, 19.459255635157934
-3.3407408437296375, -13.74051672645719
-17.282790466854337, -18.77641106729417
6.749104422280465, 5.53762626998438
-0.6777100090705659, -0.6920601069769745
4.632517881113811, -3.1383252261839374
-0.023208876315997884, -8.399343958497893
-1.7947848827197772, -4.201602391818649
-20.528864547528674, 10.914532320191622
-4.464614857242887, 7.95988010044389
-4.482051613259287, -10.466429362399378
7.146970772162884, 0.637041574296366
-16.773044616858137, 3.3210468604605956
3.685668934695917, -1.4818447295217139
-12.731170789228582, 26.772356099385092
-6.445441183994159, -7.767085612354478
-15.069437151085374, 8.869539513722778
-22.62408817433453, 4.737603552319214
-13.690199261987534, 8.292441022508264
7.538736348006701, 3.041106947432337
-15.676453978287782, 11.563225434551157
2.5454816181686684, 1.0821474119690704
-4.561100597867314, 6.711362489767589
2.624008370168473, -0.8877121099168801
-4.27562505380451, -9.25345151744491
1.9480170505557328, -17.45185382811783
3.850457725428812, 11.297569443026626
0.04779220196927181, 7.6008718172570084
-15.696966686014921, -8.017433886346398
7.798459993070236, 6.80519546408826
4.112946813623296, 2.781907123130533
1.5019276469454599, 9.81290069928269
-11.014797809133672, -11.155830747208661
7.720668433899437, -0.10187506839447558
6.8144334711876935, 7.490209172160931
3.8031318640094485, -10.126337496904041
-21.823268286882218, -0.8404413866686395
-3.854295692342501, 14.09867659914852
1.5475269601569193, -24.325608760286688
-3.8858340090499315, -9.832774955793552
-3.4088295464976897, -5.588459763789777
-5.580195163073993, 13.465509699781574
2.3416787731502495, 18.731306190216348
6.771761469031847, 4.456280458148406
7.672821028009067, 6.22821282038791
6.45734304846185, 0.7237606810067039
-26.038847722847613, 1.068910557748437
-14.20247028982574, -11.029902127965997
-9.504899741475247, -5.040809687879742
-19.10822739485318, 0.3341058319084689
-9.758563094159094, -6.060122294242529
5.019687467815956, 4.587956395821049
4.164489988103312, -1.6262438663194148
4.946000329781792, 3.990361743871439
6.431568425243685, 1.4877423999105424
-13.737459602009597, 11.313337142680421
3.297817685184774, -5.979627295564585
5.545931612042866, 8.40150769042733
-22.62974839130497, -15.835519565272797
8.34671402822466, 7.460873173790659
-9.639838052905896, -9.716906305015675
3.4626644795869033, 15.480179184533602
-5.461818401934195, -6.723308910623449
1.4469710751398503, -5.627161755061975
2.76343606314723, -0.3518662656332221
6.192625543000835, 3.4781094491850033
3.533341821536631, 7.367056277907563
-11.752835247325937, -8.551003262027058
3.1152737399056627, -2.6168235015419836
-2.287725512702117, 4.467536373985537
-18.972004135186328, -2.4082076282260276
5.309047103461062, -1.1283154121035541
4.731499110689404, 3.405522581397909
-10.601369857793134, -8.351517389911326
-4.786024930155783, 15.039162245437034
2.305383329785157, 9.337114939288055
4.1168450574606235, -0.27230368176392594
4.715720251339981, 7.631555393871846
-12.464169726596582, -7.590066457908903
3.3286235384497136, -3.2815976289936297
6.748413121883755, 2.31641194936221
1.0154232876122666, -6.843350099403898
4.639932631727636, -8.238777273627834
-4.007772091318759, -8.910488493970444
2.38327289200768, -9.65997293253945
5.234453889721504, -10.688281764933242
9.82678215541619, 2.995235741645792
-21.516417548498655, -6.687308001227661
-1.6939631387341487, -9.302316395831237
3.3499472427489305, 15.86036953143169
8.476482612625333, 3.3337041571542683
-7.874423987409668, 5.863248734640785
1.3153269699673085, -11.452410406512456
-12.307993713382453, 2.3999945976600503
1.2726196582065603, -2.926593441186269
-1.7192058077804848, -11.293839249942485
4.160824011359704, -15.255092447645378
6.626346072432562, 5.08739770548973
-15.44130877530461, -10.076321697409957
2.3819522557174526, -0.349953814557099
-15.702356297607995, -7.456881068670402
-3.4714504662049723, -4.081312508105653
-18.50174704234701, 17.57774034308769
-10.598647321316205, -8.50122602629166
3.790951014522021, 6.993951625589226
4.640329282129786, -15.271795533923779
8.887688672026737, 8.892914532098153
3.555524400266633, 7.021062646123919
5.382053441752133, 7.624148541127859
-10.288834084692045, -13.581432566027715
2.1341030997794928, 7.649978312247773
5.633955164888845, 12.720886340680568
5.548276474339237, 9.579260092034549
-8.620393944567086, 0.5382277964867748
-21.246518278413458, -8.888341043010422
-10.243638603946021, -9.97487295902058
3.897783006807712, 5.384241698253507
-6.539903303066267, -3.216531404778011
1.4221985138485354, -7.440459684030143
7.525854488175968, 9.457402037411846
-11.431414109165061, -12.6709061898744
-3.25981488853009, -9.402349934835572
-6.625286457652776, 12.542318479000611
4.601675690974436, 7.378555182929596
0.5412000585563312, -6.807282009729605
4.403154464709582, 1.9636490508018594
-2.5315395579101576, 4.389815266793777
4.571445906563262, 11.059399544499131
-26.056359307424287, -0.8453297036204024
6.811549181307658, 5.677659495417156
-9.207263188449025, -11.059881122833442
-19.211322040333833, -9.763256120142344
8.521355585151023, 5.173240508103629
0.776634281499506, 5.375370135153749
1.3667240318196296, -10.70410929116462
-28.64990218351295, -9.290725302438531
-17.094891095622074, -7.0037069597835355
-19.570749244609758, -11.536255460686437
-7.692213270844526, -8.085191933669297
-4.5609610387016275, -7.08071769736863
-6.917564524042465, -8.928625967564898
-0.6650735876883069, -6.918778129988621
-6.688702661238543, -7.706733122473224
3.470657915786626, -2.5595241728719254
-5.5526556575888, -12.112794068828043
-3.6535548591620755, -5.833435615375142
-6.160135892869362, -7.092454509859534
-2.1433281264288624, 8.16728353955051
-4.741914644649777, -10.776199090371117
-6.389417472357215, -5.876343170259952
-9.741664221336674, -9.619850453329041
3.6422764456835797, 16.843489335784525
-7.697469538712968, -8.661559506992093
7.497930983384962, 5.661515860475248
-0.10625302959801886, 17.19793165844206
2.836402187999569, 9.126061167801732
-4.836680606540126, -10.035817114726667
4.038798726331823, 8.646881663339526
-6.714907409420686, -8.870565200984212
5.76601672870111, 6.7772925182582
7.919685745615223, 2.9497512137171458
3.139020961171951, 4.728525871079701
6.94927946342434, 1.1328666362692061
-3.1772928852743627, -10.536110041047621
-12.129811248196564, -4.557363441151244
-26.92448110009854, 0.6325163620130159
4.324119295075351, 15.130801589298951
-15.576959914414097, 10.648490894657012
-17.79323807529049, -8.850546643147457
4.772399370913952, 0.8919649607054536
6.4145730570479245, 14.222046343405045
4.804646072062874, 9.171756901973538
-10.727378230378559, -4.897704781461485
3.8526649887006705, -10.510055346700822
3.1402870252328863, 1.6722462137876914
3.2495412935306947, 10.105604611987124
-16.131870654191463, 1.1934603605328173
4.288292659926154, -4.456110522944908
-19.561100181079677, -5.768664315360375
3.261472638853656, -3.7496141847548268
1.8246863553926853, -13.819532926643745
2.8847316573364883, 4.506001449914135
-14.331223171131029, 15.16829734968093
-23.190825510406597, 2.5326241806645404
-11.442657678263684, 11.0763517375315
2.4046940657270337, -3.430422896659464
-6.872268612116385, 3.061886584554003
4.059550038495914, 0.7586781512028717
-23.964899134346553, 2.9264101751680123
-5.964482438977203, -9.706950434832786
7.609582207812466, 2.392361657860661
-25.794145373593423, -12.717029034341817
-12.188931465401094, -11.075926408797129
-11.96325479727265, -9.030176153053693
-7.651935001799024, -11.825771879161612
-21.517510538492893, -3.6924694515694716
11.00346861770117, 3.7884235164125486
8.335197167824901, 3.473341085667483
2.186399002778284, -12.00657124127196
-6.470007381318526, -0.9353472769108668
10.292344368847306, 11.120467917206424
-10.457156481202345, 16.463854878263824
-10.04300287886859, -8.10654720706588
6.836338250314917, 8.110762104982244
8.873030148710075, 7.912525365115306
-3.1304477463709492, 7.082460625492621
2.188674327651138, 5.236732391895682
4.454414337855797, 6.344913781493114
-12.548739521587226, -7.558663677508327
9.442959397022603, 6.865890233595404
2.8414080351698123, -1.1267070478026442
-4.2471285784216235, -7.982393484963112
-7.068328597850695, -13.354980812366628
8.382965161647844, 2.9201883722485076
-20.737559897775732, -11.285443335785398
3.2416563850159577, 4.982236876597347
2.835336950865921, -8.509178919827066
4.054257657012665, 5.991964717912536
-1.6456245195478543, 8.144647780388327
4.983536978157623, -10.305515372474577
7.353546928008571, 3.793244998875425
0.7457529307992425, 1.8115379820004218
2.5290453179693366, -3.598469411471494
5.4006163356494135, -10.624218568410155
8.167831344566574, 3.786217909610009
8.233154016297826, -9.946060318344683
7.182836296732733, 0.7485092027456677
-11.272387000821071, 8.155541909501167
-7.385055916192021, -3.919872086218408
3.712834033232225, -0.8604985000506205
-9.761421113419468, -9.008014169527005
-7.950756615134693, -12.142013725694172
-13.537645900231034, -5.918011119861488
-11.774512029151225, -2.2569153764148604
-15.844479285064905, -5.5396581587951434
-13.463391235357555, 4.832120588144967
-15.350895765450378, -9.1892974108827
7.270290760363346, 1.235767541090687
2.2084784290183084, -8.19911375592789
5.43979725841894, 8.741204002859465
3.77913830368931, -7.211637793265684
-28.537371475348984, -8.243486690566078
7.167993100795552, 4.127140092115159
8.00453380760598, 2.357132853913945
5.012581295947497, -7.719962982776428
4.691446993792284, -12.197250793272476
3.0298888774188497, 7.40731412390233
6.272251195301277, 5.39429078622489
8.09766955979684, 8.856497757885947
-7.5263168037562105, -13.501230569814128
-17.08381840503642, -0.4626419997161344
-8.266000218606951, -6.584616272523572
-7.687589737482634, -5.1367784498805555
4.610519179636929, -13.107194417586042
-0.9405094611991967, -19.49945516631319
-11.95792591262312, -6.133786416103056
-19.088847761535284, -6.092362907756895
3.848333371839805, 10.96387162217716
-8.806626050118274, -2.6678305175971158
-6.75244039399743, -11.808833252528188
-13.68164266334691, -5.767231301542784
-18.219517652169078, -9.674824892952966
0.286430685676061, -0.0674103736300274
-3.550629127838252, 0.3787942237191655
8.123830891066753, 3.163635310371788
-12.223629446748987, 3.990376134522067
-16.341693690884156, -10.911866831788736
-8.007638087803898, -10.184666817151491
5.419126369204024, 6.230246247917904
-11.367779319592614, -6.89788593975604
-7.048716346550966, -6.62654722735593
4.258390142991259, -8.035290717611893
1.5157826340995098, 3.5384198196464074
5.349297366270443, 3.595988610700599
-22.427457940405148, 4.399301748238945
-17.44796716244636, -12.611281121607313
-24.54595030487873, 5.229024889412824
3.531834476637277, 0.294934291246179
7.716222793375983, 4.46032418467849
-23.335627434182918, 7.400710577615991
-0.2869328285493076, -3.577959524488392
-8.736869821578386, -9.08689758668682
2.2384277164474184, 2.425409402884569
0.8803452694611047, -3.426396903253925
-17.59047893424161, 1.1869409415163044
3.335905820705721, 1.8380495901569884
8.362606185575277, 4.520993527488708
-12.02847821174133, -4.850522668417003
-2.3620692018423046, -8.421639458023257
-23.20480757510371, 13.021689347913949
7.437086872480117, 8.516782823315761
5.072419507615107, 9.0582115691364
2.6685533965695956, 2.5130871051682213
-7.924176522241136, -10.567315275587372
7.561484610517112, 1.2298874192549816
5.988506746918999, 7.4763982620050395
-12.301907532571828, -11.854631205563349
-5.210324244010415, -9.397234469820072
7.605496268888028, 3.5941632691148144
-15.52747318072344, 7.841232762521999
4.849549875465913, 7.120083160970209
-3.7733000765259526, -7.208238663227297
4.096773898897277, 0.9921017150064104
4.494638636449459, -13.981422812574163
-14.247046456121996, -12.464765230225662
-9.554339929137104, -6.29802998343135
8.682588831235918, 3.673525159459337
3.233597364877751, -6.2981933095552876
-7.913332762928261, -7.903213885684734
1.699992722656881, -8.701948427489379
-12.152780586135883, -8.270964786375018
2.860264579600615, 1.4003138854898884
-4.365610871127093, -11.171671226873826
6.319188073036645, 6.050362760766199
-12.209683028082143, -7.205405983138503
-21.02715298926121, -5.6607367036751635
6.716552363621788, 4.773378584083073
-9.762794778604224, -4.387067273927617
5.619999871593118, 5.707551015482899
6.49937006982988, 5.99613916968937
-7.5960610785805045, 7.411821786870348
-5.95297493551061, -6.3083257828326555
4.381172571773446, 4.509077846918515
5.764517330391676, 2.82648344953498
2.6057033244665644, 12.709102996109374
-8.7168806175863, -0.7220442434563026
-9.090831656812972, -8.515990103944947
-21.8278808026641, 12.265537370697459
-10.836681092770599, -12.516678524377095
9.067698943746691, 3.8357638956444644
3.0732968956266493, 1.71702709094447
-12.18061794892467, 2.128990930894636
-3.171762312476117, -11.285986158323023
-7.0969415203685005, -8.781075794243224
-8.770256754601006, -11.414568960898755
-46.14130025115849, -6.699569204929384
-11.475140484740194, 0.272602226613623
7.4303971463892236, 9.834096100938929
-16.659374083361737, 2.1027993986228175
3.2005374812774017, -2.6660703759970397
-14.838686329249507, -9.285605428920544
-3.88913672109398, -8.056049424163504
4.6289950390675205, 6.863792596310911
6.079899223574266, 2.607070130044536
5.44699613271095, -7.790870241114015
8.034343471894369, -0.2956051790156211
-5.84821741531683, -8.655951808727584
6.504665532423389, 3.2103193067443447
9.308007954877525, 2.438668312647507
1.122134384995626, -0.4543712575751076
4.589683249893707, 2.044757340531209
5.185043203373427, -18.438755450238784
3.157436087668767, -5.6616759674076995
6.063541917046548, -2.722554057895894
-14.301742074220236, 19.707383870194015
-14.965592990479198, -6.2021610517295285
-10.264567803195554, -15.956031668691978
-2.8544470863967097, -7.645355056997711
6.440581339823418, 7.335836253579821
5.445365448925621, 8.65469791960717
3.3364666259731095, -17.24094926308944
3.9484307246240036, -3.110618480357861
4.260409077510909, 9.036550382930415
-28.759704334986452, 12.249627230986155
8.338462059274125, 7.533361078512488
3.3007968118925444, -8.762138448037778
2.3348889923067273, 7.723862844516332
2.8251935376919803, 0.2861228731210188
0.9648299355007657, -6.04911959998415
3.9386903844340218, 2.2874142150215464
4.003316907371067, 2.463133858074044
-12.989105584442363, 7.567057022348768
6.230485710220237, 4.909790700281403
-19.773187394225346, -7.377424029586656
3.7687346405172675, 1.3382017321549329
4.902057422806148, 5.435078706427558
4.361642048591491, -7.3489128369503005
9.069625371305136, 8.979053463523798
-15.815294468265153, 2.849033738268675
-14.611950369218999, 1.6979491902807133
8.056850744112038, 8.593212085910423
-11.34546022728954, -6.477870758622112
7.329258518747337, 6.147785357299671
-10.794916583529123, -6.1632336552817275
6.076529925838356, 4.1399760752066905
-5.057732384761916, -9.424871355387378
-13.56464088968923, -6.976589540432215
8.466665538584198, 4.641619920731104
-2.348348309827105, -8.825614892372895
1.6984001662202557, -9.926378901441298
7.009594418019052, 5.843886168369808
5.993874386318405, 6.0555891389559555
4.230047134144812, 8.424865260172616
-0.04755387646202491, -3.744305708240814
2.6069913307010273, 2.698786046494164
-6.813689367560244, -4.000412797870228
-5.524218115528957, 11.669008189553534
7.807644635040054, 2.882951714144961
8.618672794375657, 3.448500316465026
-1.2073090718463666, -7.98069089638806
5.114938869706931, 2.2473875957348035
3.541948328670195, 4.001428117819252
6.193716918190372, 5.4145618616870745
-8.731562945090554, -10.849096718761707
11.531659512479369, -0.684149803027041
-9.972731108644256, -10.3135914731017
-4.861067048677357, -10.227030816489213
-14.345003824697923, -1.7589801299549945
-5.7593503544704046, -6.249690877849481
-3.8181563085639745, 26.489908871735686
-8.513787642197304, -10.39774871887609
2.991033178705374, 15.49480053921534
-12.804470380118707, -9.076821870661954
-9.286394680235553, -10.988457293510162
-1.3315957090020447, -1.457765706664964
-1.8648125097819035, -9.028042393502266
1.3276378626784275, 1.0141905073161612
5.093070049054223, 1.5974520766451468
3.5522451708097957, 5.5948467366965255
-15.812075313852443, -10.473796684418328
3.5480712780923427, 1.8726761478595735
5.049639151967455, -4.712536880477498
-8.748476197819418, -1.3162900009368395
6.435773161821145, 9.577024038225833
2.699396188593105, 2.4467070431851483
5.97318718849804, 5.8281240666398535
3.3883856328231765, -20.091856622784203
3.2394118745592255, 0.8299338736564249
-20.381057996992652, 14.977418610087101
6.806527030010961, 5.8127907749623775
5.999270826283949, 8.673861789087617
5.04848597004635, 6.807478031215214
-8.00091963596219, -0.981008294902245
-5.521559521043566, -8.494419156287165
-15.667271916473332, -8.836567534465875
5.41596154414402, 2.4390285974750454
8.825091952229442, 3.9496614005237367
-1.4217095631298102, -10.333752649358974
5.750036269252489, 3.404864024748599
6.652268450788197, 2.3326606197649493
-10.701065594465712, -8.118819423848274
3.061990023673635, 2.2892143210247577
-12.159440869924016, -3.343621468722298
6.042290907540701, 4.398855948147034
-6.220277651392189, 20.847516767878304
4.5711437042493905, 5.896529146563061
-3.331950401339399, 13.100248948554734
8.628024469047336, 3.609712154891761
-13.180711843950176, -7.261937341028984
1.2998231108561968, -7.293126925576402
-1.554370801486698, -8.044483137398199
3.1118925314530506, 6.517055368147404
-6.60663616746384, -6.940343265189426
-9.497010342260962, -9.063851565948193
6.586250705177402, 6.470417772650888
5.157518559249979, 2.356588820383614
7.879663600070126, 6.531898948126022
6.853649835847716, 4.591561731641125
6.826113866142542, 7.5606741249194105
-1.878008290076604, -6.666846168853919
5.606930153442178, 7.070714209407236
2.994218008140672, 1.1570767378971856
8.098400781693973, -4.926813747731082
3.997189851803798, 1.7441738593921392
3.0617974875514475, 16.079322813956356
8.146313559917186, 6.839856245855942
-11.084601068702241, -9.34282584355973
-6.910294302768359, -11.50067935076578
5.044003686943683, 2.3486942951656458
1.311754225684336, 15.670387448006737
-24.390964001450897, 16.333925280237384
6.344173208392774, 9.335141737727614
7.405481161201678, 11.685083393264325
6.355726706439604, 3.2665798975314697
8.316286893133212, 11.669315473438308
8.5644514532066, 3.3117628020132095
2.3403447510341797, 6.1015444755041734
-9.627004662313364, -5.636823445719397
3.9568696304022386, 3.628617499461538
-8.451153924389956, 6.201454064608381
-8.586101821478804, -7.946197638060448
3.3223216860800626, -10.51079879185517
-7.273821445969901, -1.8752237020583946
5.702157046403637, -0.7786515437175365
-12.071048258465236, -10.26487223022562
-23.66878002566554, -13.303984430448143
-10.713024503146222, 4.281068690756692
-19.162017505767125, -4.931417244104526
1.6775951475591238, -3.1063122624888213
-35.78645928997191, 4.561732411671725
3.5809181177411626, -13.020507257220835
-0.8356945926691033, 4.977987378366201
-6.868004636518512, -15.527774730863454
-14.315200898635695, 0.22075630065084084
-12.771454467450898, 9.914073002951682
6.8626936468613655, 6.39916984054512
-2.6693960128339613, -6.165471196022088
-9.28204527359892, -6.5031532001415275
-27.372513084241092, -1.4005199630096241
2.2800416659299323, 6.316882504217169
1.1318388618423656, -8.12004920698113
-5.932919961176372, -10.81769258992383
4.626638763237503, 6.494414808528831
5.634345082369131, 6.103639857672504
-15.504145897973364, 5.672948963024583
6.119453799437675, 0.6138364750404355
-18.59031090814073, -8.160155020021238
-7.978058743552088, 3.7931657903085063
-5.683592641952756, 0.5462348764090126
-0.3937662728360434, 7.983651211141199
-6.484442107622307, -8.696585536421562
2.3926398262269473, -4.631575848767839
-8.279274707119907, -13.456041898979604
6.6288129796286155, 6.187601240537262
-16.619661977974587, -11.993755251741481
0.9094718914790771, -13.538571520214898
-8.457624129301603, 6.365708546056297
5.699415256168281, 1.1508702996339002
-20.73840030141423, 11.082278665090612
2.9126584398423008, 2.3897355614642426
2.211542387481712, -2.9794965192041367
-3.936534014131823, -10.964521704249483
-21.095390425235287, -11.08728334765105
0.6082913507163079, 5.78818347376153
-7.627881972803211, -12.513584276683785
6.113529655586462, 6.638634933039478
-14.949682067742785, -8.617195338271847
4.571730102097267, -2.2789663398623548
8.336756742048378, 8.276083650856055
3.9016475626689338, -3.9021891038720558
-17.012992584415734, -8.38434391179885
-3.73605945828895, -5.770142662149377
3.9513366647066754, -17.228706778703838
-22.025090325246072, 0.40059076091797907
-16.12014124510455, 2.9504576128909363
7.489697762016872, 6.674444063253335
4.249553670905353, 4.045106387784635
-16.32861702994276, 3.1285226672976556
-4.089182588930068, -5.238891752724998
-7.315895997165322, 15.334282085601139
8.26484689568736, 5.930506587048175
4.681827950597686, 6.750801445755569
-15.080710202401981, -9.36582436723618
8.546132875096887, 4.435080310668389
-4.405312413948771, 1.2633372286384712
3.2317238769517647, -0.6929492266152852
3.6463209900652025, -7.6103822351708
5.729372370271632, -8.032740149816844
4.029286301426049, -10.163653014708817
-14.850611068879957, 31.20853105292648
5.5577604314256455, 5.392846929377162
2.595123582523918, -5.884427954112928
-4.268992702696769, -11.415517145456358
-7.742825532174557, -7.15274509572336
-2.2795747013255108, -10.46919071942327
-16.873590045236224, 10.816245753353197
7.760337265411067, 7.143547944043088
6.073760489767867, -5.521582919810565
-10.200119347986034, -12.908981410692476
6.698131424501594, 7.805226561259454
7.355369978110652, 4.821379949656785
6.513384381427193, 5.775746121347208
-22.188823616710476, 10.93728283085835
8.882018091125012, 6.059824145208259
2.0854283357424386, 1.6002759798314325
5.502150329736221, 4.691083466325333
6.668233460227832, 10.005137476964997
-5.581240900801765, 11.645768922162695
-9.033042794089797, -8.416300284174604
7.431373980961473, 7.62641127239934
0.14686459596810586, 10.974433567486933
5.331812267584718, -6.793950636000734
5.816289141086062, -4.585281335220454
7.634848246002382, 5.970377786361493
7.618518577970817, 3.77709790564351
5.788248032907449, 2.6900015719153108
-20.32380326792422, -10.482577022720312
-6.936221415097589, -10.345391640080832
-4.185352686291907, 6.77231670559353
-8.299696216995516, -8.74863937023879
2.8757532129151304, 8.127136688714655
5.433438905418184, 3.9167545427452732
7.202681651981823, 8.654649646832848
2.541272167184471, 0.021344975558245355
9.29535769483611, 9.498684245552184
-26.126367998269586, 0.9312468426969351
7.8999760446922025, 5.956518019392931
3.4015558311371517, 8.671011096003369
-12.243559727273524, -11.86204053090983
-20.25654790094135, 3.6706940680708087
-10.118077051387635, -10.7307038441133
2.457030226615057, -9.697921298029026
-12.326831469386903, 0.11521066036399485
8.268391666336784, 2.050239899186025
5.8791495937480995, 0.14458296545482902
-18.13467084875696, -5.6735508975896325
-10.446576255754499, 0.5429928468634118
5.739796875364368, 7.731723063764182
2.9374418292115494, -25.506363298597883
3.6670392720900438, 7.495015288994329
5.424070467232307, -0.28970094422874204
4.009654837781291, -13.098195049538187
3.2894037398514904, -5.597510660226917
-2.5116651962417293, 2.865394955655136
-9.945446430856846, -9.687580943150055
7.012807630346189, 6.582250809212054
4.740229892015583, 2.106388331119295
10.022337524634622, 3.4872856419922984
5.9782339318109905, 6.058767776978046
-20.993212510778463, 4.114429002254804
3.3362095986483875, 3.9198656771357765
-19.297529092946185, -8.30836605812229
-9.148643688025754, 12.971388258196944
7.21060287303132, 9.26440327154095
-25.59546198244447, -1.7917934579065689
0.608665324434781, 1.8299401334817944
4.490409592311048, 13.874450186307412
-25.48431897655714, 3.4482884350185863
-20.722391288433855, -8.670241525989258
-10.875773423236176, 3.903069814479887
-19.675274243926197, 8.74913230395477
1.068419323099358, -6.729280765717595
5.216157294474595, 6.455585611508619
-2.0369872151077955, -7.758272245198298
-12.379239077177377, -10.918092514584277
2.35191525512197, -1.1320665096731326
4.4708754288511, 3.2318655687415205
-12.17675008267305, -6.94027445738586
4.954460231135234, -10.887758855464108
-10.223299608029512, -6.590594606425302
-13.882764582588022, -9.836477215690138
4.63502368778136, 8.815764742545593
-11.375720799302032, -9.412729867315301
8.950784140843274, 4.774724437341003
7.188677761972624, 3.6097122331505673
-12.691002841357273, -9.179621007997529
6.578996007142867, 2.472605074528223
6.422285507780725, 4.122155092276973
-1.8600453153426466, -3.40496275053681
-16.522662606853732, 11.490881458190294
3.9361721878530167, -8.612507080300816
5.623428622989786, 6.536926080509185
2.6739877524174966, 12.02799437009646
-17.61605468312434, 16.359600631569
-2.1485984446453967, -10.667067796166343
4.935916703487681, 4.193394660503023
2.7760740244424067, -2.067974578430909
4.492615786737515, 13.354344101430394
-14.407006283709002, -4.434446629302746
-16.92529402993576, 10.724935965049976
2.945544364997565, 0.7508779268925219
-6.971182593995968, -10.16470173124403
4.910475352143719, -1.8816880107894187
6.886326198581153, 7.8817338949664375
5.300619820566091, 5.634443893237731
-23.522281201522986, 7.23629214042261
5.109907566882482, 7.594544377982002
1.8868903417102179, 10.864261760914935
5.657042668782114, 1.193324215607301
3.669671662842116, 0.7701494359051547
0.7510107518164695, -4.0697887792207705
-5.522358876630963, -7.9101131663029545
-21.2555385604291, -8.787012867137326
8.44553899613364, 7.980066665050098
5.268846520186322, 7.334208809246242
4.055278414315687, 3.1675600448981935
-0.30216505603005395, 5.448824985262348
-14.281655940746097, -11.806558630288471
-11.846487303907878, 15.032823616153445
3.2049112068789345, 3.9969084571712905
3.573508602499249, -0.6482051151670207
2.8865467377476928, -0.14908960897346488
-0.651321625222776, -8.084531465370544
3.9445146556643165, -7.988681776714893
3.3607079274226166, 4.071404619994537
10.007266512897205, -4.4473451846796515
5.971213850149404, 8.112810734874817
8.395027251871099, 5.166099177415373
-8.558324384638556, -9.442267034238498
1.8062790903024362, 9.034827811175992
-5.480623769399011, -8.339009722803624
1.9647674741569943, 2.1773888523132836
-2.7740981374397276, 14.14376837804832
-13.62147738598861, -8.576724912980287
2.5067094301463797, 11.714761458908747
1.961305897257016, 9.508023371200524
4.857251584216082, 8.665139563435025
6.994068037785404, 5.037817058717072
5.665624255955974, -1.4147197529618103
-1.2654263059742998, -3.0231085784538596
-10.040461447673342, -10.68464837425088
-10.3175511151438, -10.222823529634876
3.1542737033728065, 10.567521526383427
4.3544458933055745, -23.145116611595984
4.223578546329718, -17.567977447585843
-8.461524054373003, -4.417057973654971
1.328455431893042, -17.90607280541093
2.991923631099762, 16.32559972433333
3.944840566843305, 5.111664975459382
-10.546484620484897, -9.246302769499152
-6.568797330994959, -12.527067084850364
-18.62173410265037, -7.878756162057929
-21.869082124476947, -8.345835163785175
-10.491086684267142, -10.37303251034616
-9.28637800783125, 13.920961404580657
8.14794748435595, 3.6648376847969466
3.621425219953995, 7.189003311045926
8.133991350467676, 1.116408162393042
2.7560426730145444, -7.5332109249745285
-7.81485545915904, -10.063446546596712
2.9544862957540294, 1.1919467565024078
2.319328644544584, 6.1830564182882295
-13.902846074522245, 2.5150580507758296
7.862103182987079, 6.037932713560924
-8.795751972051077, -15.025693405602642
-3.4444219622307193, -3.444469843177825
-2.5688825853662323, -11.166322449557011
0.6653700789126975, -1.284111376054274
-17.960613777821735, 24.63164317261134
-19.37133394432913, 18.9696530517027
-7.119370491901984, -14.348315195391384
-13.661595196064845, 14.056792916753652
-3.4262061980228085, -9.506580952528928
4.289794718119488, 6.375818681494266
-17.147907772755534, 3.4179212451728445
-13.423629090383049, -0.2756014232486308
6.656869215501866, -7.137332728338252
-11.257281556191, -4.110816033389336
10.871566812668249, 8.2417781700847
2.6646720312153658, -3.430584234330615
2.43492759435676, 0.8290659995815587
-9.625676324723608, -11.399721858915855
-14.863211173315193, 3.389988815970689
2.5338807492293602, 8.338161085276207
-6.817785215794714, -11.065714078123792
6.859714439195737, 3.6095830051060176
3.30173767779428, -4.6920335364515084
-6.588586586281676, 3.183535999931196
1.4053857306782418, 18.437074859781934
4.185698808648966, 15.902805973488503
2.326326386696621, -1.2467663111918854
-2.466559332713774, -11.238426580504576
3.8126783921866902, -12.540551325819747
-8.827937762638568, -12.474523865132205
3.419327610725329, 6.7911265080255525
-20.50388494522538, -2.2842268192478725
1.3963093498052732, 18.082210447524613
-11.170277787715229, -9.723722396244426
8.45290589379984, 7.613681784179413
1.862645889772235, 9.878821869396926
4.718259887695469, -17.72000327414825
-20.24710809395441, -9.023229042044084
-3.2497656863442286, -13.18640220325587
-13.557135679412347, -4.743459028033068
3.7558451325501965, -7.419934346818046
-12.175945646945742, -13.319798269707467
-9.019516842117298, -5.238677042874027
-5.568109951501569, 0.4887765642142581
-10.745357207460819, -10.97748574888125
-0.2245526834264524, 3.671063672671141
-17.528325636010965, -4.319316584043298
7.634604413676122, -1.2074184920096611
3.5163543942927387, 4.899177288740117
-2.3110487066699594, -11.812187509850897
-9.634597000073027, -3.5237136127410533
-6.479285977424039, 0.24245489136517984
2.395989990253729, -6.793455539766461
-15.974196414418333, -10.94009300254212
3.7842280923811273, 0.2823402837788812
-5.78929859985611, -12.389111576467148
4.306133447017574, -10.344666858546413
-5.333647128233798, -10.06504487090178
2.832056019786165, -11.613915597052488
1.0164127132582523, 8.408044267101381
5.496514834775193, 7.891830545703515
4.495011109761737, 4.190191978147996
3.7753699630243185, -0.5344442006097623
-12.224996858516088, 7.817660087112684
2.834562195151831, 6.552736893008275
4.3826449581454385, -11.992854061505707
-14.163447832006069, -1.1910741244707959
-17.876620282009533, -1.9971390499110564
5.508499107959429, 7.812194483482058
10.740012827768101, 1.104414584103174
6.282896901201644, 4.221802188904803
7.288245720601516, 5.740554276647879
5.910914289552968, -19.939961914399838
2.012064953208296, -8.188473850409855
-10.57400068930787, -5.856600176602462
-2.551220879284423, -9.411811443480557
6.2342175196314225, 3.708108966212464
-13.944608917789745, 12.921213920873102
5.9978452284770665, 4.4000999526275635
0.08246339853421736, -1.9675452631906578
5.365683101232806, 2.900895233902217
5.7341629855917775, 8.266166615178557
-3.816569949473739, -6.013147122621284
3.3822523059322376, 12.806983348815278
-32.63238352623679, -6.531498338608202
-15.694948641505151, 3.499266661564322
4.320428173765233, 0.8844674469050687
-3.849371549876678, -10.881384699368502
-17.54075493700646, -16.533226150810158
-8.371275378049024, 2.2402093704890444
6.272979777693786, 2.424904772206195
9.37294240043317, 1.7252839685872687
4.733580085129063, 9.65579947009815
9.946522986119442, 5.066950446475903
0.2578873959257777, -8.592997961805526
-6.30861977290476, -7.061374268830287
-14.602030171091053, -9.626544119273317
8.165059737309168, 6.7410556693661405
3.6291065926681645, 4.143794690509085
4.608216256954822, -4.550816880803268
-11.927510389656332, 6.980690925653225
6.966337029930747, 5.687623891392739
-5.751581268434846, 3.6220241285603203
2.235968226975905, 3.2978150388390546
-7.655562883656094, -13.40057776488382
-0.9985635347263138, -2.0879845596145064
4.554132772442882, 3.8437794614632264
0.5048086378581864, -13.373387841946585
7.617780685158995, 10.65363376523487
-12.537555710791445, -15.927679004849342
3.9095895496346413, 5.725979881687058
-18.58153998719174, -9.693474047393734
4.488407697374565, 4.824421757650617
4.910325611887149, 6.021280751200836
8.906403992184632, 4.167592359894036
5.092950211966519, 9.254110665435437
3.111898450934795, 0.03255644072678085
8.66005148295909, 6.870490964030147
7.960043860600014, 3.918645439226726
1.3377973838150272, -8.609347564834366
2.55131550559293, -0.4227979969040021
-16.102610543334947, 5.176415715524611
7.430474805887334, 3.251225266965493
5.174247887379486, -10.826826800102786
3.8540057854405045, 2.9340154394600972
6.440962602310579, 5.7618288790591246
-8.496868815465936, 14.583268124224134
-3.8660808213450766, -8.227954102999675
-3.8142337575740353, -8.271094708003854
-13.856047595930361, 0.7754805968121756
3.285006215393663, -5.918968336364662
1.027617691900243, -11.801010767355214
-9.252336492517353, -12.203604985522002
1.7983321601428521, 5.374710797301379
-17.189841509092496, -1.1683200844627226
-4.609795874881678, -7.206024391411468
0.8194375178002775, -15.384807209105123
-14.953748438789937, 0.6027870663837867
1.8077630656983903, -6.5567533549489205
-10.206815409750032, 6.3517277625753525
3.879542489441769, 1.1378625710174957
-17.644778223668965, -8.819673353415782
-2.867099379331611, -11.999602358683205
-11.656330460826315, -9.587494456941238
-12.507152477426917, -5.614661643447095
-7.27258620330908, -10.089941361702259
-12.159662378679078, -11.06834841129211
-35.04671063679155, -11.430676605056094
-9.731197206855814, -11.845038003455727
2.4392960719495647, -8.059468974226112
-2.751662674405302, -12.176029034311394
-18.17734993228582, -10.945371344506206
-13.129502095874724, -11.824716694217248
2.330695039099596, -4.264916200361502
-5.252013424829862, -13.299608555076073
-20.604959251235666, -10.864539617836034
9.000544419078985, 4.935627500835157
-7.792188621440378, -5.7467974530016335
6.851637925384923, 7.8877997952144
5.558061046350458, 8.692910797528377
1.7299411764913581, -3.7555422028278835
4.390681364885094, -6.895874599265265
-20.865866420158085, 3.644586332608257
-12.273310041602782, -10.863625020991336
1.721178253091205, 9.085837297258086
7.64147235454144, 1.9158492186047043
5.771622334157346, 4.075372631788876
6.260969263538224, 5.664822259737397
3.202045755932953, 15.74626216032249
1.6730084249530293, 0.6148219756101868
-12.506491220325358, -12.48350037405053
5.445696629926087, 7.394481303858181
-6.8815658066755105, -10.050677078307778
-7.2857128658145704, -5.256205263777575
1.5282718770393247, -5.692644177818152
4.474323304650957, 4.478478796795889
4.984292679964339, -6.072193775750919
-11.948404525281038, -11.995368581857836
-7.752267945906276, 3.079561130923379
5.847900625483499, 6.0880840694440055
8.270216075041885, 9.482672398624246
-1.8780036924996235, 4.300926350553359
-9.319811808842758, -18.819832615017553
1.5063516233555738, -7.601437294316598
3.759776246092838, 8.792983400540837
-18.936822159196744, -8.094253816765045
7.966817579283173, 7.365598138284071
5.405222103575479, 6.402595374198131
-11.358405503552296, -12.548297212156436
-10.779964158362091, -8.917425744017953
3.825387026636178, 2.124906580873004
3.558162065964742, -0.7805151908354486
4.077344058771699, 1.3078574406743215
-5.346629936704664, 8.196428486744976
-11.894623309675332, -6.644558136411539
3.181155780666449, 7.514054017879699
-8.298019040228223, -8.165988989204186
4.479135565383791, -3.7662304871616756
4.110901002503553, -5.2176694611440935
6.608974033372075, 7.30535064459646
4.476650136936225, 2.020908587875312
-11.210213964026625, -7.900151864497461
-5.592194908309232, -7.293413677260608
6.311954165556823, -9.765096776220323
-6.599250399563731, 5.803898144815644
1.888898296902402, 8.758090594592193
-12.30422727452903, 23.437423599960653
-14.630957054507743, -8.465921687121662
7.660076496037698, 8.557517310947988
-5.438032018594383, 1.1453240508942155
-5.918852668774912, -9.252994874532178
1.9072124663092698, -5.759693721342671
-14.50346019035959, -8.13968830060205
-12.107007210274967, 0.9612837899456945
3.905113602445007, -0.9335557022188886
2.2839213157643927, 0.23500321341610803
-19.113533366817915, -6.434140571606525
3.727124226714445, 2.0657041346870435
-7.776094343210513, -10.653388356334203
-7.701558779877054, -8.42634303473007
7.854528718058933, 4.023060227242005
-16.485157781075223, -6.4809206689758465
6.612237273036398, 5.797507876762505
-9.635553290299844, 4.697068088415368
-10.437441535519623, -7.2098120004720805
2.0829245538436663, 8.593279996645423
-24.37888062805004, -7.929511849657542
3.37053111147409, 4.351128403976389
4.192528430710167, 8.72404130588357
-15.598298323100003, 7.043747303133747
-11.038096592624218, -9.709827337110061
-10.910902052279358, -12.306455897822088
7.582688845070943, 7.965453439960249
-20.92786730124599, 6.6338513636654
4.963931192671538, 7.856849226191437
2.141288004848329, -10.261595133592365
8.93616225436744, 6.638123686676144
-19.813949646952963, -13.169482579785553
-6.942874136420155, -5.583423236173759
3.976539667423061, 0.5759224299317358
6.433408816792154, 10.592891154209923
3.4118784797908916, 1.429777273431471
1.7747479756344209, -2.8394085969677443
-7.996715673658316, -8.84747852812195
-15.574439445375454, -2.791838827663537
5.535285976023807, 1.111251858910851
6.086475380500829, 0.05089216549557367
11.101913659081307, 6.693458802512609
-6.700408776610319, -5.590829020324949
5.609400032055702, 6.190873205490786
9.965590615413465, 3.495993379658877
5.690903591206885, 0.7360867995921994
-9.920611640444896, -0.44226628965133674
-5.101713789895687, -10.284361062407285
6.448213692062301, 10.691185355561945
5.529253203878888, 12.043855902777118
4.905987359575994, 3.2480565134571764
-8.504475326374326, -10.390956445342749
4.381564715443275, 8.68435635120715
-2.5985399619458134, -10.687202526743132
0.5744924916119292, 2.990635956128655
0.10205276606964953, 4.699398746770983
3.206633521685274, -18.06347865100078
6.427234126034924, 8.159850885947032
4.325153550052445, -15.0888896974363
4.4277063135767865, 7.522061633484687
-6.4140273402848065, 19.13068136723342
4.1346912960438535, -5.204940724340602
-2.0726345285446097, -7.174210984282114
-6.930839318863212, -8.770215754565319
-11.063309412006674, -10.053282622029911
4.291889134868968, 2.0897924694219605
-11.52314502621216, -10.121965241333871
-2.612393887099871, 19.705145616051468
2.1746581425620994, 6.20076895041513
-4.815933373672626, 4.071616229698625
-3.4289041269867697, 5.404138896205682
-9.158443331277619, -10.84490416785288
8.36107536304076, 3.3875479408710083
-6.283583570537196, -8.026278658654054
9.388919551669016, 4.016077020990199
7.5133366533727335, 3.816755036268158
3.2145097956111823, 5.035374865173933
4.275870943497348, 5.382081062293133
-3.387054363435272, -9.92534170252488
-8.568998131087259, -7.346801799012472
-14.639228729737672, -14.230386081706724
6.451252550937685, -0.6220426717624433
-16.068143748573714, 15.169744852618523
6.825255684110287, 5.5199823645390875
-12.816918259385485, 7.085741832251388
-5.089657600373791, 6.824868753181944
-23.247642336514986, 14.565371570763089
-18.29909312960256, 10.327161957007734
-10.481998617999805, -7.689161240493596
-14.066619933794932, -11.104772877461254
7.75925783331499, 3.732695430456448
3.6387329460259505, 6.537273346082912
2.1778241865986185, 3.1687389200481952
-2.2261958083277236, -8.829237402736021
4.61881162772061, 3.609840048930424
3.9256837376776472, -3.0516246143155406
3.321061821544668, -5.905465200220927
-2.0565548372490765, 14.300427015520386
-17.18929239228167, 3.5150167534800567
4.103803146457427, -1.994043527913746
-3.5701109997828855, -0.7484587676782839
8.203461777694574, 0.11682672974846398
2.7370610203472143, 9.131512090746625
-8.718576526430917, -11.97533258034122
5.847942761529152, 0.9416349447666619
6.455197334398303, 6.9293782549581175
-33.07405043166796, -6.6619949965968015
-0.7778390830110578, -8.665272053007545
-11.42332403452207, -5.973016282802704
2.86717791405554, 5.775520130688908
3.310823542014134, -10.665909954451664
7.11177078488056, 1.5907885002641207
6.433534932287848, 7.868368070684166
5.207317968109938, 8.694348232572008
-10.089248386615445, 23.019880976676703
6.345574449029918, 3.4526818204694476
-21.6978729594081, -9.824139025953773
1.1613290849635436, 1.7768960914529481
7.183231797424877, 3.8942306842510503
6.645815591819165, 10.053731211229433
5.695034373137021, 4.398006212059759
-27.059485376097562, 23.474942380298522
-8.858285895215095, -10.749226630012807
-15.529553505960843, -8.486176373074722
-13.065427350013676, -10.797263694754422
0.6260833269748902, 4.995617500467188
8.08984795688599, 8.772204847388938
6.297697035433652, 8.253314235756546
-7.649673367596777, -8.259068793195022
-13.381400806472218, -9.343201914034369
-14.106972667839637, -5.203069654364752
-19.79402875336823, -6.264472974348379
1.4042206969679145, 6.64687906550818
-13.288173962278815, -4.749509976207521
-6.023211263231952, -12.514522229536505
-13.704716247724512, 18.32701878224377
-15.7723163240299, -7.336907093967105
8.73247118196068, 2.152799504812894
-16.41147341258774, -4.237601239606121
-6.873615464870786, -7.3795242871737425
0.4492586040736124, 4.783805838840015
-2.4349687323330755, -9.970801503989252
-13.027985956065251, -9.692511206672672
-19.554658296256655, 9.42542782549637
-5.7263326176043385, -9.050591265290697
-0.4900483496693404, -0.2569897930095215
5.040320421923137, 2.2132168728742694
-2.2931422174269223, -13.598344542971128
-2.864977374864477, 0.7628610911697926
-1.6482410463004031, -0.021453672325095763
-9.11828011035619, 9.08301098592032
-12.143955265565058, -3.3247026319111415
1.8247851394253665, 8.249732221437577
4.109848429222562, 6.151922507854198
-11.918232892842173, 4.476311915127422
6.741509371631728, 1.2245872663640496
-7.085000920127403, 0.04482780962156596
6.367636215597348, 4.669560543650224
8.50683665356162, 7.183342943443267
8.98563901690017, 3.271421967224244
0.9502209579229834, -0.7550823878432659
-11.719821865497654, -6.966069436586334
-30.275890822930116, 12.512202620204484
2.9553269926177776, 9.202141068979799
4.980966596860586, -0.9464568614779093
-14.209451467050355, -0.2468843812443704
-4.388940618884575, -20.358694999822504
11.289044960017826, 6.795532433161581
-10.741617767309918, 20.86460208652111
-9.206354484760693, -5.091235935295102
3.4431167144420716, 2.425002677913359
3.258011815591732, 0.11161881801865206
-12.943861096154881, -7.182097571008146
2.0909484437388848, 3.7745936964663755
-1.1193377592614429, -11.268122118955636
1.6887493550562762, 6.531720446517981
-5.950733911330493, -6.511435283731047
3.164396131743719, -9.170141803036106
-0.05722144785848826, 5.252425168738504
7.476501201858223, -4.889266587426248
-38.183518677439444, 8.11340552318606
5.283013234224047, 8.31732632492225
5.690266213974901, 5.878769986707965
-0.9408955036782416, 0.5842761161866825
-11.221371327797794, 5.3349778095271105
4.517684774143678, 3.796209804576563
-2.5751304527046424, 11.60056756462194
1.5340553573279472, 4.438785934721779
3.7771971526612638, 4.390030236033529
-11.697089600806176, -8.074901097626647
-13.610580365852925, -10.38201789885234
-1.5166320674379605, -7.497262155527453
-1.1519092901885237, -10.459434294970048
-7.41506810526996, -8.969961813074251
-18.82648683007897, 22.600759803926763
-13.580623767534373, -9.949855961553144
4.633584007512462, -2.5013243511517125
6.246299190325532, 4.459514890953584
-16.853114857418912, 27.618922734757582
-13.134796624073676, -6.2142874508543535
6.2819755457842135, -1.3043149474686686
9.966658388586032, 4.3884155803136595
9.476855465915152, 4.87116662984286
3.689362824347658, -3.665366684315039
-6.197100812668149, -10.096150454022455
7.311408029719384, 6.486638114802356
3.337554252987959, 4.33848549178245
2.074695824606062, -9.129145904383979
-14.255393171217449, -7.22124843588642
1.2579163652629592, -4.028491872297433
5.5061706763638565, -5.183795456878249
4.630415766656684, -0.3109214390368358
-12.162033441365065, -10.908678620400812
2.1639901169775104, -1.2216733520535759
4.679209497262827, 1.3560674471724021
0.7095841494236677, -1.9367917766086258
2.739570075296292, 7.816632599694866
2.662514788817382, -9.907484515452008
4.110211811224748, 4.892079084617067
-3.081946309696634, -8.024234248449236
1.9893092614303005, -5.05611924978354
-16.671214644110897, 2.148948763301557
4.89564201648032, 2.4245389803685566
-11.113558568729786, -7.560338491399111
5.700201262528898, 2.565917569318856
-11.767167243053406, -7.769615623389424
2.7696822213224848, 18.398127134397175
2.9676013114877557, 11.379572774035722
-3.9617053128733906, 15.946804570808979
1.7924431576218631, -6.5809343655239445
-3.918188964365327, -8.695579963887488
2.915388331204424, 8.31196716660839
-6.854268553626138, -7.202454528492023
3.3913981248178087, 13.524508852216213
-9.705298709707625, -11.882815840033672
2.687749826720555, -5.074645558186729
2.5795198294282535, 5.443514560436247
5.809753088946184, 4.42452019206588
-10.062819193612848, -5.37889659002559
4.796207015863726, -3.0446402014953535
-4.483541117088192, 12.46382315493293
4.960092400807445, -5.329083723211979
7.559273801274689, 2.660469433362543
4.940448407429062, 4.063197107532455
-6.803294266069234, -5.025949987231529
3.245517256837344, 2.267618335493924
-6.2410203514980935, 4.550647543730567
-5.672333471242577, 0.45561287089879654
4.47205360936153, 3.8943589371340854
8.37943524295934, 2.7411769986710097
4.35826931326901, 12.724197566884747
-19.563848617808496, -7.804641097093185
5.272907105206776, 4.758573203318328
-20.51451500118508, 4.718940967659807
7.888510416181324, 11.053952834996851
7.92563823090107, 1.0513025652452717
7.412293368399298, 3.5642220639885025
-3.2976828158132, 16.104277909423516
-12.969663040141038, -4.380439705657473
-0.5654259401625623, 9.635565939477344
4.834477613583876, 5.460950331437981
-11.703542077553578, -4.928298625911276
3.3867897693350204, -5.034402069158453
-17.7030251475567, -5.614590408777623
5.83651344402827, 4.969577006193641
-16.627612365972045, -2.745608414397555
1.6407180882596981, 2.5804512699276643
2.8880149113442486, 4.986662777950093
-7.626976492975432, -12.659468745708693
8.635451150055323, 9.303658840987778
3.7841122631975272, -17.189245575921277
-2.8459355494341905, -8.38089415158178
-27.725760434128567, 9.999911303112023
-6.746471781011568, 6.424441201396956
-24.902734484899646, 8.559075995017775
6.322141255214365, 2.4038913679834324
-3.9598344981480516, 22.0619159728478
4.483338615715829, 1.9647642246694152
-1.6322779960546923, 9.128635049780952
6.786260566351154, 0.6424715996299089
4.524713817684692, 8.38612879849385
-33.11131645670272, 6.255626748574933
-13.672260334798604, -10.110008875146065
3.9574020828802143, -10.480066543460214
-7.8768535983186005, -9.065490070401752
-11.804323141007565, -6.973989527645426
8.244025046847682, 8.464370693270263
-3.376507964716729, -7.6582491189589765
8.313098030005577, 3.9826225546439975
7.873086420025675, 4.752090077609652
7.0951576367675635, 4.4291105671567355
5.273114714510127, -11.010769722995986
-11.509057771485407, -11.263565846769257
-11.931794240557322, -12.568523228745788
6.644658350106567, 8.357256164896032
6.171464553414442, -5.488435683486044
-15.375054750778014, -11.30248662083369
-20.02278892265715, 0.6063745427745992
-5.474720346123155, -8.63177259204791
2.304835406888601, 4.078457317279956
-18.221624084114644, 5.650839987129738
6.7359825515648435, 8.591149428078403
1.6200650913372838, 3.3540430487832285
5.743746323510345, -5.236691852244096
-1.4301938401814418, 2.581665910518094
-24.3504009393083, 12.784390752964836
3.579364746938986, -2.8997592979085374
-16.736609932258695, -2.4588219386893595
-8.090355659740112, -7.15220063124956
-12.29380316568965, -11.342891030015686
-12.146488465506811, 21.803482350313985
4.764727399126302, 3.473842705759372
4.726074434956093, 4.75453823018138
5.065617259408123, 4.564205780133998
8.249710055885886, 5.228111441211145
1.2753542734595935, 0.6833878734689033
6.2887667229584565, -1.7947702749788441
2.4906305878109847, 2.6818167363124052
-10.91619112049749, -8.80282926761684
-9.748112969923687, -5.417460397670874
13.809298165361154, 7.632643260593544
2.2871044351154, -11.820005805384419
8.967883632744554, 3.778055243921659
9.181577201931532, 7.915137049316959
-15.06767640846869, 7.755731120710094
-15.27369710062418, 12.16021620570014
-4.879397498838682, -12.916076214189655
-15.902214615599098, -9.1857003882969
7.169415099619521, 8.15048202025748
6.278324619357189, -3.8218491248486743
2.721879005130694, 10.77353346680312
-2.1520961657530737, 17.557834019724893
-15.143285003747136, -8.693575817923668
3.529290373278342, 2.487864608010476
-7.728358100773129, -7.1373134335340005
-5.704591063502209, 8.574248838597175
-6.274968818396243, -7.214112914781717
-14.26737888409319, 12.157630686879225
1.572091807674913, -10.635015314917139
4.153824009589271, -10.191458545455825
-4.472764166273782, -15.550820565782201
6.019859696968894, 3.4398379099813043
1.7046796742776151, 2.254393252540563
-10.798273699823062, 8.331358224897492
7.066897218976869, 3.563907550310682
3.93421806428818, 5.005151729987425
3.965223065724705, -4.201490046086226
5.173877579051422, -14.385204532789773
-16.50857173855612, -8.648025310111104
8.248261103049632, 3.8427416466170863
-13.304427903666253, 9.805080602361478
-10.287083554658697, -14.605097047633237
-16.16456792908469, 15.871780740182974
-2.2043948716032604, -8.592329856451688
-6.065061145971017, -5.672413591114315
-0.5885973649840466, -15.789879060716517
4.766711866087108, 5.245099948616105
-14.436340093506239, -0.8057220991967764
-15.627468640076152, -7.477813155280684
-19.667060917074267, -6.729907644732664
-0.4138924056857398, -0.8336863517720126
-16.999271058255392, 8.25543287783266
4.029362817247538, 6.871267745633178
6.912003889242538, -24.62264332187619
-13.891385186209826, -9.051717605445045
6.820123200384116, 4.081954816163626
-6.9467934805367, -9.269794591894682
5.001092097358059, 6.279421069311832
11.24777328846439, 10.154815602813226
17.38889280225404, -4.0125022285998995
3.882089175341911, 7.147303489500583
9.49853247440235, 5.553169205577696
2.6896949532809793, 0.8488845214125624
-9.338938712343658, 2.732790544017588
-13.15941550021417, -8.488694895232943
2.9961189256443848, -1.3313942183606309
-13.31280839119283, 14.63047020447628
3.975574189378853, 0.17428634482065555
-10.769630070574859, 14.313465923926005
3.0709201973864557, -4.24925176803877
-0.1677699069458951, -1.1842326414384456
6.4271632082526455, 4.345040849441389
3.659813728874867, -12.857059740949245
3.7715506767728564, 3.500942082871827
-5.47359686812391, 2.6637481670431526
4.078596154684262, -18.864307873575445
-16.60560829085755, -12.905402036644075
0.6969737783234442, 6.61145043931896
-6.7613767498802595, -7.3961842159516245
3.319131976686536, -2.6094868177788286
3.8975756700812463, -12.496627634927906
1.1028795410931451, 7.900820555635037
5.501305526638154, 6.952619159354912
5.175296090649571, -12.506407599528934
-6.451048984235736, -9.12067531312547
8.029336819826831, 7.850988705979985
2.040675881127322, 6.48526758680072
-5.061049438829498, -8.697959193415466
-17.78338699138758, 8.501888382776013
-11.358318808375532, -7.528046931915841
5.208614002076393, 4.121737203443059
8.922986915520317, 8.19402847334715
-14.641026541281343, -1.0600783872254418
3.5090769144153846, -2.2336277484018994
0.4394056127077879, 13.64392582854631
4.923652517689425, -5.8812401525235485
5.322054224145077, -6.403169726478644
-5.977751317620431, 5.382938176653262
-9.558398632835171, -14.302271740884194
4.780816179051471, -9.691647994343924
1.2758243514356538, -1.9572414761618302
3.965196749545437, -10.517537712112963
2.753574099804217, 11.605396322780066
-12.496690021180672, 4.489937232020024
3.5483746260540614, 7.7455715486499965
6.239292171950501, 6.7804333827387335
-7.026375190032012, 3.8743473795118226
-17.814366030698086, -9.527454659187669
3.60323151342861, 3.7444961750661534
3.0546528142457365, 11.610203267531968
3.6120681383897626, -4.303689262363532
6.192782791266872, 2.5465364680704226
-7.711877818089151, -6.971280525930824
2.8656414539217256, 10.484175903354679
-3.7201868313750257, 1.3899858135618017
-10.608899406080296, -7.3793887911395775
8.240637720320633, 7.335332440859469
3.6365789963228825, 7.8291477850209885
3.733297637057421, 1.3382837799010445
8.610908214032344, 8.206488789109407
5.048319379164687, -4.379663589960744
9.8719885622097, 2.8946206906103598
3.503660447610998, -5.783741209014808
1.8508176899184487, -7.795122289432429
6.822036009116136, 3.32730030593512
3.331849513046928, -2.2351979923047107
-10.578989517212856, -5.221718562411855
-22.899793067606367, 6.093563160269256
6.435435905024342, 5.406201720805717
6.746548300627692, 0.5207988215424981
5.267319646507074, 3.0414508676221588
2.738340563135653, 8.875326368038115
2.3869641606815653, 8.787158098449808
9.402224379152734, 6.439256429337572
-5.056541916447438, -9.996509364689778
-8.520309527488454, 15.743383485742235
-6.945362458598034, -4.501115942791104
3.3315408586532156, 7.288877995697752
2.1311000553057373, 1.8701576167502063
-9.274470177657605, -9.13277896394814
-9.842000536806026, -11.728287052458723
2.5962269450304056, -10.939386907998895
-19.463521924675163, 10.56183542427714
2.1984835409468246, 4.465765364961043
-24.88366753303511, -10.939571158242536
7.050080188749913, 2.6335882259615224
5.907782856460211, 18.50221974799498
7.0420267782271075, 5.020741400996714
4.017659063234017, 9.823948858690674
-9.607316526976494, 5.782591395308691
-16.562347602164714, -8.656075929089175
-2.368822677158856, -12.48249522825084
-14.738106765986943, -2.028548465186301
3.305832549500897, -2.4718867730279235
-11.801386151037079, -9.682262060284467
7.445224347363052, 1.660098083671678
9.124798269778863, 5.973897695583018
-15.344144162390485, -8.73867013295215
5.6711275444728635, 8.191622076151685
4.400844291080427, 2.6610458595344446
2.4824880588877036, 8.166357064629379
3.564484356747886, -5.335123538778883
2.154889990261082, 7.802927171562919
-18.309489688504296, 5.154148005026077
7.342293812297295, 8.531747070915802
3.3074448397798495, -7.694905163373582
2.713765105642248, 1.5415143895179466
7.315306180580661, 11.186485469843163
3.550641163711063, -0.09058375221623961
-13.524795948477033, -8.380450916206538
4.937011451600773, 6.4101259884175255
8.428941155727228, 8.01948061910888
-0.40075910463944453, -4.217162213557933
-2.3036147482103972, -6.613343763602141
4.490372242048819, 11.884094383526955
-13.99244107067467, -13.066484471757045
11.110864497570008, -5.200677023815915
7.406289400123524, 2.7992303954321307
-21.587365220237906, 4.112902044508694
5.1225418005185865, 3.252068442536231
3.2817793802644326, 7.964031525432358
-12.73203557165526, -3.677947058134597
-11.915470737981401, -4.747423765530823
4.020047187675537, 7.827412509603078
6.381895423178501, 5.4774603678125775
-5.868129987183282, 13.514935261430706
1.2362272655775415, -12.31352548734813
-13.421426556140803, -9.07353245180193
7.6583291101112465, 5.764511245007103
-17.414107237435985, 5.599365454214185
7.442141552963113, 9.899050909922302
-26.210959002490554, -1.6959442490106307
-2.964472767808913, -13.158903321725052
1.5321688969115976, 5.868750808008864
1.7032334125531623, -11.140474250714401
0.5776264263794051, -7.094004847589952
-14.45291840905157, 15.622619281882965
7.8331290153149435, 7.12398766600537
-4.552306055809171, -0.06771358941045946
5.6306309089102795, 3.2907231179755865
-3.397294266302688, 10.338887587226225
5.8702590317013, 0.8324224820200454
-6.843293052300533, -8.623256614684044
-0.6697519694638401, -1.4559905793307257
-10.76361911489676, -11.178508268064663
-8.610211077528858, -8.433428148229625
2.234635204562751, -1.2503439797697269
-3.612127120791052, -6.742378392564177
-8.172011725106046, -7.341647063110629
-10.173169773264222, -4.688408006275945
8.701499425403872, 4.675738975024752
0.6011351530376468, -0.33761473864641733
7.187126930679543, 11.333144515532034
7.83588859281498, 7.442606287122212
3.8995272010579765, -2.1477881536449948
4.849806544852449, 7.303154150186483
2.319734542533245, -5.342718065512721
-3.04546472956505, 9.101741158955274
2.9027844955994393, 6.606756280563553
3.9586826521315714, 9.689896536570338
-4.062558619002826, -9.558809957685579
4.984002212107888, -0.3996418047244199
7.487178393284868, 3.524380131068443
1.4045974843742328, -7.278756298900348
5.528295599198923, 7.747587325847373
-7.283018400388208, 16.570290084238504
10.136476217734408, 8.021471516488553
-9.79787554625171, -13.474219484363047
4.121835398991384, 2.2777829405598213
7.220011947702827, 3.950542489881876
-6.097315090180722, -8.366918522523388
3.714037398957348, 2.43188171563926
-8.785838841014256, 4.453398714667205
-0.8280244285697327, 4.056669437965928
3.9341495970564653, -22.922156840595466
-6.9422404589375075, -11.953816337676152
-0.8314928216903006, 6.975781292917572
-2.819011196757872, -17.516211808719987
6.714997796547069, 4.300787397488644
-8.35214627060189, -7.895379222146056
-11.639717746026324, 4.191732286330533
4.43417064211499, -12.436416357488985
2.361555174019875, 5.482375480512822
-5.268302653582699, -4.4464930245415815
-3.5810929087569834, -6.009838715888619
5.773198854489072, -0.8958386670680252
3.1048577453170125, -6.045759880929198
6.123849893720034, 5.937291374838088
-3.867808123890309, 6.84179877398112
-4.041377816088253, 3.5854639684286878
-7.276146382062201, 15.861703585852467
6.305946041031834, 9.250061207021702
-2.8526564103370866, 22.028187025188814
-4.683804288506409, 13.947903130645923
7.15925017119385, 1.5044347667816225
-2.5509176656270753, 13.169908871197885
-20.417410392885216, 6.201969519250932
-15.329060049955313, -3.351749245966757
-13.654383824385924, 12.721503501284118
-0.7200315713235916, -7.688701544489997
6.370567874450449, 4.9849245831702245
-16.39711017422403, 0.7613440372417934
7.904228931604915, 7.365161121979774
-0.05986602192484103, -0.33617116235802397
5.017329930391043, 10.140820262170887
5.522739287337582, 5.593848272028979
2.6417441860830517, -1.0037191903563363
10.288576912125922, 4.894054259825148
-14.273105711775568, -10.638033893456353
-6.245315728585664, -9.147598969800494
6.236843266861726, 12.4075206316474
4.288880864647787, -17.84887420007443
6.288412883437994, 10.38603964951447
-7.464467210924793, -11.134638717836424
4.243349450698601, 18.99062671450475
-12.290793666980967, 6.4512566048525715
-10.8158492194668, 7.763317472610534
-1.1799476904129147, -12.621859686654801
3.744606544939174, 3.577785453848873
-19.379226860975336, 9.738823308788639
-4.720775707847864, -11.421347430424749
2.4477836876808343, -0.024523996751716008
-11.564929398285145, -8.778058187152014
-10.072996129123316, -10.353502140975296
5.7945592530303776, 5.258631732877479
16.008238350895333, 0.558304788387538
-18.54709939886595, 4.035278423611046
2.427894156737551, -8.242337273702239
-7.38449432333482, -12.897369779236891
-7.238637328031187, -0.5496172136023096
-8.271505693791381, -1.3361585904811744
-1.7110655169917655, -3.7569761722939754
6.972601501342519, 0.7539389939815461
5.625246895631061, -17.8962733975127
-15.557041037487354, -3.7711925360035323
2.506206261570961, -9.161558838635274
2.3905631075291947, 11.695361464960893
0.8040503136155515, -2.5129909680400018
-11.232995935148466, -13.584711672894466
3.0455527967824483, -7.812300002481439
-8.959849955719363, -9.609175643742132
-13.967355777444137, -10.396721713892084
-5.889372564245537, 5.171858835320201
6.49720029432219, 5.230359770308819
10.948854638226445, 2.3292989772107355
2.6746028317892407, 3.403392291151115
4.523808518928643, 7.417159922682993
-11.33337357078447, -11.908923359928899
8.651713248111026, 4.238410879754625
-10.74927214430749, -7.390721280081447
3.2269439372299518, -9.70372675372383
7.106136193406121, 3.172107809001649
4.10363334254272, 1.4045433280828452
7.029102621673575, 8.05208022814191
-16.392646824503743, -7.060974658204769
2.5912801780774846, 8.18279259542619
-11.305030554360057, -8.781502426008183
-6.074577463150307, -11.604802752438223
-8.136737614824616, -6.281703619676355
-8.297479588076445, -0.8239863226864728
-6.78989478553867, -4.230477562415303
2.8450588935642376, 5.867663820776526
3.800346775688609, 1.9909751189522558
10.061528379049907, 4.809814326397381
1.4597930594568884, 1.8817088122107621
-11.778978420021225, -7.872032182123382
-15.015668572707, 5.405651518312547
-13.610584357575245, 0.06290161370405745
7.067222852527999, 5.358935720237951
3.069649560953261, 19.31508068405884
1.0995968186927598, -5.584388616758974
-7.423093298951033, -4.7311891583235335
5.410127787505991, 7.315160778961145
5.222086325804454, 2.754838151304102
-3.3565887482935386, 5.1055545593193905
4.806647642787852, 6.0909179484906515
3.7967421037891493, -4.190620053055101
-7.750885918623366, 14.818882746896216
6.676662526807079, 1.8118021159817523
1.4545415019853545, 9.791099808100142
8.702792536779844, 1.1283941173143068
-13.899208952479114, 12.20622623034189
9.448711695736835, 1.6050694204785563
-13.6538003489644, -9.903533165956915
9.77273522160544, 4.151291438911345
4.041188228381022, -6.054116043525
-8.88126177920932, -6.704727808735999
-0.6275066903428286, -10.841494497077585
-9.702239761784528, -9.11962187079637
-14.606007915838319, 4.264970754863286
0.9358579036105872, 13.625826869483651
-5.303791357017294, -9.023145219192825
-14.067800004951405, -8.019863095358675
3.9751097552794565, -0.6129086545469918
-10.804704092811146, -11.758990626542849
-8.540147701568118, -14.526867036987529
5.276119247376041, 3.7089091343115546
-14.562849064728514, -1.6039794360355781
-9.828796746368608, -7.180853848214502
-4.808018598980843, 6.64788934193117
9.028529760513896, 7.105074784517325
-13.221297744914176, -6.069040704810986
-9.172138487666622, -11.08218329836943
2.4969622673613596, -2.6769321455301585
2.660387203609531, 1.9138211178713749
-4.989993993572775, -4.888158381522176
-13.754174325867023, -11.51729800703329
-3.9718915201438314, -8.104746150961176
-2.4376485263527368, -4.963919618006014
-9.592039675065612, -7.893741711263606
9.636012871133033, 6.5578268938093
-10.88793109454698, -8.687297923019708
7.318286204881308, 5.152886836247752
6.3397611093077435, 4.191557906695863
5.649518428804935, 3.0022366354342553
5.444375654675567, 3.463555444843636
-0.18666708572774482, -7.320086897203556
7.488681016312102, 7.4328910423812875
-17.61250935176387, -3.701631649488557
-5.759203306898742, -0.22511532081427488
6.3071588291984195, 3.5655130977388434
-5.166896434446581, -12.673207687683174
-13.553410067174532, 0.5595716996165181
2.4222840154507006, -13.967840279717056
-5.305257714050971, -6.244443595565157
8.220102296941187, 3.342552798501659
4.977757260417223, 8.231882584310215
-4.187134461697257, 15.389173355661782
2.6398405598549477, 3.0663333577146727
-5.826123923530021, -9.959391361722231
-17.47096507608422, 7.083646413811775
-5.030702703476372, -5.333136836405899
-5.4642450789689665, -3.6534876023044154
4.276340684577045, 5.419501424280655
-12.832942156427757, -7.992908243876095
3.9076697808179586, 9.71613622489191
2.64748936526145, -13.01068992239315
-7.315382357206939, 5.441190832288749
-14.302139450211769, -7.986530460686122
3.773261662923245, 0.19402052231481764
-14.376221929331239, 4.010156763645178
3.1981693569739713, 3.8514813411200097
-7.719626411556876, 1.5748750201529926
3.1842229812836678, 7.777924884289746
3.0871086457381645, 13.638208200836372
4.558282003841699, -3.6583396877114085
5.456608710059609, 3.1726764620619337
6.348233863271108, 4.950052259329487
4.3263279335219655, -1.6208223048722659
-13.25307192600317, -8.932614650855726
2.985945215152972, -0.7009176919777013
3.191513266765566, -5.912080168316561
-14.234301221972652, -11.859889467842649
-9.475947546630547, -7.97863107093955
8.067628878668637, 8.821972479268414
5.12692857332492, 7.9140068449884335
-19.94862519922242, 8.850925751269504
-8.334131793302971, -7.469766111845247
2.692746047281755, -2.1445625624984146
2.3848581549825836, -8.445391776334631
4.879769919278314, 5.923650182965759
-4.554475554608791, -9.842794266668538
-9.488134860727646, -9.192047759496349
7.884582253032626, 4.005835627673111
-9.730557573701313, -10.342394427237926
-3.709250584697811, -8.797323060288962
-17.227020567743015, 16.105742997401368
5.229899020491697, 4.102756541298555
5.267879002952182, 7.024601035874493
-22.91260037709077, -1.7875514406088397
-11.933987255346432, -7.547079538985324
4.083353191031326, -11.495068100379198
-4.762888525554328, -3.9748495149560306
-7.033126326619598, -9.848296517787878
0.520456445466702, 0.2828427430816279
-12.296700994983668, -8.03326541554823
8.534821284706908, 1.5616648825586128
2.674031349417806, -2.24466333721623
-17.433570823995346, -12.108110685901295
-15.637832269389882, -7.628661414224776
4.753037724054695, -3.433727844545345
-8.075289500370163, -5.885822614658792
11.105113605751566, 8.69533509148727
4.956733860198478, -1.522600067723962
1.0139327409135586, -12.02006985650803
-4.607014106808101, 10.299505104137207
8.788495546350772, 8.526154881136467
3.593963580097629, 3.9610172337225045
3.0086989552318393, -8.184919081392218
2.5472183453872392, -0.6887476743311433
-9.51870718969804, -5.031397529937051
-19.092819832596476, 4.315253059425862
9.854836440639973, 5.645188326062789
-4.0281209444442565, -8.655045732272
-14.583723206404748, -6.65395775476058
