0,471,371,146,301,41,318,142,81
1,459,273,259,18,173,358,246,80
2,142,180,224,383,501,491,411,412
3,147,278,61,127,64,410,464,69
4,213,349,212,188,30,245,211,259
5,376,55,451,399,167,359,480,119
6,64,368,59,131,250,329,483,446
7,184,264,318,2,81,216,41,47
8,273,275,211,415,26,121,282,36
9,344,115,48,164,158,269,192,283
10,499,318,44,132,47,375,332,258
11,82,350,226,417,473,66,120,335
12,400,128,146,309,87,412,445,345
13,358,18,26,275,30,164,393,108
14,273,212,157,186,339,282,213,358
15,410,160,292,409,500,205,114,386
16,481,47,364,71,373,228,375,2
17,272,34,466,208,197,313,295,299
18,13,358,173,139,269,339,273,459
19,375,128,318,337,371,22,354,406
20,346,157,317,459,212,502,213,73
21,56,401,116,47,471,258,436,249
22,375,71,41,406,44,19,128,318
23,33,29,272,350,385,466,255,450
24,292,53,340,250,83,242,266,149
25,51,247,358,415,92,245,35,173
26,358,164,273,207,415,388,346,186
27,232,494,403,457,272,465,357,398
28,355,324,166,308,250,266,45,114
29,466,23,120,473,272,33,257,484
30,187,393,13,36,358,388,467,173
31,72,279,409,227,202,55,98,413
32,439,290,385,313,326,257,335,482
33,353,466,23,29,257,450,252,272
34,17,272,343,369,362,439,466,497
35,459,253,212,134,174,51,358,14
36,291,30,358,273,269,424,164,8
37,256,237,224,375,16,364,47,264
38,88,180,200,142,16,261,481,2
39,473,179,357,472,70,176,208,437
40,241,491,16,2,128,132,375,206
41,184,86,375,81,264,128,180,7
42,494,439,66,484,232,303,403,369
43,82,338,473,179,357,208,437,85
44,375,364,318,442,499,228,10,93
45,95,209,149,98,443,107,28,376
46,245,101,30,282,113,247,199,341
47,499,16,401,345,180,93,2,471
48,459,9,269,307,203,293,158,115
49,375,235,241,406,81,2,146,458
50,66,390,90,494,143,476,482,439
51,207,25,35,307,415,173,174,92
52,312,461,444,274,131,6,54,83
53,167,460,409,413,160,240,122,500
54,386,52,274,419,83,240,461,320
55,455,106,428,410,409,243,53,31
56,74,498,135,224,116,375,184,21
57,185,250,274,392,446,320,469,410
58,71,241,88,146,442,128,142,405
59,222,6,243,64,69,96,340,31
60,134,377,282,253,174,35,211,212
61,250,320,3,69,83,98,266,227
62,303,472,484,439,362,33,290,448
63,150,414,116,56,224,458,375,401
64,166,340,83,409,464,6,125,122
65,329,409,64,202,220,324,110,292
66,390,473,439,417,176,189,67,484
67,448,66,351,159,223,378,439,189
68,215,423,484,385,335,439,286,430
69,409,359,456,61,59,64,3,266
70,154,390,437,473,504,472,232,82
71,16,2,491,128,81,258,400,364
72,31,413,324,262,227,222,340,421
73,459,26,157,207,381,269,187,158
74,56,411,261,235,116,2,301,284
75,29,257,485,120,473,482,194,249
76,159,351,457,485,176,295,439,466
77,245,207,121,346,319,213,273,415
78,66,189,29,452,257,434,497,223
79,482,485,439,437,159,398,325,154
80,459,133,14,358,502,253,246,273
81,280,184,153,235,237,321,412,383
82,11,208,473,350,120,338,70,154
83,386,64,131,508,24,285,461,409
84,282,245,211,60,212,253,270,246
85,204,473,159,465,439,472,215,176
86,41,383,102,481,135,184,47,435
87,12,128,491,81,146,316,216,436
88,261,38,146,411,367,322,309,510
89,301,261,354,318,284,146,58,375
90,434,314,152,208,439,11,32,473
91,357,450,249,437,82,475,17,350
92,207,25,51,360,212,384,358,173
93,412,499,224,333,237,401,47,2
94,7,318,337,373,128,74,12,165
95,45,285,355,160,324,131,98,53
96,449,53,131,453,399,413,59,461
97,455,428,451,324,421,141,409,242
98,443,114,149,320,53,407,419,122
99,130,187,14,212,121,169,384,101
100,287,247,134,347,296,282,245,307
101,273,358,341,121,247,347,99,46
102,86,345,400,499,411,2,56,142
103,131,444,185,324,125,274,438,308
104,213,173,352,186,259,459,203,20
105,429,358,478,9,270,344,192,30
106,480,399,55,53,409,324,110,308
107,242,409,428,460,24,160,53,456
108,358,273,26,186,502,13,339,270
109,367,142,2,414,210,38,88,241
110,480,106,428,83,409,167,464,55
111,385,154,70,326,32,335,303,90
112,2,182,481,491,88,383,135,216
113,478,344,245,192,46,115,199,9
114,355,433,386,320,409,239,250,98
115,199,192,9,139,121,459,245,113
116,180,56,74,200,2,63,276,47
117,403,350,272,208,17,313,378,417
118,411,400,47,2,442,44,151,233
119,285,3,324,147,95,98,160,410
120,29,466,473,485,82,267,423,194
121,130,273,358,174,506,101,192,212
122,53,409,428,98,64,114,500,166
123,499,146,261,435,44,142,411,49
124,245,270,344,36,356,415,30,282
125,469,464,302,103,64,443,409,243
126,310,81,146,237,142,280,422,383
127,386,278,3,83,285,160,421,209
128,146,12,142,375,333,81,71,241
129,224,81,491,280,184,2,142,294
130,121,99,283,174,506,190,273,212
131,410,409,312,483,308,103,166,421
132,10,142,501,44,375,81,499,2
133,80,283,174,121,203,14,429,192
134,212,60,213,282,188,287,35,349
135,224,151,56,383,411,471,184,16
136,152,159,272,267,357,120,179,286
137,198,351,485,260,457,295,23,120
138,483,285,131,410,55,243,83,454
139,213,358,115,121,18,212,273,207
140,378,473,338,154,417,152,448,179
141,421,410,266,250,166,147,97,131
142,2,146,128,206,235,81,375,38
143,369,183,497,417,448,34,390,66
144,293,344,358,158,246,339,341,48
145,385,154,466,485,193,390,260,272
146,128,309,142,510,458,12,261,88
147,460,410,3,428,454,141,324,443
148,253,247,174,14,35,283,134,212
149,98,421,24,453,160,443,155,227
150,375,206,63,142,241,41,210,146
151,224,135,411,16,481,383,182,200
152,267,136,473,314,208,434,90,159
153,310,81,184,71,380,41,235,412
154,70,439,472,473,485,423,482,390
155,149,289,53,95,386,413,438,107
156,368,6,386,52,114,340,209,446
157,14,346,26,73,20,186,352,296
158,319,9,459,26,317,269,502,203
159,357,267,439,76,223,232,473,136
160,265,53,413,278,95,386,453,500
161,398,353,416,466,232,417,473,29
162,266,217,131,160,443,209,469,323
163,454,230,24,500,443,64,83,53
164,26,275,358,296,9,13,388,190
165,142,499,2,422,237,373,184,501
166,409,340,64,131,240,410,265,217
167,53,487,265,243,160,285,460,376
168,187,212,347,18,273,173,247,349
169,99,157,14,269,30,73,173,130
170,200,93,87,322,364,401,489,463
171,333,128,316,400,146,200,224,261
172,282,213,190,99,164,349,186,212
173,18,269,187,506,207,212,25,121
174,212,121,247,130,35,358,133,134
175,152,434,390,473,267,66,232,91
176,351,215,314,472,448,66,439,398
177,212,283,297,186,77,158,121,172
178,14,221,199,192,339,282,80,273
179,357,370,473,215,338,39,378,437
180,2,498,116,38,47,229,501,16
181,266,399,96,409,114,469,53,413
182,216,224,112,151,200,2,280,116
183,417,295,351,143,369,370,362,466
184,81,7,501,380,41,412,499,235
185,57,217,103,278,421,250,455,386
186,339,273,14,26,296,282,213,415
187,30,275,99,384,26,173,346,307
188,134,253,30,203,4,245,507,246
189,66,473,439,369,67,370,466,448
190,14,164,121,130,358,186,273,393
191,206,128,142,425,481,146,235,123
192,199,115,270,344,121,327,9,339
193,154,249,70,473,326,351,423,389
194,430,29,466,423,120,215,351,75
195,152,23,136,33,437,473,91,385
196,128,425,241,235,2,142,333,180
197,378,17,254,385,357,328,439,159
198,472,137,272,485,159,23,34,351
199,115,192,282,245,502,178,236,339
200,38,146,116,2,224,458,170,400
201,36,169,164,9,307,282,360,298
202,220,31,69,65,262,59,222,64
203,269,253,408,174,133,188,319,158
204,85,416,439,176,263,215,484,179
205,15,480,409,340,500,348,160,242
206,191,142,150,425,16,471,146,40
207,26,381,73,51,269,415,173,92
208,473,448,17,82,152,314,357,249
209,45,469,410,421,266,511,217,131
210,146,2,458,309,411,235,184,425
211,14,273,8,212,173,157,60,121
212,134,213,14,174,35,349,273,296
213,212,134,14,186,358,139,273,415
214,439,33,152,32,482,314,79,398
215,176,473,437,472,68,179,249,369
216,182,224,93,491,7,146,184,318
217,421,185,166,278,469,160,209,131
218,30,248,388,282,393,307,169,99
219,425,128,146,142,458,333,238,261
220,329,202,166,53,483,55,31,65
221,178,14,415,341,381,327,282,46
222,59,31,72,431,64,243,454,239
223,159,67,29,79,473,232,66,267
224,2,135,383,93,151,375,501,280
225,385,290,439,338,137,32,417,75
226,473,29,11,66,79,176,295,466
227,266,340,31,72,438,413,125,250
228,375,16,364,44,481,354,373,491
229,180,2,501,481,233,411,458,310
230,239,160,386,163,53,461,166,446
231,439,385,450,484,272,466,34,423
232,159,27,466,272,416,484,473,357
233,364,458,316,229,400,241,373,412
234,146,135,318,224,383,88,258,375
235,81,184,2,142,74,196,49,210
236,199,247,26,347,358,424,36,108
237,81,37,375,93,256,2,184,224
238,471,146,499,510,37,219,261,88
239,114,230,242,348,433,340,421,387
240,53,166,409,131,392,340,308,461
241,128,142,196,81,40,333,491,233
242,107,24,409,239,348,340,266,97
243,376,413,55,167,59,125,312,340
244,64,446,6,323,83,376,340,243
245,282,377,287,46,199,124,25,77
246,502,253,80,319,273,339,144,158
247,347,358,174,14,462,101,25,273
248,173,121,30,218,236,384,101,80
249,215,417,208,295,423,466,439,473
250,399,114,24,455,323,308,266,61
251,212,377,282,358,14,341,502,121
252,257,33,482,439,450,29,369,335
253,35,269,408,502,203,246,157,80
254,197,272,351,417,152,79,437,183
255,450,299,23,335,17,437,439,272
256,37,237,47,499,224,305,383,16
257,439,473,29,33,252,66,417,335
258,375,276,380,71,284,364,401,491
259,187,213,269,173,30,1,104,212
260,466,353,423,154,272,68,137,208
261,88,146,74,425,471,458,306,38
262,340,460,72,324,348,110,329,500
263,439,484,204,249,215,85,154,179
264,294,7,375,128,436,41,345,2
265,160,166,167,53,410,131,250,141
266,162,227,24,308,413,250,292,114
267,152,159,439,473,466,66,120,379
268,2,224,44,364,471,375,436,234
269,203,462,253,173,26,212,330,48
270,358,356,192,478,14,121,105,124
271,250,227,122,166,340,64,443,31
272,17,313,403,29,34,286,23,466
273,339,358,14,341,26,121,186,101
274,103,419,131,386,340,52,320,348
275,164,187,26,13,8,296,358,269
276,491,258,116,261,71,180,216,56
277,2,501,16,49,37,367,7,109
278,160,127,285,217,386,3,483,166
279,31,409,98,222,456,453,59,443
280,81,224,2,129,93,184,126,481
281,372,88,128,380,375,442,224,333
282,245,199,14,296,134,186,377,307
283,130,14,133,9,121,212,192,269
284,258,74,401,354,224,171,318,10
285,483,95,460,53,138,278,131,24
286,272,385,17,68,378,466,152,197
287,245,134,282,100,349,25,247,212
288,507,346,307,207,4,187,342,377
289,413,155,266,217,149,239,160,24
290,423,439,378,32,448,485,351,417
291,36,273,14,424,341,26,101,358
292,24,409,340,421,131,308,464,266
293,346,144,164,344,13,186,9,48
294,264,481,129,184,280,491,41,86
295,439,183,17,249,350,208,457,466
296,282,346,164,186,212,157,424,275
297,35,212,502,134,14,358,273,341
298,462,134,35,133,478,201,14,9
299,417,17,397,255,335,482,369,295
300,207,108,187,144,13,139,18,51
301,74,146,510,391,471,411,261,0
302,125,464,340,243,274,64,308,266
303,439,472,42,437,390,70,62,154
304,358,506,247,273,339,13,164,26
305,2,37,237,364,256,146,128,400
306,261,146,301,318,123,74,89,499
307,282,187,207,51,319,384,377,48
308,324,131,292,266,455,410,250,409
309,146,412,458,400,81,499,12,88
310,153,400,412,126,401,2,383,501
311,35,187,462,164,26,253,293,388
312,131,410,52,511,64,243,166,421
313,272,17,403,497,32,423,417,117
314,176,152,90,208,439,448,351,295
315,192,327,186,381,479,13,14,115
316,2,233,400,128,458,16,491,171
317,158,20,139,459,319,269,77,293
318,375,44,7,146,10,371,56,458
319,158,307,77,203,509,246,317,46
320,114,419,98,61,461,122,410,274
321,81,383,93,375,333,364,2,153
322,88,401,309,170,301,210,146,310
323,250,166,413,469,460,340,483,274
324,308,460,53,72,103,266,292,95
325,485,159,79,484,335,385,76,226
326,215,473,439,32,417,466,257,66
327,192,478,393,105,221,344,479,253
328,353,466,197,417,485,313,17,33
329,220,348,340,166,6,65,438,460
330,269,73,187,381,26,307,48,18
331,307,282,30,459,207,415,51,393
332,364,7,10,180,58,258,345,142
333,93,128,411,400,412,425,241,81
334,208,357,485,351,496,378,152,197
335,466,439,257,473,485,350,68,417
336,485,404,482,423,154,397,79,504
337,375,422,318,94,19,373,74,510
338,473,179,423,378,140,350,390,82
339,273,186,14,358,347,26,415,192
340,166,348,64,292,409,114,413,464
341,273,502,101,291,14,339,221,245
342,30,467,245,4,248,384,307,113
343,34,369,66,390,452,326,434,385
344,9,192,269,293,113,105,144,327
345,47,146,400,264,383,142,102,373
346,293,20,26,296,157,415,187,186
347,247,273,339,101,358,173,30,26
348,340,329,239,166,242,413,386,274
349,212,134,287,377,245,339,4,273
350,466,385,117,272,23,17,11,295
351,176,448,417,378,485,183,67,472
352,26,157,186,346,211,275,187,164
353,466,33,328,260,369,484,249,17
354,375,441,261,228,284,74,44,258
355,114,95,28,409,461,53,131,250
356,358,270,478,212,13,121,101,130
357,91,473,159,179,437,208,197,232
358,273,13,26,247,502,356,270,18
359,468,69,64,500,166,451,329,266
360,207,99,8,187,212,121,108,130
361,385,33,232,23,272,32,195,29
362,34,417,183,249,351,369,215,62
363,410,455,312,209,131,64,55,265
364,375,44,16,233,332,367,228,128
365,2,491,74,112,224,333,489,401
366,485,176,457,439,154,208,179,357
367,364,88,142,224,510,93,501,109
368,6,31,156,505,52,227,340,97
369,439,466,143,434,494,448,370,34
370,473,390,179,369,183,465,496,378
371,375,318,0,128,258,264,7,19
372,2,375,224,281,414,481,436,499
373,422,16,146,375,47,345,364,233
374,358,18,293,13,356,247,275,339
375,318,228,364,258,44,224,237,128
376,451,243,166,487,5,167,410,55
377,245,282,60,121,296,349,190,307
378,197,448,417,351,466,140,66,485
379,439,267,159,390,255,152,34,370
380,412,184,258,224,375,436,310,81
381,207,26,73,221,157,307,330,459
382,405,442,391,132,364,233,37,128
383,224,2,81,135,86,501,310,345
384,187,99,207,307,77,30,213,360
385,350,485,23,197,68,159,272,286
386,114,83,446,127,160,166,278,340
387,409,114,239,98,72,340,53,508
388,26,358,164,30,35,247,282,101
389,457,159,396,492,473,466,357,193
390,66,473,370,439,70,154,434,208
391,425,436,301,128,81,146,224,375
392,131,240,410,308,413,320,324,460
393,30,186,13,190,327,358,14,105
394,482,485,120,154,439,231,255,423
395,497,439,417,257,214,482,143,450
396,159,232,389,473,357,27,39,76
397,299,482,439,255,335,485,336,417
398,176,29,484,272,79,152,257,249
399,480,250,106,160,24,55,453,96
400,12,310,146,412,128,309,333,71
401,47,2,93,310,224,411,146,258
402,162,464,266,209,340,386,160,217
403,117,272,313,494,42,17,472,27
404,485,351,336,335,378,466,350,159
405,442,81,146,128,471,58,118,71
406,22,375,41,49,318,241,184,71
407,98,114,420,53,410,500,438,131
408,253,478,203,245,269,307,133,35
409,131,166,428,107,292,53,340,114
410,421,131,455,312,166,55,308,147
411,501,2,435,74,510,499,118,333
412,93,499,380,310,309,81,184,2
413,53,460,289,340,160,243,480,72
414,63,333,180,372,210,16,109,425
415,26,186,273,14,346,213,207,339
416,204,232,496,484,473,159,179,439
417,497,378,351,183,66,299,466,249
418,121,130,9,506,270,360,283,269
419,320,98,274,114,61,386,340,54
420,409,407,292,386,131,209,114,83
421,410,131,217,292,149,209,141,446
422,373,375,47,71,126,364,441,258
423,439,68,466,154,290,338,249,29
424,291,296,213,14,36,273,282,247
425,391,261,196,219,333,471,206,375
426,485,137,466,17,225,417,272,404
427,481,38,180,2,200,71,501,116
428,409,55,469,53,122,131,107,166
429,105,358,101,247,192,133,30,347
430,194,466,68,423,448,249,351,417
431,114,222,348,72,31,386,266,83
432,166,242,240,376,409,217,250,392
433,114,239,409,292,320,340,240,141
434,90,369,152,390,175,66,208,267
435,411,499,47,93,180,441,261,146
436,391,375,264,224,380,146,261,128
437,476,215,357,473,70,494,504,179
438,131,250,410,103,227,114,446,308
439,473,42,423,257,66,448,159,369
440,461,53,438,114,240,444,6,454
441,375,435,422,354,333,401,412,93
442,405,44,375,481,364,118,58,71
443,98,460,508,131,125,149,453,454
444,103,52,324,274,440,6,28,460
445,146,400,12,87,411,16,47,481
446,386,114,166,421,409,340,438,6
447,24,160,239,500,242,443,167,413
448,439,351,378,176,208,67,369,66
449,96,53,217,243,240,461,392,312
450,91,255,33,231,439,23,295,249
451,376,455,166,97,55,410,359,5
452,267,335,439,34,343,473,82,17
453,469,160,53,149,443,399,96,167
454,500,53,443,147,163,460,222,438
455,410,55,250,340,308,451,97,131
456,166,69,409,107,464,428,131,329
457,389,176,295,439,366,76,27,215
458,146,309,491,233,210,2,318,261
459,35,80,73,48,462,273,358,158
460,487,53,147,285,413,324,443,131
461,440,114,250,83,320,409,355,131
462,459,273,269,247,14,26,488,207
463,71,2,364,180,16,491,38,128
464,340,64,292,125,428,409,456,302
465,439,496,473,370,159,85,27,457
466,473,353,29,33,120,350,369,494
467,30,342,113,46,173,192,169,101
468,359,483,166,386,28,217,340,438
469,453,131,428,209,483,125,217,166
470,96,413,420,122,409,53,461,114
471,510,16,146,0,47,238,135,425
472,215,176,154,351,303,179,70,423
473,466,439,357,215,390,370,338,66
474,134,282,213,269,207,188,344,60
475,159,473,91,338,357,439,257,232
476,437,494,504,497,232,434,403,303
477,282,245,377,134,296,77,349,287
478,113,270,356,327,408,105,253,192
479,14,327,221,199,212,101,192,30
480,399,106,413,53,160,500,266,110
481,16,2,224,375,93,229,228,501
482,394,439,154,79,369,497,485,257
483,138,285,131,469,410,166,64,278
484,439,29,66,68,42,154,263,485
485,366,336,351,154,325,385,378,159
486,501,411,233,71,58,235,118,499
487,460,167,376,413,324,53,147,160
488,462,77,139,130,307,48,115,459
489,2,142,180,412,74,411,44,481
490,124,203,245,18,139,293,377,186
491,2,276,81,71,16,458,129,216
492,485,389,439,154,457,366,75,334
493,503,250,508,3,323,227,266,160
494,42,466,437,369,439,208,476,66
495,183,417,466,362,34,254,17,143
496,439,351,465,154,416,370,466,485
497,417,313,17,272,143,66,482,395
498,180,56,375,224,510,142,383,471
499,47,412,93,184,411,44,10,435
500,53,454,160,166,460,122,480,409
501,184,2,411,224,383,180,16,310
502,358,273,14,341,246,212,213,253
503,493,348,227,413,266,141,500,274
504,437,70,476,82,154,208,42,466
505,368,227,122,274,61,250,114,438
506,121,130,173,186,269,296,190,192
507,245,188,199,60,282,377,341,293
508,83,443,460,285,64,227,24,250
509,319,173,158,73,212,157,35,30
510,471,146,411,301,88,367,498,318
511,209,460,312,324,308,508,45,160
