0,0.4542428073543201,2.0255718537117433
1,1.33862730201951,5.268676661418235
2,1.3747734977657127,2.615187075842285
3,1.2675301609279017,2.7666425413939515
4,1.33862730201951,5.574366717624031
5,1.0641442962428718,5.951871405560596
6,1.2590639177733884,2.0255718537117433
7,1.683422061944658,3.5424138721570495
8,1.2590639177733884,3.1694131481377594
9,1.0641442962428649,5.268676661418235
10,1.3747734977657127,2.7661431974009636
11,2.7266898126922596,3.5424138721570495
12,1.2675301609279017,1.8264071249648108
13,1.683422061944658,2.3132909374074018
14,1.8264071249648108,2.615187075842285
15,0.4542428073543201,2.424371981874486
