0,0.01229113709496682
1,0.013796022498396218
2,0.013524764699154848
3,0.014184113625647731
4,0.013113466028944167
5,0.013691148071032588
6,0.011843968072373345
7,0.013691710359976083
8,0.012987919539547569
9,0.014573584010599766
10,0.012991254896438889
11,0.01453940267983333
12,0.012793041333042073
13,0.01408415905194975
14,0.012979034383750383
15,0.012835007852675289
16,0.014826654089753756
17,0.014454751825047605
18,0.01354179243905586
19,0.012583208320443944
20,0.014441599862284667
21,0.012672646805795378
22,0.012521433081662823
23,0.012580528997311288
24,0.014661486556717045
25,0.01329464623862886
26,0.013639048508349499
27,0.014712588935085166
28,0.013592528049307344
29,0.012829949262667357
30,0.013683295395819941
31,0.013378583411568404
32,0.013947506578808996
33,0.013047906413202292
34,0.01285030946230741
35,0.013154089162047803
36,0.012787399415283236
37,0.01380774341938353
38,0.013624528385417457
39,0.01213776451141941
40,0.013176961419003982
41,0.013966958277743621
42,0.013735808841342
43,0.011802008669001596
44,0.014354196913460708
45,0.013607954911341412
46,0.01434464271970957
47,0.01333720334523972
48,0.013687153660258251
49,0.014559394031499213
50,0.013065604697031684
51,0.012351646780284812
52,0.012701793386533104
53,0.012899611322473038
54,0.012566652405012885
55,0.01161914217304035
56,0.013437280238188526
57,0.013194731524773483
58,0.012828058667912184
59,0.012619906578636606
60,0.012830514270552295
61,0.012566619547351195
62,0.013672158980119553
63,0.013168490241834984
64,0.014834736271865179
65,0.01208039085119773
66,0.011887429627084127
67,0.013027852807760844
68,0.013397450685489119
69,0.01325548717189152
70,0.012381263442345776
71,0.013461125267644144
72,0.012691491165734502
73,0.013617184580792585
74,0.01297229875407105
75,0.014950767143463913
76,0.012704821280339944
77,0.01452627709572788
78,0.014472449489622468
79,0.013046935209494815
80,0.014255558506443448
81,0.013766201752468472
82,0.013824576589524335
83,0.013297948180457403
84,0.012653962622640635
85,0.014792460484239045
86,0.012300008155649831
87,0.012660148135788734
88,0.013014735894707504
89,0.01346056566345317
90,0.01357207561509845
91,0.012464097448325655
92,0.01363366394114547
93,0.012940253696178588
94,0.013690872196941822
95,0.012434261295192086
96,0.012823752023839459
97,0.013055313274294161
98,0.01387313102973262
99,0.012983760113130054
100,0.01355212268460275
101,0.012873741658261986
102,0.013017777032251389
103,0.012870065842066009
104,0.013115675639618294
105,0.013646874462776085
106,0.013162460533498161
107,0.014639908414344238
108,0.013067912778148214
109,0.013166628473583731
110,0.01276280232616511
111,0.013221368094078019
112,0.012666712102105925
113,0.013528267322971424
114,0.013009314783988181
115,0.012081592197261019
116,0.013313320821857964
117,0.013192871813890924
118,0.012350148189087407
119,0.012779670221892947
120,0.013255139690842193
121,0.012631097451767628
122,0.012863224216362313
123,0.013375186432410232
124,0.013077531271682956
125,0.014289884659135983
126,0.014017224646172891
127,0.012715802336464908
128,0.013941224265124931
129,0.013357373278162901
130,0.01297452663932425
131,0.014678418858656003
132,0.012088877037329936
133,0.01434316214548302
134,0.013816910236553823
135,0.014406846052298578
136,0.013203236558487177
137,0.013463208745483637
138,0.01284496270181204
139,0.013976620088846717
140,0.013078726267646982
141,0.014020508794151504
142,0.013057115397265078
143,0.013826505167284635
144,0.013970691527322191
145,0.01348086866951868
146,0.012931844273897233
147,0.013085494748808818
148,0.0127589484688127
149,0.014011779490685976
150,0.013023218804703312
151,0.012767983497616915
152,0.013437483597524006
153,0.013548379556691385
154,0.012845978119619744
155,0.01440845506431132
156,0.014294234179693954
157,0.013635836749803221
158,0.012565033203827162
159,0.013690360481564096
160,0.012578155554588875
161,0.013376346248619227
162,0.01412229752174668
163,0.012284256949846263
164,0.012438215612544566
165,0.013262255193064672
166,0.013060705029181201
167,0.012202135604709499
168,0.013094448479380237
169,0.013138514535960325
170,0.012746478203031085
171,0.013429563888037711
172,0.013365887760354581
173,0.013323801003957012
174,0.014405816755198295
175,0.01332594473903419
176,0.013817509785510914
177,0.012459130384401575
178,0.01426863557435919
179,0.012955128450817564
180,0.013465186961896603
181,0.01403439378708175
182,0.013668948150148604
183,0.01330194836106588
184,0.014122846835056007
185,0.014402097360061213
186,0.013759085930282218
187,0.01345773512963299
188,0.01383645368169885
189,0.013270534683198809
190,0.013178949968765867
191,0.013590120473307146
192,0.014596705761646574
193,0.013408096711598011
194,0.012975071543689756
195,0.013477799697909881
196,0.012844735269776317
197,0.013335577865490002
198,0.014855022041228662
199,0.013905767470030412
200,0.014241824516310543
201,0.013220760824007036
202,0.012898365118761966
203,0.01398436631322796
204,0.01289784149469706
205,0.01387269196771413
206,0.0135179937254541
207,0.012797993386695078
208,0.013922116657706369
209,0.013256787138760452
210,0.013669123205340087
211,0.014186185583308768
212,0.014320130813414796
213,0.012984565815671225
214,0.013094231122814283
215,0.013454379178256719
216,0.013698494320810191
217,0.013483961309099027
218,0.014763061026038896
219,0.012855629666814172
220,0.013669474130516666
221,0.013663516159223954
222,0.015045497238011164
223,0.012058904835843669
224,0.013179075531542263
225,0.011674792257218417
226,0.014768083428812829
227,0.013144569983223298
228,0.014243507288729399
229,0.013559079897252418
230,0.012898909064669796
231,0.013373782407425795
232,0.012740393552866295
233,0.012337310968327884
234,0.013477784277210114
235,0.014049061694774902
236,0.013565796516512142
237,0.014386835600845107
238,0.013597370979717877
239,0.014004506383501135
240,0.01300920831469181
241,0.013021774896515114
242,0.013387119811401595
243,0.01436551377616438
244,0.014736875439890707
245,0.014605861445601317
246,0.013421286647226974
247,0.01314228664929156
248,0.013673364740602567
249,0.013592730168380663
250,0.013285565520185878
251,0.014609190527022638
252,0.013661824294554195
253,0.013617895137280026
254,0.013862631879234463
255,0.013834630844897026
256,0.012472036602510297
257,0.013278397349206323
258,0.013237530927086353
259,0.014611418534597385
260,0.013110241040065309
261,0.013781911443200153
262,0.012837859610343132
263,0.013710551776411898
264,0.013502154273493983
265,0.012992424845887493
266,0.013215001274458916
267,0.01283518400541269
268,0.013700335838692228
269,0.012740798471228025
270,0.012300787276012994
271,0.012431376933662811
272,0.012818493508274593
273,0.01276647035097771
274,0.012964826411134585
275,0.014806480580356246
276,0.012962568923640113
277,0.013849407800368856
278,0.01362614039030553
279,0.013502607603660286
280,0.012917707240360588
281,0.012556279733369128
282,0.013471245125149125
283,0.014083117762728987
284,0.013547212000086392
285,0.013664272066003177
286,0.013347034912800917
287,0.013038167143572022
288,0.012528485326037191
289,0.014562541195746197
290,0.013556781207962413
291,0.013395483717556162
292,0.01377062482018519
293,0.01321119835122281
294,0.014334579599735919
295,0.012432480633290666
296,0.013596299097234038
297,0.013271451889920379
298,0.012056977840166678
299,0.014596021643306764
300,0.013208615745787905
301,0.013666336121186114
302,0.01391435839118304
303,0.0142563950542269
304,0.012793116248863153
305,0.013561978421058518
306,0.013272395807499322
307,0.013465103147255453
308,0.013824669529048239
309,0.01320568101598154
310,0.012156063186362056
311,0.012846264906253508
312,0.014240124600210404
313,0.012767928457796871
314,0.013693260699142484
315,0.013239923791813553
316,0.011834535307980124
317,0.01380966151447793
318,0.013313921076867456
319,0.014852814588295963
320,0.013185789038377534
321,0.013923200694932922
322,0.012412416311312065
323,0.013667516291336113
324,0.013535053283508673
325,0.012466368394160984
326,0.01337051309784453
327,0.013678030640359355
328,0.013556578905236961
329,0.014593203610073322
330,0.01370938068889629
331,0.012716716171177344
332,0.013370349677733541
333,0.013662559333338063
334,0.014525920313165469
335,0.01415232361093219
336,0.011674733316055159
337,0.01355556736984895
338,0.013200916260031318
339,0.013677841486985597
340,0.013560379293210634
341,0.013035888865902194
342,0.013979759833917065
343,0.012649393184595696
344,0.01353095533535288
345,0.014677260307706476
346,0.014013036306828193
347,0.013610949809909248
348,0.013128516312021752
349,0.012934143625666734
350,0.013618037837725989
351,0.01212195136260914
352,0.01342731327605366
353,0.013328662914182813
354,0.01440918146173751
355,0.013763195578574366
356,0.01389048339228468
357,0.012757587913041397
358,0.013048427624693373
359,0.014274946904630118
360,0.014594070097692194
361,0.013224338572953994
362,0.01372656997792258
363,0.013501685848514366
364,0.012301826118884675
365,0.013668235034933427
366,0.014124489929948789
367,0.014265996536193376
368,0.012304486366180792
369,0.012369902774437232
370,0.012878353760782769
371,0.01445111186698417
372,0.012971635012612594
373,0.014395153864372612
374,0.01300447529998897
375,0.013147571058748095
376,0.01249298678173082
377,0.013398832276192714
378,0.013736846016740491
379,0.01236787636098997
380,0.012584678711951345
381,0.013690763925893057
382,0.0116181621836086
383,0.013153541167303528
384,0.014019241415430641
385,0.013408218826426833
386,0.01233371883801839
387,0.013505433926748264
388,0.013026038672557645
389,0.011900034902631338
390,0.011724522998260697
391,0.01475356108476686
392,0.014322373265245594
393,0.012885441686344628
394,0.013705745491524927
395,0.013463228588533282
396,0.012808301959321481
397,0.013476395436304328
398,0.013107719456292055
399,0.014954075152550166
400,0.013062462411952391
401,0.013643841502289854
402,0.012380421776041583
403,0.013197325273053088
404,0.014412701211809558
405,0.012279269983315815
406,0.014884917808865587
407,0.013339840434643676
408,0.013087319915053238
409,0.013985513562406066
410,0.01350738741733686
411,0.01315352625120821
412,0.01308368307281583
413,0.014905741427039243
414,0.014587272266102605
415,0.013301677105501435
416,0.01372205017107766
417,0.013468649756220193
418,0.013353439010144463
419,0.0130012745116808
420,0.01317579348664768
421,0.014281334608488749
422,0.013080126140746329
423,0.01240540338064794
424,0.013071776338625827
425,0.01333878436582718
426,0.013044332457842506
427,0.013253930883508699
428,0.01482469337481806
429,0.014715404812574186
430,0.012143120099960592
431,0.013499905239448988
432,0.012831245274722812
433,0.013345499537281834
434,0.012468048939735259
435,0.014787751768680307
436,0.014239310840258526
437,0.012346315605660596
438,0.012178991248859105
439,0.013565650121037633
440,0.01352538680084083
441,0.013898617204812832
442,0.012352492125428736
443,0.013837841225754429
444,0.013410408835966846
445,0.014383053207166908
446,0.013177353290386285
447,0.014469946981297374
448,0.013391957979860926
449,0.013122086584526557
450,0.012912249232367695
451,0.013081145743137172
452,0.013595132659056663
453,0.015053258699784921
454,0.013764980963931644
455,0.014384467844277748
456,0.01293201627926908
457,0.014768671336729176
458,0.012686645019880378
459,0.012954074657505803
460,0.013333378429131862
461,0.014312115733268045
462,0.012668543744247602
463,0.01283647155435971
464,0.01384271884057629
465,0.013978899435813876
466,0.013724529415410283
467,0.013454433348747605
468,0.012723565560654019
469,0.014613700232286348
470,0.012814868428313244
471,0.014732271720483895
472,0.013593462722739176
473,0.013328632187531999
474,0.013349472815568057
475,0.01456252710703545
476,0.014170051229485984
477,0.013170849816491897
478,0.013120498448156619
479,0.013885020721880064
480,0.012863599655750707
481,0.013866082764301936
482,0.012902489116141648
483,0.013250855449917333
484,0.013108865024281727
485,0.014723746780733033
486,0.014605816527968067
487,0.014937833540278944
488,0.013024773872504057
489,0.013461026112730055
490,0.013711614132678155
491,0.012774622752935253
492,0.012498188087497773
493,0.014401182271772936
494,0.013550101079334863
495,0.014308668699741098
496,0.014155127449425903
497,0.012595600787455401
498,0.01217971441305664
499,0.012969251052002228
500,0.012310750949676917
501,0.013755261906558689
502,0.013851508548584425
503,0.013057531377054158
504,0.012966737222134704
505,0.012728628855965207
506,0.013542881727413244
507,0.01356912856550686
508,0.013691936081428095
509,0.013722709283421121
510,0.012153325313352569
511,0.013099409555334517
512,0.012209018456597071
513,0.01425446931666637
514,0.01506351993753417
515,0.01404792467699807
516,0.01294457543062142
517,0.013184219854338444
518,0.012258910287385008
519,0.012742803850763193
520,0.012786249888702859
521,0.0145144174686026
522,0.013559384103707411
523,0.013552714517149782
524,0.012730325056865643
525,0.012765995265651083
526,0.013462682760384976
527,0.01351051932433489
528,0.014738036300316941
529,0.013096997365254435
530,0.013412579747870522
531,0.013727402243267376
532,0.012609996130488863
533,0.012743858059425817
534,0.012593083815325411
535,0.01223807652686135
536,0.013765227689749344
537,0.013374265864005955
538,0.013416063490320713
539,0.01421460757327166
540,0.013027725434255644
541,0.01440276249251763
542,0.013629263181533005
543,0.01293845507294038
544,0.01355823494760538
545,0.012772413276037045
546,0.01328441152431079
547,0.012365285719120359
548,0.012970580826882476
549,0.012768744184915163
550,0.01500994460374012
551,0.013045626681175364
552,0.01350092087967516
553,0.013715004238345435
554,0.01390588815597262
555,0.012103868533654569
556,0.013908779943300423
557,0.013334348397353523
558,0.014322333816671978
559,0.014672077548894031
560,0.014370601526533177
561,0.013327664000978708
562,0.014568852874506006
563,0.013720811635804391
564,0.013427367121080528
565,0.014591465783366954
566,0.014053059562872432
567,0.013927721994746619
568,0.013188848839544796
569,0.012717483844531644
570,0.014081705102764745
571,0.013251500700944708
572,0.012224585687363104
573,0.013519236735845845
574,0.012844887446638323
575,0.012817547972083334
576,0.013559765611580343
577,0.012509582074756347
578,0.012512314757530932
579,0.012175198156094776
580,0.01394401440994172
581,0.01330654208839661
582,0.014496881736051306
583,0.01163860828418067
584,0.013947666849726358
585,0.013551744476440596
586,0.011994973802697982
587,0.01312019211681447
588,0.014673356072292656
589,0.013705110931168663
590,0.012599229221181629
591,0.014005490209884112
592,0.012658943769530683
593,0.014755229902173048
594,0.012725748819888484
595,0.01368070341777842
596,0.013076202789313053
597,0.01287152259497028
598,0.013398013654265153
599,0.014174928390793673
600,0.013000886548641285
601,0.012497753485643266
602,0.014385843593696386
603,0.013171875440655876
604,0.012879636630612045
605,0.013480718936913423
606,0.012667791144192616
607,0.013104120836001864
608,0.01356038978901902
609,0.012509069120636577
610,0.013382177040868762
611,0.013911923130079818
612,0.013611162164293509
613,0.013027389141411598
614,0.012136979655685833
615,0.013209534008779866
616,0.014634458244511137
617,0.013272097058179576
618,0.012479315935228875
619,0.012581136775530112
620,0.013300768152714469
621,0.01308452194179199
622,0.014300106530931667
623,0.014563991858878205
624,0.014277370395901077
625,0.01276224713578818
626,0.012904723448863523
627,0.014716103446404552
628,0.013371713475892411
629,0.012714817324135291
630,0.013258014921312934
631,0.013250895222668953
632,0.012807999808704883
633,0.012526730568194044
634,0.014042615761284094
635,0.013697189281963408
636,0.014101302524491785
637,0.013697218580278081
638,0.013122861998354947
639,0.013459132745285466
640,0.014307555075278554
641,0.013106390539105122
642,0.01317292929350192
643,0.013616401621149882
644,0.012669076360904951
645,0.012896622752328476
646,0.013046400452570913
647,0.012194101846445768
648,0.012424088824254545
649,0.013693734927950556
650,0.012810069439493461
651,0.013669100218910902
652,0.013105761955819438
653,0.011895920465429779
654,0.012799976563541569
655,0.013307065964606436
656,0.013849377777854568
657,0.012257194734633667
658,0.013556303854377791
659,0.013169322331406486
660,0.014991853593227137
661,0.01412680501469594
662,0.013529281309445442
663,0.013542344294377118
664,0.013303168716338794
665,0.013042575588793771
666,0.014580982055744663
667,0.013898877254319965
668,0.013264280687802861
669,0.012882008063142747
670,0.012812383288808116
671,0.0130356545396887
672,0.013461088391027382
673,0.014776769549790531
674,0.01335614351836216
675,0.01470380522653299
676,0.012667422027527315
677,0.013770037517955622
678,0.01364438473143332
679,0.013293386145256275
680,0.013411447930104332
681,0.01341356638629908
682,0.01262380991548432
683,0.013912953297989233
684,0.013731589991837392
685,0.012208583733240843
686,0.012882435663380654
687,0.014273897373711738
688,0.01346217572928972
689,0.013811729887659432
690,0.013889417422177745
691,0.014157352793116857
692,0.01316418935089422
693,0.013160196183714333
694,0.013964640527194072
695,0.013290072627229543
696,0.014708710338059393
697,0.012509447616133004
698,0.013542619904500688
699,0.01315784458760535
700,0.014513463765399264
701,0.01319173691555716
702,0.012305775315163518
703,0.012956487181786195
704,0.014067102135717444
705,0.0119747867496964
706,0.013531809303675348
707,0.014270861314279069
708,0.014543462612832694
709,0.012888631223749147
710,0.0129594796959133
711,0.013486464722053188
712,0.012818490019672344
713,0.012366857594587532
714,0.013353220539808577
715,0.013653597051478462
716,0.01391321683325775
717,0.013207485907952926
718,0.01476798815606406
719,0.012880451430562526
720,0.013122334324824415
721,0.013041445072245162
722,0.013264928794576
723,0.014920697461569304
724,0.014591364665260719
725,0.012472647435945446
726,0.01146191741736941
727,0.013012898956060366
728,0.013270208441255269
729,0.014434274674214563
730,0.013478301784320693
731,0.013390212998871148
732,0.014370810892185724
733,0.013286490867848944
734,0.014431176722308755
735,0.012614441163555994
736,0.013431713738354781
737,0.012887820497999093
738,0.012625352983514394
739,0.013567061118921538
740,0.013130898105459875
741,0.01376095076839897
742,0.012773850220947996
743,0.012528393996764666
744,0.012296468954676147
745,0.012507142737115862
746,0.013151959743438626
747,0.014809753997458038
748,0.013074333038358687
749,0.013494848148696574
750,0.014397090578148341
751,0.014125159408249262
752,0.012394138980279964
753,0.013333497708372305
754,0.013215255173434304
755,0.013114622108931563
756,0.01311481972610269
757,0.013134016063135029
758,0.012488272041436578
759,0.014485799114441254
760,0.01355384752517723
761,0.014506781152603222
762,0.013988768544778834
763,0.013448623638663287
764,0.01312730118812382
765,0.013564495975048479
766,0.01380697475648462
767,0.01309606225189544
768,0.013276574953854018
769,0.013345203046019764
770,0.013416815425975573
771,0.013668144108751282
772,0.013189558645128299
773,0.013719195501031924
774,0.013479658489201206
775,0.014333172631449419
776,0.013283081446312475
777,0.013312928951941298
778,0.013716746674578145
779,0.012988564654388633
780,0.013612201891076058
781,0.014876768362161338
782,0.01308645546555164
783,0.013524552176541168
784,0.011853824298935872
785,0.012528480201240958
786,0.01424860686330678
787,0.01474402329441574
788,0.012436922045372037
789,0.01159136963445723
790,0.012750243634473605
791,0.013159655286374848
792,0.014401525859319078
793,0.013998457429384586
794,0.013233647341572143
795,0.012958911413848377
796,0.013676817356030987
797,0.013492538196442787
798,0.014754973596286572
799,0.012761064063552145
800,0.012655511836958911
801,0.012697958592466143
802,0.014862160350540922
803,0.012194404243220863
804,0.013125927745687464
805,0.013646997492413063
806,0.013163131795197586
807,0.015175985648830695
808,0.014047429470489753
809,0.013839934325820145
810,0.013223459657965595
811,0.014988782421541759
812,0.014664169284996937
813,0.01277555467107135
814,0.012617143828225723
815,0.01197589740229332
816,0.013718034993965515
817,0.01270316156479285
818,0.012990160829955563
819,0.013110064155877654
820,0.01275533336137557
821,0.013705052802508734
822,0.012319303023759606
823,0.012942266517290524
824,0.012999786944833041
825,0.013281342255304569
826,0.013323517846583446
827,0.01304536793090983
828,0.011781414986638766
829,0.013823238029340393
830,0.01336508812427463
831,0.013915405399977241
832,0.013463679807904206
833,0.013413461605788308
834,0.014114136957203016
835,0.012792570436482223
836,0.01325994401370777
837,0.013029584406003575
838,0.013302674835124609
839,0.012862198881230899
840,0.01327691406109866
841,0.012866954427461028
842,0.013409366390781701
843,0.012623320481866464
844,0.01289077994302447
845,0.013189387514761602
846,0.011542362208523439
847,0.01284681582026589
848,0.012708993205933284
849,0.012527592116896033
850,0.014124150499102829
851,0.014735940705041637
852,0.012869728537420907
853,0.013176594697189275
854,0.013343233921877914
855,0.012990130037289422
856,0.014817559370349412
857,0.013025813472137873
858,0.013971462927065526
859,0.012944728640182685
860,0.013704184009183867
861,0.014627423483627588
862,0.013513494863520338
863,0.013814613971091485
864,0.012280847337784983
865,0.014337656077288522
866,0.013229864970090415
867,0.013635484683437457
868,0.013011684069637337
869,0.013119610349483482
870,0.014143355196624265
871,0.012487692458853455
872,0.012904286181352852
873,0.012422950260659127
874,0.014939166627071988
875,0.014426233872748105
876,0.012818763362500565
877,0.013479140299237082
878,0.012924957491927912
879,0.012981472978768786
880,0.014640117034727647
881,0.013624641586364086
882,0.013635360136756175
883,0.01287832887775682
884,0.012842894396106898
885,0.01172661395178309
886,0.012896903168827287
887,0.013363336090035876
888,0.012981108390392355
889,0.013651898635084574
890,0.013976080144135535
891,0.014442403904630634
892,0.01261527996343746
893,0.013224300850260273
894,0.013484541816541224
895,0.013921370374263775
896,0.014542956814646069
897,0.012816600082114452
898,0.012988289511924487
899,0.01371160225923331
900,0.012062214927965465
901,0.012661074167804523
902,0.01313620991167501
903,0.013546733123060184
904,0.014936221125607666
905,0.013043395159427401
906,0.01436920929022664
907,0.012713639860721397
908,0.01370352773929337
909,0.01286962115111236
910,0.01330503194914543
911,0.014162137437806107
912,0.012950584189668435
913,0.013103865811060635
914,0.014247605873298473
915,0.013575304735867474
916,0.014670894034452412
917,0.012988282291537518
918,0.012022881534710162
919,0.014466307629295525
920,0.012885505100675898
921,0.012761148468037851
922,0.013231197630209116
923,0.013152335162371045
924,0.012449315518650937
925,0.013713668309722402
926,0.013234762814760341
927,0.01447526164435929
928,0.013940619256720804
929,0.014236979676804273
930,0.012393911747041745
931,0.012725497175563275
932,0.013319707728918957
933,0.013079854331821196
934,0.013144939582885094
935,0.013523763590104923
936,0.013344957730579678
937,0.013392979391575206
938,0.013700902444902912
939,0.012500910387934801
940,0.012978913560325293
941,0.013507081079204763
942,0.01486651917791534
943,0.013119652309145573
944,0.01464515863385558
945,0.01459286201790261
946,0.013173620162288565
947,0.01181325913616261
948,0.013231469219690326
949,0.012357000998285721
950,0.012577133869322032
951,0.01434928830328048
952,0.01364610609849105
953,0.013745104582647709
954,0.013133340572084788
955,0.013460171230044867
956,0.014098342314352754
957,0.013400218093077591
958,0.012607210098645577
959,0.01191187253284597
960,0.012600650580058137
961,0.013444845828280552
962,0.013046786202705064
963,0.013514310512637302
964,0.013231151569209034
965,0.013509460203693252
966,0.013465942977953428
967,0.012989236180860848
968,0.012742025690952936
969,0.013990218220951572
970,0.012900947059557999
971,0.012694941979055449
972,0.012875236260218666
973,0.013537900196734308
974,0.01341922738113666
975,0.013267710710742052
976,0.013308906861269326
977,0.013419727905740397
978,0.013528928016042193
979,0.013828008534718163
980,0.013423588395748531
981,0.01380987967097539
982,0.012960586883600772
983,0.01270675883099547
984,0.014392866121819453
985,0.01299934830734214
986,0.013906549597233968
987,0.013718735364321439
988,0.012651202073054365
989,0.014564370995644357
990,0.01318583569573539
991,0.013777538657737159
992,0.013618889085669423
993,0.014018231474585481
994,0.012785351303171452
995,0.012911622576125274
996,0.012793378301877146
997,0.013063604295986719
998,0.012404546136905293
999,0.01281974790456872
1000,0.013577460699894416
1001,0.013467052455335714
1002,0.01287658542297808
1003,0.012792830506465515
1004,0.013578803588277068
1005,0.01340862995612601
1006,0.012136211026478178
1007,0.013287148053476201
1008,0.01365462346131547
1009,0.013125842300818483
1010,0.012711196414204201
1011,0.012244990346406288
1012,0.013069979995763002
1013,0.011987349773552234
1014,0.012556863030406257
1015,0.013130553553930405
1016,0.013209144395943093
1017,0.012508284904937057
1018,0.012452095488279637
1019,0.01364427515186807
1020,0.01439727121612335
1021,0.013374927902990604
1022,0.013332854134622717
1023,0.013739482072681908
