0,7.962955641715273,12.780554603700782,12.97722938720857,13.838214949386579
1,19.98452578949939,20.32553746837982,20.486627885969362,20.627710009810396
2,11.855488487394725,12.545215740750452,13.629661519284694,14.338865709728731
3,20.265429142872453,20.694838917512136,23.898318776044064,24.400237268039508
4,9.41337000786256,9.829598856410458,10.988032337673458,13.262528996094474
5,12.817419015958123,14.725015061561125,15.016982948976707,15.267603909300387
6,12.388988891813694,12.656796187401394,14.538317938877675,15.50942321488723
7,12.58368965352807,13.143522920658157,14.181828269848086,14.338865709728731
8,11.99105366442345,13.629661519284694,14.24393502052084,15.09041420103662
9,12.429624290621804,15.056308762544937,15.135839492610769,16.16939455079757
10,7.132566412034716,9.662638643624213,11.968073194877727,12.113668973519172
11,9.41337000786256,10.956116840877181,13.974138726673893,14.725015061561125
12,12.814803386749846,14.036598370188868,15.790581443594611,15.832714249964525
13,13.957820087407221,16.38172652502543,18.663513723036978,19.422291877399118
14,13.95782008740722,15.008195867227908,15.401240517998323,15.850486311932526
15,12.655040696079073,13.909961740945377,14.24393502052084,14.26741907515523
16,15.454924345263287,20.003373715759142,22.247125602747197,22.387065726311743
17,13.584717343095026,15.712362976751473,17.723966605275287,20.61750283744359
18,11.045702722689356,13.838214949386579,15.54386438476046,17.953494741162825
19,10.893320941441953,15.387782607351728,15.48752966781898,15.50942321488723
20,8.909734180983824,12.332630786934388,14.826976370134021,15.401240517998323
21,7.334086226700297,15.79323414078399,17.967240797592883,20.32553746837982
22,8.961405093429057,14.826976370134021,17.424535645304402,17.879895660357477
23,8.312894073854519,12.777400998151258,12.870275263406091,13.974138726673893
24,11.855488487394725,15.92778174754641,17.755481188290283,17.93076347601695
25,8.909734180983824,8.961405093429057,16.974097840491723,18.922706408687848
26,12.375744906742169,14.036598370188868,14.973612429520486,16.050158622375616
27,11.045702722689356,14.39270018186265,17.03442181887538,18.21230289456146
28,6.137492507771371,12.97722938720857,13.236864972699403,14.34871670046029
29,10.345084882648727,11.279541771491068,11.95526987633776,12.388988891813694
30,12.655040696079073,15.54386438476046,16.02093239233372,16.999530898765773
31,7.962955641715273,11.80898450128099,13.236864972699403,14.648906528079083
32,9.963118422943305,15.008195867227908,15.208179068340357,15.451521169277882
33,8.511539974188306,9.648229873652955,10.345084882648727,11.056276765443622
34,17.328008583635324,19.5458732128157,19.830598102985576,19.950151857048088
35,7.334086226700297,19.54872797101792,20.23236454788128,20.8431259872955
36,14.648906528079083,17.606088726568444,17.73253147445283,17.73768238488779
37,10.988032337673458,11.99105366442345,12.777400998151258,14.052784472900035
38,7.216555581583455,10.11146541088311,10.230232273964356,12.113668973519172
39,8.871941965525941,9.829598856410458,10.956116840877181,12.870275263406091
40,17.558324770402766,18.34430484806224,18.445093316359536,18.534127313339315
41,8.537198166767128,10.11146541088311,12.155811164356221,12.58368965352807
42,8.871941965525943,12.486426020043082,13.791638821949611,15.201177488073572
43,14.26995117459204,14.92944454749448,15.097976163122283,15.284707172102182
44,10.893320941441953,10.926887471766118,12.656796187401394,12.817419015958123
45,6.137492507771371,11.80898450128099,12.780554603700782,13.714995989568873
46,9.963118422943305,10.926887471766118,12.545215740750452,15.09041420103662
47,13.909961740945377,16.02093239233372,18.517534921582495,23.994267878750126
48,13.759208962832204,14.26741907515523,15.781413902838066,15.79763577486417
49,11.78154680823239,11.955269876337757,12.429624290621804,13.717624306537665
50,8.511539974188306,11.279541771491068,11.78154680823239,13.17568894752908
51,7.319005895437463,9.662638643624213,10.791156243795035,10.95590030779483
52,12.48642602004308,12.922032671417243,15.016982948976707,17.163313027439532
53,13.759208962832204,16.22097634047969,16.607485126889454,17.226072799034466
54,8.059804620193523,11.975975401763506,12.182141393285699,13.215721739851146
55,7.216555581583455,7.263342773209879,9.627444033322002,10.95590030779483
56,15.540715014498435,18.111812249560078,18.500967297478038,18.629345964344708
57,7.132566412034716,9.627444033322002,10.230232273964356,10.791156243795035
58,7.263342773209879,7.319005895437465,8.059804620193523,9.648229873652955
59,8.312894073854519,13.584717343095026,14.919174237167473,15.41169037875073
60,18.692306797218066,23.08120465551804,24.188281448932948,27.5419620028745
61,8.537198166767128,13.143522920658157,14.503065273553961,15.401864994096
62,13.714995989568873,14.34871670046029,18.143948608187635,19.422291877399118
63,14.052784472900035,17.02338641266838,17.472114971520448,17.81573710136783
