0,69.42318509986741,72.53924849412644,74.55399068220014,77.4532351092984,77.58951520040988,78.12048677712393,78.45375776258223,79.37683145188952,79.75207312081467,80.37448716640922,80.62495089487821,82.60891606381277,83.44331545011224,84.59093049007646,84.59525276522632,84.77459403828752,84.86103599584304,85.92967281780389,87.4665795908652,87.92296015836575,88.7063117326607,90.70947505367832,91.42575523197821,91.81907701902679,92.53559680370182,93.32788297239686,93.40177420968209,94.02813099967608,94.9358217138065,98.4170536868895,99.58428493947441,116.96930961750066
1,80.55643855793733,81.38232030910216,82.83316381643378,82.98502307613278,83.26541050895482,83.82427888649808,84.1961376495568,85.24704370452828,85.68644339342343,87.08602977387808,87.14443128219101,87.451799931606,88.05773535476935,88.30622971727419,88.43960843309543,88.46921687212101,91.84013517921144,92.06752084190234,92.11193396489563,92.36888448760058,92.38730750729914,92.63965252600396,92.76451272421943,93.02430515781292,94.39857187519723,95.38111141583843,95.4696274768821,95.96759089869856,100.25494477688767,100.3531296401466,109.6243552609215,110.24207189709325
2,74.56049709894201,78.44784457096678,80.14093543037451,80.65152362786797,80.69801767001772,80.99849469372171,81.08922119109782,81.59178452425131,81.72001073686683,82.47852385303591,83.17889548749358,83.76237212669938,84.43451554428951,84.94514456850091,86.08346056235088,87.10624201847706,87.25290848257254,87.5940896956105,87.81385641256173,88.32275626148663,89.53286343240906,90.33675977560416,90.79441262731295,90.98406427831296,91.08367996563166,91.47599298683384,91.72387937817074,91.74570253507844,91.84013517921144,93.24182126581717,99.68424315729098,104.92657016286775
3,76.18814554055945,79.34442962391753,81.38232030910216,82.19399632802286,85.94215882116525,87.82384991942658,88.06404937194205,88.98496399675527,89.07722607757883,89.66785720011194,90.33635100903788,90.80149452606666,90.87609218827336,90.88368985154901,90.98406427831296,91.48439603394877,91.63529580541403,91.84100068408472,92.63623084926832,92.70053670203997,92.72608319900765,93.78447501209953,95.3188182809632,95.39498428565302,95.84640052727129,96.7400798285356,97.95378759261897,98.94268090057616,101.16740649363042,101.86043427822058,102.8562503167946,111.14750779905475
4,77.75927953946135,81.48720569172973,82.03923448141754,84.32077945683758,84.63877474993706,86.38080495286222,87.0142078053156,87.37868050502428,87.80235724752208,88.01375576143079,88.24841796662993,88.36628918956133,89.29715034126285,89.42585014688441,89.90451230749832,90.02024226280105,90.34641773080989,90.64884184052364,90.93779368931135,91.30167068818629,91.94273242697838,92.42400142061275,92.47219041026162,92.59140355952947,94.02813099967608,94.88355521011587,95.99447528772912,96.6704638157753,98.90418104066035,98.98140442159597,99.73253027414299,117.21197845170974
5,70.74293410015383,75.50854639301919,77.58951520040988,78.75990020234507,78.93849777494611,79.00282017407764,80.35317165962644,80.50978090032997,82.91083526358224,83.30336292266209,83.31858849243791,83.5783295857967,83.79924515243714,83.93386800123989,84.24083806107443,84.3021218364485,84.76654666746003,84.98393490700319,85.37795590274577,85.84311760497472,86.29938879403302,86.5122325319478,86.7622964931255,89.29715034126285,89.58198351300784,90.01768953881998,90.436386357009,91.32430288917583,91.3514982623199,93.65940539588888,94.31479367215609,103.56556409107887
6,81.59178452425131,82.11063933787898,82.84853424861252,86.33082038032241,86.91579605746561,87.3836520074244,87.70618444873818,89.19079957516475,89.66075510098517,91.36092299887729,91.50801371007306,91.65217161365315,92.44062279856409,92.53504942335593,93.48143551848597,95.24358258589248,96.15715514637505,97.09016365896005,97.31349122265696,97.82060810946096,98.31856864766647,98.59415380461891,98.92925850241433,99.97708428449798,100.1043637802568,100.13758744090971,100.3599844275776,100.4280347623114,100.45869628881738,101.86043427822058,109.6243552609215,115.64569907343241
7,74.55426293587871,80.55956676847927,81.53187421779539,82.19399632802286,85.37924194937445,87.1776694403214,87.81385641256173,88.15578469842465,89.2164068897987,90.14999188600844,90.7048578140139,90.9344832964473,91.27898674403704,91.41482858677846,91.65217161365315,92.11193396489563,92.44066484814657,93.04656635215426,93.53439838014371,94.43911113311756,95.81653883621019,96.4556970225003,99.3056656126904,100.42886918609489,100.62709426255294,101.50265991751382,103.22070321847845,103.7501323169275,104.61203349032897,105.01679557881387,108.52241318054928,110.9515123302151
8,74.65012850344367,77.15566888878594,79.8458492662748,80.32113305503562,80.70209671712729,81.16017638668175,81.5482430900437,81.70561329960518,81.87534356214489,82.15765984176078,82.33166655751461,82.41799842363288,82.44544466887906,83.44357980762705,84.42576744348995,85.50348679967155,86.44168855141385,86.58024590550467,87.19083312047638,87.22991961687897,87.57794178745334,88.18709292994527,89.55118943053992,90.03201206987963,90.40445465212936,94.64756459063042,94.71006255255664,95.11479937598145,95.9592456823439,96.45214155244516,99.8421117490854,114.74972943003836
9,75.50854639301919,76.44096831818824,76.6159008655999,77.75927953946135,80.67430267628747,80.92837994464149,81.36771274596698,82.77753830071018,82.80409203790487,82.825586572301,82.96267309324524,84.10939313748558,84.72232667348881,84.91912016066829,85.63304610512192,85.90518873091222,85.92568061299748,86.69472194206384,86.81896620938252,87.57855819820534,87.75622047733845,89.28349696314379,89.56986753015765,89.75112819431901,90.37120788113631,90.70947505367832,91.04597582851419,93.88009536706092,94.5543158612888,94.64470571428052,95.89880398260125,105.58781524022565
10,76.20739915046997,78.50224887982066,78.78121324920856,79.07403293606491,79.31143475652175,81.45627970497218,81.81042458839178,82.26386658450429,82.47132570133769,83.66415715984746,84.6722626324571,84.99085213453316,85.07131150967626,85.21610138142903,85.24134000469,86.4217017852605,86.4552222463999,87.63485276744956,88.75769426500192,88.87198094420225,88.96464069578408,89.10911420984633,89.5504434922407,90.08486828443073,90.94631401303394,91.46051779655964,93.31448886106038,94.48795975179239,95.9592456823439,97.08293053190792,104.67279116155827,106.18954754419305
11,77.30207451659545,77.98435747545263,78.02614681627911,79.0398460233767,79.10066566291405,79.24686266169356,79.547660815891,79.68678965938685,80.37323125723478,80.55576933223416,81.7990129398866,82.44544466887906,83.39911157683498,84.85146645066727,85.3587325896867,86.11772784247333,86.53653745967033,86.7080779694943,87.38545434257044,87.72956658291041,88.1806270870569,88.67541205597422,88.87351500918952,90.07491229886202,90.33388110129529,90.85524958081663,91.82199443522103,92.95463243065463,94.41873705715804,94.48795975179239,99.91895926378048,116.11932369486952
12,86.9021862999626,87.98293932220888,89.42973076032972,91.74157509503334,92.31284477632714,92.56729762886837,93.46451643780928,93.46490370903796,93.5235709713336,93.8289887661569,94.04435333843905,94.1362894360225,94.22011415671503,94.658769467968,95.84451165783756,95.89923076802107,97.83668196332503,98.45735281396787,99.42004838930372,99.4323863221237,99.69268202172805,99.94522381744503,100.35915810010884,100.56678710693703,101.09056258213413,101.26908441163648,101.3207277839947,101.76621335908685,104.12787225381844,104.54555515672087,106.16849230094587,107.32479226591454
13,71.80816901854001,79.92865746730989,80.49453279921708,82.07264318654241,82.14073523911408,82.41570570284232,83.08270722561133,83.33719412268772,83.70646936045152,84.51414223785683,84.63891479949852,84.74516921453598,85.06040768812046,85.60103259950952,86.55459116142346,87.08602977387808,87.95938661588326,88.49566250248454,89.05707355446624,90.28193435548883,90.42882671069037,90.80951146149854,90.87609218827336,91.37355271494391,91.72387937817074,93.91279049257042,94.09986828649816,96.00396006634229,96.4556970225003,97.41616178056653,100.3599844275776,114.61250204980992
14,86.56508767076693,88.676462061585,88.74096422942874,89.1290486870768,90.41358762501254,90.5384357739435,90.57401572710452,91.13374906265045,91.21197506919168,91.8605881561554,92.57131526312928,92.77233003753118,92.92492681912978,93.46264973550055,93.58754366895967,93.79964512907642,93.94019973558629,93.95822888824823,94.94480900000833,95.2549118677611,95.53417464360551,97.14812543435816,99.29393131404653,99.39555203500649,101.09056258213413,101.13515703415483,101.71079749900514,104.32572918679857,104.6654158539081,105.00236668796957,105.62188628242838,108.41919469368979
15,79.17777630986934,84.08530461276634,86.27279028917714,88.11636193912587,89.57548047186218,91.1903149041537,91.86019924431916,92.2186676709308,92.57131526312928,92.9571893192808,93.15490625480476,94.68144415738888,94.74900241310053,94.90358625290575,95.08665411955913,95.94380731868539,96.38922016878763,96.95825958636046,99.24350962134092,99.32179706255232,99.42004838930372,99.89708061510589,100.18779697279594,100.19179698661436,100.58440542185488,101.16023347562322,101.26816231594456,101.75566374931098,102.11287548750248,102.33781051715135,112.13787203039875,115.73382582499504
16,60.656045796487085,72.40296415926524,73.17625035719016,73.76009884415832,75.18183916694439,76.44096831818824,76.68312526531827,79.58279559908979,79.75207312081467,81.3337676766955,81.52162051252488,82.65878809802133,82.70804379672705,83.62847748266259,83.79924515243714,83.90090860871,84.2524720859825,84.82905943727826,86.24992054269406,86.8452103010946,86.85334236424963,86.90805116627807,87.0142078053156,87.03635312335162,87.25820794208066,89.09943117279582,89.72843200612274,89.73970117870904,90.67120916487963,90.90939048136529,91.67345453835625,108.86452428677593
17,87.49019425283609,88.11636193912587,90.4221457618208,93.92077375196914,94.35991681387152,94.79771002819953,96.42645743616362,96.42995100825446,96.57587369534392,97.23647344130654,97.78535490050348,98.08587950419307,98.45735281396787,98.57842174451929,98.67552295090944,98.79305123305825,99.98640671267006,101.40518002096097,101.61129887712592,102.00917914984392,102.58685590613602,102.69006268076959,103.55759725308178,103.80244094400699,103.86667843303115,104.6654158539081,105.07719760012573,107.14642046891598,109.11592144267655,109.42190698367324,110.97519199028902,124.06127789845429
18,79.13614710688904,81.08922119109782,81.51601498734742,81.84452939408604,82.83316381643378,84.69342999422001,85.50192736722632,85.60103259950952,86.1084094788198,86.59055500743868,87.59286341673484,87.6930959924387,88.23643072559724,88.34713679777815,89.21146019346894,90.0857573731497,90.16825247694722,90.85484818206639,90.88368985154901,90.90809019292841,91.17145332964479,91.50801371007306,92.30539777762293,93.06719995161994,93.16990742798467,93.56538390897296,93.75384208366373,94.00955588037638,94.21788391819499,99.30123429249569,103.22070321847845,106.96038091625124
19,85.68407855872151,86.84841345331203,88.83166257048671,89.47079563500563,90.79985759622883,93.32019414506941,93.61285809163061,95.89923076802107,96.2434177896644,96.32850841184487,97.5431335465352,97.94400288951958,99.1239256868365,100.1504845942681,100.5718017587469,101.25357471303334,101.47666656823243,101.71079749900514,101.8588580545316,102.33781051715135,102.73835328921433,103.34517176952531,103.7085532827284,103.91495043866351,104.36758833522931,104.64806458526974,104.76241553826698,106.05230588529558,107.14642046891598,109.71668278525749,110.93638131825574,113.10427171604493
20,78.59906437906055,78.87130741995828,81.52162051252488,81.5689454176902,81.83214315699271,82.99674581330028,83.30336292266209,84.13571916859082,84.83806191311034,85.02750368374132,85.05414767339695,85.63304610512192,86.10529766984038,86.35184021704434,86.40892406817565,87.33352585434879,89.87893062419352,90.64553648821638,90.73636950064278,90.82647500928144,90.88316686797624,91.99336480334296,92.01163588665125,92.53559680370182,92.68640596806847,93.99227537765165,94.56251497657529,94.88355521011587,95.1440753453483,97.16886733731559,98.91721274717524,115.8314968577092
21,78.35273684009587,82.13403922383587,84.5815048226367,85.97822154603345,86.86489379431724,87.09035538042549,87.43618069438875,87.59348763132671,87.95938661588326,89.4172624994963,89.53286343240906,89.82349118985348,90.02976710583245,92.49794603542884,92.62215870991304,92.63965252600396,92.86588763028621,93.16990742798467,93.92782346340186,94.2604338537567,94.79407904436289,94.90920578146418,95.42811233619219,95.84640052727129,96.76610396766706,97.94216780679889,98.23494565168787,98.54107131871314,99.97708428449798,99.9923383419959,103.7501323169275,116.00964059483358
22,87.97267233846875,88.07122847284683,89.05533125740025,89.68176336942975,93.25946145482547,93.39034392082324,94.32978563473496,95.7711847813105,96.17553745061706,97.18476894105213,97.24773700732288,99.61977928524458,99.80503764048085,99.92908353579486,100.28632894485304,100.66063240169379,100.83010517345944,101.88914634979399,101.90900790069551,102.11287548750248,103.34517176952531,103.50730644517695,104.12787225381844,105.00236668796957,106.16582656744383,107.08219974479556,107.10571564609894,108.74507326146136,108.8027947882859,109.42190698367324,110.5975982457304,112.64836430691017
23,77.39859947419072,78.40377514548025,83.5587036950693,84.7819470554259,85.62517568786883,86.0266138434188,86.24992054269406,86.29938879403302,86.40576653349254,86.85690113558914,86.89282370282939,87.6920848865373,87.7197791315488,88.73128365520556,90.02024226280105,90.42838905454346,91.81907701902679,91.88245397110926,92.08706536798346,93.38998805975746,94.00246184726481,94.06836915982866,94.5543158612888,94.7562973758099,95.1440753453483,96.67207542927856,96.74210277885626,97.13540247734501,97.94084822705624,99.58466269307922,100.34847138576345,114.96411538920195
24,82.41878416786264,82.60891606381277,85.37856834932175,85.84311760497472,87.01205667893565,87.0572914452668,87.12328200355087,87.57855819820534,87.90197186888784,88.36884580355016,89.31077057131706,90.18256327220043,90.85189949644179,91.42312009404152,91.67345453835625,93.14129743270053,94.36511504041727,95.02427145390119,95.23957605302,95.78411201615634,96.03012898940742,96.1658655815388,96.5210082918532,97.16886733731559,98.77991238717613,99.2419210848606,99.28697294867558,99.73253027414299,100.34847138576345,101.62286101840672,101.73741002831461,120.3147564260713
25,74.30692288205123,76.88126500348145,79.13614710688904,82.09603358565167,82.22415077132197,84.06654363881488,84.40123522531219,84.74516921453598,84.95891003574366,87.5940896956105,87.77348244275082,88.69792414756164,88.95607128039303,89.54660397852889,89.82349118985348,90.01692698368063,91.31367354461334,91.33436004580867,91.36092299887729,92.68909049756064,93.02430515781292,93.02909519419921,93.92876582801834,94.89397092137649,95.03800841942419,95.3188182809632,95.46399511277725,97.97829906805651,99.97175101411305,100.42886918609489,104.23933284253049,115.91266446421176
26,77.64244922365668,78.12007730661365,78.80204733616587,79.58279559908979,80.52715329976378,80.61832121466223,80.67430267628747,81.18965081066592,81.19574409549601,82.39626214588269,82.85886620983732,84.12675679059193,84.83806191311034,85.020351966001,85.22929767244554,85.95812097848936,87.31402730175121,87.36678478047294,87.40704798407558,87.4665795908652,87.93551920459052,88.36628918956133,90.65355307585716,90.81000017525226,91.05127917577963,91.3514982623199,94.7562973758099,95.39555426016942,96.1658655815388,96.6511255351508,100.06572507505643,107.00190322368228
27,74.48363398885488,74.99097196055448,76.488325590084,78.03771684801045,78.78121324920856,79.21620662486069,79.871396361959,79.94246421191761,81.68087551310711,81.7990129398866,82.4029043083399,82.78778129488524,83.76568780765251,84.21038376794944,84.27655965115743,84.36902019921106,84.3996666389885,85.88564258387368,86.10065519125008,86.2794274181884,86.58024590550467,86.82695542416393,87.1811822687799,87.57917904243187,88.66154016667555,89.42083449319648,89.76052772322707,90.71388145246326,91.10074358733443,92.70155702124141,92.8966325778319,107.35844633576477
28,71.29286749058079,73.39263472326225,74.12592165149987,75.87073132685435,76.94483241463821,77.6898886951346,79.62630923256495,80.28412012614241,80.71683688838682,81.68027858593274,81.88957222138899,82.40441869129582,82.43669320882148,83.21094228856471,83.66415715984746,84.3996666389885,84.60739216650995,84.68190200738148,85.8450498748962,86.02249329686943,86.7080779694943,87.09091372290962,88.18709292994527,90.95613450778418,91.94652028764474,91.97394897453961,92.82148719080264,93.7853703077205,95.15466881376696,97.04835426675872,97.80176012572518,107.61701836740882
29,76.96331111519027,85.31164657336664,88.32275626148663,88.37662854672104,90.01508974367536,90.0857573731497,90.37257893530368,90.44657266515719,90.72184333326544,90.9344832964473,90.94780698391585,91.43407448109804,93.67579241587693,93.91279049257042,93.92876582801834,94.12968204792813,94.57032459189485,94.73032133531586,95.96759089869856,96.7400798285356,96.75902782619454,96.82174603782207,97.40584389018173,98.02269873628931,98.23494565168787,98.57422726857644,100.1043637802568,100.63334015787436,104.23260875937133,107.70843367016052,111.79780154870517,115.68043210155176
30,73.01317494031824,73.55471158876608,74.65012850344367,76.2307634781349,77.05413788853802,77.1362528033073,77.3226006916775,77.49882081816858,77.50926059155111,78.00169128066266,78.40660795200486,79.36888984700225,79.68678965938685,80.27045066522865,81.93918614331616,82.16622278586227,82.1892669128737,82.33043956157181,82.43669320882148,82.44551050221986,82.78778129488524,84.6722626324571,84.88998577155256,85.6340088282786,86.31682523233476,87.05512433935013,87.12209276657458,88.45027328459726,88.6699849521036,88.8217092112663,95.85613811480889,109.44913129021073
31,92.2186676709308,93.10302864491393,93.17804914578002,93.46264973550055,93.76240584522648,94.66662526638451,95.55909660373676,95.59885023210911,95.66946669668664,97.23647344130654,97.40391271923141,99.37907348782356,100.12878055592572,101.12620036416808,102.58649826809952,103.06232586725359,104.2518283414942,104.27457110369343,104.64806458526974,105.07449285539245,105.08493379473579,105.80850345839747,105.90161846528113,106.00452216605349,106.62107753642167,107.32479226591454,108.44531459982537,108.8027947882859,108.93114490332574,110.08580444910943,115.55316931907926,116.89383796014334
32,73.39263472326225,74.40495929574354,76.3880747796232,78.24320297235077,79.09065400942673,79.48481048066762,81.52827250151789,81.90140824026672,82.0346607960788,82.16622278586227,82.41799842363288,82.42487102709535,83.37224397484259,84.39161605868308,84.39804527059628,84.45455758200794,84.85030813614382,85.01101389790064,85.07131150967626,85.47589654163968,86.10065519125008,87.06147237782044,87.47735032093279,88.13943505609794,88.87351500918952,88.89761341606518,89.20505894188156,89.63380832200687,94.27233090628972,94.83923193866512,99.33213861473595,110.51641976887859
33,73.73384288806787,74.55426293587871,74.56049709894201,76.18814554055945,77.28608527321893,77.57932167820536,78.76131394372395,78.7908038839416,78.80567403608623,80.2731429281771,81.26308192055335,81.83899639308575,82.11063933787898,82.86045178863034,83.01201017118066,83.33719412268772,83.98653470716475,84.76966191751114,86.91073292665538,87.4860016342863,87.91153137696392,88.43960843309543,88.69792414756164,89.31200728655877,90.72184333326544,90.82446075418686,90.90809019292841,91.5396031479362,92.45356553955176,94.2604338537567,97.93179255509156,109.89167130183472
34,67.99251389503493,71.80606891835563,74.81792211287265,77.15566888878594,78.00169128066266,78.02614681627911,78.15689428845305,78.68602599843497,78.87470071119165,78.9455013827916,79.31143475652175,80.46120334733878,81.31173439537694,81.64631443989654,82.13405895397274,82.20523511697672,82.27418518614228,82.52795059373955,82.6663575455895,83.0083302801655,83.37224397484259,84.21038376794944,84.38797941232559,85.62712089195708,85.93087831022612,86.02249329686943,86.43277743359583,86.67328132022107,87.2965234497986,91.46654583475572,97.4993505729078,105.0550762980987
35,81.83899639308575,84.1961376495568,84.39262084750081,85.29030115046687,85.38222286648988,85.62052908036512,85.76219443223196,86.67986071750913,86.91007768312974,87.44840420338396,88.49566250248454,89.54660397852889,89.58970595243872,89.63376760740093,90.10756955678069,90.16825247694722,90.26347980010691,91.32003619650004,91.48439603394877,91.74570253507844,94.79407904436289,94.8021150086237,94.84564961996573,95.70476824787325,96.75902782619454,98.31171439369109,98.31856864766647,99.75245349137258,101.44202818172543,101.79549835666249,104.61203349032897,112.31423094236258
36,77.53022214178544,82.41878416786264,83.7674471738866,84.2614071889249,84.75601358827873,84.76654666746003,86.09542747782386,86.68164481102714,87.31402730175121,88.7063117326607,88.73128365520556,89.01245214925942,89.16797622734649,89.25579312392351,89.75112819431901,89.87893062419352,89.91528075163802,90.2637250792513,90.90939048136529,91.51542020265394,91.71086777179592,91.78541354318013,91.94273242697838,93.21290281742925,94.03586320449074,94.32952199116441,94.68974887424267,96.36559959180833,98.3808678751669,101.33470431044721,102.24794596243434,113.72805958336681
37,70.74293410015383,72.53924849412644,75.78115024866287,76.68312526531827,77.73906621969365,78.0061355440859,78.48451565672083,78.59906437906055,79.02570492869242,80.92837994464149,81.61770435521785,81.75849648891044,83.41761082941261,84.75243174978694,85.020351966001,85.37856834932175,85.57061542083761,86.098522548691,86.77082970096916,87.28651232157004,89.55931133197711,90.15120812447628,90.36466069234963,91.67740430055399,91.77336087807969,92.38587318929505,93.21290281742925,94.08075393212643,96.74210277885626,97.83450986597204,98.90418104066035,111.52541933831178
38,67.93086253104617,76.8928864276873,77.03102724107532,77.50926059155111,80.94854889293222,81.50899908339966,82.13405895397274,84.51274629970428,84.57215440853042,84.85146645066727,85.05938040385702,85.37470375314561,87.22991961687897,87.48386886786041,87.94775705858514,88.52686317987697,88.96464069578408,90.3367387356222,90.93141042424064,90.9598643524828,91.63753561524064,92.70155702124141,93.20903817208489,93.7853703077205,95.72656154983564,96.83785588497749,99.33213861473595,100.34189369140513,100.61726560651265,100.75907170729525,103.30237070727628,118.56376190687273
39,85.50348679967155,86.6799059041923,86.79407673372988,87.05512433935013,87.81704594398136,88.30547492716569,88.4036312132538,89.14919448859126,90.85524958081663,90.92824078633272,91.11068030116823,91.97394897453961,92.8966325778319,93.0836451722454,93.36098187221123,94.69756586685823,94.83923193866512,96.14446058287375,96.15604529871345,96.21354718174227,96.83785588497749,96.9176210422024,96.94197877560853,97.4993505729078,98.04941311546266,98.28445019767756,99.1696738189492,99.37872858509152,99.40153003266379,104.65889639298226,104.67279116155827,108.56836611676991
40,76.16029774871376,76.20739915046997,76.488325590084,76.94483241463821,77.47129041747691,77.56706525559859,78.61841518825706,79.61861261113035,80.51491321195567,81.39360650943394,81.93918614331616,82.0346607960788,82.6663575455895,84.65941740731927,84.75144267869604,84.91759417360853,85.14745960741308,85.93220135088366,86.01265956817652,87.57794178745334,90.02994624679295,90.38298850822348,90.88790615686818,90.93141042424064,92.02020977754718,92.2438678930511,93.56582050959209,94.41873705715804,94.69756586685823,96.93966633562056,97.60057513135499,103.56556409107885
41,73.08458432661295,77.67544830982628,77.92543562775298,78.80567403608623,78.91968422138972,79.46365324545968,80.10955850174858,80.59410161161982,80.65152362786797,81.6693122861524,81.84452939408604,82.84853424861252,82.86828908606385,82.92023554781811,82.98502307613278,84.3120230068992,84.43680353046537,84.95891003574366,85.06040768812046,85.37924194937445,85.76219443223196,86.16508936924197,86.25634001498894,87.59348763132671,88.06404937194205,88.98434690535568,89.13658471144291,89.17819178380924,91.43407448109804,94.22598406753863,99.48811824625153,109.12653162264455
42,82.5596133970152,88.676462061585,88.81532084645056,89.42973076032972,89.59024893769744,89.84110391051856,90.6398763539057,91.98915142362195,93.5708995381433,93.81294997736686,94.66662526638451,94.68144415738888,95.76026235637475,96.23334003381035,96.54284957842873,96.86006763534637,96.90493295783877,97.94400288951958,98.32295703935785,98.52211973277106,98.67552295090944,99.92663165245584,100.12385370033151,102.23249555187013,102.42696214742094,102.51270029287181,103.07265049356255,105.35068175957898,106.32323649174961,108.74507326146136,111.42257216028892,113.13539817386669
43,73.08458432661295,77.28608527321893,79.34442962391753,80.17243462003263,80.69801767001772,80.98777714172432,81.53187421779539,82.91737122858395,84.4831986536974,85.40052703238135,86.19084134393698,86.7833325898367,87.3836520074244,87.6441905812206,89.25049791382679,89.4172624994963,89.53714877295687,90.01508974367536,90.6824306721844,90.71237979064614,90.80951146149854,91.33436004580867,92.05942635575727,92.38730750729914,92.65592196247368,93.25871847037112,93.56538390897296,94.55244656480566,95.67816632033113,98.31171439369109,100.36682447702461,112.1293998151639
44,78.75990020234507,80.13861969532405,81.82088176498529,82.26389482727627,82.65878809802133,83.98848410498246,84.35956267843726,84.76861454391542,84.86103599584304,85.28821078827109,85.29293522791234,86.87370714316273,87.14301162872017,87.36678478047294,87.71056721227207,88.36884580355016,88.67318649529271,88.69484905752556,89.25579312392351,89.26141287401309,89.55931133197711,90.34641773080989,90.82647500928144,90.93352981646719,91.22599340984536,91.9343313258214,92.08706536798346,92.72187426341078,94.64470571428052,95.93644156270241,96.26976425600571,106.39573228235483
45,70.63771822942395,74.60479512169076,74.72551030807247,75.86380817953516,76.16727113612654,78.36255313450856,80.73648742301337,81.61770435521785,81.78041784131426,82.39626214588269,83.44331545011224,83.57386584723895,83.97974744755307,84.35956267843726,84.75601358827873,85.03075670183485,85.37795590274577,85.62517568786883,86.41070761882844,86.88999704547608,87.03635312335162,87.38867471360626,87.80235724752208,90.18256327220043,90.73636950064278,90.7555531571459,91.0153582945927,92.95382650632571,93.88009536706092,97.95223954369504,99.9768542716276,110.96888683684502
46,81.08228349147267,82.22324672825573,84.95398082356212,87.5418183311655,88.81532084645056,89.62444576768762,89.89327816941727,90.8626631532578,90.99221348410498,91.3170611703622,91.42621187733376,91.59655541487102,91.60430628682938,92.9571893192808,93.36221182239144,93.8289887661569,93.94019973558629,94.13455126756546,94.55450365576044,94.71273550420162,98.09252239114917,98.29000928742174,98.99745320101336,99.37972332150414,99.61977928524458,100.5718017587469,101.95910469388969,103.36489753172711,103.55759725308178,103.69233836367286,107.66957807044052,108.14866237116935
47,67.93086253104617,70.88965770532502,75.54370962890556,76.70273962664152,77.3226006916775,80.37323125723478,81.77113638903522,81.90140824026672,82.20523511697672,82.58189740320304,83.6180667750489,84.02660835088963,84.42597646913332,85.8450498748962,86.09386881435688,86.44168855141385,89.52053165481853,90.0193327342239,90.74011324372125,91.10074358733443,91.19365454244583,91.72599765961927,92.19550584340726,92.2438678930511,92.29376320924585,93.31448886106038,95.5456617707222,95.5794046455857,97.96245769407274,99.40153003266379,100.04644377611395,111.38954160177846
48,80.26644340150062,80.73648742301337,85.8996013671938,86.81896620938252,87.12703207201916,87.33434266203399,87.90197186888784,89.61365963318333,90.67120916487963,90.81540406080843,91.79032190611204,92.38587318929505,92.72187426341078,93.08716450545059,93.99227537765165,94.31479367215609,94.90653195832503,94.9358217138065,95.84171545683832,96.09554581470108,96.13372289124364,96.61882129190063,96.76280406967608,98.58580735806005,98.98140442159597,99.58466269307922,100.01850788875737,100.06572507505643,101.67113581312208,102.24794596243434,102.49305925734654,119.2702277088037
49,75.62752323821027,78.9455013827916,79.10066566291405,80.94854889293222,82.24517427502656,82.32639365509075,82.5528519088636,84.84630480585541,85.59477626987335,86.09386881435688,86.66886315317299,87.46032659145946,87.47735032093279,88.07408267933826,88.6260524117542,88.75769426500192,88.8217092112663,89.35358924604674,89.42083449319648,89.70213964441601,90.33848354062563,90.75392265582488,91.57640546632513,91.94652028764474,92.02020977754718,92.07621481844905,93.27358055292225,94.71006255255664,96.01894901082474,96.12845843830931,99.1696738189492,113.45201334095503
50,69.29804033726523,70.63771822942395,71.15592574672608,72.78798788493009,73.76009884415832,75.37582868418733,76.45512663521147,77.56197961350044,77.73906621969365,78.33138602661927,78.40377514548025,78.45375776258223,78.87130741995828,78.94752570127466,79.32921211248375,80.70221862527352,81.36771274596698,82.92560319045522,83.12021423167984,84.24083806107443,84.63613777177628,84.63633030873875,84.80352499136724,85.8996013671938,85.95812097848936,86.38080495286222,86.87370714316273,89.16717661957601,89.91528075163802,94.37725939264331,96.03012898940742,104.07396255169827
51,77.57932167820536,77.58273511727224,81.72001073686683,84.40123522531219,84.51238140981266,84.63891479949852,85.24704370452828,85.62052908036512,85.71719004843943,86.25634001498894,86.72285235462655,87.00546822435825,87.22226088230562,87.86011437407504,88.15578469842465,88.96659768956953,89.15756580131335,89.19079957516475,89.47515612626627,89.90085989833538,90.37257893530368,90.71237979064614,91.26486526509119,91.63529580541403,93.06719995161994,94.1705776997609,95.31910141111815,95.42811233619219,96.95162027451266,97.05860827356669,99.03339567866597,106.95329619730919
52,81.5689454176902,83.93386800123989,84.5793751346044,84.63633030873875,85.23884135981055,85.52988080225755,86.77365917118175,86.8452103010946,86.85690113558914,86.88999704547608,89.01245214925942,89.28349696314379,90.414311408271,91.05127917577963,91.30167068818629,91.77336087807969,91.80500763806508,92.18352644545585,92.86811048792221,93.24095492243899,94.20722348571032,94.84918131444074,94.90653195832503,96.26976425600571,96.5210082918532,96.60958446334875,97.71946300330416,99.58428493947441,100.67296204053446,101.03510975237839,101.86189446868005,113.53786352915978
53,77.56706525559859,78.24320297235077,79.38802002548391,80.28412012614241,80.32113305503562,80.59409822663585,80.93208154271393,81.45627970497218,81.63754600852718,84.20145143416049,84.36902019921106,85.30764575212604,86.1727012071784,86.43277743359583,86.88359536232986,86.96358316835318,87.12209276657458,88.35224440166677,88.393084376577,88.59978463436786,88.66158472888122,88.91512753029674,89.43833262266965,90.64443803404,92.94155468615796,96.01894901082474,96.21354718174227,98.20299547479848,99.91895926378048,100.04644377611395,100.34189369140513,108.96378778187271
54,80.10955850174858,80.61752163958955,83.35039633469253,83.82427888649808,84.5815048226367,85.01595032023803,85.29030115046687,85.40052703238135,86.6093061227146,87.10624201847706,87.24323996989519,89.47515612626627,89.66785720011194,90.82446075418686,90.85484818206639,94.39935989331497,94.71683240585826,94.73032133531586,94.76054235578708,95.70919524266729,95.89861900895056,96.55038418039649,97.2164091120187,97.41616178056653,97.845680229892,97.97829906805651,98.93082099790612,100.06309464510367,100.13758744090971,100.62709426255294,109.17252441753857,113.44710086384708
55,71.6921081180517,71.74227892032778,76.99985320010768,77.15933790498865,77.49882081816858,77.6898886951346,77.98499015665776,78.00971792064334,78.03771684801045,80.55576933223416,81.29742787332884,83.04667146865415,83.6180667750489,84.45455758200794,84.91759417360853,85.22072247642366,85.46612813639167,85.62712089195708,86.1727012071784,86.4217017852605,86.62339079373348,88.36189507485405,89.18154007813759,89.4207395625119,90.40445465212936,91.57640546632513,93.0836451722454,93.70501887087644,95.72656154983564,96.19878680059017,97.74578381813072,108.94804457834263
56,69.29804033726523,73.17625035719016,75.6074496133348,75.86380817953516,76.39076758788451,77.40014647659365,79.02570492869242,79.86660852036253,80.26644340150062,81.26833301624664,82.0462534064572,82.96267309324524,84.32077945683758,84.98393490700319,85.28821078827109,85.52988080225755,85.74891648184538,85.92967281780389,86.10529766984038,89.08062045413689,89.25833958732571,90.42838905454346,90.65355307585716,90.85189949644179,91.42874411168513,91.8556015491959,92.10066682049698,92.77057327919225,94.03586320449074,97.43182168325109,106.91533695730236,106.95329619730919
57,73.55471158876608,73.64101020323358,76.8928864276873,79.24686266169356,79.34848347253795,81.47313289667089,81.5482430900437,82.27418518614228,82.43281706679363,83.54577110605784,84.02660835088963,84.524259803535,84.95869750073665,85.22072247642366,85.35756850436138,85.88564258387368,85.97752422259038,86.20544448704885,86.66977581217685,87.60546073578797,88.393084376577,88.87198094420225,89.14919448859126,89.20505894188156,90.33848354062563,90.88790615686818,90.95613450778418,91.27174975289188,91.8907012383693,93.42854890369466,95.51356222105048,117.05585413366316
58,74.12592165149987,80.51950330519624,80.70209671712729,81.64631443989654,81.89009968965811,82.1892669128737,83.23705131449304,83.41874409861049,84.27655965115743,86.53653745967033,86.53698956803761,86.9062877339946,88.6260524117542,89.5504434922407,90.02994624679295,90.23950395274899,90.36480432754708,90.45770488431282,90.9598643524828,91.53172991780593,91.8907012383693,92.29376320924585,92.90430320531298,93.1813573685684,93.70501887087644,94.27233090628972,96.80560554404776,97.55713108493217,98.04941311546266,98.20299547479848,105.59835672463022,110.71688673351244
59,87.1119388901216,87.38011525070854,88.99498232044029,89.37016618597768,89.64123774130623,89.6873626427011,90.12101949782648,90.6398763539057,90.67029963022155,91.04906784940793,91.1903149041537,91.59655541487102,92.30681202900743,92.98229455324343,94.46503641504603,96.17553745061706,97.14812543435816,97.5431335465352,97.70619782956406,98.57401725642383,98.78905142901951,99.80500708671767,100.42278264779381,100.56678710693703,102.58685590613602,103.56681410068026,104.07396255169827,104.1100512029629,105.44118884822099,105.75995288870062,108.44531459982537,108.67902626219137
60,83.29508444594013,88.10825344043151,88.56583391843438,89.62318098364213,89.89007346648182,90.73189470216198,91.74157509503334,91.8605881561554,92.18659928263713,92.43402054378642,93.41786551254916,94.13455126756546,94.59657763490632,94.74900241310053,96.23038151036283,96.42995100825446,96.55803974531636,97.22836707887303,97.27325870221254,98.91558392375413,99.51058154431938,99.92663165245584,100.37299536270842,101.21022886442773,101.90471092447847,102.93508796825212,103.06232586725359,103.50730644517695,104.05503709062371,105.44118884822099,106.05230588529558,120.3797850606958
61,79.02051627416401,80.59940796144701,83.08252460254796,84.05574052396341,84.179365938591,86.16508936924197,86.55459116142346,86.86489379431724,87.451799931606,87.4860016342863,88.69661109204208,88.96659768956953,89.21146019346894,89.25049791382679,90.08722731689336,90.10756955678069,90.33675977560416,90.33747402684577,90.61304566292551,90.7048578140139,92.32246449512088,93.67579241587693,93.78950601923138,94.40102217472116,95.03800841942419,96.43012072022191,98.80013611787376,98.92925850241433,98.93082099790612,98.94268090057616,99.55238246499324,114.04470645346163
62,79.74976327642702,82.07264318654241,82.66941342919819,82.86045178863034,82.92023554781811,83.35039633469253,84.179365938591,85.38222286648988,85.6588335757595,86.11040999905286,86.72285235462655,86.85994218101777,87.19514020858307,87.80544963009486,88.4200844270348,88.64362593548886,89.2164068897987,89.53714877295687,89.57561191526452,91.47599298683384,92.62215870991304,92.76451272421943,92.85110348015772,93.75384208366373,94.44718488817115,95.39498428565302,95.46399511277725,97.31349122265696,98.5578902342766,99.6531646711707,107.70843367016052,113.57881557215673
63,75.54370962890556,77.37141743586145,77.98499015665776,81.50899908339966,82.33043956157181,84.38797941232559,85.97752422259038,86.4552222463999,86.66886315317299,87.08480586020545,87.38545434257044,87.89255057316096,88.68082741897271,88.89761341606518,89.58059955141232,90.64443803404,90.71388145246326,90.92881706937617,91.13081590602222,92.5275289747929,93.96645966228597,94.01925890089815,95.11479937598145,95.1330011703861,95.76295104538438,96.32509791669595,97.60057513135499,97.80176012572518,99.37872858509152,100.0398094432285,105.59835672463022,113.22000360151773
64,77.52477810463114,78.35273684009587,78.44784457096678,78.91968422138972,79.02051627416401,79.78408649762568,80.39966905021775,81.51601498734742,82.62516541281533,83.98653470716475,84.15642083790071,84.71947262564828,85.45030631182803,86.11040999905286,87.14443128219101,87.23370917926741,87.24323996989519,89.38707548973672,89.63376760740093,89.94785357619786,90.01692698368063,90.42882671069037,91.26486526509119,91.27898674403704,91.84100068408472,92.25452776571663,92.65592196247368,94.1129798304832,98.02269873628931,98.59415380461891,100.0828430100231,109.73016572016179
65,83.72066082016356,89.68329483658373,89.77795794456637,90.12101949782648,90.23877766787295,90.64215380232471,90.98624922151531,91.55046820605921,92.49249913024646,92.77233003753118,93.36221182239144,93.4233599318574,93.75333098197314,94.13953610388734,94.99337325909266,95.7711847813105,95.87597890253821,95.94380731868539,96.32850841184487,96.82459029725798,98.08736132679805,99.18857113867196,100.24063197266418,100.7857150290483,101.21022886442773,101.40518002096097,101.76621335908685,102.42265024858887,102.51270029287181,103.32539317272551,104.27457110369343,106.16022310438022
66,77.53291624150651,79.8458492662748,79.91475101645723,80.27045066522865,80.61741342087237,81.31173439537694,81.47313289667089,83.41874409861049,84.23562149609292,84.34712086515295,84.39161605868308,85.88761410799863,86.01265956817652,86.79407673372988,87.21472965043361,87.57917904243187,87.59875223597571,87.91042066351862,88.59978463436786,90.33388110129529,90.3367387356222,91.36302453362521,91.72599765961927,92.07621481844905,92.51621016364423,93.50551366185871,95.15466881376696,95.76295104538438,97.08293053190792,97.74578381813072,99.7573825433205,108.55205863792919
67,86.44435211148463,89.1290486870768,89.63341625049542,89.77727672412793,89.86330309381651,91.04906784940793,91.60430628682938,93.4233599318574,93.46451643780928,93.64902759568484,93.81294997736686,94.44884228053513,94.78179093027941,94.90512007190067,95.48786238062448,96.37104284043056,97.72180287342012,99.96497368718958,100.1504845942681,100.19179698661436,100.41237786701531,100.70839333279122,103.53763792332319,103.94420136223373,103.94834692821523,104.00087199090137,104.01723595108615,104.05503709062371,104.66657093387154,104.86334645278572,105.5543204155198,106.00452216605349
68,80.50205675681693,82.9314565188779,83.57386584723895,84.82905943727826,87.32534162208994,87.37868050502428,87.77205391515525,88.07725546611107,89.16717661957601,89.16797622734649,89.58198351300784,89.66082342555703,89.74834672088936,90.37120788113631,90.81000017525226,90.83428270379,90.87876205265292,90.88316686797624,91.22599340984536,91.3125112872528,92.10066682049698,93.25994019138875,93.40177420968209,94.06836915982866,94.36511504041727,95.84171545683832,97.15612331790598,97.83450986597204,98.3503033150123,100.67296204053446,101.4899561822737,115.30467717619561
69,76.15186269891126,76.2307634781349,76.99985320010768,77.03102724107532,78.0842939225871,78.87470071119165,78.93739079825042,79.03253380778376,79.34848347253795,79.547660815891,80.7419871782536,81.77113638903522,81.81042458839178,81.88957222138899,82.5528519088636,83.58633320149853,83.75541708480316,84.54135770347963,85.14745960741308,85.47589654163968,86.2794274181884,86.6799059041923,86.9062877339946,87.08480586020545,87.59875223597571,88.78644406347051,90.03201206987963,91.19731386815647,92.94155468615796,92.99771426112494,93.58829285007685,107.3031862799742
70,69.10248475655229,69.42318509986741,71.89320322722342,72.40296415926524,72.78798788493009,75.17079265366189,75.78115024866287,77.39859947419072,77.40014647659365,78.36255313450856,78.80204733616587,78.93607511789227,79.00282017407764,79.03368344043184,79.56951595774503,79.6784406538668,80.62963414406768,81.48720569172973,81.66328109950699,82.26389482727627,82.49759025609622,83.2048900453157,84.10939313748558,84.2614071889249,84.5793751346044,87.33352585434879,88.07725546611107,88.93517498450717,89.47100432021338,91.42312009404152,93.08716450545059,105.75995288870062
71,76.19443550061327,78.12048677712393,78.93607511789227,87.71056721227207,88.75368245869915,89.09943117279582,89.76802454664427,90.64553648821638,90.64830011097841,90.83428270379,91.78541354318013,92.2099672019273,93.0899360598122,93.65940539588888,94.00246184726481,94.08075393212643,94.37725939264331,94.82098362847174,95.39555426016942,95.78411201615634,95.89880398260125,95.99447528772912,97.71946300330416,97.95223954369504,97.9690483172903,98.27283997143596,98.38819182485369,100.12710553674444,101.67113581312208,106.91533695730236,111.08551981805965,114.64841609159113
72,83.75540404697622,87.26354563297173,87.72612436666472,87.96670612551692,89.05533125740025,89.0690713071826,89.54207500341003,89.7585124417711,89.84110391051856,90.64215380232471,90.73189470216198,90.94134084051835,90.99221348410498,91.8315032461543,92.31151112008736,94.46503641504603,94.69226639998146,94.78179093027941,94.95368475531014,95.08665411955913,95.53417464360551,96.53436483337936,97.45615648571797,97.83668196332503,98.79305123305825,99.37907348782356,100.33596041075329,103.07935857724864,103.7085532827284,103.83084780091446,104.34530092172578,104.67962676680624
73,74.92804624439495,77.4532351092984,79.56951595774503,80.70221862527352,81.46743061182268,81.76962126162877,83.31358362539844,83.41761082941261,83.5783295857967,83.90090860871,83.99807339423968,84.12675679059193,84.922671112931,85.90518873091222,86.15711804413293,86.35184021704434,86.86593689000054,87.14301162872017,87.2850596290419,87.54485079229678,88.01375576143079,90.7555531571459,90.87876205265292,91.42874411168513,94.32952199116441,96.67207542927856,97.79488097024418,100.12710553674444,101.73741002831461,101.86189446868005,102.49305925734654,113.96943393407074
74,82.88761260005167,84.08530461276634,84.71011224673111,86.56508767076693,87.5418183311655,88.29018560112003,89.17717989368495,89.89007346648182,90.16272749050323,90.2168403873436,90.23877766787295,90.94134084051835,91.64345971667612,92.64251693052941,92.7232898689447,93.39034392082324,93.5235709713336,93.82154699952086,94.35224421763314,94.35991681387152,95.55909660373676,95.69816804865994,95.7258370944661,97.76186493475869,98.78905142901951,99.96497368718958,102.42696214742094,103.11516155347753,105.45511382610545,105.51358789480388,109.71668278525749,112.90401890595163
75,85.98258364002146,87.74062511869863,89.26982314777257,89.54207500341003,90.7062223129947,91.3170611703622,92.7232898689447,92.92492681912978,93.41786551254916,93.48883225068492,94.09864453171875,94.50015674103959,94.90358625290575,95.6060643472285,96.0102585649952,96.54284957842873,98.08736132679805,98.12402232297076,100.42278264779381,100.70839333279122,100.86611303214758,101.26908441163648,101.90900790069551,103.39220629206167,104.36758833522931,105.07719760012573,105.24273270797737,105.39947231039167,105.90161846528113,106.25465680083363,109.8558329506589,112.70519518355042
76,74.72551030807247,75.17079265366189,76.10400250140898,77.84547980198438,78.33138602661927,79.05957985338713,79.24005841525032,79.37683145188952,80.52715329976378,81.46743061182268,82.0462534064572,82.5608612377567,84.1754349288109,84.2524720859825,84.3021218364485,84.76861454391542,87.33434266203399,87.7197791315488,87.86470765416028,88.8310257988483,89.13923485945698,89.56986753015765,89.66082342555703,90.93779368931135,91.51542020265394,91.67740430055399,91.99336480334296,94.82098362847174,94.84918131444074,96.56592695040415,99.28697294867558,104.37579547123431
77,71.74227892032778,79.871396361959,81.52827250151789,83.39911157683498,83.75541708480316,83.80492272132497,83.97748645650141,84.68190200738148,85.49501834594429,86.67328132022107,87.38047911781399,87.55075225340629,88.17428075816407,88.45027328459726,88.91512753029674,89.10911420984633,89.70213964441601,89.78594357928303,90.0193327342239,90.38298850822348,90.92881706937617,91.27174975289188,92.90430320531298,93.38635660930949,94.12716845033833,95.1713999006617,96.15604529871345,97.5000566620803,99.7573825433205,99.8421117490854,100.61726560651265,107.16832199327044
78,80.62963414406768,83.62847748266259,84.59093049007646,84.63613777177628,84.91912016066829,85.10661450464961,85.23884135981055,86.15711804413293,86.66696615108788,86.7622964931255,87.0572914452668,87.86470765416028,88.11663577686144,88.69447242830506,88.69484905752556,89.25833958732571,89.61365963318333,89.76802454664427,90.36466069234963,90.64884184052364,91.88245397110926,92.61404739314797,92.95382650632571,93.46864068728858,95.17243622386671,95.49692220838412,96.6511255351508,97.76017513147477,98.3503033150123,98.3808678751669,98.91721274717524,110.11920234809776
79,88.00134685579522,88.56583391843438,88.83166257048671,89.2824476067409,89.99916377349079,91.86019924431916,92.01221536015807,92.64251693052941,93.17804914578002,94.22011415671503,94.94480900000833,95.5095263490774,96.07870827891745,96.41080438467168,96.75889028131873,97.72180287342012,97.73038222053131,98.07204094182131,98.29000928742174,98.6643552884647,99.98640671267006,100.28632894485304,100.7857150290483,100.86611303214758,101.77274991249129,102.86412774774041,103.83084780091446,105.35068175957898,105.70304926556139,105.93805826723174,111.19908823157395,115.54645483442775
80,78.99152063984215,79.78408649762568,80.55643855793733,80.59410161161982,80.83013135438124,81.26308192055335,82.14073523911408,84.39262084750081,84.4831986536974,84.94514456850091,85.50192736722632,85.87208340160728,86.2773953338811,87.09035538042549,87.82384991942658,88.95607128039303,89.43555571546285,89.44372606941832,90.61304566292551,90.61321021367306,91.40574192868321,92.81324348294572,93.53439838014371,93.93783065171974,94.2122740850105,94.44718488817115,94.76054235578708,96.15715514637505,96.82174603782207,97.05860827356669,98.7848009229322,114.4042768199367
81,77.52477810463114,78.99152063984215,79.92865746730989,82.13403922383587,82.3491764404442,82.86828908606385,84.06654363881488,84.69342999422001,85.57026376097721,85.82369212771681,85.94215882116525,88.10159484493437,89.31200728655877,89.57561191526452,89.79268141603424,91.08367996563166,91.62036313180826,92.06752084190234,92.44062279856409,92.85937704855252,92.94290476399496,93.25871847037112,94.71683240585826,96.01299034832476,96.95162027451266,98.10255346045855,98.80013611787376,99.75245349137258,102.11046257910358,105.01679557881387,111.79780154870517,114.32245989212602
82,60.656045796487085,69.10248475655229,78.12007730661365,78.94752570127466,78.99694456902311,79.05957985338713,79.77814586243684,79.86660852036253,80.37448716640922,80.50205675681693,82.03923448141754,82.77753830071018,82.99674581330028,83.988017814999,83.99807339423968,84.32458012536462,85.57061542083761,86.99750992751541,87.66561818367012,87.6920848865373,88.69447242830506,88.75368245869915,89.00887589275966,89.26141287401309,90.01768953881998,90.2637250792513,91.0153582945927,92.65328880483361,93.24095492243899,95.02427145390119,96.61882129190063,110.14977396286058
83,80.87486104896077,82.38292284680004,83.83872119012638,85.68407855872151,86.02745500742655,87.09536765168544,87.90530432058999,87.98293932220888,88.00134685579522,89.86330309381651,92.31151112008736,93.29798366394813,93.95822888824823,94.59657763490632,94.99337325909266,95.17727126396044,95.59885023210911,95.68186870222952,96.23334003381035,96.95825958636046,98.5580270078226,98.57401725642383,99.05363868034908,99.80503764048085,101.95910469388969,102.09363564396052,102.64413677621445,103.11516155347753,103.53066554307122,103.86667843303115,105.24273270797737,110.76018670735628
84,76.16029774871376,77.1362528033073,78.0842939225871,79.09065400942673,79.42722038759463,80.61741342087237,81.68027858593274,81.89009968965811,82.15765984176078,82.52795059373955,82.54753248518313,83.04667146865415,83.64702657342085,83.76568780765251,84.11728562337899,84.51274629970428,85.35756850436138,85.52058347320265,85.63526724629988,86.21445487528817,86.55620084165429,86.88359536232986,89.06565025724825,90.07491229886202,90.08486828443073,90.75392265582488,91.19365454244583,94.01925890089815,95.1713999006617,97.75452367839753,104.65889639298226,113.19911451484032
85,71.29286749058079,74.40495929574354,74.48363398885488,77.07282676778266,77.10719073179204,80.51491321195567,80.93208154271393,81.575758379037,82.32639365509075,83.57676302917527,84.00053639067808,84.99085213453316,86.21445487528817,86.62339079373348,87.2965234497986,87.38047911781399,87.91042066351862,87.94161504788963,88.6699849521036,88.67541205597422,90.23950395274899,91.68263326258963,92.19550584340726,93.42854890369466,93.45090816022504,93.58829285007685,94.64756459063042,96.32509791669595,96.9176210422024,97.38129349873522,100.75907170729525,112.14412437068509
86,93.46490370903796,93.61285809163061,94.34740336095139,94.4594278881407,94.49395531772417,94.95368475531014,95.76026235637475,96.82459029725798,97.17107547675164,97.68096858574812,97.70619782956406,98.5580270078226,99.10401547966818,99.32179706255232,99.41874344355433,100.28618249582883,102.86412774774041,102.93508796825212,103.36489753172711,103.94420136223373,104.2518283414942,104.32572918679857,105.15416043496525,105.29793463165383,105.39947231039167,105.51358789480388,105.92982044743842,106.16582656744383,107.78451906735046,108.94804457834263,109.11592144267655,109.51108102677422
87,90.23424239881311,90.95952577574278,92.25452776571663,92.45356553955176,92.93950542835404,93.24182126581717,94.00955588037638,94.09986828649816,94.1705776997609,94.22598406753863,94.89397092137649,94.89903380465714,95.70476824787325,95.81653883621019,95.96362546923561,96.05712929686202,96.32232375254387,96.43012072022191,98.54107131871314,98.5578902342766,98.57422726857644,98.7848009229322,99.85460245455414,100.03473359986175,100.3531296401466,100.36682447702461,100.4280347623114,101.16740649363042,101.19297775051362,102.11046257910358,109.17252441753857,127.51166761267729
88,71.89320322722342,74.55399068220014,74.92804624439495,75.37582868418733,76.10400250140898,76.19443550061327,78.99694456902311,79.36954541808956,80.50978090032997,81.19574409549601,81.3337676766955,81.75849648891044,81.78041784131426,83.5587036950693,83.79845278302406,83.96505788678816,84.0510790669562,84.53522377500742,85.10661450464961,85.29293522791234,85.92568061299748,86.09542747782386,86.40892406817565,87.63399326247375,89.08062045413689,89.12478095100084,89.42585014688441,89.74834672088936,91.79032190611204,92.18352644545585,93.14129743270053,108.67902626219137
89,76.02464012569223,77.92543562775298,79.52867938592563,80.16243568465688,80.98777714172432,81.4430617120121,83.01201017118066,83.08252460254796,84.01397793892201,85.68644339342343,85.71719004843943,86.08346056235088,87.44840420338396,87.77348244275082,87.80544963009486,88.37662854672104,89.05707355446624,89.07722607757883,89.64207240417706,90.5306516896124,90.61321021367306,91.17145332964479,91.26714677181936,93.48143551848597,94.1129798304832,94.39935989331497,94.43911113311756,94.90920578146418,96.32232375254387,98.10255346045855,100.88290309459869,116.42302087646146
90,79.34775534806758,81.87534356214489,83.0083302801655,86.82695542416393,86.91667932514478,88.36189507485405,88.66158472888122,89.63380832200687,89.75084711787441,90.92824078633272,91.46051779655964,91.89027009439648,92.82148719080264,92.95463243065463,92.99771426112494,93.27358055292225,93.32513148176852,93.45090816022504,93.50551366185871,93.64558531493631,94.12716845033833,95.1330011703861,95.51356222105048,95.5794046455857,95.85613811480889,96.80560554404776,96.93966633562056,97.75452367839753,98.57105266221424,103.30237070727628,103.59200686064169,114.4241341658646
91,73.73384288806787,76.88126500348145,77.67544830982628,79.74976327642702,80.16243568465688,82.91737122858395,83.03615078367113,83.17889548749358,84.51238140981266,85.01595032023803,85.11591146294168,85.45030631182803,85.81848039259962,86.33082038032241,86.91007768312974,87.1776694403214,88.23643072559724,88.49629277629828,90.28193435548883,91.40574192868321,92.08534087234855,92.32246449512088,92.36888448760058,92.70053670203997,92.85807005163342,92.94290476399496,93.92782346340186,94.57032459189485,94.89903380465714,96.11545239933493,97.25500167215202,113.08690158418418
92,77.03624457485523,77.47129041747691,78.15689428845305,79.62630923256495,79.74871026365675,81.29742787332884,81.68087551310711,82.26626837613317,82.43281706679363,82.58189740320304,82.96287140778863,83.44357980762705,83.64702657342085,84.00053639067808,84.34712086515295,85.01101389790064,86.11772784247333,86.31682523233476,86.53698956803761,87.81704594398136,87.94775705858514,88.78644406347051,89.35358924604674,89.43833262266965,89.51786725849192,90.94631401303394,91.59051832864652,92.5275289747929,93.64558531493631,97.5000566620803,105.4745914635562,113.92688022594126
93,85.94187698675718,88.29018560112003,90.15851235664948,91.13374906265045,91.59374438093987,92.65029739844209,92.90621211356749,93.76240584522648,94.50015674103959,96.00862506464175,97.78535490050348,98.6643552884647,98.99745320101336,99.0937210888699,99.51058154431938,100.12385370033151,100.28618249582883,100.33596041075329,101.75566374931098,101.8588580545316,102.09363564396052,102.62196793293009,103.32539317272551,103.53763792332319,103.63701034764784,104.54555515672087,106.4585244660658,107.10571564609894,107.92043837565956,109.4906058823961,109.56326016215223,112.0252282729876
94,78.52872672729212,79.07403293606491,79.61861261113035,79.91475101645723,81.63754600852718,82.42487102709535,83.57676302917527,84.11728562337899,84.21605201931756,84.60739216650995,84.84630480585541,85.6340088282786,85.90363806448138,85.93087831022612,87.09606513369388,87.19083312047638,87.48386886786041,87.60546073578797,87.72956658291041,89.4207395625119,89.51786725849192,89.52053165481853,89.58059955141232,89.76052772322707,89.88311385715272,91.19731386815647,91.53172991780593,91.82669599822201,91.89027009439648,93.36098187221123,93.38635660930949,106.88050812620492
95,79.52867938592563,79.70162521707077,80.2731429281771,80.61752163958955,82.47852385303591,82.98108537206068,83.70646936045152,83.85940071469277,84.4131535782251,84.43680353046537,84.71947262564828,84.8674519184222,85.82369212771681,86.59055500743868,87.22226088230562,88.30622971727419,88.4200844270348,88.49629277629828,88.69661109204208,89.44372606941832,90.26347980010691,90.6824306721844,90.94780698391585,92.53504942335593,93.02909519419921,93.11704639173365,93.78447501209953,97.01120076290309,97.94216780679889,99.3056656126904,100.03473359986175,121.23073285092113
96,80.39966905021775,80.59940796144701,81.4430617120121,81.48922180446033,83.76237212669938,84.4131535782251,85.31164657336664,85.45210046080987,85.64952644670488,86.19084134393698,87.91153137696392,88.05773535476935,88.11053002460483,88.34713679777815,88.64362593548886,88.98496399675527,89.17819178380924,89.90085989833538,91.31367354461334,91.37355271494391,91.41482858677846,91.62036313180826,92.81324348294572,92.86588763028621,94.8021150086237,95.0185049591687,95.70919524266729,96.05712929686202,96.11545239933493,96.80042411440142,97.82060810946096,108.62546625363909
97,84.67121644860053,85.68375416507696,85.98258364002146,86.52399103007855,87.21260058906817,87.38011525070854,87.90530432058999,89.44872453106572,89.59024893769744,89.68176336942975,89.7585124417711,89.97496263577054,90.13510083263971,90.16272749050323,90.98624922151531,91.42621187733376,92.65029739844209,93.58754366895967,94.71672566484793,96.38922016878763,96.5662796791726,97.22836707887303,98.08587950419307,99.1239256868365,99.94522381744503,102.58649826809952,103.36328621945003,105.5543204155198,105.70304926556139,107.03232571769003,107.49522961842816,107.78451906735046
98,77.64244922365668,80.13861969532405,81.83214315699271,82.49759025609622,82.70804379672705,84.32458012536462,84.53522377500742,84.80352499136724,85.03075670183485,86.77082970096916,87.2850596290419,87.75622047733845,88.01678726254625,88.61276934045705,88.8310257988483,88.96986620160592,90.22313499294911,90.38216644982745,91.3125112872528,91.32430288917583,91.8556015491959,92.59140355952947,93.0899360598122,93.32788297239686,93.38998805975746,94.20722348571032,94.68974887424267,94.89550567814238,95.23957605302,96.13372289124364,97.76017513147477,106.85770047518339
99,83.44397475192424,84.71011224673111,86.52399103007855,87.04286458891123,87.16557938081574,88.5815404313287,88.74096422942874,89.37016618597768,90.8626631532578,91.98469704968872,92.18659928263713,92.90621211356749,93.48883225068492,93.64902759568484,94.658769467968,95.17727126396044,95.87597890253821,96.57587369534392,97.45615648571797,97.73038222053131,98.3370749386127,99.24350962134092,99.52382826870442,100.65666452786614,100.66063240169379,102.23249555187013,102.73835328921433,103.0850905445233,105.08493379473579,105.15416043496525,105.40838850326928,113.59787953801631
100,73.01317494031824,73.64101020323358,74.81792211287265,77.98435747545263,78.00971792064334,79.42722038759463,80.45976787487446,80.59409822663585,80.71683688838682,81.16017638668175,82.26626837613317,82.49517409224555,83.02220137355461,83.05324597694435,83.58633320149853,84.21605201931756,84.65941740731927,84.85030813614382,85.24134000469,85.49501834594429,85.59477626987335,85.88761410799863,86.81744209426209,87.94161504788963,88.30547492716569,88.66154016667555,90.36480432754708,90.74011324372125,93.20903817208489,93.32513148176852,93.96645966228597,108.74867582648817
101,80.72556288214062,80.87486104896077,83.85344254994163,84.67121644860053,85.94187698675718,87.04286458891123,87.59872140560006,87.96670612551692,88.10825344043151,89.17717989368495,89.26982314777257,89.64123774130623,89.77727672412793,90.41358762501254,91.98915142362195,92.49249913024646,92.76702727991754,93.10819523111904,94.32978563473496,95.5095263490774,95.66946669668664,95.8245193277835,98.09252239114917,98.3621507017608,99.10401547966818,99.69268202172805,99.70361880492283,99.89708061510589,100.86281581482149,102.00917914984392,103.91495043866351,107.56352582229094
102,75.91792974518255,84.95398082356212,86.84841345331203,87.09536765168544,87.21260058906817,88.57884596018023,88.99498232044029,89.57548047186218,91.6729347768856,92.01221536015807,93.10819523111904,93.5708995381433,93.61645429072624,93.69577761299252,93.82154699952086,94.1362894360225,94.13953610388734,94.44884228053513,94.4594278881407,94.69226639998146,94.79771002819953,96.0102585649952,97.81663956072232,98.3370749386127,98.80447642367666,99.29393131404653,100.37299536270842,100.83010517345944,101.12620036416808,101.175698133582,109.4906058823961,110.71856613007938
103,76.6159008655999,78.48451565672083,80.61832121466223,82.91083526358224,83.12021423167984,83.31358362539844,83.96505788678816,84.59525276522632,85.02750368374132,86.32851950347002,86.99750992751541,88.61276934045705,88.93517498450717,89.73970117870904,90.64830011097841,91.44834033674243,91.9343313258214,92.47219041026162,92.65772524311897,92.92661364889896,93.46864068728858,96.56592695040415,96.76280406967608,97.13540247734501,97.3295391443405,97.43182168325109,99.9768542716276,101.03510975237839,101.33470431044721,101.4899561822737,101.62286101840672,112.90101683486795
104,82.38292284680004,82.88761260005167,83.29508444594013,83.44397475192424,83.72066082016356,85.68375416507696,86.27279028917714,86.94719857719984,87.59872140560006,88.37227360860227,89.6873626427011,90.15851235664948,90.4221457618208,91.8315032461543,92.31284477632714,92.41175767376414,93.32019414506941,93.69577761299252,93.79964512907642,94.09864453171875,94.49395531772417,94.71273550420162,95.48786238062448,96.41080438467168,97.16698183213286,97.86645962425729,101.81826606137768,101.88914634979399,105.39467638890774,105.80850345839747,106.32323649174961,107.92501266211208
105,70.88965770532502,71.6921081180517,71.80606891835563,73.71535285626341,74.99097196055448,77.03624457485523,77.05413788853802,77.30207451659545,77.37141743586145,78.52872672729212,78.93739079825042,79.34775534806758,79.38802002548391,79.48481048066762,80.45976787487446,81.39360650943394,81.575758379037,82.24517427502656,82.33166655751461,82.47132570133769,83.21094228856471,84.524259803535,85.37470375314561,85.63526724629988,87.17201163644712,87.21472965043361,88.18809823945318,89.78594357928303,91.11068030116823,91.27279268744687,97.55713108493217,104.37579547123431
106,71.80816901854001,78.10325146037,78.7908038839416,79.70162521707077,80.14093543037451,80.17243462003263,80.83013135438124,81.37760103166462,82.3491764404442,83.13414910384353,85.64952644670488,86.85994218101777,87.00546822435825,87.6930959924387,87.70618444873818,88.47677665065852,88.98434690535568,89.94785357619786,90.95952577574278,91.26714677181936,92.08534087234855,92.49794603542884,92.63623084926832,92.68909049756064,93.04656635215426,93.78950601923138,94.84564961996573,95.89861900895056,97.40584389018173,98.88945100587405,100.25494477688767,119.27682185290386
107,71.22794369304452,74.60479512169076,75.6074496133348,76.45512663521147,77.84547980198438,80.35317165962644,81.66328109950699,82.47968362408972,83.98848410498246,84.77459403828752,84.79823752907865,85.22929767244554,86.098522548691,86.68164481102714,86.69472194206384,86.85334236424963,86.89282370282939,87.12328200355087,87.32534162208994,87.63399326247375,87.66561818367012,88.11663577686144,90.38216644982745,90.414311408271,90.81540406080843,94.56251497657529,96.6704638157753,97.3295391443405,97.79488097024418,98.27283997143596,98.52690649716517,104.01723595108615
108,83.13414910384353,84.51414223785683,89.43555571546285,90.45502995081377,90.79441262731295,91.22880747428802,92.30539777762293,95.01352693110475,95.0185049591687,95.4696274768821,95.67816632033113,96.01299034832476,96.76610396766706,97.01120076290309,97.09016365896005,97.25500167215202,97.93179255509156,99.03339567866597,99.48811824625153,99.55238246499324,99.6531646711707,99.97175101411305,100.06309464510367,100.0828430100231,100.63334015787436,100.88290309459869,101.19297775051362,101.79549835666249,102.8562503167946,103.39152303965533,108.52241318054928,127.39865623107102
109,74.30692288205123,81.6693122861524,82.62516541281533,83.03615078367113,84.0076503898528,84.01397793892201,84.8674519184222,84.9749008757352,85.45210046080987,86.6093061227146,86.67986071750913,87.19514020858307,87.25290848257254,87.43618069438875,87.59286341673484,89.15756580131335,89.79268141603424,90.33747402684577,91.5396031479362,93.93783065171974,94.12968204792813,94.39857187519723,94.55244656480566,95.24358258589248,95.96362546923561,96.00396006634229,97.95378759261897,98.00173624172308,98.88945100587405,101.50265991751382,103.39152303965533,114.98267041559352
110,81.08228349147267,81.54059125871706,87.33528839874272,87.49019425283609,87.97267233846875,88.57884596018023,88.5815404313287,89.0690713071826,89.62318098364213,91.15744432144928,91.55046820605921,91.64345971667612,92.50442280296897,92.98229455324343,93.68093991304382,94.71672566484793,95.2549118677611,95.68186870222952,95.8245193277835,96.75889028131873,97.16698183213286,98.12402232297076,98.32295703935785,99.41874344355433,99.4323863221237,100.01396742706403,100.41237786701531,101.16023347562322,101.47666656823243,105.07449285539245,106.4585244660658,113.67170494102353
111,80.72556288214062,83.83872119012638,86.44435211148463,86.45116209517623,87.72612436666472,87.74062511869863,88.37227360860227,89.2824476067409,89.47079563500563,89.62444576768762,89.68329483658373,90.13510083263971,90.5384357739435,91.59374438093987,92.35430590614236,93.61645429072624,94.04435333843905,94.35224421763314,96.3717211403508,96.55803974531636,96.90493295783877,97.17107547675164,97.24773700732288,97.40391271923141,99.80500708671767,100.01396742706403,100.65666452786614,100.73457777620278,101.26816231594456,103.80244094400699,105.28445339153092,110.65083958126243
112,71.15592574672608,71.22794369304452,76.16727113612654,76.39076758788451,77.53022214178544,79.03368344043184,79.24005841525032,81.01917616480213,81.18965081066592,82.825586572301,82.9314565188779,83.79845278302406,83.988017814999,84.13571916859082,84.63877474993706,84.75243174978694,86.0266138434188,86.5122325319478,86.66696615108788,86.77365917118175,86.90805116627807,87.12703207201916,87.54485079229678,88.27065495444532,88.96986620160592,90.93352981646719,91.42575523197821,92.2099672019273,92.4510029918804,92.65772524311897,98.77991238717613,103.56681410068026
113,90.92333948551703,92.35430590614236,93.68093991304382,96.42645743616362,97.18476894105213,97.27325870221254,98.80447642367666,99.52382826870442,99.63196167658946,99.70361880492283,100.18779697279594,100.24063197266418,101.13515703415483,101.3207277839947,101.81826606137768,102.64413677621445,103.07935857724864,103.09512237586934,103.39220629206167,103.63701034764784,103.69233836367286,104.1100512029629,104.76241553826698,105.29793463165383,105.45511382610545,105.93805826723174,108.24009184312122,110.08580444910943,110.11451181465632,111.42257216028892,113.2415427857113,113.5038405811729
114,82.66941342919819,82.98108537206068,83.08270722561133,83.26541050895482,84.15642083790071,85.57026376097721,85.87208340160728,86.91073292665538,88.47677665065852,89.13658471144291,89.96748442353986,90.14999188600844,90.33635100903788,90.45502995081377,90.5306516896124,92.05942635575727,92.85807005163342,94.40102217472116,95.31910141111815,96.80042411440142,97.12428356640015,97.845680229892,98.00173624172308,99.30123429249569,99.68424315729098,99.85460245455414,99.9923383419959,100.45869628881738,101.44202818172543,104.23260875937133,104.23933284253049,121.17347047627732
115,77.15933790498865,78.40660795200486,79.03253380778376,79.94246421191761,82.26386658450429,83.02220137355461,85.05938040385702,85.21094106321661,85.52058347320265,85.93220135088366,86.20544448704885,87.06147237782044,87.09091372290962,87.09606513369388,87.17201163644712,87.83227289795035,87.89255057316096,88.07408267933826,88.17428075816407,88.1806270870569,88.35224440166677,88.4036312132538,91.36302453362521,91.46654583475572,91.59051832864652,91.68263326258963,93.14940610787104,93.1813573685684,95.5456617707222,96.45214155244516,98.57105266221424,108.66708165774104
116,86.94719857719984,87.1119388901216,89.77795794456637,89.89327816941727,92.50442280296897,92.76702727991754,93.15490625480476,94.66707186834766,94.90512007190067,95.69816804865994,96.23038151036283,96.53436483337936,97.68096858574812,98.57842174451929,99.05363868034908,99.39555203500649,99.92908353579486,100.35915810010884,100.73457777620278,101.175698133582,101.77274991249129,102.62196793293009,102.93576492454248,103.07265049356255,103.0850905445233,103.09512237586934,103.36328621945003,106.25465680083363,108.93114490332574,111.36406037724552,113.10427171604493,114.02951154597845
117,79.32921211248375,81.76962126162877,84.0510790669562,86.12958217183821,86.41070761882844,87.25820794208066,87.28651232157004,87.40704798407558,88.27065495444532,89.13923485945698,89.47100432021338,90.436386357009,91.04597582851419,91.44834033674243,91.71086777179592,92.42400142061275,92.61404739314797,92.65328880483361,92.68640596806847,92.77057327919225,94.89550567814238,95.93644156270241,96.60958446334875,97.15612331790598,97.2264561173224,97.94084822705624,98.4170536868895,98.52690649716517,99.2419210848606,100.01850788875737,111.08551981805965,113.86460137168288
118,81.54059125871706,82.5596133970152,83.75540404697622,83.85344254994163,86.02745500742655,86.45116209517623,87.16557938081574,88.07122847284683,89.97496263577054,89.99916377349079,90.67029963022155,90.79985759622883,90.92333948551703,91.21197506919168,91.6729347768856,92.43402054378642,92.56729762886837,93.10302864491393,93.17832206164017,93.92077375196914,94.30841329154781,94.34740336095139,94.55450365576044,95.6060643472285,96.00862506464175,96.37104284043056,97.76186493475869,97.86645962425729,99.18857113867196,100.58440542185488,102.93576492454248,105.96258856529182
119,76.96331111519027,77.58273511727224,80.49453279921708,80.55956676847927,81.37760103166462,81.48922180446033,82.09603358565167,84.0076503898528,84.05574052396341,84.3120230068992,84.43451554428951,84.76966191751114,85.81848039259962,85.97822154603345,86.91579605746561,87.6441905812206,88.46921687212101,89.38707548973672,89.64207240417706,89.96748442353986,90.80149452606666,90.97001539697074,91.32003619650004,92.85110348015772,92.85937704855252,92.93950542835404,93.11704639173365,94.2122740850105,94.21788391819499,95.01352693110475,96.55038418039649,103.94834692821523
120,75.91792974518255,79.17777630986934,82.22324672825573,87.26354563297173,87.33528839874272,89.44872453106572,89.63341625049542,90.2168403873436,90.57401572710452,90.7062223129947,91.98469704968872,92.30681202900743,92.41175767376414,93.17832206164017,93.25946145482547,93.29798366394813,93.75333098197314,94.66707186834766,95.84451165783756,96.07870827891745,96.2434177896644,96.3717211403508,96.86006763534637,98.3621507017608,98.91558392375413,99.0937210888699,99.63196167658946,100.12878055592572,101.61129887712592,102.40111745459278,105.92982044743842,106.2666753150561
121,67.99251389503493,73.71535285626341,75.62752323821027,75.87073132685435,76.3880747796232,76.70273962664152,77.10719073179204,79.0398460233767,79.74871026365675,80.51950330519624,80.7419871782536,80.76153205994085,81.70561329960518,82.4029043083399,82.44551050221986,82.49517409224555,84.20145143416049,84.57215440853042,84.75144267869604,84.95869750073665,85.46612813639167,86.91667932514478,87.55075225340629,87.63485276744956,87.83227289795035,88.68082741897271,89.06565025724825,91.82669599822201,92.51621016364423,94.19630151568465,96.14446058287375,107.82108310164406
122,78.93849777494611,79.36954541808956,81.01917616480213,81.82088176498529,82.47968362408972,82.80409203790487,82.85886620983732,82.92560319045522,83.2048900453157,83.7674471738866,83.97974744755307,84.1754349288109,85.66884773007178,85.74891648184538,86.12958217183821,86.40576653349254,86.86593689000054,87.01205667893565,87.92296015836575,88.01678726254625,89.00887589275966,89.72843200612274,89.90451230749832,90.15120812447628,92.01163588665125,92.86811048792221,92.92661364889896,93.25994019138875,95.17243622386671,98.38819182485369,98.58580735806005,110.3253021697259
123,76.02464012569223,78.10325146037,78.76131394372395,79.46365324545968,80.99849469372171,82.22415077132197,82.41570570284232,83.85940071469277,84.9749008757352,85.11591146294168,85.6588335757595,86.1084094788198,86.2773953338811,86.7833325898367,87.23370917926741,87.86011437407504,88.10159484493437,88.11053002460483,89.58970595243872,89.66075510098517,90.02976710583245,90.08722731689336,90.23424239881311,90.44657266515719,90.97001539697074,91.22880747428802,92.44066484814657,92.72608319900765,95.38111141583843,97.12428356640015,97.2164091120187,120.27179795471453
124,86.9021862999626,91.15744432144928,94.30841329154781,95.7258370944661,96.5662796791726,97.81663956072232,98.07204094182131,98.52211973277106,99.37972332150414,100.86281581482149,101.25357471303334,101.90471092447847,102.40111745459278,102.42265024858887,102.69006268076959,103.53066554307122,105.28445339153092,105.39467638890774,105.40838850326928,106.62107753642167,107.92043837565956,108.77796462482493,109.8558329506589,110.36180860924297,110.5975982457304,111.53641809862125,112.13787203039875,113.5038405811729,114.02951154597845,115.45186652899045,115.67010757630051,120.70314799765278
125,76.15186269891126,77.53291624150651,80.46120334733878,83.05324597694435,83.80492272132497,84.42576744348995,84.88998577155256,85.21610138142903,86.55620084165429,86.66977581217685,86.96358316835318,87.1811822687799,88.13943505609794,89.88311385715272,90.45770488431282,91.27279268744687,91.63753561524064,91.82199443522103,91.98354008483366,93.14940610787104,93.56582050959209,94.19630151568465,96.12845843830931,96.19878680059017,96.94197877560853,97.04835426675872,97.38129349873522,97.96245769407274,100.0398094432285,103.59200686064169,105.4745914635562,109.22213108121835
126,77.07282676778266,78.50224887982066,78.61841518825706,78.68602599843497,79.21620662486069,79.36888984700225,80.76153205994085,82.40441869129582,82.54753248518313,82.96287140778863,83.23705131449304,83.54577110605784,83.97748645650141,84.23562149609292,84.39804527059628,84.42597646913332,84.54135770347963,85.21094106321661,85.30764575212604,85.3587325896867,85.90363806448138,86.81744209426209,87.46032659145946,88.18809823945318,88.52686317987697,89.18154007813759,89.55118943053992,89.75084711787441,91.13081590602222,91.98354008483366,98.28445019767756,114.36348180935664
127,75.18183916694439,77.56197961350044,78.0061355440859,79.6784406538668,79.77814586243684,80.62495089487821,81.26833301624664,82.5608612377567,83.31858849243791,84.72232667348881,84.7819470554259,84.79823752907865,84.922671112931,85.05414767339695,85.66884773007178,86.32851950347002,87.38867471360626,87.77205391515525,87.93551920459052,88.24841796662993,88.67318649529271,89.12478095100084,89.31077057131706,90.22313499294911,91.80500763806508,92.4510029918804,95.49692220838412,96.09554581470108,96.36559959180833,97.2264561173224,97.9690483172903,115.99765367263646
