0,0.9976014761978654
1,0.994554380738816
2,1.0040530065816595
3,1.0123952256676754
4,1.001554127804618
5,1.002056616772064
6,0.9976014761978654
7,1.0138520470799455
8,1.0092244978089204
9,0.9976014761978654
10,1.0092244978089204
11,1.0305350227013645
12,1.0064286764460875
13,1.0092244978089204
14,1.0031619004137706
15,1.0083106970477747
16,1.0123952256676754
17,1.0004358624180116
18,1.0137211258851586
19,0.9976014761978654
20,0.9976014761978654
21,0.9856444173806098
22,1.0137211258851586
23,1.006342758976702
24,1.0054351209158685
25,0.9992288342772766
26,0.9976014761978654
27,1.007781008041798
28,0.9879517445307313
29,1.0014053650204289
30,1.0137211258851586
31,0.9933773538345213
