-16.18456771787175, 17.449118687044727, -1.6049755336415876, 2.8997377148515415, 0.7769189625168575, -0.4240577766076701, -4.379377251072459, -7.225476608836975
6.125870460135461, 12.016265541300916, -4.816940608729481, 3.6606633337273458, 12.760262254036176, -4.892720684826211, 0.6463164455742829, -1.6892797374211748
6.729458418381204, -10.844498672000011, 0.22523666861319142, 8.925028219689905, 7.84684246805255, -5.354985466699663, 13.03793224577299, -1.2177473490440491
7.856996398710904, 6.271227790441971, 7.9252916305640575, -0.0033447870783192, -2.703304533673956, -0.27039580921896533, 4.275771074811221, 11.66865412171486
7.4409315307754325, 10.381737680950373, 3.7814374022176334, 3.1340982655606515, -2.1947012239347137, 1.4981939612786883, -7.252289695888898, -0.3428966488092944
10.175295726364055, -8.386758045737952, 0.33436771913044105, 15.896132538473347, 8.79623870445932, -3.2315725278509095, 18.125787225263142, -0.9363676062335788
6.506175403188475, -0.08114022304098256, 0.17685780514740654, 2.9194108774298533, 15.956027521783398, -17.54191967007819, 15.58050119065555, -0.3981857034691409
6.266397446145534, 13.039478568584965, -3.478605813501711, 4.302175118585463, 2.3182007633874098, -0.5273483980957567, -4.221025349606955, -3.059167035586902
-15.590763993797582, 0.9735303509899786, -2.6814995968305797, 0.8150441364146186, 3.180942863600526, 7.137168428867958, -9.991163234096458, -8.23407048045395
7.575177725491418, 1.6902735619447915, -3.6043092430573243, 0.5557821529203704, -0.30563098547059786, -10.490057383154465, -8.346526811020238, 5.873584333744818
-8.126759901634054, 10.071232689281153, -2.721146444099031, 2.9856532027402705, 4.706139655100287, 4.576353642116814, -1.115575073938314, -6.915031342373452
-16.721254422837397, 7.349365854431117, -0.6502465726561066, 5.020639781624521, -14.060618349272529, -0.7312317544731632, 1.6897099358217131, -8.607526166666755
-9.045343378499211, 10.568205240902895, -1.7784048582879364, 2.4551645964632574, 8.196089420365416, -4.90455374886087, -11.135643771693907, -6.7339384712000445
8.829826276240778, -9.960756790930873, 0.16706084466739535, -2.5426352150881657, 6.715549576970089, -18.59420465094927, 0.20762282373434093, -0.9332431993661701
8.090782693838687, -0.5233427766839505, 0.029008707878425022, 9.579702479893601, 12.4481602410875, -20.03625458138977, -1.542043701301056, -1.7174059780269948
4.930815776664545, -12.055198956363963, 0.1595506843369764, 5.5940298265673505, 2.861427135965183, -3.623184269197436, 3.172980835623374, -0.6847127576269547
6.198291567783606, 5.192631285358825, -4.179083098794876, 5.504058355659947, 8.822612826059046, -2.718001698536325, -15.78826597600957, -1.415063523333313
6.370802117805695, 6.321686978770735, -2.699042437151283, 3.361861561604578, 12.36556044920354, -13.467324365722801, -6.453455190709244, -1.4263555527422207
5.592044101030315, -2.27307949433014, 0.5336564982647207, 2.4384768671307375, 10.46304904252875, -1.8243183591623557, 12.445241520669581, -0.9516070440968767
9.235945380742507, 16.148941227566535, 10.127616482994501, -4.151938726027675, -5.692751784531458, -10.507206485782621, 6.918421781225067, 0.3648259840052879
7.4576899515877715, -4.2999311024846385, -0.5280864232579967, 1.4141282693907802, 4.952641790896093, -0.38969758548047473, 6.861892236808867, 3.6289021651728803
7.900392148770916, 2.580071918293404, 2.406628164551035, -2.630236203734423, 4.573271364024595, -16.855692376739654, -3.9677961196431393, 9.059489977552516
10.304963216175434, 3.1624714649851473, -0.38384196854160013, -2.0567833264508772, -10.876890761362116, -1.9962639693376327, -6.226326217691196, 1.1149266837732603
5.809751128351153, -0.11931177017391015, -6.924767140946736, 1.9737734759489904, -2.5787431170196404, -8.083187053912287, -2.6901632125392982, -2.5258794654553762
6.41018226532813, 5.626599841661234, -3.1023609912211993, 4.119371666351932, 8.13650318292315, -1.6794497131916306, -9.657283726601108, -1.7209242857098592
6.834724998630658, 2.105625775314829, 1.5106902466003218, -4.854628565315531, 1.4851861184902342, 14.643399022603713, -14.053709844249932, -2.2830953167245838
-6.214297074439347, 11.837506348489544, -0.24572857716593166, 7.428344952089808, -17.825754054469108, 0.17903208500996648, -11.962374663482406, -8.03787210435118
6.386121449490429, -0.7426332603843022, -4.248537678678625, 2.9752325610511594, 6.326074033878978, -4.284114786389664, -10.407513292188039, -1.3704286183920638
8.031405191047924, -7.599918145277559, 0.4673790103937693, -0.30586568815995374, 7.375588310939986, -11.203218200620983, -0.03598549883369362, -0.603121103751338
-8.12247819875709, 7.094797455857298, -2.919440580809251, 1.6080085637144559, 1.9514196229057745, 6.175128759835657, -12.569772401274488, -7.491608669202492
6.358261561726506, 21.379387124027957, -1.4834258888935756, 3.321501684591704, 11.659502647768875, -12.664879502024121, -23.55978835274903, -2.6319460954604397
-6.227944117081321, 13.283343760971645, -6.609852583928301, 3.3420691054478597, -7.850438468985514, 4.105094971494142, 9.180553581792388, -6.463666170067878
10.126715180338921, -6.658221353983802, 0.5908562543189826, 0.5301318249882367, 10.881344498374265, -16.900875085485165, 13.49441018865381, -0.7534547292476881
5.487655928750601, -12.130571301220922, 0.31987671922506017, 2.929845985135441, 4.163535557072369, 11.896758404803174, -4.810500203703688, -0.4586005199861424
-0.5111041087515424, 4.736807343492728, -4.736260494906562, 0.9971127562575521, -14.925405144699962, 7.17083076839508, -4.166569409379218, -7.225587680404284
-14.96852607239791, 7.936184006236125, -2.8321490444062354, 3.6290785663835865, -6.55079294015647, 13.098664924231695, 1.724883472139691, -6.987887246460283
9.155588612086774, 18.026624602825137, -3.0434613963167667, -2.779391673717334, -4.488945241836235, -20.133847311508063, -5.717614657405338, 1.3679024849232464
-7.8063910590905605, 7.085748624240993, 1.2700672683582432, 6.8337843512074485, 1.7993242510564884, -0.40746837718305673, -9.702062204260812, -6.639676862987834
6.117153078041959, 20.835216867207155, 5.881526343650781, -1.9046829720493887, -1.7011240808287256, -24.97723183566047, -5.4501009910960985, -6.246339544895029
6.333415227930799, 6.127137231037522, -5.509359123174244, 2.7015152502112034, 9.153558334484009, 3.6789010280263064, -14.519923873230674, -4.043523166430291
3.4208218587275425, 7.151685643746772, 11.780453252327828, 0.457426909815158, -8.719726957061763, -11.560649870054974, -9.306382410658019, 5.734149192882972
-15.396215621991185, 14.674252127797297, -2.7271609092323934, 2.6915551478636432, -0.4416011425043138, -6.080094285294275, -8.280566248036454, -5.777877973299764
6.235322210332451, 8.634585237308013, -5.586214458835674, 4.7644217371625235, 1.7647277332650257, 0.9725095451288777, -2.471570442065598, -2.0451855026134913
4.6518306379075565, -7.728039349090157, 0.27080549988261376, 4.891630791694584, 2.7524519580993, -1.7829636765487145, 18.7382648983796, -1.4888562086098434
-4.295967434365445, 5.39065478989725, -3.597267836941867, 2.2130537810533677, -9.93163581278111, -2.791528974981423, -1.1375682808824035, -7.6018660997175
-12.592913371752353, 4.675780122360186, -2.7349356246767003, 4.662468734710744, 2.6238347071811283, 2.749741902187112, -4.438852487204489, -8.59364940759932
4.66285576596781, 13.677140048755591, 3.469656790282504, -1.9012052873328495, -4.2369213362955795, 18.12981154428758, 3.2093935603154407, 7.369106671407597
6.089191615735665, -9.546305523599207, 0.09867368964202475, 0.16098420438214323, 11.679930020422976, -15.127822507579278, 2.5414048419770214, -1.698677475911139
-6.424845336138077, 5.51282244525581, -3.1863668597314665, -0.0860307896119501, -9.550128298903182, 6.936897324822852, -2.754189653690878, -6.786937741296586
5.921169057669527, 11.503231925461561, 4.987848587791309, -1.7131582794172473, 0.4812626475704458, -0.8281393160243233, 1.5701371060174028, 3.6215058424722173
6.309835192499016, 12.691456429739873, -4.462400454642913, 3.928402444053486, 2.6651293420790516, -8.493422616906225, -11.442572894678085, -1.3987224362080846
-7.706723505181781, 0.2012110124219344, -4.920398008068082, 6.8419588933218165, -8.347754632348241, -1.3774152194099445, -13.160580704240182, -6.83715227496579
6.21283088576014, 9.779811496136578, -4.405884835094536, 4.516043239667709, 7.372058407269771, -12.403831264712556, -14.578474916656344, -1.7809165784722731
-12.364043198867503, 7.203982368820469, 1.6358779867445135, 6.56742792348051, 7.31821860424003, 7.476147045481675, -18.2251202003223, -7.479398608822063
7.148850344166632, -5.625802838891047, 0.16498640135739626, -9.41822875661619, 10.778387130587344, 6.097348901085972, 8.448473491004812, -0.4191849185941909
5.737181503924801, 2.0289860387717873, 0.2735097817971613, 14.863196051774828, 12.669564750453063, -2.10111412684497, 3.9622856600153007, -0.5346537843525381
7.419316966684755, 6.690105486826018, -3.843395846944002, -13.740346323153167, -3.9461541922878345, -1.5170173623693595, -0.8747751877689689, 4.736518186007043
3.343141083784373, 8.27263614987657, 5.134963497724958, 0.13380386980891745, 5.55380497180483, -12.069410762195275, -0.3062316765126445, -8.4646286541725
6.3684831504392125, 6.441192495905634, -2.8686505216105256, 2.429556270035979, 9.363826294793808, -8.30616095953367, -15.676132077871138, -2.2454746422265086
6.323178520623039, 5.474112088029505, -3.1388104336330875, 3.9671483256509403, 9.278356265484742, -12.879235445179658, -7.3621797803112985, -0.16669702366267036
5.81362527299645, 18.795000417527064, 6.174296601022864, 8.201014447871684, 6.437302184841003, 3.3854483085861116, -12.102278724073082, 5.09300927979867
6.350215923781575, 3.498619132447847, -4.345923195238846, 3.3293636154815123, 12.202375077329467, 2.1402020860139874, 2.084688114537749, -1.918288433428298
7.51222708435547, -21.216628761012274, 0.17319105436095927, -6.199642086658738, 0.26813478842163185, -1.2292112092662286, 13.333536695258639, -1.4229406927091146
5.995495154423613, 3.9920980985896275, -0.007279779115136442, 7.028036324034254, 12.054082009994755, -11.77519051868089, -12.727519760107775, -1.2972980704735346
-7.597873714028597, 7.381486449164359, -0.3982016111272637, 3.914248407101102, 5.1903414089013955, -1.3130849034699126, -14.183737049450277, -9.008524770625602
6.654916580336041, 6.796715375554712, 0.021752657923574115, 1.0639204600712047, 15.032828198579633, 5.041756423358242, 5.997731748973571, -0.5396893930262838
6.222070690014717, 3.620101387779048, -3.437274161851403, 3.6340019123216476, 9.24111069753155, 1.3323235240495324, -12.369919690732374, -1.25205797974269
6.247655735644213, 5.813762400964135, -2.8773197511288675, 3.4445017730937013, 2.748148476516241, 1.2060408092561916, -16.172993022189804, -2.270968984939766
2.708057975887945, 3.7566642623586612, -4.15640608790329, 0.08735741948009323, -11.557331803094478, -0.17586333476662164, -6.027517207884035, -7.32028075246896
4.993863574409503, 13.112340249830606, 15.93533047184898, -4.361548738494013, 14.409080036502647, -18.998296831874384, 4.029193155486466, 2.741395261247115
7.265317511850213, 9.020415976343068, -4.042395240098848, -2.3072436120857747, 3.952754053287036, 5.259732259447794, -4.304582099421432, 2.96656712372066
8.970919048474482, -12.346674581073001, 0.6708381170826792, 13.202584694015204, 10.954284354320384, -14.21508842245694, 4.208334840886512, 0.1800279898913174
6.266007564140979, 12.484568107684042, -3.428839447566347, 2.692319822280999, 12.641062037144156, -3.833226179538626, -8.830286671655355, -2.2524367476015725
-13.711998345419378, 14.067928545864554, -4.488985860451937, 2.173090392524118, 1.9620703758164035, 7.916085746058637, -6.8232722041371625, -8.11608465891335
2.8677470904569775, -1.9467763501943773, 0.7236123204304612, 5.24969189798203, 3.389938449620839, -5.283849273823277, -4.057127986551967, -0.33490207337463984
5.903551003943005, 16.05699184376727, 7.615218548632461, -2.603614987075342, -1.239004202409914, 0.7943816209313601, -11.080934842820051, 3.6009547220300173
6.153643966879424, 0.4681451309193534, 0.23188213012707629, 11.88365963450184, 4.0199709217758635, -15.202510101786489, 7.78227485919683, -0.9824259202519035
3.779863316011618, 5.651190066221931, 7.534353961247736, 3.3971600070796795, -3.6546400844405547, 1.54296161063606, 0.4042576342578199, -9.212233895054785
2.8499094259611795, 2.6961928356862117, 0.40296967440175946, -0.24874772814062407, 16.288659376566493, -4.714651140264402, 2.3267237192916705, -1.4523188937678975
2.9743272697781555, -6.671345622981286, 0.5269566625357408, 15.732445337042913, 8.091616784220566, -11.396828208149966, 11.27736056485666, 0.5157704159144398
-15.747829621815306, 7.045252705178703, -2.847525714615404, 3.8822078803102107, -7.725560964831928, -2.805825845960562, 0.5919432161991587, -9.675337901448401
7.813847798592903, -10.360847494092873, 0.3129221332179108, 5.6143083261720905, 5.282867355788355, -14.827231728300934, 8.559022801877843, -0.2769101443991132
7.613059291459747, -11.612761801638234, 0.6086067684863479, -1.589481603332291, 1.8716161730942975, -14.79756011191296, -10.771368350829576, -0.07383857978105035
8.255536008425342, 11.143020924291568, 1.3408222920213757, 2.142083270553246, 4.136758797108994, -12.234660188166544, 1.194640780454649, 9.201311101532923
8.67104231524332, 1.1738437778362583, 2.551839987233068, -5.652106913555567, -0.3202397577702695, 3.088784649090451, -8.722969949989155, 8.653229882662586
5.08642529708864, -12.486644830391487, 0.5415280495334184, 8.066942356709612, 14.805959010651453, -7.801518471950119, 5.226007308009742, -0.9319932980554976
4.02797874447875, -4.668846950866475, 0.3577762063130705, 0.48684859745192366, 18.99099663719268, -3.477235616827575, -4.8612195208689, -0.18153881060870758
6.246877912969193, 7.656026304758498, -3.9814965852805573, 3.1742347431492477, -2.0084364288300494, 5.196363174637934, 0.6233402043696596, -3.343892962787586
7.419491635650261, -0.6964857579692127, -0.07540029592546399, 16.422626100425507, 4.816060334435731, -12.116101953553223, 10.391369882981476, -0.13405328079243872
4.119881272156651, 2.6656572429249277, 2.58054707987424, -2.5539395308249526, -4.106656730237906, -8.901440819130006, -11.419810641304085, 8.809273663623024
-5.3654765687421335, 9.179764263582737, -2.3421093688359256, 8.796054857481604, -0.8813837108616613, -4.7313989189534045, -5.869526288245684, -5.662403594288268
6.33295768577929, 10.26834904241409, -3.94164747709788, 2.126271307349903, 7.488670974943187, 1.7320489109937585, -2.155976033733219, -2.1847855311851028
4.177186387770174, -5.905454894088967, 0.5427771025377902, 11.30485711581677, 15.245396374574941, -8.345154517534635, 4.484447473507255, -1.1848928826756144
4.737863737421644, -1.5814095478842614, 0.1649333467674559, 15.52816852495158, 7.833353440238418, -13.244313779596913, -0.45518697163457933, -0.34794169307753264
7.35409658567735, 6.1070185339679375, -0.1444760639513838, 0.018233212047712888, 5.8780947545254625, -10.96155349222202, 2.984272594538046, -0.6165707682983594
6.193167742627151, 10.231102716060118, -2.925585719235774, 4.641374135085417, -2.762088744467329, -15.190063408312895, -9.427009490592404, -1.5902330236172908
9.135241404044304, -11.773270810466865, 0.7725032521335629, 6.317516623849593, 8.08777938971636, -15.096878887905799, 2.059041957269712, -0.6998057696924227
7.3006373479993885, -7.661576298892987, 0.8188813117480327, 2.7296440435580043, 5.279419627322644, -4.3250251315430015, -2.7621791929283264, -0.10625416990145198
7.146815336932063, -17.387260733273166, 0.37136902458526255, 5.717786402599534, 10.689802185087753, 8.130864032079396, 7.42178524428125, -1.1006846003410595
6.963309722347172, -1.6769108093246476, 8.38368670270607, 3.414507776208099, 5.958528463703581, -2.5946687441230125, -11.05345424962238, -13.860811154688024
2.8930431381711874, -17.48647635890144, -0.04531332022700146, -0.409035770925966, 14.147059824444987, -3.8684316095385576, 3.6854986143817743, -1.4488953879237851
6.268780091945846, 0.9787309933860033, -1.6121693556895464, 4.7579424022843515, -3.565855241141387, -9.635198550333183, -11.654715921030252, -2.316989463066854
6.271120046569742, 16.849711639464537, -4.652571745705389, -1.4648503193401725, 3.634571361324385, -3.1966135120302415, -7.774520443394901, -2.3986671851294714
7.074251948605772, 1.788757187219388, -3.385781066138085, 4.122764082531662, 1.4627559533375973, -8.310764728066477, -7.374003957044692, 8.65649018294367
6.350603055204355, 9.155311981548095, -4.118958901917332, 3.8900785350770946, 0.030086079275379873, -8.757023643672623, -10.81526173138407, -3.1753200613905044
6.288941660935837, 13.055230103042362, -5.687111818134211, 4.195958868698813, 4.484752466926742, -7.803122651588675, -3.0550683229543085, 0.38693903727643697
5.173704425566036, -11.007498462002154, 0.4587634825802969, 10.27660036138745, 6.539083574043696, -16.33293963388325, -2.531373329692596, -1.3271686274432333
6.26623222980345, 12.135275601750601, -4.611428913081643, 5.611775203084756, -1.6063030954085038, -6.168010330672159, -4.51484821708763, -1.3612281827736163
8.052064416743454, 14.92253018574481, 11.481508053726298, 2.201573863062501, 4.491303457947596, 1.3344923835411917, -1.4832803025549905, 0.56988448731499
6.126563627695736, 2.94651780993334, 0.06992523826208003, 8.424668367802306, 1.449138461522466, -13.073762572579934, -0.18492325847093127, -1.0152656181006725
7.703436445703665, 9.721050764005337, 3.4709849690219388, -4.158436262289552, -8.650137617791048, -2.6726652662977775, -11.522301466924821, -8.812955429002454
6.266230169369223, 7.475515183404492, -3.0049462098560147, 3.182363029378099, 2.2664085198546133, -5.721634718054361, 7.401023892559887, -1.3016282027664015
6.296246221556233, 12.81269886630702, -4.640300098988021, 4.189763463551378, 12.739544375905636, -1.7166886523526883, -14.319458222193166, -1.4226267896578682
9.101172363919012, -7.475020263196691, -0.08574558943146049, -7.256251908472262, 8.466826612005365, -9.166215729939239, -3.2289397562978115, -0.07731303711207305
-11.77966705378109, 0.04218621764418362, -3.8719448602925115, 2.157181603256258, 7.757239246376585, 7.988277396170872, 0.813494389177178, -6.536223883188345
-5.550595140795385, 5.336371530344552, 0.2286294217977929, 4.977576533030099, -3.2575405974323557, 7.248839242630195, -2.6944637751645266, -8.259208244225345
6.035728516686761, 16.57127226555403, -5.516360028943815, -3.6480971523253585, -1.7812525617754846, -9.348219732154313, -18.03293495137098, -10.98738996862309
-10.412486821169647, 14.07498998947215, -2.7558513617621365, 3.4907671563652833, 8.137565903067847, 12.024078937757839, -8.084973034340818, -7.240162068264233
-14.033452546345462, 10.640428851959157, -5.096495175139472, 1.8593812679020367, -2.084640315985468, -7.45469973570661, -5.84876931611408, -7.264657610634776
-9.628332779707586, 10.357494915022723, -0.8538095935427408, 3.0276674826058696, -7.461796652484414, -6.332709083810638, -22.61803035300313, -7.556304924347295
6.221297821607106, 12.11852468859658, -3.2522778019976735, 2.942020355551975, 2.1476636338345028, 1.8376339088045617, 5.126706511866394, -3.0186767813811066
3.0791865398168703, -3.6038815910117257, 0.31806727280168234, 11.289896840807486, 10.338714706428547, -7.8555048731836985, 22.135938042737596, -1.98199062304761
6.16286683820637, 2.3971980502006183, -3.511821671946826, 2.762451961764871, 17.384457659375055, -6.68028001754001, -8.360252276220443, -2.3785226112037283
6.228797160724012, -0.3462234705203926, -4.935731255829778, 3.23936264447089, 1.8788131357503248, -11.595681050992404, -5.52452050920033, -1.0770098767847955
8.037376011019171, -3.314037559666232, 0.4292556720277876, 10.156552407488274, 4.855359520154894, -11.240244024117722, 7.455440553952784, -0.8341376977854607
7.511948873539003, -17.015641166975882, 0.4017072465759952, -5.220175362243101, 5.374804808210639, -11.498449460352091, -17.422095197849544, 1.531508113865439
-15.434266690987709, 6.116670888245035, -0.42561403422145405, 1.415357377309295, -5.465899333216727, 5.551359252099521, -18.91698745125685, -7.087540076522762
7.314072420479124, 9.592731174376095, -0.5490372400524439, -0.9048300473458196, 0.36186441824728227, -7.0485395005378475, -9.47804306962524, 1.662934909096748
6.238732314651322, 8.219126816584128, -4.734312658918589, 3.679079858188207, 11.0255381216239, -4.3694389260399955, -3.2548070412077954, -1.0507569903550897
-2.6660897140780557, 7.518500618907531, -3.143991685174746, 3.639808386454325, 14.210188747613909, 3.564149526341971, 1.0282405570552209, -6.116038673495704
6.213510536636653, 2.877325924580508, -2.343015302133044, 3.263631913258195, -4.683246491978885, -2.2892024718434456, -1.6592978932581421, -1.8339219463386156
4.780915872822614, 12.51993678867559, 9.78638071583765, 8.177386045993375, 1.4136929712745867, 5.927385729130286, -7.8051429341458505, 12.118002335621524
5.289160535782855, -10.483552788659546, 0.2115089401008691, 15.458270654506016, 7.54313257916018, -10.538897271494562, 0.38182363027490496, 0.04431300049668585
6.286353101242193, 10.502726905581596, -1.5873609883256763, 4.494241857745083, 1.7397088421277584, -5.593652904756553, -20.740325870112294, -1.9006820984560877
10.298312233178743, 7.9231068418932376, 6.240733841585506, 7.317115678968651, 1.4656870329874314, 4.403221018970672, -8.466013703730024, 0.9377860511830922
6.25852902624971, 4.6916403166346266, -3.55755787904672, 4.995349602766098, 8.371654529169305, -11.202884554792572, 3.0367912665676657, -2.5102213659952604
4.651925545853424, -10.54952361013729, 0.15049371024979846, 6.8359975886009225, 12.345606878792482, -1.9728932606768046, -6.877723003103823, -0.2016782830529108
3.6699719433886036, 16.998423479032066, 7.552377501558791, 0.9306665723807224, -2.343129709533503, -5.103297111312714, -6.232776820413066, 7.188505586427357
6.239189158187986, -2.8572365492224527, -2.587912504384003, 4.8238526085051925, 1.0115384561473362, 7.657981275718491, -11.11037380902258, -1.9395947723026024
6.299799655106099, 21.280395218873416, -4.972665292584676, 3.4221493400500713, 12.935343221704278, -4.692695385679656, -6.6912049931620246, -1.7419739681083273
8.344021461513002, 0.3651050301472685, 0.3339445708389089, 6.426304324825843, 20.186726583079817, -20.098271407316616, 14.688940271160075, -1.4815096384481508
7.811933894369461, -16.26757501878212, 0.17317345284606228, -4.726558293929067, 10.298780664392163, -17.311460001576105, 14.683742138199705, -1.4218167747092942
10.395480228507205, 9.447155168029418, 3.618962926433379, -5.098411190761171, -4.6253031347820395, -18.825339708726396, -5.050020762941818, 9.146970658324804
-7.012728939662647, 7.418004036254139, -0.5198853782615109, 3.723627216527752, -0.7720205584942952, 0.22205426337035106, -5.847778404065214, -7.527424350881152
6.378272179008159, 16.146035715014076, -3.449330746011827, 3.2720080668469036, 4.167102940328744, -1.7094900508828355, -36.57842775672359, -0.8455954489954454
4.561313407570422, -9.733163957781706, -0.10857221388119209, 3.0326658834046567, 7.620409896092569, -13.143996438273419, 4.8218030216686065, -0.5300170650582585
-7.481190400293677, 12.418812240679275, -0.5352581588034648, 4.220424297062857, 6.829215814201332, 11.705003282704874, -10.738172221533745, -8.657474170454897
-16.142764270366364, 5.9093884534631815, -2.865814867212461, 2.2156789446767413, -4.804050029554249, 1.2515600596097354, -5.757975719475156, -7.062176842569358
6.28505136581508, 5.052319574222485, -4.5294137974651365, 2.6724486321628715, 19.57589988159507, -16.97025572437617, -6.656552947321615, -2.60406425839169
6.175646077085912, 13.118039163450513, -4.45935070735503, 4.5584144859268045, 11.70276940548742, -0.9355983135116408, -18.06645244284965, -2.4475160107637928
6.216686482814719, 13.753649643744263, -4.610250244397655, 3.6415286774753026, 3.309150478859637, 0.6981562151672502, -13.675690719114538, -3.2832916120681834
-0.1560906432250686, 6.772475493769512, -7.239326263137138, 2.9951854569975684, -9.546887422885241, 12.650610428475108, -8.637907342534703, -7.83835466938252
6.296439223416163, 13.073020760184443, -2.6920674452971234, 2.9321622854719314, 6.912910892980977, 6.681223444220475, 10.676713354946227, -1.3776000725275641
-7.893932021674601, 8.607753696074742, -3.434806809127716, 6.483012435384133, 7.839425837485932, -1.6925471647430403, 2.612211941817523, -6.238420995168722
6.289220362676616, 10.200681349875026, -3.162712405499657, 3.4086510986457923, -2.7458197023557442, -7.939212040944889, -6.782517939755653, -1.4878188843248386
4.861440956567879, 9.152302485539671, 0.15217657354939557, 5.229166889214458, 8.04278854605414, -1.5052642977952075, 4.400024427470283, -0.8134929198438056
-9.384879251769856, 6.30630126296008, -0.9672822986526497, 6.085750319963659, 2.055382203938543, 8.307595257829577, -10.286139175269188, -7.93396925230194
-15.515918338796062, 8.967819297218984, -4.422565294638014, -1.5267340172654675, -2.0244311657630716, 4.92659922503075, -4.65924892372191, -4.884865365899481
-7.853431465967473, 1.725605671599756, -7.365528934558661, 6.278401244055633, -1.616209415478339, -5.3467553108672154, -5.160336190250066, -8.029452023701326
6.275369293840851, 11.924950083562415, -2.625837007227041, 2.8376162497848996, -2.6677664322986407, -10.537524995830687, -17.09501344253188, -1.7571152892190014
-3.754338396297004, 4.13788319213954, -5.367779745232378, 5.98306509166445, 4.736037871741878, -0.42985830759001575, -15.908003633073058, -8.254607992894936
7.352692888973487, 3.4829709808300855, 7.017211871603328, -4.766328293217399, 1.67188491807116, 8.543180372358263, -4.761321922382703, 7.125509038916976
6.412678958600582, 2.5755560902549774, -3.3431506232420842, 2.972909522641973, 6.2339019900369115, -4.295645675449046, 5.880292003224382, -2.296112772623142
-11.299274418119428, 11.145547961680771, -4.607381357610284, 1.709183602305823, -4.326947641781908, 4.898236881702578, -13.473576801934263, -8.221168236489584
7.82489503358806, 5.535737402713542, -3.7276247633015895, -12.08602951194864, -2.5934379856267493, -11.929285698823762, -6.234126354451837, -4.248755161424719
6.325620005080198, 14.96058920028261, -2.3914027653016023, 6.094953968082197, -6.240378208813187, -7.455162734502019, -13.195264651235728, -2.404654482403808
5.872382028363607, -1.1507724398562704, 9.161363323805393, -3.079397908510869, 3.0507680273538487, -17.444481723118923, -13.733841377619509, 6.630726999549523
5.7000068601925005, 0.5510093781917726, 2.9864221057183373, -1.2977992887265672, 7.105959137485042, -8.249000935401359, -17.84160222763366, 10.710493881737177
-3.6815434805099665, 13.81062608451426, -4.36341908334584, 9.041007671445522, 6.946496638789329, 5.295220322296767, 0.4591982862690589, -6.219390489605434
5.3217809609846345, -3.1113857551798505, 0.6162870056304068, 3.340427241820864, 8.652213488408576, -11.971085577940654, 4.009479694747825, -1.8650559495496568
9.070950122231224, 1.4625277585082488, 0.2964252511116703, -9.510702766256413, 8.374050234541482, 9.988344296735963, -9.06232192967059, -10.35285973437244
7.963156820742999, 18.460247269367372, 2.4668927968813668, -2.381771061540489, -2.047467121270316, -5.891680261450319, 0.7406485251000383, 5.66652732575825
-5.646121142208815, -0.43849679311113654, -2.546150660298083, 5.33264078975748, -1.2406626110016394, -0.5878075441727464, -12.846602116889484, -6.315323499048672
4.029219288324068, -5.826408050149459, 0.5904274237766272, 7.637674351831331, 12.46899167407663, -5.094183631390418, 5.186146806241265, 0.043096066837741365
2.0045129632909404, 3.0069703130873258, 0.10931736967980718, 25.21859113206939, 14.539183171973303, -9.14261793553019, -3.371136484803417, -1.0342840756653022
-9.62739387828007, 2.613558483952321, -2.881994346043548, 2.88742501712001, 6.838287739558085, -3.5327694609319282, -2.3057059822973165, -9.179701459586097
6.228997839886314, 8.269130288996637, -4.924650396947536, 4.268797895559826, 1.7783268024536683, -4.066522348166144, -5.676547662251682, -2.0611055572978914
-9.792999564445738, 9.915903423852372, -3.142947928620358, 2.7920799219199273, -5.109745669098844, -8.426402107778772, -2.581070526900044, -8.188417511985417
-9.085780594087908, 3.211865703410287, -6.264323567646898, -0.4433159330700338, -0.36933148566422913, 2.3640640251448004, -5.735072875889099, -7.732981000295505
-5.7735609758118835, 7.481629625471804, -0.40638287004667495, 4.266377341131395, 13.811070001764241, 4.558924785630164, -6.551597035640297, -6.121406063823328
-10.373916045046018, -1.0507716976448034, -1.8119251769265547, 0.5893365351348807, 6.5422470718559325, 0.8610612440179626, -3.9667434409891795, -7.5482250228136865
6.445107853257487, 5.885471527433571, -2.101298922717862, 2.7885051894881894, -0.12611428545782033, -4.342036530693789, -4.438347494950026, -0.8579157745589712
5.9561326783620245, -0.12649234761719086, 0.3001582298585222, 6.6691252642559675, 10.626986687600285, -5.34604135112777, 7.5922678869829845, -1.4297495834464922
6.534452393632953, 9.804759769733389, -2.6844078204263475, 0.09255869206280165, 1.0906242215156723, 2.8844943908307634, -5.738597925710153, 17.463653729662155
6.308001046560359, 2.508211696707532, -4.016339990976377, 3.70700367860486, 9.64707220639741, -7.513940223846352, -1.0900939053584349, -1.8265219258827576
9.965939009903062, 3.578471796295963, 0.10796899155662276, -3.3551350371086492, 8.569391513957786, -13.106733890798601, -5.5245649428240995, -1.0580197754314498
1.9489102543781192, -11.154893687012564, 0.094755063042398, 1.01643614220279, 9.962236839054976, -21.495814971262035, 3.7411818201348477, -1.0404641882935441
4.189120642654769, 12.073655362365049, 13.699342176701828, -3.633210534882337, 1.0628629489097072, -4.16481274766304, -13.333232791079917, -7.4446572518770235
7.216670308905795, 12.634709298310838, 17.230708752693406, 0.7742247798704698, 1.2930238759610027, -4.697897723665795, -4.1905161812281, 2.2152634230531594
8.94392454288961, 17.759191302036676, -0.8722882790452378, -2.61630884713891, 3.6032430482381987, -10.020359191519127, -15.039209713015241, 15.604341351478304
4.264401544911765, -8.822346151914314, 0.0557191578421983, -13.344938314219455, 13.827439739105689, -16.650953753392905, 3.256026819844505, -0.7465923179921524
5.401119605971477, -15.792979354450674, 0.1557935957347298, 2.832913245006506, 8.304531985887543, -17.418330772382276, 9.201876424734373, -1.5630110446637633
8.425004252036192, -4.4291999922338015, 3.986086980244262, -9.48537803595154, 2.075738788168932, -13.432578540285997, -3.5182911477146073, 6.6778166270057815
6.361459504700335, 13.062430760045288, -2.5131398025257985, 4.1268891873771025, 6.466848071267709, -8.03448880314385, 14.339396863768911, -2.6922910609318498
8.383031791604482, 1.5581177950797374, 9.78214804441189, 1.1202864857718717, -4.140555212518457, -14.302110562764206, -16.571186052618675, -2.850526728006285
-21.87923191381073, 17.290330167921848, -1.8797870916378019, 0.9504223000837038, 1.426913026369295, -1.5218597616353424, -7.143626005267777, -6.530228103581711
7.065414749165921, -2.618920877284635, 0.518111475672385, 10.412094775720455, 10.691068977142882, -10.875020261066803, -3.056113639497017, -1.3570345125029557
5.455653729632425, 5.561196852565106, -0.4350170472564807, 0.08344455922199856, 3.9225193784288255, 6.378438655766928, -5.394574397819703, -3.819279632151286
6.211631507093366, 14.73988001853472, -4.0961172857339525, 2.612263092380881, 0.03827397152464673, -13.754133062193658, -13.442436867273756, -2.9359158882474627
6.266656605450305, 13.634418254040263, -3.871151132629328, 3.6429056825178803, 12.370184319596293, -14.82091042938038, -4.818039831187461, -1.8913381617560185
11.914551254861946, 2.2933824435298016, 4.7648525731029165, -4.365023609435553, 2.59948207072946, -0.759340383827805, -1.526139651707183, -8.266110006067777
-9.695073619211081, 9.219037499879333, -4.063981953574847, 5.521117920767477, -4.804912277331801, 0.4466974052000581, -2.9374283344355807, -8.608438759082512
5.791532526511946, -16.088580235822377, 0.35574318190678034, 11.351598650174727, 11.888449095920414, 8.161842392158745, 7.057890545925233, -0.6752824250863128
8.520498852572533, 3.088741275795183, 0.032073819602165377, 13.70457784861155, 7.489083046488046, -5.5997850065142405, -6.810975632071475, -1.2692684217849461
-12.825969659603286, 7.982131699150111, -4.944787895834116, 1.4758500852747871, -17.77416937221406, 7.101023640881347, 0.7493648805810427, -8.600157645746659
6.403836012943749, 8.152026880974791, -2.7853449448962175, 2.9170833536126937, 2.4930535026627734, -5.468071924728006, 1.4530799330487811, -2.134873570019735
7.180972564233986, 2.624267447327445, -0.6503170222398538, -8.365603694129888, 8.811104842972705, -14.843724785468483, -18.926422046603463, 11.748841498039779
6.315343264099485, 4.9565875024966175, -4.014534634300113, 4.494568154161993, 1.9141323856775134, -8.812437075523494, 6.80433266300543, -1.7897612544669044
7.385260198623258, -7.556514096950794, 0.3547469435587302, 3.8625104896670663, 8.58803509727326, -19.290780055117473, -3.970923968899477, -1.0051894666039956
6.745532407761829, -3.7821419648093872, 8.60171016673291, 1.292116414817567, -0.983164629907398, -7.931723385669842, -12.218343694279888, 9.221484161065586
0.5702150871222305, -12.1023334237521, 0.266296523334031, -0.4985884295389216, 3.4801011409880607, -5.802102224870566, 15.679195251018898, -0.3077120557211861
6.24917489293212, 16.85761080840151, -2.713143144595083, 3.6588173490705738, -1.897608950784658, 0.47992558982875666, -18.923846719870056, -2.249791261107054
7.1306095432045975, 30.050178292087068, 2.320440631634123, -10.304024387685589, -3.415709214373062, -17.98453721621914, 7.467146747997825, 6.981903388836148
-9.86803791914082, 14.512993122543623, -2.5543588252898637, 3.124126434631631, 0.5202779898530703, 4.266093983383244, -11.491264987470569, -4.760512616257612
6.1898998971889325, 3.385604277974781, -3.4404837940653454, 2.4700090612709147, 1.6946917811633249, -6.607549235382923, -17.503625486231662, -3.2427507724867293
7.875661458708129, -3.1105823780928663, 1.5032206061171651, -1.336232206341822, -0.36932996905365123, -1.9804493032423558, 0.651809593421361, -3.637175781701899
-5.842308060531564, 3.9297085793392577, -4.258950606245747, 3.596058092859841, -9.680557819245003, 2.2075140836436553, -7.484747987370855, -7.9218713279808215
6.459295364552468, 11.563689290151874, -2.059063371570929, 2.496092739151645, -5.342089059494333, -24.81618030808548, -16.395473456870548, -10.373865267541435
5.557538257700963, 11.10757271401093, -2.5081283901145595, 4.013443637891666, -0.019021638279199116, -2.0339575863555104, -14.427208923596224, -2.1643342154585508
6.336306448367519, 8.847507058550825, -3.9755705006419335, 3.541229572002474, 2.2664876092889177, -6.557410517013853, -7.4538695411131, -2.236402130195577
0.9953939574509718, 9.180406191251322, -6.271650875234359, 1.5891055769688744, 0.04706329882948568, -0.3847372322005682, 1.8104944281600401, -6.841795854409915
-20.395422530833294, 14.663549178758409, 3.1923509878436898, 4.422601685137019, -16.160330180602276, -2.163042047653556, -5.3455575936647834, -10.28065018694249
6.319439162212955, 6.490412395748436, -3.4537997574861423, 5.169410942587061, -2.698509517620143, -3.3518012774440433, -12.739145063656798, -3.8634049862810156
-7.9167730557169165, 5.00108815416262, -1.1221766519206073, 4.361613481888686, -11.372200847830513, 2.9605979033761614, -8.614268212487818, -8.76504003560463
-9.055498701883698, 5.664203593886097, -3.7013486710148777, 3.8227645605254787, 5.243122529175948, 2.256875598907599, -1.5555775477970455, -7.682955540648701
-18.410864796086827, 5.036526863837551, -3.6585066300956535, 1.0287626671979377, -5.441325322378622, 6.123400202624276, -6.648614315534646, -7.698518209525359
7.96300456869994, 7.21963600609496, 9.476437213430188, 0.8534075775315166, 2.047694520840758, -4.765677241704523, 1.2759259317343483, 5.955921669802533
7.395963425270785, 16.102817096281395, 6.912059395121818, 0.014063644109669982, -6.255102659060056, -3.195351366290871, -0.5170833967103672, -5.041974824220031
-1.779036579412427, 21.451314623692383, -1.7903316927935902, 3.4924564666315545, 6.069634160401929, 8.930110937257325, -5.893014332674989, -7.351219757488112
-14.303563879371481, 12.469096690520972, -3.6427917385983344, 8.486897847971427, -11.332928743455739, -4.6222050820282385, 3.109823768974028, -6.977115285532141
6.657665256734796, -14.214306004862602, 0.11239420137195177, 22.07134561273957, 5.340431414436132, -11.21965994752323, 11.631977171189757, -1.0747453542920664
3.40267522236962, 1.035963959949207, 0.5393279761635681, 6.742726070139856, 6.793903737520598, -14.335826060459823, 10.295146551402041, -0.5562725546734634
6.316868824847549, 8.617708601795666, -5.486021941032721, 5.052046067905707, -1.5598389163585367, 9.478479412237228, -11.361807356706237, -0.9257391142935096
6.262820679006879, 2.2473444478180786, -6.500279156683845, 3.915449274065706, 5.9892834036120215, -2.809066477837641, -3.8036078214890665, -2.30078373932251
-16.151333511717258, 12.291320834962342, -2.173279128201968, 4.158338086759302, -9.850288084389932, 4.652435979930238, -7.36668722634959, -9.73074363143175
7.42403813678764, -2.5116733634444515, 0.20775365771138876, -1.9917116683055127, 8.221460158903152, -13.572863558667038, 19.994472229665206, -1.0401919029070945
6.275745441116857, 4.739218073481708, -6.250147788485691, 4.1511100349235015, 5.565315046149941, -6.681622852286589, -15.380505822832816, -1.514749982962506
6.319122808761713, 12.119487259060344, -4.047334191887849, 2.531625733892347, 7.250664672677415, 8.333212973266258, -2.136352312999653, -2.3019033124424255
7.802405393468167, 11.473241908450534, 0.5069083480384977, 0.291775746470063, -0.3409734763462998, 5.361778344097587, -13.25447532110401, 4.140329925908608
6.242700110312228, 11.318676500082073, -3.130467309113647, 2.593106099450379, 8.914863893594822, -4.703530236410526, -13.946942901109995, -3.079099709234204
5.781804388819696, -1.2791887215037967, 1.5720832373464457, 2.595321091881587, 1.8267180724266106, 4.650146241813923, -4.950376885612916, -0.09558731793925412
9.99444491083665, -3.722107387560616, -1.3070143379071775, -0.8085750469276404, -0.482637147884007, -0.4440431778114755, -8.946247775931457, 3.88009045580322
-3.76497978078035, 8.480356242768206, -2.720540174143392, 4.868966353177889, -8.041591490035923, -0.7741884133307377, -7.81259445438188, -9.091138543022895
-6.738277952700848, 5.820261581911583, 1.4764706863260342, 1.897413320176582, 2.728833151206344, 15.335958536789022, 0.2839177190277713, -8.405003927450803
-7.805570088967828, 0.9604777392674597, 0.16738771820592557, 4.286941822192125, -8.46892252791913, 0.23934916923653016, -5.57282181328636, -6.042397319575571
6.344098766696709, -14.713014496432182, 0.39840615906611965, 6.88429419752758, 12.541758633807383, -7.9258363904647435, 1.1135847719507153, -0.30808672700253564
-12.61855755565497, 11.925048331845122, -6.548611573880321, 3.071536845098934, 5.630650123171862, 9.960639852945873, -14.583644304602153, -8.460922789803082
-8.29462594585109, 15.017235398715695, -3.7260718674622813, 2.3201907963151998, -0.46203883037756377, -0.5148431491334469, 4.484264182044203, -8.803717247892576
10.537161171662824, -13.053636336399702, 0.09755008382355848, 13.11745586590562, 9.349155550065001, -16.39602957323737, 12.34940200018602, -1.4559818052541926
3.4646366175890146, -4.384559479199334, 0.19218775815106565, 3.790326544392613, 4.565722783440371, -6.899629841832864, 1.7119857274554655, -1.2073206087630968
10.975155489075169, 5.068383644632111, 11.569373095335104, 0.09426654257844191, 1.2841070517850708, -14.263879660641166, -13.211972392672159, -3.022389630712386
7.207985288126273, 3.215049139679122, 3.3652571840769943, -1.726845109719889, 11.077191025221998, -1.9611818398320637, 7.2129803468517295, 0.7412278347656716
6.1680554074735285, 6.767196029435469, -3.986914256759099, 3.804452438872221, 1.7862204731713538, 1.8823797726394824, -30.462430163940414, -2.3842325582747512
6.253306561469062, 2.786592813553666, 0.21466426255719306, 15.003381563182252, 2.9560455499525045, -9.312079507286349, 8.646292991832464, -0.8030082674533073
6.371618688393709, 5.068851611658069, -3.918719694034765, 4.0668771621619495, 7.809198429291672, -4.323142908993075, -20.489561758906575, -1.7839640427907189
6.238317107996617, 7.460112582633041, -2.630759753044755, 4.202406716550756, 3.70574505465224, -7.8298660062297625, -2.9256236046486928, -2.432305911858158
