0,1.0618558518496966
1,0.9873232186184585
2,1.0748020185879623
3,1.1179779500654379
4,0.9946459913287747
5,1.1819927465828581
6,1.1087769209140956
7,0.9741038685868325
8,1.0677520796621773
9,0.9828973703915107
10,1.0148225224443006
11,1.1383881600684722
12,1.0190730070904264
13,1.0623789860376596
14,1.0420570258017285
15,1.0428301640784001
16,0.9782561862207441
17,0.9758164484211019
18,1.0410703492291873
19,1.2238563909214557
20,1.0062331294508433
21,1.0486306935196206
22,1.0252477162238682
23,0.9567869163632718
24,0.9681757389234109
25,1.1549619326395248
26,1.1287240202333273
27,0.9649639074822793
28,1.0092334814662665
29,1.0172572271727658
30,1.2357182514633054
31,1.0957907177505797
32,1.0823002134450497
33,1.1936000900448014
34,1.0818516113055887
35,1.091851340376875
36,1.1717391824532108
37,1.0065869880026272
38,1.3350965487853073
39,0.9974389452726586
40,1.1363451260906767
41,1.0659820589232523
42,0.9634891953760057
43,1.1343647231462484
44,1.0243912930391943
45,1.0376738753265173
46,1.2935482235681024
47,1.0365089876339124
48,1.0387889837749438
49,1.015186592428055
50,0.9787988829025611
51,1.0536636709186458
52,0.99638743515573
53,1.0971160902259052
54,1.1719437669116586
55,1.0239226852156686
56,1.1369842430839385
57,0.9870017482137385
58,0.9921358995232845
59,0.9708534023816221
60,1.1001948697503061
61,0.9761312766442176
62,1.3109487347020496
63,0.9929398798462972
64,1.0067894896570726
65,1.0539702067035348
66,0.9747180740157105
67,0.9827544608819051
68,1.009824034454462
69,1.3410252142989103
70,0.9942412700522656
71,1.0840651406631503
72,0.9798073474098993
73,1.0473035413559817
74,0.9578821801099313
75,1.065610202681809
76,1.036180690011641
77,1.0090939309631222
78,0.9976290125387408
79,1.0837667542108766
80,1.0688232601823708
81,1.051242335088859
82,1.0896935176197071
83,1.023649804658655
84,1.0744006746255934
85,1.0665913000792413
86,1.027554689320718
87,0.9762960471833007
88,1.0730023142128857
89,1.0485266069834678
90,0.9722651986833832
91,0.9736278930553339
92,1.0421463608525885
93,1.0309237936524185
94,0.9634292333313879
95,1.0054856736796585
96,1.0488748917772104
97,0.9946942074022755
98,1.2243402067487432
99,1.103947187177523
100,1.1146124389907723
101,0.9771444068483439
102,0.9905084128520126
103,0.9722390617626102
104,0.9700989522571442
105,0.9703308626429958
106,1.0565423852539224
107,0.9671810209900049
108,1.081097721876152
109,0.9672981106111173
110,1.043337323820412
111,0.9776289583211373
112,1.0029554822210376
113,1.0393374940269886
114,1.067193437443581
115,1.0174226135090467
116,1.1205234517798508
117,1.0824949646472886
118,1.0619765079789656
119,1.1092378134133252
120,0.9851289493737714
121,1.1715816894544124
122,0.9942864365209045
123,0.9682471611894673
124,1.0262378024565928
125,1.2680811240057779
126,1.0952564150348594
127,0.9793484021751302
128,0.9743608461350275
129,1.005902826134426
130,0.9596811180465199
131,1.2163356843786504
132,1.0709008852703819
133,1.024729319438983
134,1.0115755361790415
135,0.9690237436461783
136,1.0414411993530461
137,1.07308607304313
138,1.0120760650392284
139,1.0579381525247666
140,1.1668505924403392
141,1.20373555078023
142,1.165128688194912
143,0.9965359930913626
144,1.434596733920912
145,1.0294859167373223
146,1.0544535486013515
147,1.0469714819799225
148,1.0884888448066985
149,1.0366151924399711
150,0.9777558764803178
151,1.062870304887577
152,1.0873914476360034
153,1.0041446205757767
154,0.9743697549594134
155,0.9716248525807557
156,1.0276003986165916
157,1.0437589150514177
158,1.0120868619104952
159,1.0233347648033826
160,0.9947413821103537
161,1.110321598423015
162,0.9671841999975455
163,1.0431088142594387
164,1.0942353646601015
165,1.022191844762486
166,1.1528359447191778
167,1.1066672933911903
168,1.0177505455817504
169,1.0005321268197145
170,1.2031817078948595
171,1.0700082048813992
172,0.9968834971549568
173,1.027598222046651
174,1.2705096806468261
175,1.0163585712930479
176,0.962228790157034
177,1.0418170667935922
178,1.0210930789321424
179,1.0259466236496408
180,1.0240702306208747
181,0.9578995705713131
182,1.0072897815216895
183,1.1717012328531042
184,0.9644173210024076
185,0.9845957567277613
186,1.0948787149356651
187,1.1360828794477036
188,1.1707079258280282
189,1.2072634701611786
190,1.1954056737765257
191,1.112732262443667
192,1.1013177828249485
193,1.084687223256579
194,1.130692035919075
195,1.1217577867521558
196,0.991929427774545
197,0.9778724406960082
198,1.0270848025811836
199,1.0148610680260433
200,1.011145590326295
201,1.0372402067078492
202,1.2340049098673092
203,0.9664933477782927
204,1.1641017247576257
205,0.9636610989587362
206,1.241692366184015
207,0.9645566881608114
208,1.0388341775582968
209,1.1135113206636844
210,1.1283197091545443
211,1.0376074298226627
212,1.647577862509593
213,1.0257525389322169
214,0.9943140123772745
215,0.9785108431631229
216,1.0293378504626705
217,1.3080722673282965
218,0.9784537912260688
219,0.965194109716598
220,0.9617034905858212
221,1.227139546122002
222,0.9681241447840886
223,1.0477818565964214
224,1.0110983688396038
225,1.0612085705800638
226,1.0216171406921273
227,1.0459448700735918
228,1.0570139329724448
229,1.142572765050783
230,1.2180636923669304
231,1.0290389678350276
232,1.0016951249491022
233,0.9573046189757687
234,1.0663393690952145
235,1.133387582052104
236,0.9824283034523024
237,1.0036120964308806
238,1.0183075899089435
239,0.9864847374349175
240,0.9814384660180713
241,1.0045195900307986
242,1.0088705195164305
243,1.062026787770072
244,1.0327249244734116
245,1.065294996696442
246,1.075438092153305
247,1.0419988866796586
248,1.1443039208620993
249,0.9851407839259062
250,1.0971787426087634
251,1.0110816408030516
252,1.198537628919861
253,1.0441415727485697
254,1.0264797617997847
255,0.9598531967192228
