0,0.04407420599321691
1,0.054354250414050065
2,0.04389274623566505
3,0.04583334629711656
4,0.05279096671919317
5,0.040333701865712536
6,0.04333766321752448
7,0.05525044307342248
8,0.04431019411364249
9,0.05407352103457634
10,0.04752324372559391
11,0.04128083930906316
12,0.049106291659066506
13,0.04581860925573777
14,0.04792654846265103
15,0.046242852564643736
16,0.05485061778894389
17,0.054985431442067814
18,0.04712592474041557
19,0.04160314471540398
20,0.05046908564546247
21,0.049034226080590514
22,0.050901437974645455
23,0.05585030762821674
24,0.05608304318855427
25,0.04425647389233247
26,0.04264558436878323
27,0.056007615733913295
28,0.049276472688497705
29,0.04742461066233724
30,0.04166578655610398
31,0.04439789846644441
32,0.0440162819175874
33,0.04194925551594785
34,0.04522339675668599
35,0.04272873987017094
36,0.044027432962983136
37,0.04839383570762563
38,0.03805310816617945
39,0.05315261689851092
40,0.04488559580847934
41,0.04463878796170075
42,0.05614329045311986
43,0.042318294242851356
44,0.048284172536008495
45,0.04574326729941039
46,0.03883628317838692
47,0.046792705597262965
48,0.046096423489739656
49,0.051566575661475725
50,0.05508949359634196
51,0.04629858177782426
52,0.05382372991038521
53,0.0440131137845505
54,0.042249264158650386
55,0.04964648867498967
56,0.04594200501085616
57,0.0538808404182216
58,0.05385742509920852
59,0.055465931122049596
60,0.047425737258624596
61,0.054095153853908805
62,0.03620946364481574
63,0.05369403035422498
64,0.04919518669812632
65,0.04978913724325344
66,0.05528035232525679
67,0.054385705898319106
68,0.05080504388749434
69,0.036754970276561306
70,0.05354944330680342
71,0.04381563467795757
72,0.054969117380163614
73,0.04503103841935937
74,0.0555650592761671
75,0.04857711207973782
76,0.04721211005005397
77,0.051256935919800496
78,0.05222503955784328
79,0.04389773621220036
80,0.04381780396127885
81,0.04489879201794016
82,0.04596979713299926
83,0.05106433460996899
84,0.04843146528150519
85,0.044511698502816055
86,0.049865267745765475
87,0.054030677729812945
88,0.045267538035929984
89,0.04912571759140052
90,0.05183742569690065
91,0.05525380967979805
92,0.04651321979871155
93,0.04907155936880361
94,0.054938778220153923
95,0.052799581316490415
96,0.04627302553954382
97,0.051025515160249675
98,0.03904371699878192
99,0.047668978184999246
100,0.042417343303275526
101,0.05454739080719685
102,0.05401126795422749
103,0.055107609116754726
104,0.055702073494554694
105,0.05594122388208978
106,0.046899394435160724
107,0.05585742897368103
108,0.048467309909098366
109,0.0543288019332703
110,0.049496565848304974
111,0.05397876430611744
112,0.053307129825711355
113,0.04830510948310811
114,0.04547962882096312
115,0.04739560596065641
116,0.04605230793016724
117,0.044903740473818086
118,0.04485485779782996
119,0.043756644973890695
120,0.05342071202595526
121,0.04067736346347884
122,0.053402984155841104
123,0.05486134845490338
124,0.047627406400712544
125,0.0394118568393863
126,0.04278346265785123
127,0.05476062281230857
128,0.05547835082509913
129,0.05107794622220259
130,0.05566648204000138
131,0.04278046256304637
132,0.04578871866618648
133,0.05077555584996813
134,0.05235178971350332
135,0.05427161785854911
136,0.048055506459880375
137,0.047922256966012884
138,0.05145525586669769
139,0.050341970008286906
140,0.04114683212948113
141,0.03903340636690696
142,0.04360366203459969
143,0.04919678594563147
144,0.03533245561273494
145,0.04699765789570346
146,0.046062618257234025
147,0.044438643960470973
148,0.04809677727285132
149,0.05100642761871169
150,0.054148908787238846
151,0.04580123680309684
152,0.047693389143800724
153,0.050295760869911214
154,0.055076903743549614
155,0.054439783176512616
156,0.046587671029106034
157,0.0446008740099941
158,0.048890229550997255
159,0.051146192038335495
160,0.050987680324461854
161,0.04608356344539151
162,0.054340982845196645
163,0.044966972031021436
164,0.04823214867731113
165,0.05114974054336037
166,0.04411746218742885
167,0.04691067034610237
168,0.04988466894004698
169,0.04981165222420735
170,0.043145226099031916
171,0.04816397585151803
172,0.050319090939596904
173,0.04727640882146582
174,0.04047359583443425
175,0.04907985532423699
176,0.056706234759864846
177,0.046542970558778166
178,0.04722323562919562
179,0.0495271427288111
180,0.04771588304228015
181,0.056748799090985944
182,0.049600870410875145
183,0.04466487562254817
184,0.055187929641867556
185,0.053650155319157594
186,0.044113102959498676
187,0.045635027069671444
188,0.0438448742060117
189,0.04279409580154052
190,0.04049910811204539
191,0.04249469255259417
192,0.04574340145680801
193,0.04723612337989638
194,0.045758121255610545
195,0.041704821828546734
196,0.05149585999697082
197,0.053820192587393824
198,0.051340209300605094
199,0.05278867968773731
200,0.05226510116539614
201,0.04530650680750239
202,0.038865654080587224
203,0.05518609557485899
204,0.040280147185066596
205,0.05597339722007867
206,0.04139258346604896
207,0.05470333716775132
208,0.047682450684826794
209,0.04608758729613158
210,0.04199866695926418
211,0.04989249246966677
212,0.03105504904242992
213,0.04652694578303085
214,0.05367868998959429
215,0.05385913273451088
216,0.04685776929199638
217,0.03941516196092528
218,0.05434675170735522
219,0.05644539947486099
220,0.05444817308997988
221,0.03791152911403571
222,0.05532327206420681
223,0.04520858925595643
224,0.04830173107647688
225,0.04373165432636828
226,0.050759979314674374
227,0.049677668725304165
228,0.047644438496434974
229,0.04181838149602351
230,0.03888638479800526
231,0.047785026027534594
232,0.05201744889548224
233,0.05683472341873878
234,0.043527313515295735
235,0.042091915573489604
236,0.05473946450148008
237,0.05243709804993243
238,0.051823756367361785
239,0.05425494924497309
240,0.05399072949968195
241,0.052253743654372437
242,0.04828727089113845
243,0.04526697647778814
244,0.046932552206617274
245,0.04480300470908055
246,0.04445886974633468
247,0.04641391657002888
248,0.041351422109621734
249,0.05163510060953646
250,0.046933117139328774
251,0.05064305491822556
252,0.04261280471325276
253,0.04802288076261767
254,0.05164833751979578
255,0.05672860470873262
