0,1.5018110365911879
1,1.0397280404160012
2,1.365947249635397
3,0.9774349837855909
4,0.9391303820387729
5,1.5779755850664698
6,0.9400526511164891
7,0.9985208046309944
8,1.0405517296598674
9,1.0995546915627281
10,1.1850800362426361
11,0.9786626494646251
12,0.9854356052979624
13,1.1839731367127215
14,1.1527262362182489
15,1.2389875509813568
16,1.0163675976114144
17,1.2272142753155213
18,1.3930764510279658
19,0.9953902405629285
20,1.032780432973588
21,1.0552959142072589
22,1.1514513163704714
23,1.0383547476371804
24,0.9905306555301885
25,1.614366452819717
26,1.0581400443554827
27,1.3726251820933462
28,1.1844199897175942
29,1.2960183352638726
30,1.1177102369679397
31,1.101580718464659
32,1.0986948325955697
33,1.3646251193497696
34,1.1624188145247523
35,1.0141042696735159
36,0.9717516171774471
37,1.0003167630430039
38,0.9708271861750789
39,1.0968523346111656
40,0.9985208046309944
41,1.045318254515311
42,1.467885974507499
43,1.0795169671773157
44,1.055629505817343
45,1.1686521836461883
46,1.351818532038187
47,1.10060178378001
48,0.9956755316187625
49,1.3387925645092493
50,0.9996604725328471
51,1.0587847922988445
52,1.2221655099795117
53,1.2722757253284858
54,1.3578390973174992
55,1.0460484186639227
56,1.055629505817343
57,1.163463018309663
58,0.9126803084816628
59,1.0158043971949657
60,1.0083554492456177
61,1.5635217275983637
62,1.236528835116585
63,1.2435490915445042
64,1.1386410081876348
65,0.9985208046309944
66,1.1517662217129356
67,1.1104747502885048
68,1.750321359052791
69,0.9690558616055085
70,1.2470360347127523
71,1.1277373359420197
72,1.2307547614222643
73,1.1883641170083952
74,0.9041755984274265
75,1.3876692809143358
76,1.5503906238217815
77,0.9929049833472776
78,1.4025393792364342
79,0.9370254561243465
80,1.0471769439568281
81,1.031923515250992
82,0.9904671131652036
83,1.8220251250496045
84,0.9464012185437511
85,0.943092915806988
86,1.0465750210642266
87,1.0414725320301517
88,1.005854007186976
89,1.1084596693331643
90,1.5528526246997338
91,1.0020785772588028
92,1.024377260238001
93,1.209703817007176
94,0.9485462542408122
95,1.0358618038739502
96,0.9828560235725958
97,1.004656720270488
98,1.0283830547076573
99,1.5839859366989186
100,0.9636379083900897
101,1.2362659218765597
102,0.9850010257849022
103,1.0199911049157406
104,1.7411820648542444
105,1.8243540723664342
106,1.0239592856109019
107,1.1916808988223342
108,0.9086024628430327
109,0.9083883568203208
110,0.940232448143789
111,1.077566298943878
112,1.2481576866903155
113,1.0249223878485547
114,1.2727308357755438
115,1.1158417348609035
116,1.0729156984025567
117,1.1659534027070517
118,1.069811471836928
119,1.1274342278441358
120,1.0491348941012864
121,1.1354995254132405
122,1.2424204313803255
123,1.1392481423897904
124,1.3072712397510926
125,1.177414757292637
126,1.0507101988423295
127,0.9407951222306932
