0,0.08429148685471667
1,0.1481706915526391
2,0.10233789418586167
3,0.1314770147712447
4,0.16746652104396637
5,0.1032414772609697
6,0.16071907748477768
7,0.20721142204107426
8,0.17129196327004906
9,0.11273844290869128
10,0.13796237008653275
11,0.15251849189641872
12,0.17998226308823592
13,0.12579691721655342
14,0.11133844776131076
15,0.12020519851920064
16,0.16010426634807912
17,0.17193913893565274
18,0.08147088428542709
19,0.15990130776816022
20,0.21582721151425238
21,0.11977860045438668
22,0.11337030196860054
23,0.11129047857996378
24,0.16022493726554188
25,0.080384563346984
26,0.14608519667894074
27,0.11231927157547708
28,0.1274171286136085
29,0.11377828792046825
30,0.10430435097232946
31,0.12532680465611548
32,0.16204564828925339
33,0.09273078373402935
34,0.1543911579854181
35,0.20135964059822292
36,0.1634452460843209
37,0.21914991278020163
38,0.17653812822231743
39,0.14955948192594434
40,0.20721142204107426
41,0.1477199627319501
42,0.09805492588858336
43,0.10013974140199046
44,0.1703059674667152
45,0.10063500699895975
46,0.07951857532684213
47,0.11657184482438533
48,0.12678265905431257
49,0.1323957339725964
50,0.16772226069985746
51,0.18630506455308946
52,0.13975956264889997
53,0.1647904580945628
54,0.08853207141779365
55,0.12532680465611548
56,0.1703059674667152
57,0.12178685834692785
58,0.18432967027778907
59,0.18856822441483373
60,0.19700049112060675
61,0.08901226244518026
62,0.08335910003114881
63,0.08528298689405002
64,0.10273218761653893
65,0.20721142204107426
66,0.13347618681712814
67,0.11335760801062349
68,0.06994838192523867
69,0.22060978340345078
70,0.1683674616047414
71,0.11382288020837295
72,0.1128205047083273
73,0.12163761436614096
74,0.19739349357316785
75,0.10372283457729298
76,0.13788989719742406
77,0.13314602639250514
78,0.07664792752776166
79,0.1381574954652693
80,0.10997584350365985
81,0.11625268178230974
82,0.17966283243854442
83,0.1025032251105852
84,0.23201824046439676
85,0.23529101249869783
86,0.12267812008155331
87,0.20031999516766696
88,0.1731653763889748
89,0.13408600328209236
90,0.07397656147414398
91,0.1703059674667152
92,0.1872997071455639
93,0.14058711798388066
94,0.19852581907686595
95,0.1450259602096385
96,0.12964581449928855
97,0.1829747063317431
98,0.12695177944173547
99,0.1161806016901052
100,0.1384205992667226
101,0.13150589422482445
102,0.16022493726554188
103,0.11386056959917928
104,0.08124995967395708
105,0.07505653647711981
106,0.20660137458312763
107,0.1263458701780609
108,0.1424672247097883
109,0.21287682421092866
110,0.1789194197408547
111,0.11565907397531959
112,0.08597525479127457
113,0.2051493180773907
114,0.13951977007153404
115,0.17199635046119544
116,0.1434384045179618
117,0.12313788481666811
118,0.16787174302351723
119,0.11430102314559064
120,0.11478472039089274
121,0.15739087046589043
122,0.17405315103867708
123,0.13194379047648164
124,0.0960256222026688
125,0.1028277659944696
126,0.10976009303024588
127,0.18099045109164782
