0,79.23105206694952,80.79244703606501
1,68.35212607225009,75.17886674580757
2,79.94586727504533,80.55128196296769
3,78.95168158834021,79.16959997128264
4,76.9583390859203,84.77210316256787
5,87.07017014643795,88.32371534272238
6,68.35212607225009,73.66606081367466
7,79.35875023850049,81.1744751720946
8,87.07017014643795,87.18036061927879
9,78.95168158834021,81.44642631787518
10,80.89234518669323,81.44642631787518
11,81.04376656977392,89.32198851714638
12,70.82659069697941,80.4530800853886
13,69.12008648489623,73.20855096880432
14,69.44884834052178,70.82659069697941
15,73.78017988327828,80.73642435755922
16,77.25332133286193,79.08122265844001
17,88.68090444450375,90.89899797752388
18,69.44884834052178,75.17886674580757
19,73.85544985927362,74.53841884596315
20,73.20855096880432,74.53841884596315
21,71.15231665716868,76.9583390859203
22,88.7622156061324,90.05703880336614
23,82.13894129918509,89.53480177146463
24,85.95769216368916,87.18036061927879
25,71.15231665716868,77.25332133286193
26,88.7622156061324,90.34481152081439
27,74.60320152529538,75.83324278850837
28,91.53873739935126,92.112678611327
29,85.95769216368916,95.22369289130617
30,75.83324278850837,81.7701539458047
31,69.12008648489623,78.73780505294152
