0,0.9958091391039205
1,1.2585198879670925
2,0.9867254593198163
3,1.0722687863777105
4,1.020480875009905
5,1.2436817284686696
6,1.028312815608353
7,1.0477910106667596
8,0.9831549886069659
9,1.1477529966648436
10,1.1128309519713868
11,1.007012826962651
12,1.0236078743803083
13,1.0461408100386171
14,1.0029467237758434
15,0.9849601457485941
16,0.9998458071225856
17,0.9849763040648019
18,1.0808622710412004
19,1.1291143483756203
20,1.123625538813393
21,0.997537766858448
22,1.0026268589695309
23,1.1280541012527472
24,1.0042222098329288
25,1.0819144437155503
26,1.0936094506278953
27,1.0035914432165591
28,1.0335594191723205
29,1.020824599395948
30,0.9787771454115204
31,1.0171851529934748
32,0.9995435009440227
33,1.0595641727549379
34,0.9883339791717692
35,1.0016338360584571
36,1.1139187460297908
37,1.0418511448439425
38,0.9872931024808047
39,1.094493459268552
40,1.1527530153310994
41,1.0087444298498103
42,1.1099397270681028
43,1.0191481121316006
44,1.0112169016875514
45,1.0459417638622928
46,0.989822963355325
47,1.0035279245353044
48,0.9921680304786648
49,1.0932694260781814
50,1.0516270429146592
51,1.0528981152650556
52,1.0345967919724697
53,1.0275652194738183
54,1.0763817692803566
55,0.9974580842617542
56,1.0104544630954608
57,1.2358416376430716
58,0.9840566180155388
59,1.1123091644650303
60,1.0266731886788911
61,1.0250462616718887
62,1.0319455639973298
63,0.9853738604749114
64,1.0146446116091714
65,1.015950607012029
66,1.0206411634988635
67,1.0268789260371154
68,0.9859291161268916
69,1.0998293056867139
70,0.9941149354648553
71,1.0218656217774922
72,1.1093241183865579
73,1.0567444435715898
74,1.016910505890058
75,1.0137134039694264
76,1.0989857987252039
77,0.9845220141472737
78,0.9946919520940589
79,1.0612334617442198
80,1.0707908972932842
81,1.0064830454889633
82,1.0948948593486802
83,1.0516086462999734
84,1.0313060395879186
85,1.011616513745538
86,1.0032010265965274
87,0.9932035779371587
88,1.0177848089921997
89,1.094672374247061
90,1.033463698469673
91,0.9941210689558879
92,1.0154237402765638
93,1.0568007693011792
94,1.018679964440808
95,0.9990475014950811
96,1.0228767818803512
97,1.0073984536753355
98,1.059095496482174
99,1.019199506251977
100,0.984283776061033
101,0.9775490622946875
102,0.9804127564186874
103,1.0976955967292699
104,1.0371518214051199
105,0.9848363833707244
106,0.9883294174864141
107,0.975931146964128
108,1.1136438958824963
109,1.0170880319153173
110,1.08027833499846
111,1.0956390962116633
112,1.0002095878480681
113,1.1620115522340813
114,1.0426581270471247
115,1.0881055414065384
116,1.0475672923362085
117,1.0037918309802074
118,1.0771258063189837
119,1.0139982660487503
120,1.0058028843018376
121,1.0065855038429317
122,1.021881450540239
123,1.0166891815615693
124,1.106726149653709
125,1.0469523059220063
126,1.1627681730386281
127,1.0052844968793329
128,1.0036084313099067
129,1.0659637638953325
130,1.1405481511465565
131,1.0147273025833705
132,1.046967353062086
133,1.083785380006641
134,1.0439784720953955
135,1.064204210020397
136,1.0064855701479298
137,0.9859673653534301
138,0.9911499114672246
139,0.9826237743748909
140,1.0846942468124694
141,1.1706079829169107
142,1.1462004001490032
143,0.984675440647782
144,1.0155613494939704
145,1.042567959993665
146,0.9841201599532585
147,1.0348772530583799
148,0.982895775306069
149,1.0504995388769052
150,0.9977216554987802
151,1.0611512310025444
152,1.0193562919361456
153,1.1029750818314334
154,0.9985421867921302
155,1.0042704932314863
156,1.1076573309826898
157,1.110693563947669
158,1.070568747305914
159,0.9913864128158203
160,0.9833362218721767
161,1.0429033461929262
162,0.9917905410198786
163,0.9930989260886527
164,1.0723105541065299
165,0.9826232517329982
166,0.9923913180804322
167,1.0496064454311962
168,1.0696673997127166
169,1.2397752555722077
170,1.0897574744607041
171,1.0749411621972942
172,1.0406003855922643
173,1.0238540268552008
174,1.0638788301405457
175,1.0687775914410294
176,1.0127022310170957
177,1.0021845592388103
178,0.9975908309613111
179,1.1015882653960987
180,1.0361071328448936
181,1.1114978678662821
182,1.0090624694231782
183,1.0561321851096925
184,1.127503384895552
185,1.0082342818058623
186,1.0615172724090662
187,0.9980657288512675
188,0.9871118095747184
189,1.0148563352563047
190,0.9814851834292919
191,1.0032227660187976
192,1.0054996810718837
193,0.9903343365400988
194,1.1002201933372562
195,1.0995401892862475
196,1.0151287750802584
197,1.098837061189588
198,1.0207395167951339
199,1.0074075972494603
200,1.1254519123335416
201,1.000705935139115
202,1.046164439953156
203,1.0651267304462384
204,1.0271769529021495
205,1.0163367757896258
206,1.0050142570981597
207,1.0299311979344594
208,0.9853076364894905
209,1.056051669472426
210,0.9819533822809416
211,1.057061909459904
212,1.0184776966558278
213,1.0306038277464298
214,1.0382072044176196
215,0.9802231898877394
216,1.040106876595122
217,1.0229769648463685
218,0.9894187897165138
219,1.0022898731405494
220,0.9898348533690369
221,0.9937359617337971
222,1.023307256616132
223,1.018467152980291
224,0.992622649562642
225,1.1330558383379987
226,1.0121463411143292
227,1.0255269956946704
228,1.0105467015371543
229,1.0622361480094362
230,1.0024738174028789
231,1.1180345602091601
232,1.0252249932574535
233,1.0965838989329846
234,1.050224886909991
235,1.0895974928789818
236,0.9957913170601227
237,1.017952082672151
238,0.9810958217768968
239,1.0730696021905968
240,1.0305424493321018
241,1.0554996524935558
242,1.0018564424497733
243,1.01133451510211
244,1.1092502811727671
245,1.0291679758922183
246,0.9887103754986799
247,1.0014565917481304
248,1.0134202392638523
249,1.071965693403762
250,1.1097513271345982
251,0.9856672483747796
252,1.0821067973676324
253,1.031383298152082
254,1.1316964743106441
255,1.0650061192679805
256,1.065338250409768
257,1.0425614857454177
258,0.986347348562149
259,1.0750250268300825
260,1.1273744391181477
261,1.002026512858572
262,1.0220791143954684
263,1.185799749458611
264,1.0008969480859893
265,1.0273451954875528
266,0.9977916630992293
267,1.026785115667344
268,1.020715168969387
269,1.0643518335946198
270,1.0293571202204765
271,0.9895731033680069
272,1.0191265684042254
273,1.0020902432810166
274,1.0023957432328978
275,1.1998197363890324
276,1.020734739007699
277,1.0829753554328736
278,0.9889604056027974
279,0.9967669889596676
280,1.0073114921845217
281,1.0076382750640227
282,1.0227561716342068
283,0.9824384294653048
284,0.9987651943296774
285,1.0347987920520993
286,1.0181143166324342
287,1.0033213366232956
288,1.0074461685323552
289,1.0813521870897982
290,0.9845278584984427
291,1.0680024776854724
292,1.0142699406812397
293,0.9836004420411847
294,1.0460668059298972
295,1.0160311882414337
296,1.0358083988825497
297,1.0207888367034166
298,1.0461968164346651
299,1.004463092237331
300,0.9983081006116008
301,1.000343497838977
302,1.0016979731135096
303,1.1608884691757282
304,1.0639374300627509
305,1.042555877211119
306,1.1075921791056949
307,1.0383109170993885
308,0.9993281088717101
309,0.9796786495351051
310,0.9913384094819631
311,1.1093258407585362
312,1.0987034538440446
313,1.1051797335630482
314,1.0660701086900188
315,1.0350948073840802
316,0.9839530483514644
317,1.0350482728556436
318,1.0407916341419057
319,1.020115567927299
320,1.001043806100614
321,1.0102133848400685
322,1.0695853253385805
323,0.9951054729411293
324,0.9775210570900024
325,1.0418105305449812
326,1.0334462450797908
327,1.00027260946035
328,1.0100850670397639
329,1.0573913667690014
330,1.0988188173662237
331,1.0428449877076291
332,0.9683200172204053
333,1.1512528622926346
334,1.0194621138790203
335,1.0036204045671062
336,0.9968940198780138
337,1.113778836183679
338,1.0713489843380053
339,0.991466900066676
340,1.0336544969794426
341,0.9974309247221254
342,1.0373471401408738
343,1.0261016535578515
344,1.0449258075682508
345,1.0652917743315742
346,1.1145588907576982
347,1.052814711137783
348,0.9807039287616376
349,1.1309128074325479
350,0.9911963141665516
351,1.1475891200302586
352,1.0423772912662739
353,1.006831753397877
354,0.9982348330811572
355,0.9960267053969388
356,1.0423276587859664
357,1.0125780467228935
358,0.9800523488125339
359,1.0911667855540195
360,1.0326954303342766
361,1.020141814891007
362,1.020812342240954
363,0.9965583864897651
364,1.012310454451419
365,1.0119763806350865
366,1.0185120257680846
367,1.0253335686254
368,1.0046447497143993
369,1.0486667684447486
370,1.0185014077661925
371,1.0797975335136347
372,1.059122809897703
373,1.111355138859521
374,0.9919443083800624
375,0.9839147559526193
376,1.0069551278061917
377,1.0868953959494752
378,0.9909173183349078
379,1.1406051767143992
380,0.9705411237690547
381,1.0655759990342593
382,1.0235015032263464
383,1.0070586624373306
384,1.0513210308210468
385,0.9872624338061928
386,1.0325412426332778
387,1.0433671579386279
388,1.0009155137050518
389,1.0107451730037373
390,1.1013081923981414
391,1.0005442483795104
392,1.1402380559460878
393,0.97569015163355
394,0.9763065238264
395,1.044122111685517
396,1.0152736203133093
397,0.9960616030623743
398,1.0880269873907014
399,1.0035839301782072
400,1.0024604137506423
401,1.143114382943235
402,1.0900210413712368
403,0.9909872261728457
404,1.036023977671734
405,1.0221360688569316
406,1.0249906908051418
407,0.9919615413840847
408,1.012268802876471
409,1.2166044723784142
410,0.9957066848468468
411,1.0032087960960674
412,1.0616609691799366
413,1.055278308584565
414,0.9892761566523482
415,1.0185634238826053
416,0.982776076434206
417,1.0387839760284536
418,0.9853619575077253
419,1.1415862094072766
420,1.0378821367483977
421,0.9877845844888433
422,1.136123000801405
423,1.0108889622599562
424,0.9835682802618997
425,1.139176304118818
426,1.0567001276015984
427,1.0019847298719287
428,1.0490649207943379
429,1.061721988313065
430,0.9920273980146866
431,1.0035018457323535
432,0.9939065003789823
433,0.9885667545836123
434,1.0447618825597433
435,1.1268519066084117
436,1.0187087980258522
437,1.0322923943206495
438,1.0346638042446403
439,1.0223427446386935
440,1.139669940485675
441,1.000022078974311
442,1.0869981231344477
443,1.0146126952330226
444,1.0034703725392835
445,1.0095493964941142
446,0.9978265737353986
447,0.9920114705436403
448,0.9910355280260079
449,0.9955576102478552
450,1.0154160503153515
451,1.0340933894165
452,1.065438537519991
453,1.0607450556444245
454,1.091338287012787
455,1.0358215992298108
456,0.9802389204360098
457,0.9982908501567274
458,0.9840089267445895
459,1.0421044389141594
460,1.0307792333262604
461,1.0035180334825484
462,0.9904175989066207
463,1.0278805733426606
464,1.019233296877081
465,1.0012690980874779
466,1.034680877877286
467,1.0780602880064678
468,1.0707293987776771
469,0.9964119250088725
470,1.0497901570389954
471,1.0127094679433268
472,1.030847272622819
473,1.0034877368099266
474,1.0558764285473616
475,1.0627244857847302
476,1.0499513414341624
477,0.9985589616795718
478,0.9801852043466508
479,1.0805944487366212
480,1.1195374072411926
481,0.9792733120334102
482,0.9955773330020736
483,0.9872141044005683
484,1.0141325448974472
485,1.225422735640551
486,1.0107743941482157
487,1.037091592307638
488,1.0026534794078277
489,0.9833262282965968
490,1.0167849913155604
491,1.0530060424014909
492,0.9796657629688762
493,1.1800453147967882
494,0.9755042728662368
495,1.0425724313387734
496,1.078799745566272
497,1.1417956272738317
498,1.0772685867801939
499,0.9818330568086352
500,0.9862942071167597
501,1.0141155676283184
502,0.9994340602304772
503,1.0821858583892292
504,0.9999092689411371
505,0.9766280060991556
506,1.0107500720352918
507,1.0548770131264447
508,1.0312878178910312
509,0.9836389214571861
510,0.9817251796538347
511,1.04490386368713
512,1.0097345074377175
513,0.9898052579319696
514,1.2496123302434825
515,0.998112035105635
516,0.9924508427863188
517,0.9990629771745396
518,0.9903808141302937
519,0.9955167121906361
520,1.005967567409655
521,1.053747822861427
522,1.1573001413353206
523,1.0430581282198008
524,0.9796118188200538
525,1.0269555736830676
526,1.0126358218060023
527,1.1092165147541049
528,1.0032165708278487
529,1.0718857715806909
530,1.0168213646627633
531,1.075056174859638
532,1.0023799003053875
533,1.0380918896709508
534,0.9774499243615898
535,1.0751555518698985
536,0.9783969319416254
537,1.0650992558733896
538,1.0128778365797646
539,1.030112382327812
540,1.1017898307432388
541,1.006914061020164
542,1.001258945587321
543,0.9960343318002753
544,1.0194318665721953
545,1.0312699341042542
546,1.0115575683517346
547,1.0078912120507884
548,1.0176636116546698
549,1.0000385926264646
550,1.0694837022960266
551,0.9890282665827181
552,1.0099597994171228
553,1.020162939118105
554,1.0360957512772218
555,1.0169921735175746
556,1.011965355572083
557,1.106245703111704
558,1.0624726045781892
559,1.1198196467205284
560,0.9996068934234392
561,1.0114894649444788
562,1.0317562014899055
563,1.0095177900279912
564,1.0082670523581703
565,0.9848131503476101
566,1.194790407786897
567,0.9706512830813114
568,1.0080866134961441
569,1.1556671539737775
570,1.0232491268288466
571,1.0367779755430868
572,1.0193158705446743
573,1.0554222572410648
574,1.0209726602403257
575,1.04666937966522
576,1.008839200901606
577,1.021371604740506
578,1.0296281872630022
579,1.038599259614096
580,1.0947708792422257
581,1.041191086836488
582,1.0514908527141968
583,1.1037073656154757
584,1.0833152130261303
585,1.034257817117978
586,1.0074052638708895
587,1.0342222201441418
588,1.0059622970915392
589,1.0331968461083105
590,0.9746931483663455
591,1.1308341818791563
592,0.999787304636671
593,1.0160198403437692
594,0.9765178073002427
595,1.0184037227861742
596,1.024718102751413
597,1.0469969176723906
598,1.0482569395843222
599,1.099638994026379
600,1.1403627610700866
601,0.9909016770394714
602,0.9911557235784236
603,0.9990873275317528
604,0.9868798439548796
605,0.9951204425502659
606,0.9884330255160201
607,0.9976483731593995
608,1.0417216231144577
609,1.1420530908527495
610,1.100630190446317
611,1.0079051241364791
612,1.0186379774199712
613,1.0344906273933914
614,0.9912890615531165
615,0.9977657897707657
616,1.0383643537644196
617,1.0188754827379856
618,0.9852880252734647
619,1.0959712292535233
620,1.0194172491432585
621,0.9772159928623585
622,0.9760908767238624
623,1.0094554177957233
624,1.0792341068149858
625,0.9963930269108813
626,1.0421903762724374
627,0.9899623070671875
628,0.9940903669244944
629,0.9926455647834587
630,1.0070434384800793
631,1.0749235964634178
632,1.057664230880889
633,1.0138984382748082
634,0.995740477862451
635,1.07857600137873
636,1.0375650227387678
637,0.9966204721055913
638,1.0008641885275322
639,1.0020393760247532
640,0.9924087694101557
641,1.004167692351983
642,0.9997501406760357
643,1.2401522118032249
644,0.9855194751392442
645,1.1835172217665577
646,1.0136235697390392
647,1.0833611555589093
648,1.1668143257797845
649,1.0327742219449236
650,0.9946038346719872
651,0.9669068240978318
652,1.0046952867606982
653,1.196850138703632
654,1.0770704295766995
655,1.1056057125170533
656,1.0717641924032977
657,0.9985295980702312
658,1.0394490850583793
659,1.0340815112594213
660,1.0333241057312748
661,1.0016056969187523
662,0.9841006393946229
663,1.05504477347636
664,1.020352997534458
665,1.1056606915499947
666,1.0728380896306176
667,1.0656246045903972
668,1.119576929399872
669,0.9971709941341466
670,0.981249038310752
671,1.0079466622521718
672,1.0518336572867477
673,0.986924044652279
674,1.0324100344401752
675,1.0108848630130356
676,1.0037094664775645
677,1.2028031251032874
678,1.0420599464359381
679,0.9941072987507751
680,0.9937890104306554
681,1.0045423947741305
682,1.2572020000075965
683,0.9931379965981927
684,1.0728830774585112
685,0.9900143800285643
686,1.0024725099552296
687,1.0067115256739585
688,1.0910429063039637
689,1.0689232549006111
690,1.0195983722298765
691,0.9921228024937048
692,0.9927681368062367
693,1.0207643715690575
694,1.0602556704265367
695,0.9804458580635904
696,1.0028239718704604
697,0.9949983038766611
698,1.0429907437269699
699,1.0817574651273745
700,0.9951005824014036
701,1.0018376055764482
702,1.0069783063549986
703,0.977277434704831
704,1.0380493035837528
705,1.0329945237390459
706,1.071140357608149
707,1.0001579116464216
708,1.0584579272444783
709,1.0104677595485598
710,1.0849533708839318
711,1.0622363878964285
712,0.9895448632213784
713,0.982161118600667
714,1.0060206728977217
715,1.0949211030981223
716,1.0264643962783584
717,1.0345743449635512
718,1.0730404536922271
719,1.044602719123022
720,0.9894405591248403
721,1.0270387028165282
722,1.0427122457025337
723,1.0306468443584882
724,0.9698777409826491
725,1.0854767946037307
726,0.998514388988087
727,1.0145394498583225
728,1.0323718542051363
729,1.0069202498616736
730,1.0700115154344136
731,1.0008623216927641
732,0.9993243049825598
733,1.0308748548906008
734,0.9950496965149777
735,1.1738339394029953
736,1.0107413223366197
737,1.023632372335441
738,1.005562876987693
739,1.002203859391047
740,1.0496476465936868
741,1.119605022057344
742,0.9936433444505398
743,1.0591285776298545
744,0.9903587069317937
745,1.0365538327022128
746,0.9859759512245129
747,1.0375970905010075
748,1.1299278726203337
749,0.9973275014922579
750,0.9968083343392253
751,0.9871835080796867
752,1.0052796509623336
753,1.0330521586628045
754,1.0240750343614269
755,1.0238099427126162
756,1.0129071192925265
757,1.1081217599648951
758,0.9814666791976588
759,0.9890615888102189
760,1.0238217494057023
761,0.9983425741663822
762,1.1685399938615588
763,1.066750914585934
764,1.0208125334531697
765,0.9862020321679749
766,1.1500535379188155
767,1.0020543819974657
768,0.9846988110366528
769,0.9976356896526393
770,0.9969456617181505
771,1.0725464551513992
772,0.9842409463199524
773,0.9966086350364258
774,1.017013547437819
775,1.005666062792567
776,1.0310387349835681
777,1.0422899906018315
778,1.0737400853898893
779,1.0173041985840023
780,1.0156819263623038
781,1.0590723055957674
782,1.031582328167852
783,1.0031938382975298
784,0.9996892907852327
785,1.0024341759940103
786,1.1687023381746897
787,0.9930165363350395
788,0.9958540476562294
789,1.0432652117690566
790,0.9942365701524815
791,0.9998623518962362
792,0.9862965276024263
793,1.031718588316304
794,0.9777760264223206
795,0.9829880530708774
796,0.994167339321965
797,1.0389241671159892
798,0.9947725535441612
799,0.999282687519949
800,1.0146899784955208
801,0.9945015530345915
802,1.0154150667108124
803,1.1113279843488415
804,1.0158763289039638
805,1.011602205472497
806,1.058878616962772
807,1.0895026373186174
808,1.0053366618409387
809,1.0281683156210943
810,1.0086168574238243
811,0.9861089525801575
812,0.9764372181225001
813,1.0122900120099656
814,1.0773469855713418
815,0.9775113399854126
816,1.058423460918093
817,1.0474995076758742
818,1.0016382668132382
819,0.9778085567504617
820,1.067136449767499
821,1.0151544971440383
822,0.9974799376901954
823,1.109957986192941
824,0.9977366206486478
825,1.033747918669847
826,1.070939060076046
827,1.0114175287312377
828,1.0259685059804484
829,1.0689836069633827
830,1.0298369152396092
831,1.0231320702855573
832,1.0894011054184358
833,0.9797401875963547
834,1.0237063143758187
835,1.0505097072852903
836,1.0094890572571593
837,1.0781534187890014
838,1.2404493017948766
839,1.140472534173047
840,1.0954831442538797
841,1.019745477054912
842,1.0699916212360636
843,1.0012955460437012
844,1.0120777268964236
845,0.9970924741335316
846,1.0356302202523229
847,1.0540450719895338
848,1.179394088027401
849,0.9912960296411533
850,0.9936893100276154
851,1.1017755327426975
852,1.0950016391646038
853,0.9913630535070623
854,1.0135375791700743
855,1.0278337336517787
856,1.0367739834014182
857,0.9946174108981787
858,1.1186532804344238
859,0.9891056038307228
860,0.9968215660740795
861,1.0360570224036256
862,0.9902652693763604
863,1.017952540806686
864,1.0006842163993181
865,1.058741315977164
866,0.9987828475623011
867,0.987071579565154
868,0.9846175243229641
869,1.0635450302091145
870,0.986534100172755
871,0.9869507142365972
872,1.1054851357738709
873,1.1104594187043704
874,0.9959263159627015
875,1.0045830965439946
876,1.2168260844304841
877,1.0206887227526296
878,0.9884744271010096
879,0.9892902899309155
880,1.0169299635283875
881,0.9879179943598254
882,1.0377102841481318
883,1.0625193462774192
884,1.070359659705387
885,1.0262447387368552
886,1.1090361975539502
887,0.9843422287674424
888,1.124819860178064
889,1.0067891553352106
890,1.0118883899181534
891,1.1369175367015014
892,0.9861839272518216
893,1.0208827581748676
894,1.0806214167165016
895,1.0739160516128297
896,1.1257281417215674
897,1.0887887796591422
898,1.0577791102731986
899,1.016593992601507
900,1.019176849539753
901,1.1208961794249204
902,1.0388968259550742
903,1.0935835628683324
904,1.0376892100297037
905,1.1753453766797357
906,1.005977758968957
907,1.009615101331686
908,0.9949777163601402
909,1.0377963315803407
910,1.013095936403752
911,1.0258712403177932
912,1.148592574647081
913,1.0009102960903795
914,1.1064005470182674
915,1.0163801943434012
916,1.0500182098618707
917,1.0326046284146888
918,1.0195360776950535
919,0.9947818716862049
920,1.0031633908763191
921,1.0101295394464735
922,0.9910055681880072
923,1.0255410833443825
924,0.9820698673263633
925,1.0614064921274022
926,1.1270764328035003
927,1.0110391363706261
928,0.9956746885532255
929,1.064980172129599
930,1.064896726541373
931,0.983261263464863
932,1.0419491491479616
933,1.0103733579095295
934,1.0037948347650656
935,1.0046864662320232
936,1.0233005932994264
937,1.0524227694773773
938,1.0001008412862848
939,0.9924703345142298
940,1.0304161100160099
941,0.9884795907356219
942,1.00368412248288
943,1.0690628285679156
944,1.08697285105408
945,1.0657868894341653
946,1.2902204653352352
947,0.9822214007427583
948,1.1545974329158575
949,0.9963899611222605
950,1.0209668982368318
951,1.0533039896958103
952,0.9972361197749311
953,0.991567759858043
954,1.0334344757502318
955,0.9916990924346656
956,1.1096117722377328
957,1.0631771317063285
958,0.9838552977645143
959,0.9795241516072133
960,1.032355465067579
961,0.9942973123740887
962,1.0923614459025868
963,1.0721361747013027
964,1.0442919207467032
965,1.0663157578323716
966,1.0131078247724208
967,1.0055353418317152
968,1.0255414445419326
969,1.0611906693104232
970,1.013765966189935
971,0.9923486810739806
972,1.000165560395358
973,1.0851551950062985
974,1.02764856654766
975,1.0786644602327935
976,1.0053288298831524
977,0.9781259887939076
978,1.1209576498138785
979,0.9863955422763733
980,0.9773749152632913
981,0.9978455617718329
982,1.0668081105731204
983,1.0445246509451795
984,1.0435681198402817
985,1.0707878957098824
986,1.0207766128687505
987,1.0115723090628705
988,0.990591198082856
989,0.9819128448597798
990,0.9898864709043013
991,1.0044657373783488
992,0.9866950064879119
993,0.9893296959990583
994,1.066074596595629
995,1.035278964777409
996,1.0065916450488275
997,0.9825238214339616
998,1.0237959855837615
999,0.9957841486792196
1000,0.9897914666221658
1001,1.0156385064657685
1002,1.0709982606912365
1003,1.0535538046444213
1004,1.0194806367545648
1005,1.0159855381189473
1006,1.046379355412913
1007,1.2660988883127897
1008,1.02439906038457
1009,1.1150088186161775
1010,1.0353759542230276
1011,0.9984954673408736
1012,1.0296033673918137
1013,0.984512183233302
1014,1.0756535385863848
1015,1.017856812747016
1016,1.0073755567182858
1017,0.998308787696637
1018,0.9934777397077152
1019,1.2601401831832872
1020,1.0149550801901448
1021,1.0546390565933725
1022,1.0696773005010725
1023,1.224158197878109
