0,9,31,124,42,210,249,142,5,120,245,63,152,248,93,66,169,71,96,118,185,6,92,39,20,140,226,41,129,202,252,134,89
1,107,98,233,214,67,197,236,27,59,149,45,224,22,102,221,155,157,200,64,167,75,172,190,187,146,65,130,144,246,136,255,242
2,194,170,120,152,31,46,52,89,41,95,71,202,239,207,63,184,254,110,93,79,248,118,92,185,210,5,226,124,23,42,131,195
3,38,111,84,213,212,109,178,28,62,51,87,24,128,188,19,192,132,72,47,13,12,171,77,205,7,29,126,203,81,204,122,15
4,180,229,247,119,240,117,49,182,91,137,189,147,165,251,161,85,138,166,201,43,108,150,60,127,40,228,243,158,216,151,156,54
5,52,9,41,0,96,118,120,152,185,42,95,239,124,66,198,92,226,170,31,20,23,142,207,140,208,79,184,6,14,254,113,210
6,226,124,140,9,66,210,245,239,249,169,42,39,133,168,120,0,31,92,23,63,53,93,198,79,14,142,58,237,71,61,183,134
7,76,178,132,97,84,104,12,35,44,83,250,87,72,51,171,28,19,192,106,81,15,3,109,29,188,24,174,234,241,191,16,13
8,255,59,224,130,219,22,34,236,172,55,136,32,148,27,196,69,139,253,45,56,75,242,214,107,64,233,221,67,157,103,199,197
9,0,66,42,124,5,226,120,6,140,96,41,210,249,142,239,133,245,31,39,185,152,118,208,92,14,23,198,52,63,169,134,93
10,211,197,246,236,30,22,55,149,172,130,102,155,107,69,67,59,103,144,219,45,148,200,190,253,90,157,154,193,187,98,221,224
11,244,187,155,233,90,45,75,190,107,73,197,1,167,146,102,59,82,69,149,231,157,22,136,145,236,98,67,200,246,56,172,144
12,250,16,241,164,109,104,204,126,111,7,84,80,178,38,72,81,29,83,188,24,44,132,88,212,0,19,225,114,99,76,13,35
13,99,38,188,44,84,220,47,109,178,122,93,205,81,71,16,192,124,126,248,203,29,83,77,63,24,15,97,174,31,234,0,132
14,245,20,140,142,120,249,93,71,226,195,31,207,141,42,210,23,39,124,208,9,41,152,46,0,66,248,92,134,53,63,121,169
15,35,83,84,132,13,77,178,97,192,16,126,109,72,7,122,51,171,143,81,188,121,24,3,12,47,80,44,248,234,76,38,17
16,83,12,126,80,171,232,114,84,241,38,29,13,104,99,238,111,24,164,78,15,204,203,77,81,178,44,174,248,192,218,47,212
17,88,204,234,212,104,29,83,77,84,99,109,122,12,19,81,16,13,15,126,74,78,76,97,205,174,135,48,241,252,191,164,111
18,179,127,91,189,117,119,240,161,49,125,247,94,112,151,243,43,235,216,229,182,215,21,4,138,100,230,165,158,86,156,123,60
19,241,84,28,3,97,12,7,29,38,164,44,88,111,78,122,17,212,205,128,81,13,132,135,76,220,109,62,204,51,16,104,192
20,14,42,207,142,0,120,202,118,140,53,210,245,31,9,226,93,152,134,58,79,239,71,5,185,63,169,6,23,208,248,168,249
21,94,86,127,216,165,235,116,119,158,215,85,25,40,43,68,247,251,125,18,161,137,117,4,49,156,123,240,180,91,151,227,150
22,224,45,75,236,59,197,172,136,107,157,27,56,190,167,67,221,144,233,102,55,149,219,64,8,177,69,187,130,255,253,196,148
23,239,226,120,66,184,110,46,31,169,245,124,142,14,183,249,52,133,134,9,6,93,42,140,248,194,63,207,118,39,89,0,96
24,84,87,192,178,126,109,213,38,29,203,81,212,77,3,83,171,218,47,72,16,12,111,13,105,51,35,114,188,174,205,132,44
25,137,251,166,127,100,40,85,216,235,227,156,21,158,101,108,165,150,54,86,189,240,4,243,180,215,161,138,247,33,162,43,18
26,85,180,150,137,40,4,25,165,228,115,227,21,101,251,138,247,156,229,166,158,117,54,216,127,49,230,240,43,100,201,215,86
27,107,224,22,167,196,255,149,59,197,219,190,8,148,236,55,67,157,1,187,172,98,34,193,45,90,186,75,130,253,64,102,56
28,3,84,29,135,62,19,97,38,7,171,213,111,178,128,203,132,192,72,87,76,78,12,241,83,220,205,16,109,13,81,88,238
29,84,81,205,135,191,173,38,109,88,97,77,24,122,111,174,87,51,28,16,238,44,12,203,72,143,164,128,192,13,104,17,83
30,102,149,155,197,75,146,236,10,107,45,217,244,59,221,90,154,211,67,56,186,246,177,193,148,214,136,200,22,157,64,139,144
31,120,194,46,93,210,71,89,63,169,152,124,249,0,226,141,39,92,195,110,168,248,140,14,245,23,142,239,41,66,9,42,252
32,199,236,224,59,193,55,107,8,136,130,233,22,146,148,75,56,214,157,255,98,67,90,219,172,153,45,242,149,27,145,102,69
33,161,227,251,216,240,165,86,158,36,21,25,85,100,166,215,189,180,243,4,112,247,50,229,94,68,60,91,150,40,137,18,125
34,219,197,221,59,75,236,255,130,8,69,67,231,253,22,153,224,146,172,177,107,242,244,56,102,148,103,73,64,27,149,196,45
35,51,132,234,72,84,7,15,109,81,77,106,174,104,87,83,192,178,97,80,24,218,76,126,171,12,188,44,204,88,212,173,143
36,50,165,181,240,33,158,161,125,43,100,86,156,227,189,4,94,166,117,251,215,228,137,91,247,18,175,243,21,49,147,182,25
37,43,125,240,243,228,166,100,165,158,119,175,127,112,247,235,49,18,94,50,68,215,137,161,4,227,251,156,54,91,21,123,182
38,84,3,213,13,47,109,178,29,111,24,203,12,99,16,132,205,188,135,87,212,77,220,28,128,93,44,208,126,19,192,81,122
39,66,226,31,245,63,92,168,61,93,249,79,6,120,71,9,89,0,14,53,124,210,248,198,140,46,42,254,152,237,169,23,110
40,251,85,54,150,137,25,101,235,166,4,21,156,180,86,117,138,247,158,228,216,165,26,229,57,189,175,49,108,127,43,151,116
41,52,170,120,152,9,5,42,31,124,208,0,140,14,142,92,95,185,239,118,194,66,245,39,71,202,63,226,23,2,96,210,237
42,140,9,20,0,124,202,245,63,142,248,152,53,210,226,41,6,71,185,14,66,118,120,79,31,134,170,58,5,239,168,39,92
43,165,119,247,37,240,228,166,125,127,94,4,158,156,138,243,100,251,235,161,117,227,18,175,49,189,21,91,86,229,151,137,215
44,84,13,7,81,205,106,87,132,29,97,192,174,12,178,80,171,238,38,122,24,47,220,191,241,19,35,16,99,203,83,218,234
45,22,102,144,136,59,197,139,236,75,155,233,224,172,153,244,149,242,64,246,67,107,157,187,56,148,190,98,130,255,167,177,221
46,31,89,210,249,152,194,141,71,110,226,23,169,120,206,248,254,93,245,124,168,121,39,14,66,237,2,239,195,0,252,63,140
47,38,192,13,203,132,84,205,24,72,126,3,109,44,97,188,81,16,83,220,171,212,15,12,29,218,178,143,213,111,76,87,99
48,109,84,173,77,99,178,29,143,218,212,63,204,38,210,51,13,192,35,248,126,93,24,31,111,92,72,71,0,74,97,124,3
49,4,117,137,240,18,156,94,165,119,182,43,127,116,216,247,85,158,21,180,86,147,150,68,125,179,151,189,235,91,40,37,101
50,36,240,158,165,228,94,166,43,215,100,243,181,86,125,49,37,127,227,137,156,251,21,91,161,33,247,25,4,182,18,180,68
51,35,173,84,178,77,109,3,29,72,122,87,81,7,97,111,24,132,174,191,204,38,15,62,106,48,213,143,171,192,205,88,44
52,41,5,120,118,185,170,96,23,152,184,9,239,42,95,31,254,0,113,2,248,198,124,202,134,142,110,46,92,252,194,66,207
53,79,42,134,198,39,140,66,226,6,20,248,63,14,245,9,202,93,120,58,0,142,210,118,71,124,31,168,195,185,92,99,23
54,251,40,166,150,137,108,180,4,229,25,138,240,235,189,43,85,156,117,163,228,247,100,243,86,127,151,101,161,165,49,91,175
55,224,236,130,193,219,22,32,59,160,8,107,172,199,242,221,27,136,148,45,56,10,149,144,64,157,233,211,98,197,153,255,34
56,236,224,75,221,22,233,107,148,59,197,90,172,45,73,177,102,193,211,187,255,136,144,160,157,146,69,34,244,186,32,55,139
57,235,222,147,40,117,150,176,101,119,156,21,137,4,138,25,151,49,159,86,247,179,127,115,43,216,251,175,116,108,85,189,201
58,42,63,142,140,226,20,6,124,239,92,133,168,23,53,185,93,31,131,237,14,245,207,71,39,248,210,120,202,110,169,9,152
59,67,236,224,102,130,22,107,45,148,157,172,75,8,146,233,253,34,153,197,199,190,69,214,64,56,144,200,244,219,32,155,221
60,179,4,189,229,151,222,147,117,91,201,182,161,138,180,119,159,112,18,216,247,240,230,243,49,108,33,86,85,150,127,137,251
61,245,71,39,140,168,141,66,31,210,249,63,226,46,42,152,169,237,6,124,170,92,93,14,121,120,215,202,9,240,194,41,248
62,3,171,28,128,111,84,238,174,203,51,205,29,13,77,122,87,38,178,81,44,72,16,192,7,83,15,19,35,173,232,213,241
63,31,71,202,93,42,39,120,248,169,124,0,142,226,210,92,140,245,66,168,152,58,6,194,134,9,77,185,23,252,53,239,61
64,221,242,59,45,224,172,236,22,136,107,148,102,75,157,144,255,214,197,153,233,67,253,139,55,167,34,219,56,8,1,27,246
65,223,200,107,157,59,67,193,154,148,233,55,149,90,130,172,253,1,73,236,98,190,199,219,27,69,221,211,224,45,22,136,32
66,226,198,120,9,39,124,23,169,6,245,134,210,249,71,0,42,31,63,89,53,79,239,14,194,140,61,129,46,113,110,152,5
67,59,102,107,146,197,22,214,75,45,253,153,190,200,236,34,1,148,155,157,242,149,217,219,130,98,27,224,172,244,221,69,64
68,158,216,21,215,240,127,112,165,49,247,94,119,228,18,243,125,123,161,100,37,4,43,25,227,166,180,33,116,50,179,230,235
69,219,172,103,253,75,59,157,200,236,22,90,34,233,186,224,146,8,197,56,67,148,130,223,221,107,190,45,10,255,73,187,211
70,205,122,84,29,105,203,251,13,19,81,86,166,128,87,38,62,109,25,3,54,88,220,238,224,44,236,227,33,192,111,137,77
71,31,63,210,152,124,93,120,169,245,46,61,194,248,14,66,89,249,121,42,140,92,202,0,39,142,226,110,252,178,141,134,195
72,97,109,88,81,35,234,84,83,132,205,87,12,178,51,76,7,24,192,203,29,204,171,104,126,3,47,111,174,238,188,15,13
73,233,56,107,231,172,136,236,187,45,223,75,221,90,157,34,148,22,211,149,69,59,130,197,219,167,200,244,82,65,154,224,139
74,212,99,204,218,48,17,77,84,210,109,178,0,111,234,126,3,83,174,169,6,106,249,252,44,81,173,13,29,93,198,248,31
75,146,22,197,59,136,236,102,56,45,155,231,244,214,107,69,233,34,219,67,177,145,157,221,187,148,224,149,90,255,103,64,172
76,7,84,104,97,132,81,83,72,234,178,109,218,12,35,87,135,29,88,44,28,248,171,250,192,126,212,80,15,24,93,13,78
77,109,174,84,173,81,92,51,99,204,126,212,29,63,143,0,111,35,24,48,234,124,122,248,31,13,178,38,93,15,218,185,71
78,97,83,84,16,29,220,135,104,19,28,13,38,76,17,203,241,225,114,213,122,132,171,99,204,12,72,88,164,7,81,192,178
79,53,39,42,118,226,198,140,66,120,248,170,134,6,9,93,152,20,185,63,92,31,239,95,254,168,71,202,210,41,5,124,14
80,16,104,126,83,12,218,174,241,35,44,81,77,164,99,84,111,13,24,234,250,114,171,238,248,212,15,76,7,232,109,188,192
81,191,84,87,29,174,109,72,77,35,126,24,44,76,241,13,83,12,178,104,205,135,88,173,51,111,238,234,218,250,80,97,114
82,59,45,75,177,67,22,73,154,253,146,34,69,233,221,103,231,136,244,56,153,148,155,139,190,214,187,199,102,197,172,219,130
83,104,16,126,171,218,178,72,80,114,234,7,174,84,76,15,97,81,204,24,12,35,241,13,78,29,238,250,192,17,132,99,212
84,29,81,87,109,38,24,178,212,192,3,44,213,77,76,51,13,48,132,173,218,7,97,111,35,99,220,72,171,28,12,19,16
85,137,40,150,156,251,25,4,180,216,21,26,115,182,49,101,165,229,117,33,151,54,91,86,240,235,159,116,189,247,119,243,127
86,21,94,117,251,158,156,161,235,91,40,189,125,43,138,33,127,25,151,137,4,18,49,167,165,150,123,175,159,50,85,240,36
87,84,81,178,24,213,72,29,238,218,3,44,109,7,51,192,203,35,174,132,38,191,250,76,111,212,77,126,13,188,114,12,135
88,234,72,17,29,205,109,81,204,84,97,12,122,104,164,192,19,35,76,38,77,111,13,220,87,51,3,135,241,99,7,143,191
89,31,120,194,46,152,110,249,210,93,252,71,124,183,39,226,66,0,96,239,169,131,129,188,23,9,92,2,198,14,63,113,248
90,107,233,157,236,167,149,223,224,200,56,136,172,193,75,69,22,148,199,59,211,186,187,73,197,45,190,30,146,155,32,27,102
91,229,18,161,189,119,4,182,243,127,117,247,125,240,138,251,230,180,151,179,86,43,60,216,175,21,235,166,112,158,108,228,85
92,124,185,31,39,237,71,63,252,140,93,0,170,77,239,6,9,168,226,41,42,120,129,152,142,14,141,96,121,248,178,209,210
93,31,142,152,195,71,248,120,63,249,89,14,39,207,46,0,140,92,194,226,124,141,168,245,210,239,121,237,23,208,42,6,13
94,21,86,43,49,18,158,125,165,127,116,240,119,137,100,117,216,50,151,68,247,215,159,161,91,251,37,4,112,156,175,235,36
95,118,184,254,52,5,41,120,152,185,31,194,46,2,239,248,195,79,142,93,42,92,0,23,140,124,170,9,198,96,208,71,207
96,185,239,252,9,5,133,0,120,52,118,208,129,89,183,92,152,142,23,31,41,124,198,134,226,93,110,6,237,184,66,39,42
97,72,7,132,84,76,192,29,83,78,44,122,205,88,19,51,35,28,13,15,178,234,81,109,104,220,171,12,203,47,38,143,106
98,107,236,190,1,187,197,155,130,45,233,22,246,224,59,67,144,255,167,172,214,27,102,145,149,32,221,193,56,55,136,223,199
99,204,13,77,212,84,218,210,38,16,48,0,169,74,134,174,178,126,12,124,63,248,111,238,42,6,109,164,17,80,83,29,44
100,240,227,166,243,161,25,215,251,158,43,165,247,127,137,37,180,216,119,112,18,94,228,125,150,235,50,189,4,230,36,21,108
101,156,235,165,40,25,166,247,85,180,138,21,137,117,4,150,189,251,147,119,182,49,162,43,57,215,26,54,127,151,240,228,158
102,197,59,45,244,155,236,153,107,75,30,144,146,149,67,139,187,214,22,224,231,148,64,190,255,56,246,157,221,172,177,196,211
103,253,69,219,148,75,172,211,34,197,59,255,22,221,200,236,45,10,157,8,154,67,146,56,231,130,242,187,246,82,55,73,136
104,83,250,7,12,76,80,234,241,81,16,114,35,126,84,174,29,17,72,204,218,164,88,97,178,191,106,78,109,44,238,87,111
105,24,81,109,111,38,77,84,225,29,87,203,238,166,12,70,251,47,16,86,135,164,126,13,63,80,54,40,212,205,220,143,25
106,234,44,35,218,192,7,104,84,51,122,178,97,87,83,213,99,13,132,72,204,220,238,24,77,88,174,212,205,80,76,250,109
107,236,27,224,167,149,59,233,90,187,157,22,98,197,102,1,190,148,221,186,67,172,75,56,193,45,136,200,211,214,64,146,199
108,4,166,180,54,25,240,229,161,251,138,91,247,243,163,227,100,127,40,189,235,201,150,137,228,117,216,182,162,60,158,119,156
109,84,77,48,81,72,178,111,12,38,29,3,24,88,13,234,51,35,173,126,143,212,188,87,0,63,204,76,71,132,192,135,97
110,239,183,89,120,23,46,31,124,252,152,226,71,184,194,169,66,63,210,39,121,133,129,209,92,93,245,52,113,249,131,96,237
111,3,109,84,204,38,12,173,29,77,241,212,16,81,24,188,51,62,178,126,129,72,99,87,164,174,28,232,19,105,238,80,13
112,161,179,127,18,240,125,216,158,227,215,119,100,68,247,235,243,91,37,60,123,201,43,189,166,33,21,94,151,4,175,165,25
113,129,252,66,52,120,198,194,89,110,31,0,71,169,5,41,96,185,9,152,124,63,209,254,183,46,134,248,92,23,210,2,39
114,126,250,218,83,16,104,171,213,84,24,12,81,29,238,87,178,203,111,80,174,212,241,191,204,38,72,77,76,7,173,35,78
115,85,137,150,117,4,222,156,189,251,151,147,26,180,40,86,229,138,49,165,201,159,25,101,43,60,162,21,176,119,247,235,182
116,21,119,151,49,94,4,127,235,182,18,85,91,117,156,216,247,40,86,137,43,147,159,125,123,165,158,68,189,179,222,175,229
117,189,229,4,18,49,138,147,91,86,151,119,179,43,156,137,161,235,247,180,176,240,115,60,251,127,165,40,21,150,94,85,182
118,185,95,52,5,0,42,96,239,79,9,134,20,142,120,41,170,184,226,23,208,248,124,198,92,152,133,140,66,31,129,252,63
119,247,127,4,43,229,91,18,189,151,180,138,182,240,216,215,179,147,165,21,117,243,116,49,161,158,201,235,175,166,125,112,251
120,31,194,239,169,89,226,152,66,210,124,23,71,93,41,9,208,110,63,52,14,249,0,183,134,46,142,245,39,195,96,6,198
121,142,71,141,46,237,249,93,31,152,245,124,239,92,14,110,248,210,140,0,195,63,23,41,120,169,184,208,252,185,207,42,133
122,205,13,29,234,51,84,77,97,88,204,109,44,15,38,178,174,17,72,106,3,19,81,62,99,70,24,143,35,128,7,83,87
123,235,125,156,21,179,18,86,127,112,158,25,151,68,43,165,116,161,166,189,91,101,37,119,94,117,138,182,49,240,228,251,215
124,226,6,210,31,140,92,9,120,71,0,66,42,239,245,249,63,142,133,23,152,110,198,89,46,169,41,129,93,252,39,14,237
125,43,37,18,91,240,112,161,127,243,123,235,94,119,86,151,21,158,165,251,100,175,4,156,117,166,36,49,189,179,228,50,229
126,218,83,16,114,24,12,77,80,81,109,212,188,171,178,84,92,13,104,204,63,248,111,72,99,47,35,38,213,15,192,87,238
127,119,18,215,158,166,21,216,247,25,161,43,91,189,240,112,229,227,4,235,179,100,125,243,49,138,230,68,165,180,94,117,251
128,3,29,62,203,205,38,84,28,213,171,24,19,122,111,135,192,212,47,16,51,70,97,81,238,13,173,44,77,87,78,114,72
129,252,183,185,124,133,96,0,113,92,66,239,89,169,120,210,9,63,110,198,71,226,134,31,23,6,111,118,42,188,77,52,248
130,59,236,172,55,224,8,253,34,153,255,22,242,98,233,139,45,219,148,107,32,67,197,190,211,246,144,157,221,69,199,10,56
131,89,63,226,71,202,31,66,23,120,39,152,110,124,245,248,46,42,210,14,93,169,20,58,194,188,0,134,207,168,183,129,249
132,7,97,178,84,35,72,76,47,44,192,15,38,87,12,171,3,109,51,220,13,83,24,188,28,213,81,71,203,212,218,106,241
133,239,183,96,124,6,9,129,23,142,120,185,169,252,226,210,110,0,92,249,42,31,184,237,58,140,245,118,20,52,208,66,121
134,248,66,120,53,169,198,245,42,210,23,118,208,226,0,63,9,185,79,71,14,183,202,252,20,249,239,142,93,31,39,194,52
135,29,84,28,81,38,109,76,78,178,191,232,87,111,12,0,77,16,88,204,19,3,63,128,13,238,173,17,72,7,248,105,114
136,45,22,233,75,167,236,224,107,64,90,172,157,214,59,139,8,73,187,32,199,56,177,55,197,149,221,219,244,155,196,144,102
137,85,25,49,4,156,251,150,40,54,117,115,165,100,216,240,43,147,180,21,222,182,94,119,86,26,243,166,247,151,127,235,101
138,247,189,229,117,119,180,4,43,161,163,91,251,127,235,165,150,86,151,228,240,158,179,243,40,166,227,18,201,25,21,54,182
139,45,102,236,246,59,130,22,231,144,136,153,224,8,221,197,172,255,149,244,56,64,107,155,190,75,214,34,196,233,187,211,98
140,42,124,6,142,245,210,9,14,226,31,249,71,152,93,92,61,207,63,195,0,141,239,53,39,41,248,237,79,120,66,23,20
141,249,31,46,14,121,245,93,140,195,210,61,71,169,92,194,152,120,39,237,0,124,6,226,168,89,23,142,239,9,41,110,63
142,93,140,207,14,42,9,0,208,239,195,63,124,121,152,120,31,185,23,245,20,71,133,226,248,249,58,41,118,92,210,134,96
143,77,109,29,173,234,48,81,84,97,15,205,35,51,72,122,13,24,88,47,83,126,76,192,16,63,17,174,38,191,105,171,204
144,45,102,236,197,22,59,153,244,242,196,139,107,224,64,177,56,98,130,67,55,246,136,187,167,155,221,75,10,190,148,233,172
145,190,75,187,107,155,149,98,22,146,197,193,231,214,136,236,27,224,32,45,233,59,56,219,244,90,186,154,67,102,73,255,69
146,75,59,102,197,155,214,67,217,236,107,221,187,200,34,233,69,30,154,148,56,244,32,219,231,157,149,186,224,90,45,255,22
147,4,117,119,222,201,179,60,189,247,137,151,235,49,180,182,57,229,101,138,165,21,100,91,115,240,18,127,116,161,25,40,216
148,157,236,59,172,253,107,200,103,211,56,242,233,75,255,224,45,221,102,64,22,67,153,90,130,8,193,27,197,146,55,187,32
149,107,197,211,102,45,224,193,90,190,22,236,186,75,30,27,59,155,167,157,67,221,219,187,231,233,145,139,136,172,1,55,146
150,180,251,40,85,137,54,4,115,227,156,151,235,138,26,25,229,117,216,247,240,228,43,21,166,100,49,161,86,101,165,119,175
151,189,119,251,235,117,229,18,116,179,91,60,4,150,125,247,43,138,161,156,147,86,243,137,21,180,182,222,127,85,94,176,49
152,31,120,93,71,207,89,194,41,46,42,0,142,210,124,140,248,237,239,208,110,2,249,9,195,170,5,63,52,185,14,121,202
153,102,59,45,242,196,144,130,67,197,34,148,255,139,236,177,64,22,224,107,231,149,211,221,214,75,32,55,56,146,98,244,27
154,221,200,146,149,30,59,65,211,67,75,231,236,107,186,217,103,69,148,82,34,56,219,193,73,10,197,155,157,187,190,145,102
155,102,197,45,75,187,146,190,214,236,244,59,98,30,246,149,67,22,107,145,136,233,139,1,90,10,255,224,144,221,56,11,69
156,235,137,85,165,101,49,43,25,40,117,86,182,251,4,150,123,151,21,166,18,125,240,115,189,54,138,91,247,176,202,116,127
157,172,148,236,59,233,107,90,224,22,200,186,69,75,45,253,136,167,223,67,211,199,64,149,102,221,187,56,27,130,190,65,73
158,228,240,68,247,127,166,215,161,50,165,100,43,21,227,216,86,180,25,112,94,4,119,243,251,49,138,37,125,33,18,189,40
159,216,222,60,86,94,21,85,4,91,137,151,117,116,251,18,119,25,40,161,179,49,150,127,115,57,33,147,112,229,180,189,125
160,55,56,236,224,148,253,59,219,22,242,172,32,130,34,193,64,157,75,211,177,200,69,8,144,233,103,199,221,107,27,169,153
161,227,240,189,229,251,91,112,180,33,166,18,127,100,4,247,158,243,138,215,119,43,125,117,86,216,165,235,228,179,163,21,151
162,189,25,138,117,101,161,108,229,251,179,147,163,235,227,40,115,4,166,156,33,180,100,165,86,247,137,85,18,36,60,54,240
163,138,166,180,229,161,189,247,251,108,227,54,240,228,235,40,4,175,162,91,243,150,165,158,101,33,117,43,119,127,18,25,215
164,241,12,29,16,104,80,19,111,99,88,81,13,238,109,84,204,250,38,126,205,220,44,83,225,234,77,105,17,174,97,78,72
165,43,240,247,215,166,4,21,156,227,101,158,36,119,228,49,100,50,180,235,251,137,161,243,94,25,175,138,127,182,189,33,117
166,228,251,227,158,127,240,100,165,235,247,161,43,25,180,4,215,54,108,40,243,189,163,119,37,175,101,229,138,137,156,50,91
167,107,187,224,136,22,27,236,90,172,86,157,197,233,149,45,186,117,98,102,75,59,255,64,151,56,190,251,196,221,144,1,244
168,39,31,226,6,46,237,63,93,92,61,42,124,210,249,140,0,152,71,245,169,141,66,58,79,20,89,248,120,252,9,23,254
169,210,31,120,249,226,194,66,183,71,245,63,6,46,23,134,0,124,239,133,89,9,110,141,42,129,93,39,140,14,198,252,61
170,41,2,52,92,42,152,79,237,226,185,118,140,71,202,124,120,31,5,46,66,61,239,210,39,9,14,63,254,95,23,194,248
171,83,16,84,62,126,24,203,114,132,7,218,72,178,213,192,174,44,238,35,28,13,81,97,232,3,15,87,29,51,38,128,80
172,157,236,253,233,69,224,148,130,59,22,221,45,107,246,167,200,64,255,211,219,197,56,90,136,187,186,8,103,73,75,34,55
173,51,77,84,29,48,109,111,81,174,143,204,24,178,35,171,191,72,212,126,87,97,213,114,135,38,99,62,3,122,83,192,218
174,81,77,29,83,191,84,35,238,80,87,44,104,178,13,99,173,24,171,72,51,204,234,111,109,122,62,16,126,205,218,12,7
175,247,228,43,240,119,165,166,251,235,181,180,91,4,37,125,161,158,21,86,40,138,150,182,117,94,229,112,151,243,156,100,227
176,117,43,151,156,235,49,57,119,4,137,18,138,147,175,189,247,150,179,115,91,94,182,165,125,54,201,229,37,60,187,40,116
177,75,22,56,45,34,153,102,197,144,136,59,196,82,244,236,30,224,219,64,221,149,107,231,55,139,73,211,67,148,146,214,27
178,84,7,87,109,132,24,51,38,3,188,83,13,71,213,93,204,12,72,92,81,126,218,35,76,77,44,111,174,48,15,248,171
179,18,60,189,112,119,117,127,151,182,91,147,161,247,138,229,235,216,201,230,123,4,240,49,243,125,215,25,43,156,100,222,21
180,4,229,150,247,240,251,161,119,166,138,227,228,85,216,158,243,40,91,189,165,108,117,182,26,163,54,201,100,127,137,49,215
181,36,228,175,165,166,50,158,43,240,227,251,100,161,247,33,215,86,37,125,180,4,94,235,21,163,40,156,91,243,189,138,54
182,4,91,247,119,243,240,49,189,156,179,229,180,18,85,165,137,216,60,138,201,230,117,151,127,147,235,116,101,166,215,43,161
183,129,239,133,110,169,252,120,89,210,23,124,96,134,31,226,249,6,66,184,208,71,46,185,9,0,194,63,188,142,245,121,14
184,239,23,95,120,195,52,110,207,185,118,142,133,183,31,92,124,121,41,5,96,46,208,194,2,248,152,252,226,93,140,169,170
185,118,96,252,92,52,239,129,42,142,0,9,248,208,5,133,152,124,134,41,63,120,184,170,95,237,79,20,31,71,93,198,140
186,107,157,149,172,69,236,211,224,167,221,75,90,59,56,22,231,190,146,187,30,27,200,148,102,214,154,233,197,219,67,136,73
187,167,107,197,236,244,155,102,190,233,98,75,59,45,22,172,145,255,146,224,221,231,214,136,149,56,157,73,148,90,27,11,196
188,13,178,124,89,71,109,93,126,3,12,252,38,111,248,24,84,120,192,63,72,152,129,35,210,31,81,132,87,0,47,183,7
189,229,138,117,161,18,247,151,91,119,179,4,251,127,162,182,180,166,43,240,60,235,86,147,165,243,25,227,158,163,54,137,100
190,22,107,224,155,187,59,149,98,145,236,67,45,102,197,27,130,244,157,214,90,186,75,167,139,69,199,172,233,146,217,1,10
191,81,29,174,87,51,104,44,84,135,83,12,241,178,205,7,97,250,114,35,126,203,173,88,77,72,109,16,13,238,28,24,171
192,84,24,220,47,97,205,203,87,13,132,213,44,72,3,35,29,106,109,171,7,178,15,188,83,38,126,88,218,12,81,28,16
193,55,107,149,236,32,90,224,56,148,211,59,219,98,65,45,27,223,30,145,221,75,22,157,233,199,146,136,154,190,200,10,130
194,31,120,89,169,152,46,71,2,210,93,195,249,63,110,66,206,23,41,141,226,95,207,248,239,39,0,113,202,134,52,14,9
195,207,93,31,14,142,248,120,140,152,194,141,184,71,46,208,245,23,121,95,239,249,134,210,169,226,20,63,89,42,92,79,41
196,153,27,197,22,144,255,8,45,107,102,224,59,177,214,136,187,67,34,167,139,244,236,64,149,130,75,155,148,55,98,242,190
197,102,236,75,255,22,155,45,34,107,187,246,244,221,149,146,67,59,144,219,56,224,98,172,214,196,153,27,167,10,1,30,190
198,66,134,124,53,120,226,79,39,9,210,6,31,252,0,254,5,63,42,113,169,52,118,248,71,89,129,185,96,23,92,140,194
199,32,59,224,236,233,107,22,157,136,90,55,172,130,56,190,45,98,223,8,193,148,167,75,69,200,67,146,214,65,155,144,102
200,157,148,236,211,172,90,59,69,107,253,67,65,233,146,154,223,221,75,103,197,246,186,56,1,10,130,217,73,30,98,149,102
201,4,247,119,147,180,240,230,60,161,138,179,182,216,117,227,112,229,243,49,108,165,127,189,222,18,91,150,100,137,215,43,115
202,63,42,71,248,20,0,31,152,134,170,120,41,131,194,210,52,53,140,156,207,93,185,39,79,245,2,14,142,66,9,169,21
203,205,213,238,192,24,38,47,171,87,29,72,13,128,84,16,220,97,81,28,126,62,44,3,114,132,83,191,105,12,178,78,122
204,99,17,234,212,111,12,77,178,83,88,109,0,84,72,126,29,104,174,51,122,16,218,225,241,74,48,173,81,185,210,129,35
205,29,203,122,88,192,72,44,13,84,81,47,97,38,70,128,238,24,109,3,220,62,174,143,111,191,234,51,87,19,77,12,16
206,46,194,169,31,23,110,89,152,210,252,249,113,168,120,141,71,254,63,248,2,239,121,0,52,95,66,226,202,131,183,245,93
207,195,152,142,14,93,20,140,120,239,42,208,31,184,248,23,71,194,210,134,5,226,202,52,9,245,46,185,41,121,2,124,0
208,120,142,152,41,96,239,9,14,185,134,93,207,118,195,0,71,89,31,249,209,183,5,42,194,20,210,52,38,121,184,133,124
209,120,92,110,31,239,208,93,185,63,41,71,252,96,124,133,142,52,39,13,184,188,152,9,113,178,183,89,16,195,66,38,129
210,169,249,31,124,71,226,120,140,0,46,89,9,6,42,245,66,194,152,63,14,239,183,252,134,39,93,141,198,168,61,248,20
211,149,148,200,172,236,107,10,221,157,186,56,197,59,103,22,253,90,130,102,193,75,224,30,55,153,154,231,73,34,69,45,219
212,84,218,204,3,99,74,77,24,109,126,111,17,12,38,213,178,87,234,48,83,81,0,29,35,44,16,192,19,80,132,47,114
213,38,84,3,203,24,87,178,192,218,238,114,212,171,126,28,29,128,132,51,111,97,72,106,99,109,13,16,12,204,44,205,48
214,155,146,75,102,59,67,221,107,197,136,1,236,187,22,45,64,255,224,244,32,233,98,190,196,149,231,139,8,34,153,157,186
215,127,247,158,165,227,240,100,216,166,119,21,161,112,68,18,180,43,25,228,50,243,94,189,33,179,230,182,91,4,235,101,125
216,21,127,215,25,119,247,240,68,85,158,180,243,227,18,112,161,137,4,49,159,33,100,182,91,150,179,165,94,251,201,40,229
217,146,67,30,59,102,190,154,236,200,107,155,186,224,75,149,197,157,221,22,214,193,69,199,90,32,56,148,219,10,1,172,27
218,126,212,84,83,114,99,87,80,178,213,24,106,81,76,171,234,35,77,104,204,238,192,72,48,13,250,109,44,16,174,225,92
219,34,69,103,55,197,75,221,8,224,22,172,59,253,255,236,27,130,149,67,107,45,148,146,136,56,64,193,242,233,32,157,10
220,192,13,84,38,132,29,78,97,203,44,205,24,109,88,47,35,28,87,81,99,106,12,19,16,164,251,104,188,7,86,213,72
221,236,56,197,172,34,64,107,22,219,224,214,75,59,233,148,246,146,154,211,187,149,45,102,157,255,55,139,253,73,186,200,67
222,147,60,4,137,159,115,119,57,151,216,189,117,150,180,247,229,201,179,127,49,85,40,25,251,138,116,21,86,161,108,100,235
223,90,236,65,157,233,200,172,73,107,148,56,69,193,59,98,130,199,55,136,224,8,211,22,45,190,10,186,246,154,149,167,75
224,236,22,59,27,107,172,55,56,167,157,8,130,233,255,190,45,32,199,149,136,219,64,221,90,197,102,75,148,193,187,34,144
225,84,12,204,250,238,81,38,29,87,105,24,218,16,99,212,109,185,178,78,104,213,241,77,44,164,83,72,135,126,166,88,0
226,66,124,6,23,120,210,31,249,39,9,169,239,245,140,42,46,14,63,168,93,198,89,79,0,110,71,142,134,92,53,152,58
227,161,100,240,166,251,33,215,180,165,127,158,25,243,43,247,216,228,112,150,229,230,138,189,4,21,119,235,108,201,91,163,18
228,166,158,247,43,180,240,165,175,251,4,37,227,243,161,181,138,50,127,119,150,100,215,40,235,21,91,125,86,54,25,68,163
229,189,180,4,91,138,117,161,119,251,247,127,240,151,243,18,182,60,230,163,43,166,227,150,54,179,85,108,235,165,21,147,137
230,243,91,240,229,127,201,161,227,18,119,179,180,182,4,100,216,247,215,125,189,117,43,138,112,60,165,49,158,25,151,21,137
231,75,244,102,73,34,187,139,197,149,59,107,146,221,186,153,45,214,236,211,56,154,145,148,177,233,22,255,136,155,67,103,219
232,16,171,12,111,84,13,135,83,109,174,24,178,63,80,81,29,248,252,168,124,48,71,31,188,7,28,62,46,38,0,126,15
233,73,236,172,107,157,90,136,59,45,56,224,75,22,187,199,1,148,221,130,167,255,200,197,223,98,69,32,146,149,64,214,246
234,88,35,204,106,72,104,109,17,83,122,77,76,81,218,13,143,84,97,174,212,29,99,44,126,178,80,7,87,12,205,192,15
235,156,123,166,101,151,251,21,25,40,43,127,18,165,117,125,189,119,86,161,138,150,175,247,4,57,179,147,240,91,112,137,54
236,224,56,172,107,59,221,197,22,233,157,148,102,130,45,98,75,55,187,90,32,255,144,136,246,199,200,167,146,155,34,190,193
237,92,152,239,168,121,124,140,93,42,170,46,39,185,226,249,31,141,142,210,6,61,245,133,14,41,71,9,110,252,0,96,120
238,203,87,16,29,174,81,213,205,84,83,44,171,99,72,241,77,218,62,126,250,225,12,38,114,111,24,13,104,204,245,80,164
239,120,133,23,184,183,110,96,124,226,6,185,9,142,252,31,152,237,169,210,118,208,207,92,140,93,42,66,89,52,249,129,41
240,243,165,161,100,158,180,247,4,227,166,43,18,215,49,37,119,50,127,216,228,229,91,251,112,125,182,175,230,189,117,68,36
241,12,164,19,104,16,81,111,80,83,238,84,204,44,126,99,72,191,250,7,174,13,28,114,88,212,132,234,109,76,171,178,35
242,64,153,45,148,253,144,255,59,130,236,67,197,55,34,172,221,246,102,224,219,8,22,233,32,56,160,139,107,75,103,196,146
243,240,100,230,247,91,161,119,37,43,227,182,251,229,18,180,125,166,216,4,158,127,165,228,189,138,151,25,137,112,215,50,108
244,102,187,197,75,45,155,59,231,144,236,107,22,34,146,139,190,67,56,214,136,11,30,221,177,196,246,148,167,255,172,73,233
245,14,249,140,42,124,39,66,226,169,6,71,61,0,210,31,248,23,120,46,63,9,142,141,134,93,152,121,20,41,195,53,110
246,197,236,172,45,139,221,155,10,102,98,130,255,233,144,242,107,187,200,244,30,59,64,136,22,69,67,253,211,148,167,56,34
247,119,138,180,4,240,165,158,189,43,215,228,166,127,229,243,182,161,175,216,91,18,201,227,100,251,117,21,151,49,147,235,179
248,134,93,42,63,71,31,245,0,46,195,152,202,185,39,142,120,140,254,79,14,23,252,210,53,124,207,92,118,194,52,66,121
249,210,245,31,141,226,169,0,93,46,89,9,120,124,14,6,66,71,39,140,23,152,194,142,121,239,168,42,61,237,134,63,133
250,12,104,114,7,87,81,83,178,225,126,238,218,84,72,24,80,16,241,29,174,76,191,44,35,132,164,171,109,51,106,38,213
251,54,166,150,40,161,180,229,25,227,137,4,189,151,85,235,86,100,33,240,43,243,91,228,247,165,138,21,156,158,175,117,119
252,129,185,96,183,89,239,92,110,124,31,210,120,0,133,113,71,198,248,63,152,46,134,9,169,188,66,93,52,6,226,39,23
253,172,148,103,59,69,130,242,219,157,67,200,22,34,236,211,221,8,64,255,224,45,197,233,107,27,160,75,10,55,246,65,82
254,46,95,39,248,31,52,198,23,79,41,92,120,66,170,93,2,5,194,226,245,168,152,63,118,124,71,113,184,14,141,42,0
255,197,8,224,236,34,172,27,219,148,130,242,59,22,75,187,196,107,102,233,45,153,64,221,56,214,98,139,246,167,253,32,136
