0,1.2624101893966193
1,1.0622115758008217
2,1.495799509896465
3,0.9559522625252005
4,1.9218762200067072
5,1.036697125011742
6,1.0403925771675868
7,1.0338570011585704
8,1.0373912284246813
9,0.9956874525291166
10,1.0315001208013006
11,1.0310431467055468
12,1.026190397706709
13,1.025037054442668
14,0.9786818134137343
15,1.011406653814755
16,1.7914674315114507
17,0.9826037026281577
18,1.0466382247673278
19,1.2813354546552544
20,1.0145898084996379
21,1.0141523886725072
22,1.0265286586183098
23,1.0326526111281615
24,1.0269403736569283
25,1.012755917919521
26,2.196884519098636
27,1.1270341867110845
28,1.0865112011099332
29,0.9718095573875473
30,1.0932401189221168
31,1.4388016883197245
32,1.0363490902389896
33,0.9653075614570772
34,1.5074744953332586
35,1.3489842132718959
36,0.963551597755438
37,1.4835893307683388
38,1.1963779728646582
39,0.9520763562421208
40,0.9738105689823632
41,0.963492547172439
42,1.0254462557125485
43,0.9524494796864507
44,0.9485133464568791
45,1.048955134655758
46,1.4992552260214265
47,1.1242948284080354
48,0.9862463308924221
49,1.001167349972528
50,1.000532976316276
51,1.5521445530233349
52,0.9999013407526751
53,0.9896272542263317
54,1.03748599862983
55,1.3055508431094696
56,1.0336144582319653
57,1.0198551965956422
58,1.0092161822954424
59,1.1587382231949834
60,0.9949075573714193
61,1.0527161596967154
62,1.0327792342247433
63,1.0580842856859523
64,1.0784965124030377
65,1.4998249985860146
66,1.0439219470697083
67,0.9732084490894342
68,0.9749090724013945
69,1.5112750491941083
70,1.0599850485609084
71,1.1829116368772528
72,1.0695585326159613
73,1.0597286981104788
74,1.001480958952674
75,1.0654842435776666
76,1.0387640098871989
77,1.6056054333401693
78,2.0045404414192562
79,0.9798667148467308
80,1.0720853857741566
81,0.983932080697687
82,0.9962336865463549
83,1.0174314010539587
84,1.2643427963203644
85,1.7391877016037414
86,0.9604119110625531
87,1.701542057937179
88,1.1406116420317398
89,1.1482298611124646
90,0.9841074782389336
91,1.2257134086063441
92,2.4624043131975655
93,1.5781969031605951
94,1.0765504551083411
95,1.0038177830071318
96,0.9939781512740552
97,1.0184551980548804
98,1.0172554379583052
99,1.028895171203748
100,0.9798902370259142
101,0.9986435654558844
102,1.2676210285092178
103,0.9560595893589885
104,0.968729445373095
105,1.0791957135831995
106,1.409771406533708
107,1.012232690391011
108,1.0191501273215426
109,0.9931551600673892
110,1.0267335462967477
111,1.0429731321409923
112,0.9925475283113933
113,1.050743442137458
114,0.98131959184249
115,1.0212745704635635
116,0.9946000628050025
117,1.0977066230438974
118,0.9509314357435408
119,0.9675232027216769
120,1.121874120682175
121,1.4675192032543476
122,1.4242885967526973
123,2.4778926083258663
124,1.0426446921721135
125,1.1520271956386856
126,0.9518264151236622
127,1.0293191148837857
