0,0.026432673042376658
1,0.029391094533883656
2,0.025896837104486172
3,0.029692423916926364
4,0.025854582799968134
5,0.025386185606560283
6,0.026049128267795273
7,0.027242838464304066
8,0.030410182429813346
9,0.027255676048482752
10,0.026869312925698538
11,0.027794513102407218
12,0.02787096284378703
13,0.029615246844079526
14,0.029391333778386698
15,0.02495775078535808
16,0.027303570501532058
17,0.028606635863180407
18,0.026772937763209336
19,0.02718630783993139
20,0.02826070028143126
21,0.029719109836937742
22,0.02497775238841502
23,0.028619523562433073
24,0.027794258934695556
25,0.027794513102407218
26,0.02532763647316011
27,0.027800875553791845
28,0.029923576497692277
29,0.029802839828656714
30,0.02391902673494178
31,0.030135815832185192
