6.072563280614186, -1.4529749234271172, -2.3089301463439877, -2.0065577840332782, -2.6766731331716995, -0.4157024108813767, 7.252507972063576, 12.916227115280332, -6.297051080419677, 3.3075971325040583, 10.240402892058345, 2.0396707438595585, 5.329594251209809, -1.3141518460869666, 6.31106383173736, 1.3559260867309437
4.600788878814228, 1.8798688089316744, -3.567075371366153, -8.78857331340048, -2.32504975083278, -5.288551601204971, 5.16523576275255, -7.731262696752708, 8.647519107786986, 4.243319214811399, -10.170617960596184, 6.700334485840476, -1.0851749571543712, -6.1681432653072035, -1.1692777746175977, -5.735398017577795
15.847650244568868, 0.08097112647531546, -10.307536237195022, -8.981804717416564, -4.963660729867819, 13.196111212998417, 10.560846900503941, -15.748651262758521, -5.4413916112416345, 14.014716003469466, 6.132172703645815, 0.4134492862948771, -6.476213098937768, 2.736436531042185, 2.9743065090164125, -11.412013043280275
-1.1961590905686044, -0.9088765306986943, -13.971293877137281, -5.2296605408550345, -7.0411444656119055, 1.3544140552548418, 9.70587500685353, -3.753204703171502, 14.097314266825984, 6.424531467288223, 3.9167345013737824, -1.181195944478489, -1.5734086210015548, -6.141389706835517, -20.443515168847696, -9.548781871399395
-2.7753540271598487, 4.530635256717874, -0.31622659612558657, 4.83064750437635, 13.414821342948974, -1.6697947396418154, 11.539067186133565, -20.52567828491467, 8.021973133310851, 8.075264678971681, 12.806921082677343, 12.585719410572457, 5.38373254734292, -7.264651514762032, -4.005392102121699, -4.8017507797381205
6.736623507850905, 12.934936562287854, -2.4905461497323333, -1.0882686556728711, 0.11535283383696604, -9.62098897923898, 7.006244628234339, 2.8501747551366075, -3.259933814516137, 3.4786750458596267, 9.365255546344729, 7.771769625769915, 9.808539969618984, -2.591883967514927, 7.238876464673565, 2.5984675537215067
-2.3866394694282254, -3.025462157107562, -8.287307647461967, 2.9274560508182397, 5.258290206269487, 0.8241280256812695, 11.244371444819256, -8.850146049324405, 11.354549056186373, 9.896959293664679, -14.668818805061305, 3.260037334910239, 7.6832289312712145, -11.174841686199674, -0.9644480628451895, 0.3241719844259787
-4.998930858210814, -4.640932373671831, -16.637780070360726, -9.104427896042242, -11.754432392492069, -7.547039767656431, 7.603619918092284, -5.83976075165599, 14.748177664335058, 21.591642578087615, 5.142996423679518, 6.617837606059014, 2.199407995840479, -9.934447410601978, 0.2638171500054911, -6.435278893377284
-11.86502541413101, -3.516627900756127, -9.056598096373415, -3.9221880782057257, -11.367352770198085, -8.454007343240457, 8.881969054875906, 8.370286030077395, 1.4271059245388829, -2.1045555823642594, 9.839792413648263, -11.586243049824617, 9.58572367244099, 2.536680377801772, -5.237503359517079, -12.259497791620875
-7.905649811852694, -10.905671902765803, -9.08267673754329, -5.051517869581565, -5.310388344166675, -1.53160612221523, 6.1059016081932835, 6.93147841835766, 9.639755597802807, -11.968515179020947, 1.7414525557198037, -10.239938056634227, 11.892026068550507, 4.305585193789838, -10.114409053687433, -10.280490985831689
6.349501163290588, 9.762844991537817, -2.792010488547732, -2.0601270110400396, -7.420409899743683, -2.4985835815242137, 7.2915705537859745, 13.512522776875773, -4.328210304142263, 3.6471114429072347, 9.178174393805108, 14.791102534345319, 9.624371070508037, -9.02532886490931, 7.196719473991706, 2.167062924218026
-9.053528626485484, 6.235633297573161, 1.6004285683549249, -14.366460915309595, 9.462990923645473, -0.7405328365498152, 0.5787130547023819, -15.550173208664077, 12.977226672734187, 8.941333175378302, 4.662514307944141, 2.3603522517917175, -0.1631669666738368, -6.789824208487415, 1.7178447779592814, -10.007495902131335
6.446243232104157, 8.051948089678248, -2.654984153564219, -2.922507658685357, 2.377934178384278, 13.628798425363836, 6.698784077887725, 3.3333256755435405, -4.337178334880951, 3.477420009670407, 10.091071166684436, 0.771600679295358, 6.780601602702599, -0.805226712459929, 7.230250616945383, 0.9672995308394978
0.8403824146949415, 5.128584790832012, -3.3329879735288754, -5.657712130352673, 1.4125305616637105, -10.676429282932446, -6.605764468366354, -8.247002956196727, 7.312760865692917, 9.448278802830545, -8.74785964067869, 7.321954953819384, 5.22257842971065, -7.29861390093637, -1.1697209248525917, -8.025774702693422
-8.588233454511869, -3.6238236125312344, -12.581754778182091, -10.791331004943322, 11.785766456198758, -6.2625677641131965, -1.850532233521868, -6.619854860567957, 13.288816081804399, -5.006298180472468, -2.5916519958030455, -12.87372646057788, 17.679612134777614, -6.144376648318429, -5.178859034457023, -7.528259553603018
-7.151823091546623, -10.749980349332933, -9.908024897702647, -5.1987721244423675, -7.779620150340319, -26.52359132707745, 7.7631911634606805, 7.943150048206879, 25.31930804372771, -7.7046631886571895, -4.1843766574855845, -9.499090094829306, 11.725351781419834, 2.6502535015724833, -7.8527097228659155, -13.41117764637665
-5.154132281401853, 1.0197654686356272, -8.224484033358085, -9.674622729503092, 6.461922539022396, -3.5026007944582584, -0.3767588566489475, 2.571312950689138, 0.7383706048318182, 15.68414462015448, 19.306799652576444, 8.96068154491617, 9.385586881469088, -8.14740020942441, -2.4912999943625564, -6.526397146925257
7.260550859321436, -2.5532756985355034, -3.56929244695413, 1.4492104605438927, -1.1076860467605822, 12.469937948995966, 6.989593342667922, -6.0968832618882765, -11.654827975610681, 13.839417951159035, -4.488358011442031, 0.26951644329081015, -3.4928093778015072, 5.347304439061321, 2.34302101106703, -6.310861343852986
-10.325013804287568, -3.3654688889677864, -9.777649813626672, -7.252686201773322, -15.085419305955702, -1.3442588688495363, 3.2407631025594394, 8.521176228340149, 8.810914143558298, -9.713435053464035, 2.601057820616518, 5.730283627710238, 8.602492604410301, 4.746753019456009, -3.798517442770071, -5.618639588153891
2.012449581059287, -2.9196701592008596, 10.347619596962822, 6.864872729352349, 27.336364209844696, 8.369390543469102, 3.430029797711301, -7.474789281451984, 0.11976612783158391, -2.9861813964256836, -0.478073808233344, -20.787255206105584, -8.461124085952097, -1.8374072730930688, -3.2530168114204168, 4.394342516852788
11.768911745086093, 1.2862380697680826, 16.74099965428804, 9.27992264766165, 12.40398863259563, 9.530390761160312, 6.566328167367282, -7.409874016640208, 15.337532358641823, 0.6850789927850167, 4.844756965637929, -4.299837825628029, 2.883760794453199, 0.5770484452458517, -2.2299461101679117, 9.140683359363294
-1.2111425885150817, 1.410538442435686, -15.911757779901635, -5.347554651533622, 18.089118096731774, -5.292629895194038, 3.4154104969311767, -12.769298968375011, 21.47095848083013, 11.028167174403006, -6.6652987060282785, -3.17125954770521, 4.873327345616429, -9.376595786588949, -8.243178722020104, -3.56506756940711
-7.499761777709672, -6.282335806608485, -8.943546847724155, -7.650181876326675, -0.37316485743816585, 7.996867742759172, -2.92037969049842, -4.34975077529727, 11.638472391018004, 2.3614948720449798, 1.8978739557989623, -4.582937509200679, 8.130108470443592, -9.302535689830679, -15.631049248987063, -10.474557942044123
6.2010788838891004, 16.45915771855465, -3.4716802099236075, -2.569307619737427, 6.941475695729318, -20.176073021999002, 6.915831722210438, 1.494105887378173, -6.007493274563938, 3.7077442328178765, 9.481619303315357, 8.326413172460903, 6.608692759580942, -15.063936796756417, 6.883413456235534, 1.8536758598457608
6.158378938750736, 0.2437043071845375, -1.702970911766653, -0.9642176734971559, 10.478975956663836, -13.52332198426117, 6.7568793678516235, 8.158015575344823, -6.318394866683629, 3.0667537812014616, 9.674084822973958, 11.68177812122783, 6.904102663937302, 10.556753017905304, 6.902266422367638, 1.8342532035928742
-8.940174879759006, -0.9747615027225347, -9.252710524352677, -11.353991704620244, -5.437525588617866, -2.2412948604024825, 9.668185268863606, 9.732711668606052, 12.09654373213451, -17.703356790745836, -1.3394253117298556, -18.006245567904898, 7.447313297945688, 6.47851687157087, 3.522934530049369, -15.291727326896531
-11.081245599054464, -4.701606915814068, -8.981875538129703, -13.288589374915455, -9.208385022664494, -21.986873115909376, 5.1742840272630595, 7.971410399357819, 2.86924505465485, -5.763909704638575, 22.34924286904547, -26.35300019455916, 23.836642534534892, 3.2927704473459984, 1.155158128998841, -19.845049554561918
12.24142146382774, -0.1884906152523067, -1.9883502776711084, 12.069487411371032, -1.2296075534606343, 2.24940787137304, 7.1577886309211385, -4.76698603031079, 0.6442632008812836, 20.157143539248015, 3.6813362446356175, 2.32126736082503, -6.977926046010856, 2.6840619129769108, -6.13494632448786, 11.138271369797218
-7.6031065859307745, 2.9618213196158143, -1.6795416037195139, -11.482248585435402, 7.186707672774201, -6.504674099189749, 2.139511810309786, -18.457156102730334, 14.05405406618405, 3.361690694570046, -17.452248208208037, 7.590632478108553, 8.404055172821376, -17.58730116831893, -13.258355542757311, -16.825811857017342
6.381206489922586, 9.015750207638735, 5.486181580171559, 5.723912077602643, -3.992077228349829, 3.397711928830744, 14.706571010848325, -9.054736220191243, 29.864667349316804, 21.616764548547007, 0.45326722299212374, 3.6098230218453526, -8.208710420578226, -3.1354904067099767, -2.8445845872106754, 7.428711712623532
-0.7416521522445891, -6.629701219244194, -9.478661540100221, -2.2609273015368965, 9.990349563862527, -11.215836141186731, 5.2734766551965375, -14.961531402506491, 3.5037117501614383, 5.070527654683487, 12.325809848855084, -3.6607140023787306, -2.8105600992083555, -5.908251655009169, 1.9972176498601586, -17.009994441816318
-9.484150591415021, 5.350853669332189, -9.312331170711328, -5.52275956961876, -12.48189160651674, -6.654280075321729, 8.091441615814468, 9.788613269464351, -3.454271789035647, -2.3786581634805106, 15.862390894682452, -8.627636575721581, 11.120676712045928, 3.7914267929504457, -8.287886096859484, -15.965105220660433
7.086991780789859, 1.4621906447526598, -2.76338460047902, -2.2051859245375707, 0.12308984531748957, -5.0747489159281125, 6.898939121357318, 4.344182268324461, -3.720730490320107, 3.0196538998959475, 9.540291608065512, -9.853809783085087, 8.0510181308657, -8.138759854273653, 5.710557155362504, 0.984245635944114
13.812368905582634, 1.5056907326143107, -24.432060200866104, 7.004315948325653, 2.8622931488794734, 10.98589187358009, 5.893094345777871, -0.717322017781564, 12.329895630709752, 9.760173901656033, 3.9418893738344756, 5.668017597646477, 3.1146677148058988, 13.519391042714176, 2.2640223373512827, -10.963974897107914
7.187300842749462, 13.864628298496367, -2.938054328122342, -1.4818615299013258, -3.4109884777637784, 12.836219955806513, 6.60593601247544, -2.422908839613612, -5.4543113758956885, 3.3003237916997814, 9.329176571909365, -1.2687336778971936, 8.914663886392777, -9.340530545109164, 6.767640193784214, 2.061067369388029
-5.462330579493117, 0.5245641494618655, -5.805562427641922, -8.643439722891655, 13.420869232098086, 1.5526325977571753, -7.472210458924367, -6.638647502629968, -0.0336363962059103, 12.806757113709962, -11.470428149642668, -5.747202558441051, 0.3946646472603721, -5.765066470054699, -9.399012749947875, -5.5029594171366725
-9.107608576002876, -10.89460883820485, -9.153368486764125, -9.773611078985052, -11.635424003324571, -27.00019481400781, 6.058919626790039, 9.925527988860535, 7.162388481125451, -12.19875390719745, -4.501271713592237, -20.22095104000745, 6.560855371525916, 4.061907894080243, 5.068286451378144, -19.241479166068935
-10.373892868858501, -3.1470265576515635, -10.330304309024502, -12.591717723169143, -3.9019723438699234, -18.18741681386349, 8.959601315402423, 8.98411716714908, 14.391132257138812, -18.795078354843792, -4.735864450103309, -5.284326780704481, 4.096129961584224, 2.969280962116628, 4.110838162353415, -3.6706707656505166
6.443540580529992, 0.7550992523289981, -3.098600084979402, -2.0145252458338, -5.736806756535933, -9.463855469232533, 7.316786680673753, 6.082557870451541, -5.90409463599992, 3.655923556768166, 10.066299018664987, -2.802278130686126, 9.739575552515255, -10.366452648981388, 6.336033288415389, 1.333579045210248
-4.721020250311596, -1.383931023981403, -9.107920905871666, 7.109839222606187, 9.729260005235801, 8.601152526853728, 6.844681599297464, 11.125377834734607, -1.294646273558003, 3.958449436276023, 3.2850675797341555, 16.652782006348225, 6.770397893769121, -8.313943033431096, 1.488566772174635, -6.997980486233239
6.546295302500935, 2.2615387180462845, -3.5201675423404284, -0.9295441746895861, 3.3641010369256765, 17.597911804609325, 6.821955515465532, 12.877019735036132, -7.109251910856534, 3.4711739807221345, 9.680654719517577, 5.503626933656847, 5.5385687279702465, -2.760389262651429, 6.5018101818756735, 1.2586400107783315
-9.499652005426563, -1.427066575543292, -8.815721524855853, -6.742201965338012, -5.933094388444591, -24.45088975131666, 9.542748047487763, 6.835374779567132, -0.832364080953071, -20.178930407755622, -0.20260647287978983, -15.019035214754513, 21.82643193522277, 4.722592516049724, -0.8658733077756029, -8.724781764407528
5.753069521643832, 18.466821783726772, -2.817088781885882, -1.9368625369372419, -1.497836120870967, -10.221771812659542, 6.954460893394243, 6.262238682597255, -5.551407565034009, 3.528615701407255, 10.053737050735728, -1.1357313111624707, 9.441248259087736, -13.43025573154782, 6.9101356994274115, 2.003790182466788
-7.392813472186427, -8.688498704569549, -9.865599413190377, -8.170332085396078, -6.247438697042227, -13.476952958223318, 6.633627744152006, 9.491894236359324, 16.41984604912928, 1.3710988052824522, -1.9337992275019857, -9.114719373983633, 11.477188604783898, 4.611144581867801, -13.09174788832123, -1.5498549278610643
8.896112922387681, 4.499385231626745, 9.64937861817338, 19.58937222245968, 5.843205897176004, -1.5939288093476573, 4.845041743061876, -9.694476342752662, 0.4610424684289639, 5.253092819094092, 3.9047405376148996, 13.358157041525606, -1.9308741226315007, -0.8642075492477916, -10.33177176459884, -0.5642371122565635
28.951482673190103, -4.340770657717411, 0.7500144286024519, 7.502302165312979, 4.934378753930459, -9.112558687035138, 7.32032478919276, -10.055612829984415, -12.802988526879368, 8.220142060103974, 7.8539586852684, -1.0239791736804542, -10.25052537673217, 4.595392139877273, -6.435139819133986, -1.1588555572062682
6.763435177315296, 2.2755074257557837, -1.8373362719187376, -0.8559604214870746, 1.8700320993698516, -8.468487415888413, 7.636962603009373, -0.9939948358440649, -4.918843937867127, 3.3378022943955967, 9.824079249352472, 1.5797806895304394, 6.4315045912762745, -2.8214355530408124, 5.723420928944537, 1.304374043433076
11.91593523215487, 10.818745630360914, -0.8276356207054902, 7.712431969557589, 13.987640923424976, 10.218009812883444, 21.973485468440582, -8.040716684843945, 10.82254482217822, -4.837502047902632, -3.1174707158826944, 1.7064589733038407, -13.92590444435595, -1.6219742833316237, 1.7118580323546926, 0.7736984347256506
5.045278924558349, -1.9674932999025945, -1.8425895274222488, -1.6256154515773695, -9.372001886925377, 2.784695044444449, 7.899764542622954, 11.509282373465918, -3.721096577088986, 3.3465818801714704, 9.829067684247914, 8.17993416369988, 5.414187184754438, 12.887027685311407, 6.786207803543125, 1.7951895813990733
6.254231831311235, 1.114461568203672, -2.4401328946271765, -2.431541808584521, -3.2697609574178648, -8.372111196353728, 8.080452226741533, 11.490709617950921, -6.819490649303946, 3.2782789146783156, 9.522311738658024, 4.319984020003728, 7.243813284676808, -0.9474908053073818, 6.421825541361636, 0.8750224121908172
5.5577308660463585, 11.868486653932013, -2.952161752854348, -2.6413607060028634, -0.11015507361994725, -0.12430439504978841, 7.174235753604882, 3.394333279474061, -6.913445054430769, 3.4460607371493848, 10.32602092921212, 8.051628900223294, 8.59157932495349, 7.755545754181917, 5.883667870168836, 1.0480659312076628
10.141266118784271, -2.736515797095697, -8.707973313115808, 8.77377447565233, 8.95515526104211, 8.37816519876933, 15.846187418899405, -14.59078675574347, 0.2817859780346149, 5.670464529602736, -2.828674287911455, -1.344766848880697, 0.14977933801326415, 7.805514519420672, -4.60700204058629, -5.87796446809212
-7.5373099936707595, 0.2801609473915381, -8.793649102439563, -4.119042235391011, -6.801811733234664, 5.259730304321415, 9.879900871508639, 6.644944130068797, 9.123143716692018, -12.67476544860343, 1.9523631326461022, -4.898761601298201, 10.597349860947007, 1.7006785131844897, 1.7396978504240979, -15.18031294681628
5.60249614468698, 12.734130138091505, -1.9385177218037235, -2.543401422651465, 2.144346105477527, -1.41494855309177, 7.56413142034745, -0.9718173519062461, -3.9630135291841846, 3.404219258459769, 10.153669367712354, 3.920083529608713, 10.141734045601373, -2.4659625768364677, 6.944430098450703, 1.8479844297308046
6.534795412220707, 9.527508003916232, -3.1195643404598954, -0.25480188141219595, -2.0403390832636363, 1.0990885807215702, 7.09308145544293, 9.946360426795422, -1.3571665962443822, 3.1911856446492015, 9.466500863071404, 9.046356036609232, 9.40990511121587, -16.96371732566469, 6.082040220887013, 1.4081841330038216
5.757299250549078, 11.234972636941702, -1.3238019061323831, -2.077080715603469, -3.282442517406257, 15.969891753216036, 7.147569900418435, -9.44470557349118, -2.781296436759809, 3.46646547190921, 9.42654671617878, -5.976191642802204, 7.536225945859539, 4.205905627124784, 6.388368505481149, 1.2902337514965054
-12.496093171650786, -6.916712437323489, -9.407768135053042, -6.411324160242736, -3.970770661876302, -3.380094036709627, 6.57172130741573, 8.071547000205994, -0.29900208653684857, -27.139963138604408, -0.12057338153415476, -5.607418806103039, 18.204749490248297, 0.13470863149492773, -3.592720198880696, -2.3932786269772164
6.309242565883598, 7.888811467400266, -4.304691337589581, -1.9636929343042866, -4.371667169804888, -10.414382837461568, 6.867251296533731, -2.8792730715088526, -5.3380708894804005, 3.174000748549833, 9.681603820169904, 3.377993079507634, 9.146117646539707, -20.84998985153897, 6.052463962232375, 2.0336373317465855
-10.447497434870169, -2.619733169214168, -10.284079727680297, -3.967549436927242, -3.080362288190293, 16.778453945268044, 6.475432443730335, 10.396168751154427, -8.310479830966587, -10.502819691802086, 5.949194439148166, 1.5567732507944285, 17.04204933455866, 4.3648364728562035, -10.46097455506489, -4.853670698572297
6.758505500530867, -4.602304925594657, -2.8026500866020676, -1.6968479761784188, 3.730481442745967, 3.6730231972075362, 6.8029174885936445, 1.1736823179133107, -4.7637161752035295, 3.419303756963689, 10.343097383702393, 1.1513967900391129, 8.755547746366803, -5.731627264266114, 6.86564359978957, 1.4736280252642229
-1.785246278268128, 2.519311280761345, -16.412143451368678, -6.017455988414604, 2.368575038341175, 0.20300222214683927, 10.322422161729397, -10.864449886917509, 13.361292114341136, -6.836197916268548, -1.654904293287044, -1.5203078681976265, 11.696385518701168, -4.700491393029318, 5.752541035309903, -5.389802279501281
1.5981321184538455, 8.737137841418406, 0.6208405503136727, 16.915582274570593, 4.947102854539617, 6.23060822631736, -2.8705000521400734, -10.30197754015625, 7.9596855328085265, -1.426084214347057, -2.5652440807807766, -1.5449891926347328, -19.42640723648124, 1.624022648294923, 7.714925091814543, -8.758317308161356
-11.550889820839311, -10.230315695790507, -7.830265604725182, -9.399912644721416, -9.354646905050162, 1.8730081305418302, 5.276208870549232, 9.096555793710555, -6.782053482829932, -14.744191904388916, 2.5874233987797903, -19.067708501906473, 20.484091599113057, 1.646984814818105, -1.1568330673291145, -17.312847095586
-2.5074033963863878, -0.28917155445219866, -3.8047448905349928, -4.888552022370984, 3.5935679171411845, -15.310683945649565, 4.594855175486981, -9.171198201841257, -0.20183740099450365, 10.758544638771419, -13.99344392434509, -3.018392471510108, -0.32417412326053174, -7.845706140358411, 1.557379647588081, -5.550844225983695
21.765587531256102, 1.2197999889941484, -11.4153692268036, 0.7496158149393368, -0.12950006816773962, -1.346530091989492, 17.704882943191237, -15.831033623405297, 6.669666395396493, 17.727442289757427, 11.547467598428307, -15.174932943087027, -6.2871222764091375, 3.1289546762216562, -0.8786526898359543, -4.008827274569203
19.641384163547883, 3.243031227933167, 15.156057286929762, -6.39817602284411, -11.51093732101352, 8.89153661024924, -1.835453288148413, -14.715640167971245, 5.707468071601857, 12.626730410719187, 3.3007452733216778, -9.342509264933046, -26.749031789207645, 1.1796022056029725, -4.838071475170199, -16.224572185991597
16.425611146872907, 2.83160059698031, -4.3616606362660395, 23.60909604607467, 4.922614438992383, -0.2340949281369218, 11.180826070307665, -7.071083503522978, -0.6899477474874276, 11.367049685553278, 5.998727555417815, 1.4475485384048175, -0.836908675704267, 1.3799333146504047, 6.402892179866722, -7.949122622875377
-9.420923292783534, -2.53401743222979, -9.300109554218439, -8.600428871182636, -5.889965619092434, -8.467878490727667, 6.037603631864768, 8.94873466043058, -1.421555119203127, -1.2621824385186926, -2.9104472190190247, 8.254717951789587, 5.061982845795024, 2.6620120401904295, -9.175230140141604, 4.076711924137088
-7.904623215097878, 5.59679246166751, -1.3981935322956989, 5.033832140627985, -1.460842390645782, 7.463756053600604, 15.470928701296295, -7.95441522590406, 1.8559023771575105, 14.25074313049298, -0.7894035211717632, -4.189107314243568, -14.455446020957295, -0.11084969504482611, -11.8550456435295, -14.676372724683802
1.7699065596989731, 0.9566608869128297, -8.378826461513531, 15.425979868156375, 6.544347789977326, -3.645524675630088, 8.234150614064607, -0.2227898246794, 11.00988077942703, 6.0714567368230945, -6.6902745164581345, 12.78796705879368, -2.0136105598851586, -7.254268172907068, 4.0491933912287355, -4.286356946942496
16.25788833567022, 0.9615945123879983, 0.006198873538858063, 20.048521342202356, 8.025966524235404, 13.117861441982207, 17.04589960954712, -8.100262973441467, 0.7724716602953978, 11.827738815371719, -1.442688684952219, 2.4817323275209873, -11.057744858296935, 1.8355769855220616, -1.0264151589361485, -14.725598503031762
6.538554292602553, 17.481484973198, -3.049168634592958, -2.3456914926061576, -10.705897064644615, 5.323708029924719, 7.088632015893069, 0.29950021656253156, -5.894048200209647, 3.4307415968466146, 9.772096470514013, 9.339967480455694, 6.151818381707407, -24.831843339567378, 5.850432423466481, 2.316670354456928
-2.197532817198017, -0.08103290337054203, -18.26868688594795, -1.244115536372486, -2.6435575156023434, -2.517707277765793, 5.81012212905629, -17.30039943659065, 2.497782256998928, 13.454935899537304, 4.857190190936655, 8.608200695324333, -4.433602214269255, -5.036722438844383, -6.573008507460183, -6.254987545699947
6.111991014949224, -18.352599198972577, -3.0647129240203568, -2.299852886665307, -1.5211151691510896, -5.483007417959815, 6.647486492023327, 13.841253580529276, -6.686229468384738, 3.427135313688834, 9.885356108694548, -2.992882780066532, 8.94615471240288, 18.60230526874745, 5.684778514597838, 2.6526444607782262
-10.240178214389026, -1.4066707345056821, -11.198320698876197, -7.117443502083055, 9.31334944822121, 4.038150294609339, 0.7625827630332023, -4.751734273363661, 6.977505201471817, -3.542750292265479, -8.51748820295356, 3.819303234630195, -2.736791773234186, -3.3345562848819386, -8.438032175956906, -10.095281738840018
-8.124826368156237, 2.697779794776033, -7.448990693857885, -4.586680743818571, 3.017304449552035, 0.5957692344957595, 5.67055314549018, -2.702893472947733, -0.2601567637454263, 1.5099294699345656, -3.2264869686395317, 9.819203428668153, -14.122639907525679, -8.60311250510387, -12.17000371246208, -1.375699112875143
6.191824755799093, 1.3661302477032553, -2.416228751507635, -2.692349855492494, -2.004455736866066, 1.7574179388310966, 6.707157400890949, 11.634521310215389, -5.848702797734375, 3.210725696608324, 10.276019348228182, 4.591860004868382, 7.763938088546878, 2.7226679377862704, 7.088565813953046, 2.6029290528601305
-4.004511433699872, 2.8540564955178374, -6.5633171709910885, -5.617995160315991, -0.8239635593918759, -3.3778838694536057, -3.470525844097251, -10.523718749400407, 12.377765756162372, 9.53858509625594, -3.4207071657860335, 0.5763993232710538, -1.393398678405808, -7.991666576078063, -1.849438464934202, -5.339462616084628
16.722351727824538, -0.7065726627955486, -21.04431726319857, 13.704453083640328, 11.568271300557715, 0.5324098398647044, 3.605139308287863, -5.503716512057564, -1.1923991018577593, 1.0935904095431583, 3.4945534347109426, -5.785554155177746, -3.4312368768693435, 0.8002751009318239, 4.090667269486431, -3.3788726674144782
-9.27729553171782, -4.673494388484308, -9.176644076409763, -7.892876381500212, -14.568251588019908, -8.616532352353158, 8.883018403602774, 8.703266743692492, 4.878993666366263, -10.02887606161432, -0.6865146627099472, -22.889726076694757, 17.373203737740347, 3.5045390780906933, -8.963635209439204, -5.731399066202268
1.0268614718342555, 0.5234721499958841, 8.648937714815835, 9.89199048494663, 2.979696073193367, -5.412484105891998, -3.7070150197890186, -7.450786076392782, -4.075027030238792, 12.655528375801536, 3.7022069318460176, 2.073812843249435, -17.726418048397605, 5.36221623322703, -3.0591047059012535, 16.445241538951684
24.117257852118964, 6.098628707313914, -16.27155220422741, -23.65590482342218, 8.953517574646131, 8.990572475516402, 15.068515854078061, -5.454871980363826, 1.6090851521678347, 0.404589907133734, 2.0350594112191427, 6.715330149784544, 4.4445236180136725, 1.938219437694592, -9.02492784717832, 15.868694138403937
-5.1958540379323415, -6.785078165907972, -17.733536425093586, -2.202399252124043, 3.9997956571454694, -6.154906347630046, 6.011834791816616, -14.420165613071756, -3.0324291286224465, -1.4769832341646953, -9.018376195562475, 12.840415045041293, 1.3457718382626296, -8.999754973044688, -2.2538374409613287, -1.535251451414064
6.253391479527752, -0.8105839026187684, -2.696244873696376, -2.7689856046128862, -7.809619410352255, -3.82237390276899, 6.963571990449639, -0.7961867570464154, -7.49342294603602, 3.060142088518731, 9.646970572700475, -3.639119116229005, 8.151064935803136, -13.29671332397808, 7.600464478108345, 0.9689847488152681
6.17030946802288, 6.10246735028933, -2.9560887183353346, -3.1120382315591995, -3.556460822500009, -11.781405077972384, 7.703145272975736, 8.763327170657814, -5.638420330115586, 3.2973661186602055, 9.696795921240696, 5.418165214548322, 11.076516559041918, -0.24749469449263684, 6.5282232075703845, 1.5921263137624682
1.1831038477218492, 6.610530166647953, 21.511956715144244, -12.509689043896916, 9.71467063870045, 16.331546967755884, 12.84350320993103, -7.0654352215448535, 10.390469318285843, -0.16962961466821014, -3.6326450070493292, 2.587997107171164, -3.089334386418291, 3.0922028539646154, -1.6920042230908376, 11.218715141933805
-9.181412836770118, -10.708844485803683, -10.106762771129546, -11.579605667288774, -7.451777338066003, -4.794956365187346, 9.035512269730555, 8.539406074937727, 10.585248707840709, -3.391925819589683, 0.20616399278405506, -5.441012245044617, 19.481362328380342, 3.2048569298407728, -5.148497890862162, -2.523444187811367
6.713489599557068, -5.032598263502782, -2.555085993517855, -2.6311825082043843, 1.3029928691534685, -7.2072652144163065, 8.13706501014153, 11.528444044967529, -4.191618147371359, 3.294916828295555, 9.891418439719505, 4.413412789917943, 6.044398907488336, -9.481473154577944, 6.533198079444259, 2.3065070046853124
5.703843158400536, 24.409348924744066, -2.677629481985851, -1.19689299099238, 9.524416919733595, 6.031340164426908, 8.271723148586311, 5.896325565681601, -6.168867002069768, 3.0376478028900036, 10.361699289176963, 1.5451966892482099, 9.1685435583483, -6.491968567655073, 7.088488077710526, 1.253057099928896
6.383565113262014, -1.8638729208221605, -2.330713248066379, -1.689390528541705, -2.9697599210184853, 14.206800392301187, 6.735429003331802, 2.0895841520098033, -9.356584853571574, 3.5594068530097793, 10.450317634539903, 3.6613339436323575, 8.0718788781066, 13.180711674507352, 6.212142653651523, 2.2589279432115235
5.7705338696646535, 17.37528905525778, -3.253475635093857, -0.9842179478481359, 0.32407778203638915, -1.8373477596083876, 6.330263091154514, -8.705204519936808, -3.558451019608677, 3.170982786252552, 9.776841162575378, 8.160177113791233, 10.504315339972054, 1.0264060865150917, 6.48128956412046, 2.8625656739923517
6.3326988470228525, 4.007809133571645, -2.3325769098565297, -2.445181744569966, -15.702734419172522, -4.6746174091325665, 7.585390525664547, 17.396931525365503, -4.301880400600474, 3.6995061909853004, 9.644703899422016, 0.823648172275095, 8.973284532134729, -19.670169068671143, 6.026807673162916, 1.1788782616261926
6.682574048129899, -3.071355769109922, 13.109982967655489, 1.6351753917491854, 6.663004591881487, -1.8055564751524171, 2.5382640366940175, -2.5669314987027025, 11.527524853292352, 2.169738653890388, -0.4967780157940527, -11.630547188699484, 16.009236129992786, 1.007702767030131, -0.9084472916757813, -18.08989885366185
-8.748909823224029, -12.203235112314328, -9.85254075486342, -1.733904855329044, -11.891170421729964, -17.63090820870921, 9.412090661322884, 10.650823250136735, 13.510479055522307, -6.352730100488062, 7.106993417662796, 1.5763453766380042, -4.328729611985832, 3.2134508956458965, -3.466116039612858, 2.6586540556143827
-1.1342078707502594, -0.3513914837223413, -5.044754293699154, 9.088011748984343, 7.126736358586131, 2.575122148162815, 6.266295845427111, -10.327573427626223, 2.4888231873687228, -13.863308966306022, 4.063935912769628, -8.679367397006395, 3.5591054523405026, -1.4892210627319669, -2.634066340492336, -5.034652754143832
-5.3874763274942925, 4.466767196393103, -10.746090338584047, 9.935721558425364, -8.202613905325853, 1.2317635516535064, 13.059987952204983, -7.807288233929557, -3.384191408256266, 29.00271502613232, 5.2207864652181915, -1.9109419389354025, 9.806751078740973, 1.165012749257932, 0.8614401293872014, -3.1638720075166096
-11.810235823006362, -11.01558881768334, -8.152774855786165, -13.57951336392907, -10.015876497859393, -14.589294584058294, 7.743473742687478, 6.952946934292122, 6.960037603030968, -7.825378817124482, 16.284035010356817, -17.308571586464282, 8.884759006146897, 3.1813374603587787, -5.275165679883104, -1.3166339493952517
15.496243295041499, 1.1070765315603028, -19.118503312775744, -0.43443062703068236, -6.787566855748446, 10.270694970267417, 8.103722299172388, -2.2242864196119063, 1.3557087720642005, -17.205290902733203, 4.830495174710414, -0.16469060075820097, -1.4319264030657073, 9.185068498619614, -1.3987658391584479, -9.531721014981649
-8.125340340668043, -14.044497854771894, -9.735540186829784, -12.935536116481234, -4.122392528669359, -1.2636907190461546, 4.399110356534637, 10.28131850838611, -16.689543167597883, 7.374177020123781, 14.59044632219308, -7.095647698379422, 8.003983149926755, 3.391562736414072, -11.723974856139861, -7.136779757750587
-14.938776023774343, -1.2197450679917394, -2.6050210170344847, -20.916173046361944, -1.3897535983145959, -6.149805416615047, 2.574858976431363, -11.527171920750924, 6.431416980232824, 9.292243596559198, -15.802261452927132, 9.429484695128123, -11.944138309738584, -4.232182108955231, 0.10732009634379835, -6.705757840633864
6.944281488906376, 13.356437769846906, -3.160669241076118, -2.174799933766756, -1.3317369829515653, 9.730169708056247, 8.05446569050232, -7.93159868836308, -8.64027373644387, 3.2856612842421726, 9.092312885192321, -3.70891534445554, 9.916533809443521, -3.0533892019401927, 5.919970199198381, 0.24808175600013538
-6.130003649857867, 1.267215025103241, -9.281335098457587, -12.181544305837186, 1.7099414213296233, -11.41025482936487, 0.026745445031382875, -4.335323919184866, 7.092819666204761, 1.7449687209135636, 1.7092986417653033, 22.01483281798121, 4.319196955210972, 1.349496708402416, -14.850636702898296, -12.58106403554269
-11.53449926128555, -16.099537953790897, -9.68382528815914, -10.983399017485086, -5.853225238194787, -20.575255059032482, 7.2653677192406905, 6.5051188892190055, 10.296190485738032, -14.504315069622944, -7.026556057958365, -15.622948774702683, 5.355147262784952, 2.384534327656703, -9.73273174326172, -16.137142880969343
-1.6788864664361252, 0.1466536995803155, -13.149263048448436, -2.5619961801502007, -6.9971628007064535, -1.5159169638605254, 0.18300396630237126, -10.952169147210073, 4.663200525501143, 21.731393112753153, -15.131442695913869, 3.768730640813067, -9.0830029819623, -5.62048012315748, 1.2242310969615255, -3.8060206531105463
25.305760552139823, -3.884229969529252, 3.291678526199931, 11.293398961152471, 6.567203145513291, -3.669767903744564, 2.0010571063785765, -10.194429800316932, 5.655405686514127, 9.167615663740941, 3.2811044546812838, -3.029814367226159, 9.507013765697195, 9.585583920221673, 0.7423380052366242, 4.488632869840642
-7.508626897040729, -7.742641551608697, -8.98764517912361, -15.511214370403431, -3.465751132126476, -20.45227961977274, 6.303138477565808, 5.35946830273823, 12.638279713134084, -7.2075146168046675, 9.932525042029827, -5.161988955681074, 18.646931369588845, 1.865470599521864, -5.903405484218461, -10.186449848107337
9.930567312002314, 3.0932514711977794, -0.017997404730512923, -3.619438499763959, 0.7559166174963852, 14.732224157387313, 5.242809373051004, -15.909436597358365, -2.0855234446036635, 4.644653783650085, 0.7027184547553749, -2.339614136691497, -9.546850211744715, 3.379937390628953, -1.5943695775905247, -17.807341876663145
5.743223898320979, 3.5653804849521915, -3.3409251186463393, -1.686734939293625, 2.8198100106317723, -9.272668367424878, 7.055066885841312, -9.165765602485262, -2.240686639990135, 3.6818871199895433, 9.97274336649191, 3.327411006662818, 9.633311727927238, -5.705160514721004, 6.696637437268036, 1.6364593644345575
-3.407363832717134, 6.385370351735399, 1.8247104716799374, -8.220856296537773, 9.048309700509314, -14.196194622828084, -1.5656803261770063, -0.3779250027035026, 4.907766970117359, 7.485536525947762, 11.229290644142006, 1.4128658307183435, 5.818489875809542, -7.345680638583514, -6.095859261043716, -7.868983361781478
22.10730672623276, 2.6386981579049524, -4.7897226671411515, 13.79760515203099, -12.176556795057529, 5.040007625385471, 5.699556416382736, -6.850946243058268, 8.337624114160327, 7.5737317918728255, -0.5005538345124738, -4.231102261764457, -5.147089383824893, -2.4325150348659763, -3.009743385722328, -0.7880569809988947
4.82094752807625, 5.801422775939491, -5.082941415696124, -19.538828941258842, 1.1370138860553607, -4.489721045992149, -3.6185365439036117, 0.937141281463969, -6.392492267451802, 13.837019797548193, -8.861007085840649, 1.7293603419618098, 9.613558863855433, -11.539804446295427, -8.594751813336046, -11.260942338152201
-10.713658401398439, 1.2430931558370744, -1.8342202268219037, 11.783176827803773, 8.724216751208093, -4.353998533519423, 11.019783975609402, -9.194163598624158, 11.187273147960832, 8.146012919747472, -14.3288290377499, -8.385583102433557, 4.518313412784418, -7.297829410909094, 6.614291724522634, -8.55713623833208
-9.85391305655469, -12.924438634650459, -8.989769214154439, -12.498946564208893, -16.224850894059756, 11.37804032354283, 11.259359599014253, 7.204416694975514, 13.656610346791838, -6.02427061886608, -2.451081988814664, -12.507051596173014, 13.712661340303464, 2.0382310218338984, -0.5530180096341004, -10.542727164482443
6.4667008476684655, 4.332057967594903, -2.4611163884773815, -3.6793747350263004, 8.879499857210869, 19.41343747093044, 7.854419982555615, 2.727872248926859, -3.595991423425258, 3.056441923728679, 9.791102522735523, 5.689939646564071, 6.118349710719313, 0.3887783204823876, 6.5280761690247475, 2.5786560857537397
6.376652241537469, 5.751318561669809, 3.778463980121682, -13.842228375585329, -12.063943114710362, 1.601243815836679, 11.58207621318063, -7.363940671842438, 6.524889094945745, 7.698880857916174, -9.267444769411494, 2.276218577887895, 0.052173044559796544, 6.983392055057217, 0.6062742079287489, 3.0756812359491192
-10.02217572493304, -10.401762529568174, -10.007676282939252, -4.989983264600146, -4.003344563993096, -27.57618431796662, 8.736165975025978, 9.428637330910146, 13.188182900277436, 9.423624409054408, 2.7334929676918085, -22.76408833162549, -1.4413138210344147, 1.9312907148977627, -8.876304056003915, -0.4654297004152319
-7.493867642793947, -0.8181203931320251, -10.562327216258922, -3.4864662343872146, -7.61669535806168, 1.547446173624044, 7.052626346832693, 6.342869839061882, 21.348407885816172, -8.82232320502172, 3.1143829276140185, 0.020386784441917882, -1.4034695218103845, 3.2429874473429505, 1.7238751788353914, 14.92578122531155
-11.567651245711271, -11.263242593506977, -9.733704700746415, -9.673011437605343, -9.572926965226065, -25.531528913530092, 8.943320320141511, 7.694528373377024, -3.8438454715278034, 0.5936997620458229, 22.09840915356562, -13.788404165864648, 16.57725157280821, 3.610585674669423, -13.998858352251672, -15.63816726016254
-0.15577675223890175, -1.9258242844827604, -11.720385517718597, 13.26054471256881, -2.1319156208529524, 10.804868340469746, 8.296758410316711, -2.0097248536172385, -9.780796965278448, 19.055247763208342, -2.856435113669626, 11.998506864347652, 2.0209469685991417, 2.6610206366460045, -0.34097855334977467, -4.257961858127077
1.512734829322139, 7.227095019348308, -21.559734549857744, -5.60380845541447, 0.6193277421769112, -0.11809041366534734, -3.3387277439268255, -7.813930311289812, 11.286535280781143, 3.01999073829033, -2.176281256169264, 1.5873945589372358, -4.298444028090185, -10.540825541326143, -27.055590081868733, -12.765519219800481
-10.40397927838281, 5.004494519536882, -20.40773065839737, 0.8014641553965292, -0.24191594947944228, -11.380043020240478, -3.432812382117228, -0.18522387668451668, -4.572666751767748, 13.641194677864597, -11.54159406262431, 14.88783861318379, 22.032996441691722, -2.341279709983045, -22.183428019353908, -8.119830422285098
8.542539425758179, 4.788019068871403, 2.2675960315319257, 16.67870420468907, -0.8149401549516346, -3.09444303547009, 7.565170258058611, -5.5612819405256655, -5.100980106970338, 8.173765250478606, 1.8800426506561496, 9.685533027237748, 9.849030226021325, 1.2399962769704298, -1.9805509867853264, -8.673187100291898
-11.140774189796364, -7.321433658564594, -8.601300381031038, -5.404925660481959, -4.945769384554507, -13.835879453239315, 7.101964265728862, 8.946308209068997, -5.337169256873063, -13.8909321128221, -6.878778870968432, 8.193861110068633, 0.3226210886001706, 4.05455464413531, -2.5462481914146675, -18.15436172179205
-8.60929374228617, -8.871526930484817, -9.759350481256996, -8.997262705827312, -4.806627728306167, -21.2015920671352, 7.802041536085315, 10.083554195375925, -3.8013056910709455, -2.0006038562204687, 9.1970824032198, -10.444005712098045, 9.793181295501599, 2.5549256054178278, -8.683485488508246, -14.267583341359362
-9.77813473241518, -9.69567478551236, -7.839110219917937, -7.309840463894636, -2.93687018192632, -22.884046900036342, 8.703448444058967, 8.870617903850288, -1.499214580239614, 0.9070267834366774, -0.47573229387103844, -7.989780848621347, 18.714986822379025, 1.8605822624980668, -3.7117224681032432, 9.126186613582469
5.542869703046564, 15.524170746372246, -3.0213642318400304, -2.1934499292459653, 8.42327657191736, 19.373541751456834, 7.635513564752365, 8.907019809349297, -6.6873856236382565, 3.466233459588903, 10.212676003998638, -5.46215654246941, 8.274860917509255, -2.4004983776425157, 6.463258972735493, 1.9119663614543012
-5.915561750021746, 1.0701650603272226, -19.32495943230773, -4.75436216441433, 3.532743181844577, -0.4379770242145389, 0.8672019311966682, -20.01889794453228, 16.785370374136868, 15.975664984674303, 9.281277067684517, -0.05886255585410716, -10.268252880630415, -7.2047347681738305, 6.858350940285995, -5.814385582745814
7.533272448345084, 17.09122970902736, -2.9457223537126844, 0.3535032783662744, -9.17716645348018, 16.939426447235096, 7.530427674052306, 5.301505899713923, -7.447997942781814, 3.6816665828790347, 9.640003860437261, 13.412079490285008, 10.637303576107284, -4.0614204504272164, 6.887585789805903, 1.563327405888903
5.690832848755196, 2.8628856806566976, -2.5513843064772157, -2.4118412551822175, 3.7897021468284127, 6.810203363718609, 6.85897093827149, 6.48574573504054, -4.795799187398908, 3.1020968914682068, 9.874218545747203, 0.8111262266967509, 10.016201135616287, -9.396129031801337, 6.263411349461521, 1.0834271310327055
7.105527370018475, 1.3177257207513082, -2.457011525109695, 17.591376214510746, 2.780829046961378, 9.255047223188939, 16.2907292885442, -3.6784585990229184, 1.8278759642117373, 3.276600218542864, 5.573257706143719, 0.3566002526485952, -14.549097957173839, -4.616863393366737, -2.155059896202371, -10.150270397790104
9.645798761740823, 3.215615966087193, -3.668836520854406, 17.614738239535413, -6.623760836918159, -0.3489753609465267, 9.986054195583378, -7.3647300801649855, -4.761306812602038, 15.43962333520022, 3.862950643685446, -1.7268615355462251, -4.687075838502881, -1.1508106445268593, -0.19338122646792888, -8.499344519963728
12.611613072027712, 5.8843771571959165, 4.11267598546778, 4.857026539410399, 4.381692315688964, 3.8962919818349797, 11.285880386366719, -6.542712680923438, -6.258855037278372, -3.5368476972837346, 1.9772601230133178, -0.9728889418057612, 1.6155016469993946, 3.3126973085291844, 4.1352894578877475, -2.0152158759099557
6.019164448334331, 16.66109288989475, -2.3911396613238676, -2.5914250726938968, -12.136050402696597, 3.1997377388629316, 6.962272577769902, -1.0747140891148126, -6.327416746688122, 3.3821651021724257, 9.961869969972257, 9.186526381623757, 12.052920096948895, 4.009134173858836, 6.653887604573665, 0.7737642430306937
-7.300983300967577, 3.001530718687267, -8.275489517957899, -8.72183694969432, -3.8355112991480924, -4.575483435980446, 7.382559359611031, 11.718786995215469, 2.3297555969630044, -2.2902036168573563, 11.663685874527829, -4.948152918407899, 26.50050846852812, 4.643550756955585, -2.1570910931131166, -9.227828033731715
10.288554050282096, 2.79608499245229, 3.889594819198887, 16.30344127700215, 5.923487702472229, -4.678403252701461, 12.714406955037054, -8.80826960903083, 8.130756994560917, 13.85526276206912, 2.4895610595015145, -2.8682400182169396, -6.418846582295896, 1.4808297905093384, -7.816949321899417, 5.9746697372396405
6.775211270572277, 10.154270880203885, -3.5592912802466206, -2.0148738596268845, 0.49659392643918565, -0.30090749923218496, 7.202977560931877, -5.520877001649685, -6.6594498989740005, 3.3386896371222057, 9.447480257657194, 7.687796486139981, 11.035754401200311, -14.53961980806328, 5.675090491974231, 1.9922065405463112
-11.230355434848368, -4.633415118894421, -8.761738447556608, -8.801947299300325, -9.856310624412838, -10.018178538742188, 4.13980440218365, 5.865484697456386, 28.695370209542066, -4.184225440113794, 14.620686719302208, -3.7414444074852207, 6.49833237092499, 2.5406097856375696, -0.8733657984645138, -21.082365700604186
6.415948934183918, 15.256314306094524, -2.9956448729248333, -2.613823606004749, 7.388000386546764, -9.662079466502403, 7.684153376961664, -1.5171257157604146, -10.32341320496262, 3.199530289566773, 10.631717030539585, 11.553177452818549, 9.316107961181492, -10.84294844371189, 6.202046625629359, 1.8814141190962217
-10.175552101018528, -12.861177361226368, -9.68906941862178, -9.505023353438652, -12.528204804607, -14.098645291686044, 6.920285487569431, 7.85919636213411, 9.39961940181357, 0.4550581340258333, -7.008054475177342, -0.29820848487499596, 0.13598335173593767, 3.608420025384347, -4.2723789442642035, 0.7555078722181605
-8.86029022305241, -13.31938980295773, -9.515293915010732, -9.284608016336975, -10.069502196312936, -2.2941389587738916, 5.8130994168563355, 7.443643618541812, 10.018729670791851, -18.567434526048093, 13.051676982491495, -18.581258588595674, 6.077278655586557, 2.688489474400893, -3.916140799326656, -10.24429240673366
5.135208307031974, 16.039615021441854, -2.3644874199563146, -2.1361992248992023, -5.737873795106287, 8.801350536357276, 7.061765274858539, 25.34666832314377, -7.364500600863851, 3.5794839780406282, 9.845403139705928, 10.66411432785383, 7.092982406272734, -10.701052361775393, 6.86934085180464, 2.3226945003397086
3.068199824636226, 2.87713249000428, 2.0168486986509055, 15.448486606472875, 2.4863646458102804, 8.96260081876791, 6.397862873222628, -9.67308336866931, 3.1147463656379104, 11.146455939221049, 0.45408833485082156, -12.721170579861386, -7.267988064002898, 0.9139055705772456, -3.116829159672668, -2.2997453447394602
-9.230010613488837, -3.8006698775885144, -9.669968416824373, -6.650576099288386, -5.179596895042901, 4.769451580664745, 5.789667534331367, 9.83633919191429, -11.342303415249447, -3.4927731820651493, 11.437608180274355, -24.91965852634049, 6.173640244770076, 3.4536066211047003, -2.6056217179192975, -3.238179592675774
6.562729958752883, 13.02868184989357, -3.643852995082856, -1.1371409415372915, 8.074670895820006, 18.788402106913153, 6.834222783205797, -9.090401859496225, -5.000732358530225, 3.233380713591303, 10.293894604497485, 5.579104984134081, 6.3969233876912845, -17.035724440472407, 5.99726108066529, 1.8286329112665165
-10.12209317595022, -10.598092170616978, -10.066374494536607, -7.316075705073873, -11.348752310354019, -24.814079993650083, 10.376924035929575, 12.082208703243435, 1.6297860696195707, -8.512058294561019, -3.81699416784517, -6.4390899631437435, 4.157941047680732, 1.8223149030088879, -3.5239155035745515, -4.141268453205599
14.505022472779299, 4.299710343080507, -8.796499915194103, -2.197565990976477, 3.6176624073562698, -5.891923507557266, 1.115809591308274, -4.5902832274798735, -1.7252567212918497, 11.512033265551045, 6.890685719194658, 8.79940941658559, 3.12443841084216, 6.058775612133373, -10.684416524032336, 2.635149985147243
1.2459339563600862, -2.549418696543855, -5.561386143377624, 0.07075885459583153, 11.130753088837423, -10.869232795787473, 1.6210699082403983, -2.8636332328739824, 1.953580333314755, 13.042666695631459, -13.1382792257781, -3.6036484847576666, 2.161730976686359, -12.031031128466017, -3.2184393168309215, -2.8744022610750264
6.699590495991783, 2.8139718428959073, -2.9299634183250536, -1.971011828878041, 5.2243201307056175, -4.784522870041083, 7.151240705544707, 5.160702077576572, -3.613960198135731, 3.3475156997822704, 10.09371990078793, 4.105633543375154, 12.773368170271102, 0.1705869389078556, 7.3858301417926135, 1.7163132129124565
28.07653655522507, -0.010223044227955835, 13.10422503727046, 6.231399627083665, 8.658841217164195, -12.047343948832198, 13.19274040056547, -13.00061484992025, 6.707879110476094, -20.540337342786213, -1.8956521120783223, 5.802402801715089, -2.4945602198850625, 4.311981095137074, 2.6510229010359705, -5.813582470266965
1.5278676923442678, 1.030248579599065, 6.888096975519195, 9.7064400899556, 2.257001985225388, 11.19492536447548, 7.357974915784508, -1.6772988971896687, 4.72131122333218, 7.2877824313030155, 4.758324063908338, -3.965824742685781, 7.0763738632141315, 2.630493455983351, -8.246554661209725, -6.219768119237228
-7.127900781763545, 0.4385726293873054, -15.053241304731706, 10.325329456280924, 2.4454180547947484, -8.28268151903772, 4.32260991875546, -9.776886426915254, 8.377737694643942, 25.267783775506672, 0.3748969699683715, 0.12068118110808523, -8.407630766875943, -6.206719791451821, 8.864035992178371, -10.782668980595423
-5.508882999617075, 4.79617408890902, -9.415686082704717, -2.013652631003894, -3.060324352469726, -8.852443884761286, -7.922477639664482, -12.106542132759937, -0.46775357450475497, 3.0779461375265678, 10.723756029731245, 22.133937479999318, -2.1238434643703794, -8.886959402838517, -13.66120717454694, -11.677857480582986
-7.613761923058327, 1.5469794612965695, 12.38858041655467, 12.957424059347485, 10.497421352674777, -11.344920620441165, 7.758937048500548, -8.184767915742617, -1.6361001980670131, 19.16644087396731, 5.179061985411128, -9.978832807913447, -8.150262062516433, 0.7083303400768424, -4.6760792094721975, 1.7683637557217047
-11.481923400263977, -7.97781889584661, -3.093402813823883, 3.6891946252010976, 3.448810565032473, -8.413224256704275, 3.0905517788605223, -0.8875851294587962, 12.253543541525323, 11.603793752047716, 28.836495134557246, 12.456542874398664, 4.681612405929213, -6.780384976511295, -8.987602386729986, -14.60326992785157
-2.746084162346809, -0.1994051698951198, -3.50029922428892, 0.9478673706858491, 3.5609714594615496, -9.670246346030446, -0.24509469032306264, -17.470236109735975, 4.529410280883178, -4.83835509501305, 5.607310479202233, -0.5881084017020619, 10.117465467514073, -11.10612044243317, -12.650403406499631, -12.733088573519133
-12.034370516198212, -0.8371303827456513, -8.368310342176997, -9.964614204631019, -4.563938520988693, -0.3365921443056532, 9.069614797111521, 7.144840014286641, 5.6052019645676445, -5.651482697896287, 2.5783463141009237, -10.271774881614654, 8.093537218447768, 3.5001474163417297, -2.2356040158006203, -13.503793869183328
6.023795147824903, 16.477939294734202, -2.6549842564149033, -2.823238849905099, -3.9822096216967062, 4.567727964847248, 8.322805509491129, 1.4102801156482667, -6.156931184899522, 3.4596853841997333, 9.703975932750684, 2.0178620320464544, 10.028494155543754, -0.8052717997357832, 6.910584420810414, 1.0505399583186255
-9.086687059376505, -2.9682451487248116, -8.74375614210771, -7.695458518404174, -3.805806482344398, -6.543005342168366, 7.897219298619203, 10.410485821423467, 7.899122779408383, -6.300886200361834, 0.7518608029902754, -16.525518633669087, 13.731980842928097, 2.3261204559229953, -1.4021482817155722, -15.627690109817946
-11.205756565094239, -10.53061554490144, -9.608556101941833, -9.31226393369939, -9.866597127799034, -8.881292228894752, 7.035278303877424, 10.058329030003117, 0.6208564779042205, 3.0130633919192054, 5.695890660947623, 7.711648328920681, 16.11886101650881, 2.454686280103269, -2.3956402111348485, -3.9276981336123935
-4.665822077651221, -0.30410053954349525, -14.283194955773116, -11.313900606944904, 4.807615520763747, -1.0851114421958923, 0.22083782250241435, -9.544246506929918, 6.826604571661387, 6.199929631881769, -6.918165357228675, 6.060450451294519, -16.221731045648404, -0.6170621809455099, -7.682010617569075, -7.41206330614312
7.155436267127913, -0.33889127858832424, -3.2118581774839203, -2.289426888913698, 0.670924083745386, -2.9951321514264553, 7.3909403227399535, 7.93184752166969, -6.066896834788073, 3.170692423937165, 10.207807613252761, 1.3658365543313495, 7.558760355163963, 3.6107123952325706, 6.20654495325713, 1.3852357793413148
6.736837670436326, 6.5254260550148775, 3.510506930599605, 13.953377664906304, 10.376745149394841, 8.908709833876328, 12.540034182735653, -12.454773863817275, 6.804561486745403, 18.58135712798301, 1.0354383195017316, 2.4538422140439566, -19.031573566604997, 3.6140706382952845, -0.7696757395381562, 10.625529681903192
-7.320817930479178, -3.5031614982453396, -9.103718283441372, -11.10161378555226, -8.184410105710914, -2.674616541084947, 10.039521881865241, 8.930457501821703, 11.024268824850575, -5.345245565031612, 14.979186889977715, -4.758852921654378, 5.29617876780124, 2.094914902700113, 3.3055457265442207, -6.343443416824831
-12.341158713874137, -11.32348094725417, -8.99865811054968, -8.413197230850699, -13.08238433795991, 1.1131396040305912, 8.357219669495366, 6.338486872797609, -2.1236310113917813, -21.217667799498223, 0.1787187821881746, -1.267286572819149, 13.479822201486835, 2.303000701116585, -11.443745072570355, -22.74019941268464
-11.005926293292683, -3.657499130771032, -9.85128901521188, -10.018643731501626, -7.900200640945959, 4.845354436074597, 8.108940744459339, 9.881277429879026, 9.69900769981309, -17.86276325349135, 0.2973056778025809, -6.825250957686655, 4.2581895582294536, 2.931416631829122, -4.3832392639833255, -18.859901499979163
11.135918307710314, -3.508403395342725, 6.719158039442602, 7.865322210331057, 6.551999843651707, 22.808745018464343, 10.440447667547652, -0.41224444796143445, -2.178737602438755, 13.913065767935674, 0.24838543075616304, -5.1578899565467, -4.627607094416539, -0.2990083233165288, -2.296273617633184, -9.40759984430517
26.078180184029392, 9.97511205611741, -1.452271365416645, 16.869429345047052, 5.662786811892747, 4.508514545402057, 10.653428344172875, -16.551281754528425, 1.046605837802219, -1.0176214129374532, 1.7135653285563492, -4.667613827663488, 3.559091990655263, 7.831493828065121, 3.9390044151003574, -0.9306358086621658
5.6143251531155896, 27.608488965958973, -3.9929468990607075, -2.3076133261253418, 1.7641295599883473, -3.444871788055754, 7.810362246582769, -3.231797146391215, -3.748749291878087, 2.970324618375279, 9.614352726012333, 5.557332477319249, 7.602707214081244, -11.35126031070932, 6.133997686709382, 1.6347092478770335
-11.304007696408762, -3.8954051062560304, -8.45197606681128, -6.778292005243974, -8.42590455289547, -2.121292691486711, 5.353685103284368, 10.791336081964932, 12.102007046134712, -3.764799921751309, 19.181725242394858, -12.956672723636467, 9.078284997440543, 4.4556967911890055, -4.8020508301191995, -21.98081480242513
0.732812552718336, 3.499239000004706, -15.67264504690019, 2.7656954139844485, 10.970693268054989, -1.8593985026401265, 1.363694998780432, -6.073134640724618, -3.784833963665772, 9.130740727644408, 0.290026258393367, -10.138752469125969, -3.321885044542562, -15.872388557604937, 0.4902996189196198, -9.406753414406689
3.6347546641678017, 0.3210849777920095, -17.464330528316314, 14.144840344358904, 3.929485913297638, -6.771887555452231, 5.092737442852648, -4.497919208187481, -15.163715396341205, 8.601872176654721, 5.184401693841327, 0.4900276426651593, -5.921948106713878, 1.9324465426429, -10.188027437744193, -13.032015781988147
-9.269483823099549, -11.904853293624287, -8.833233299573717, -5.991064125961477, -8.339444287441994, -6.14082928375332, 7.1078413194021985, 7.525430176287964, -3.434378256909465, 4.64358122501792, 7.058078667912284, -1.207261137064446, 2.3204906376493195, 5.094607213671798, -4.752905091856603, -15.326773346304751
-3.3974767100626035, -4.9359136414298765, -12.448163814324175, -1.3763464682359698, 2.905157995638398, -7.081115273336367, 8.721104812499274, -0.46939430765378454, -0.8066869332586117, -3.4709792762110574, 4.984927359953247, 15.0446710760934, 11.594856641809132, -5.9134738212648195, -10.342872839514488, -13.739736526381641
1.7012764553225272, 2.743552256689553, -10.091802077536206, -12.748734433471842, 4.3731804195073, -2.4426345917980896, 1.0099528110427873, 1.866342956012475, 12.365341632386926, 7.873488946334059, 14.131371017681325, -3.8863766154453003, 1.7684191304564598, -2.5042336424262555, -5.792000887150765, -5.98815499569557
-1.8300608255613693, -3.862934593514799, -2.3199990724188133, -8.789244531190768, -3.545219218066187, -2.8305608348450475, 6.776727964329468, -5.476397342781887, 15.05231801730809, 10.476515011961279, 0.6937029053819536, -2.8824752436713306, -15.209091583178289, -3.871090220135815, 0.11871850390070282, -8.48655456384071
6.476077830812268, 2.115937300630436, -3.361393779171019, -3.2524482076784302, 6.833231082786003, -3.4044060116361363, 7.449926289286548, -0.03722131111514049, -6.205038125742329, 2.9845843830863013, 9.589342212181476, -3.9675218012695446, 11.404307168785586, -11.42162270265933, 5.827114994310197, 1.854053614355358
-9.6812403290948, -5.460170087325633, -9.192996573495332, -6.326613473229241, -4.697364239686875, -16.603646850907154, 8.205658097666186, 13.03678064887727, -2.8314587054924596, -7.043705266757314, 20.046595854246803, -5.827866046343933, 7.011010197283328, 2.142331001579609, -9.404158684555128, -15.270233327544233
-3.002569546665476, -2.3892626862201825, -0.5899821557847869, 1.8868134696622696, -2.5651305512974627, -14.41730674575906, 6.02967050101836, -5.6704613477978, 0.1376915219113144, -10.04968357567084, -8.660412847559408, 10.666137487718338, -0.5390792280695549, -11.393870178375213, -2.224548096460561, -4.137256275718493
4.219475866028752, 2.205647876924367, -14.685290306992245, 10.887018809354183, -1.3605111633780362, 1.9280348623295371, 1.8843259190207036, -9.17790362667537, -15.29149428621612, -3.9480848534275115, -0.1042357402495071, -0.8063657541694988, -26.359729136641942, 3.3078549092773617, -2.0856352859212, -8.401720444908952
6.455105605560158, -4.87441828696385, -2.963439239677058, -2.0231522047392123, -3.8457540851453453, 0.2433021919211491, 7.771950105001652, 4.89139339556395, -7.335458545229435, 3.289416791410541, 9.984033068348946, 3.903706742193778, 7.695343952375001, -6.149213166031094, 5.4452969960665865, 0.280325552267801
14.377408283735207, 0.3459162771901205, -15.162322126259392, -0.16845452412001638, -3.020447996635265, 8.757291465329716, 10.952121556611644, -11.904070545854438, -15.50178178179674, 11.297077102014006, -0.7815421058559595, 9.61948913121101, -0.39160383823018696, 7.223513130721421, -8.351021400791799, 12.021934096841354
-7.61003052806385, 3.557632359474149, 2.5117217930911924, -18.176287879328616, 16.063831227590644, 0.34743214917750276, 6.981771012479598, -1.4754645139215778, 11.699106085324807, 13.864438435915687, 5.132979986080491, -6.088529750591945, 2.8540302933228756, -9.96998121889047, 1.298181452725232, -6.407983655397837
11.94201280107361, -6.6804566555519305, 7.208362391700643, 17.5104820349736, 9.21445794444959, -2.394633076782009, 14.282124856636312, -7.987825467301437, 4.733995279511918, 20.82609697521741, 10.290022760503424, -11.686912903301256, -1.5942097604204122, 1.6940100587352274, -2.1025256610143286, -7.300042020244659
6.393971012465448, 19.699797157210806, -3.254384997737624, -2.5114999763819155, 0.21194107564045828, 3.6493815457838488, 6.189322394197391, -2.4420459781780606, -3.8966731462991726, 3.338317431735417, 9.722973523495197, 2.4052789889034694, 10.516448652948734, 0.3876299432463117, 6.167712332275576, 2.368571428148979
-5.338452014084864, -5.419372637108704, -9.533479052060448, 3.9942971590202223, 0.27752989238231063, 3.2330248579096965, 0.2532698747759061, -13.229183909687766, 9.674653008355925, 7.273798409858616, 4.850908220410656, 12.033178765498459, -17.018111197466922, -9.354002230322784, -6.321124218329373, -12.797355839036586
-10.487143644831344, 2.7560220807332354, -12.547750215240303, 6.265965865532218, 6.870180703011214, -1.6310910290493066, 1.7996177409199263, -5.3281236147269295, 5.4638140056589535, 11.180724127795248, 4.968131213657966, 21.909963661961996, -3.8724954889022793, 0.35383101045824894, -13.21264775119407, -4.635976207951478
-3.918115605082031, 3.005631951172908, -10.7152291168343, 14.902423875489145, 4.393453572363632, -14.441287883491128, -2.9959640592874006, 6.550273643553056, 1.6286019218227947, 4.351034274630779, -4.173312031410823, 5.914143219941875, -1.2892381470817964, -2.9719287828914087, -5.909265040655731, -9.1108706101707
-6.831777903500148, 0.15194309672068296, -8.247579303493955, -16.127724959062384, 2.3760257717870337, -6.897044763653511, -11.069700504603794, -4.8633229022945175, -1.7987533472273354, 4.512211773854826, -8.338975006656293, 18.89542569310119, 20.48249597464389, -3.695456055838112, -13.105814171734734, -7.472539346691014
12.730833558264175, -3.84211241258181, 3.529516953337123, 5.624625848381674, 14.61377585943857, -8.317682519831047, 17.609495858306154, -8.843767768564154, -6.186722621535405, 25.41266756785016, -4.085993036693835, -2.937499598639217, -0.552543010174475, -3.3766475855216864, 0.25198863343489775, -3.789175975264333
11.010581573443076, 2.360021759270952, -5.951506022336892, 11.211533052427619, 13.508164053998561, 11.724713566158838, 2.348701414338082, -11.984341199576479, 9.689758055863239, 10.671141824001442, -1.6263917732830877, -1.593472604854592, -9.407440574033425, 2.175930084471123, -1.372060433414493, -15.700469210605188
5.478896685426562, 8.089994610169697, -2.8945984720422375, -1.914578345245014, 1.5510772371582724, 15.030428265689373, 7.713244108682295, 2.785780814401596, -3.0704415970921475, 2.7964259532517284, 9.692622456665504, 0.35900404852904666, 10.443908873901076, -2.354998318164556, 6.138403087441018, 2.1615953367572476
6.330338773157873, 17.105432261650556, -2.916199726867666, -2.3382496678215774, -11.101115383557461, 14.862834394307985, 7.94708251935472, 0.6932994641978594, -4.342759050916794, 3.588264200425904, 9.584391654276626, 5.095143432146603, 12.091065004338759, -10.024632621759078, 6.545421064962128, 0.9551909669335381
5.971804281091116, 22.85914863842804, -2.738294387432543, -1.9377433775631443, 3.8202898007789097, 6.337331997068214, 6.759700029361426, -3.8090324755758074, -6.9209410130766145, 3.228995290632474, 9.155344867115518, 1.7801031822483662, 7.629503375226404, 6.240602132988732, 5.842091326254685, 2.2908081285488144
11.750880487052692, 8.971299467798822, 5.7140507901527045, 6.488248299737031, -2.0097742751281116, -3.8800044796097186, 12.403225267680297, -15.129015547893172, 3.4247794394605786, 14.843160693083938, 3.0465083300824864, 6.8368613191659655, -1.75195181633249, -1.9223650406229202, -2.7292001058978013, 4.0921338684980775
6.306280319564528, 6.120278310684716, -2.391737128974672, -2.5038036271396797, -10.1426715539775, 7.667904994989044, 7.557919064415724, 4.5183750729815815, -6.074955800751403, 3.3781346254748668, 9.9185474602776, 8.448255324258875, 6.758775888510457, -9.144212253153004, 6.655877489844524, 1.4579218099504223
5.2718358957287625, 11.403792722190612, -2.456544285095468, -2.0582616660759814, -14.636321124223867, -7.5631344920188095, 7.092992532338912, 4.254989542349765, -5.184741296519326, 3.363025840688677, 9.54895261750471, 3.754286225386511, 10.139660707152403, 1.2198040740960145, 5.949954322794428, 1.284357792653871
24.788763897303724, -4.845856586490769, -7.962519974512603, -0.7639257154814016, 19.935811207923628, 15.914367422552516, 11.250870996715317, -2.3597642269684966, -9.89697194218892, 13.514931970551622, 3.0973656065487942, -10.910296159279188, -6.775082267444814, 3.167472165686221, 0.28704091199996373, 11.378183209094725
5.740717077255543, 16.632440085496917, -2.142952886234436, -1.8399131118244445, -1.238484561590472, 19.32672606774132, 7.772763376866233, 25.820959629597926, -4.575686990503753, 3.7325828621417863, 10.350020420586617, 10.51416957349081, 8.136064323073336, 1.7032707963802567, 6.92044535969072, 1.5729570995474467
-9.764759145582852, -2.3869445824187583, -8.79904495551943, -6.4616992613079125, -13.0900797491296, -24.339629879702095, 6.642798647426712, 11.342394973907256, 11.653652366399648, -8.58671177177134, 8.68270856315943, -13.753074012898162, 2.245758674813854, 3.7918743622157414, -13.880244384260477, -13.7466244965248
-8.510881205101612, 0.33266623539265794, -8.641690189721269, -11.845027839134664, -7.929126410402731, -3.45289997834647, 8.362013721653682, 3.297388676905042, -3.1510215046203447, -8.107873763070383, 8.809325895380965, -15.003912144652775, 1.5769140919274474, 2.987837501050272, -0.5240209508955598, -17.014018268440182
6.363834424238315, -1.949364751267531, -2.089758079300673, -2.11969553206466, -1.910262212208038, 1.4066740838329588, 6.967386782630272, -7.468561761987026, -7.046110873862281, 3.1533207588680328, 9.452701119267408, 10.962444835758557, 8.702218367391149, -5.665428024864839, 6.611560497289025, 2.2653942947151333
-12.024434977508552, -4.26937784776945, -10.78328680665808, -11.48191065306464, -6.076360480391194, -0.5302413133314587, 5.8996258488060995, 8.162249578645948, 8.757671052818376, -6.075387821933447, 2.082546612410391, -1.2370278095549576, 11.24634571164422, 1.3359476101173609, -10.348947767605429, 6.11586076395502
-10.316135494525781, 4.653104505849254, -5.00043023428525, -2.8271225115066017, 5.870048354363307, -3.293631417880084, -0.30981697212983783, -9.171161570237107, 14.100261597085964, 9.303961050858709, -8.742348907833351, 6.099546195414414, -7.631790619382594, -11.885453430748157, -35.76530210033028, -3.8503582743575544
-3.4025223535843008, 1.892432623557015, -16.173751759111802, 0.5939337248624885, 2.5543294202850753, -0.11605746034413844, 10.97674909426475, -2.99457831957423, 4.215517745469598, 5.908347449870266, -0.18111586456549641, 6.656606965698028, -14.196308041043407, -9.477600303815155, -13.798348079205484, -5.9043321756371165
-9.968263534251102, -12.483448567460083, -8.900779899912116, -12.956428546662094, -11.575725937310445, -16.92686553246049, 5.693001609219352, 10.23829025589407, -4.553786128192161, -0.6783609334915317, -4.204466468690711, -18.349190400892333, 7.052353268119454, 3.8220027306743947, -7.006054494877889, -23.50496275113315
9.108087086701326, -2.2598878334136385, -7.644329236770382, -11.079540552434956, -5.584520178918133, 17.635065625738974, 5.252435325071896, -7.688835663269395, -14.566705211966724, 1.455456518135641, -1.5893872865784187, 6.2263990050457, -8.491355145574357, -0.458010841896741, -5.612056345157372, -14.856880372486993
-1.0701380603655863, -6.135924891772934, -22.546619478044576, -1.007055125836152, -4.436078904612016, -3.413189718370271, 3.3797333117826565, -2.979449062612329, -2.9520147128342273, -5.756122252876555, -10.921654588142939, -5.806295251148702, -12.65412771621457, -6.977746770432699, -7.835056345023028, -2.3650579165488983
-9.836248466505088, -10.449300559123133, -9.289289927606012, -6.77791842649823, -14.74693684172108, -4.024581289198786, 8.687983476062794, 10.818249729388846, 7.497701863790843, -9.68053235782461, -8.290063880653689, -0.9244446178775503, 16.82238221927343, 3.910027916497761, -0.16497376614691195, 4.1733841340546824
-11.677120234631035, -1.798936987707024, -13.984150807661646, -0.10358433147014967, 6.678102802268835, -2.2633299144177075, 3.690941649528837, -8.837556405429424, 11.188914413718068, 10.76523697126458, 9.702254943941705, 5.17804020114495, -14.807953180332918, -14.497829031810362, -10.869756062509085, -13.685435777934355
6.004935603681977, -14.761955766468034, -3.287569056209423, -1.4975746907467593, 0.2088685026560293, 12.10569559624187, 7.6723825283506075, 12.54186776836026, -9.208555016621546, 3.134763684128428, 9.781487431054387, 5.138142351376895, 9.777476863655124, 5.509985882591668, 6.008056588723859, 2.044142284147624
-8.240110268610675, -3.293217056064262, -7.880396904867626, -7.001355402229738, -2.820302627421799, -25.341809806600693, 7.6066432746651484, 8.192074200370888, 11.615854380729028, -8.5436142031537, 3.9944564242254446, 10.44925554667999, 10.124088834298291, 4.159398646041201, -8.654351011741795, -8.989623597462636
6.765765612842213, 0.8477263387218077, -3.299969608918913, -0.014394280416681227, -5.522278687894554, -15.385150965521666, 6.745589141814531, 3.755695164792403, -6.4497131548020965, 3.034810825698475, 10.041636387062061, 11.062129876804104, 6.711536894440498, 1.5228642352776927, 7.407814476871584, 1.8732504843221247
-11.140589025400452, -13.946113207189272, -9.076243044669047, -8.840460529842302, -11.522986204005472, 9.027875439710787, 9.123954040316892, 8.324936301493372, -4.9997750994530605, -6.530906381716267, 16.820388669737504, 6.145480213896693, 17.537331542155076, 3.8911012992183736, -15.040621973076611, -8.781939048758948
6.222044138443337, 1.5552151862435675, -0.32374480281204376, 3.104351619900365, 17.236392795070657, -0.2418512835860387, -1.8149701720913018, -9.706874143884496, -8.435473303922269, 3.1816333953554965, 4.114216966418304, -6.202418065233561, -1.293500754032277, 2.274320443161786, 8.088906946544911, -14.077362075298788
14.018040152599827, 7.203593430429077, 12.136165345474218, 5.207290618331033, 5.361751304322017, -2.7853655800918924, -0.7038881846051552, -12.959622069547322, -13.38260119857222, -0.3135212153810567, 1.6236220962185077, -3.437151327637668, -0.5667139030659967, 1.6903936250073803, -3.436595837852143, 9.771943003881058
7.732615597119578, -0.5254619519402448, -10.73537674614125, 5.818571483824284, -4.320940642776962, 12.180403667986905, 16.333668199664846, -11.933963103722665, -6.29816764929834, 7.371368268824266, 2.4029457005256813, -15.543602007860416, -19.114690704372304, 2.400011628835242, 0.9908773848080235, -8.17650983427488
2.5378502843948096, 7.477150431805616, -2.718130396099985, 7.501387556540969, 4.586351985152462, -6.9499855846851055, -4.990497265631988, -5.794908928809026, 0.6994264195062616, -3.3545637645967936, 0.725530286119585, 14.873587906243689, 0.34633406439603076, -8.304130148523129, -9.999200993671717, -7.436677654234891
-9.773155916760494, -4.552112274592221, -9.054894380163919, -6.4393817952676375, -11.758445556873617, -31.905584021530274, 8.457773571229989, 7.68339934509724, 17.09420423331212, 10.007918519192767, 13.349161947885325, 0.9916859995756644, 23.318787955578443, 4.412446051568179, -0.4199849986708015, -19.39787658709564
1.5526303951327227, -2.7927021975276034, -2.7358510879317555, -8.388810237629059, -9.137286580123058, 4.694961692265016, 3.150968698461287, -8.537801388236936, 13.702467350617123, 15.316039643605523, 1.3106714139346702, 0.8307998155068108, -9.306925610131106, 7.4786457776942274, -7.729574015781107, 10.923640160771733
-9.04442244419686, -15.95460938498654, -7.847404037153985, -10.148457428225287, -13.567294320842088, -12.154018894106388, 6.6969558460885406, 8.319263018580548, -4.764259821660019, -10.223140882595137, -2.3052041184164507, -2.7753098878278593, 6.915911938413355, -0.8615160945780138, -9.144584158991215, -10.150872426884131
10.82260555795459, 4.079074964420595, -5.043475055605328, 3.309996537049307, -7.237350160227585, 4.8407641957655345, 26.421412374569837, -8.726476167864382, -3.212471933959424, 5.925722244527181, 6.048320739686963, -9.47046483942922, -10.992010937229658, 7.0012985919818425, 6.2701873326163895, 7.7451763776148645
9.50627113473999, 0.6568803525226263, 9.762728897175936, -9.746155342395053, -5.25030585789456, 8.739964216353055, 5.1027288171245715, -7.225318408719127, -13.103575648595204, 13.28065819356064, 1.6548601600375732, -0.6024910005259407, -6.312513630636802, 7.000645185207926, -5.29291858362995, -3.7260540591954188
1.3999185614752632, 11.19428125248134, 15.7441653964142, 1.5841066620283115, -2.7558161371083685, 1.511917217050558, 15.243960239932976, -7.99839135226362, -3.8061386537269692, 8.827585688141863, -4.183604724740692, 3.5888870920376634, 0.309581306106109, 5.452154170830193, 1.1782565360311295, -5.4247724436710385
6.173364918524959, 1.9946054336545798, -3.4243938350498304, -1.798379684035524, -13.53594185997174, -9.974959402628858, 7.469519246624594, 2.6329014375234503, -4.873652314103124, 3.641250065478614, 10.34366118918065, 12.750813342408424, 8.306758734372073, -9.729714146025096, 6.786978967839609, 0.8694232750551436
7.6128777653357265, 2.4582704127086266, 0.4214486665517194, 5.966674975791649, -1.688515826193381, 7.726337035064079, 11.846643386094101, -5.825471852390131, -8.578181679649079, 3.680202402857824, 2.242549198709062, -2.4311765101286404, 0.12637824333463055, 6.427942190128704, 0.2521361872437029, -7.179187020783763
6.443402033444946, 20.22402810616, -3.2723450917757484, -2.220565506404038, -1.2052152285067104, 16.645809434252666, 7.057636793633418, 13.71034982993754, -6.3416575384159515, 3.051333250459559, 9.91577949273508, 5.264896214348414, 7.538486015949244, -16.539507106586047, 6.500171071320046, 0.6320916984439648
-4.069991078803154, -4.046263250626866, 9.252829650504351, 22.474532225550988, -0.6254706937192527, -5.809979440575029, 1.4974886953012854, -4.62378987017096, 9.320539746231283, 8.63582286426886, -0.5087433101413701, 0.07591383567916488, 10.607460265358478, -12.412399641712588, -16.442064196566562, -8.288722539804944
-2.142686058964159, 4.710546879668054, -5.372933136251854, -1.9651403205341176, -4.34306085496482, -7.47412763364737, 13.45849624058529, -0.4172924373538702, 2.129020380819489, 7.493001488047039, -4.224325844387127, 20.02954276628863, -15.376345977092651, -8.252014590187393, 2.4433095530265208, -4.92378574543036
5.6603105438500005, 2.4257899593042067, 3.9065853659313268, 13.274723109475708, -5.13647293387908, 8.008384100962047, 1.9074016225805508, -4.347213630062267, -2.0759997903348033, 15.894870392999831, -2.5626016598385393, -0.5615117110534522, -1.1911755351720807, 4.353467627328721, -4.241530269292266, -9.33573183761671
-11.04373900157695, -5.535485366975285, -9.744375653137404, -6.91244324554246, -7.2863879499256505, -15.671710878915748, 5.128455647083767, 6.989735454634987, 13.29980956731032, -16.57613009562202, 2.440389670670937, -10.867631786456172, 15.67700480049916, 3.2395892754726727, 5.147811247505015, -13.988823351877063
-4.52320140942262, 0.5667983948586686, -14.351845532259897, -3.2321418594712803, 6.138552859243105, -7.844847635172112, -2.74565811444225, -4.659502099071279, 4.560216280171302, -3.0491379532838856, -13.077974542399279, 5.87892860803964, -12.377378401329842, -13.534158950457591, -12.819014787052467, -13.551549739261443
-11.495313574493874, -0.4528281725383918, -7.954593088788718, -7.068268620931297, -10.356575478670777, 3.0319023516461048, 7.788283582979329, 8.657246789566798, 0.9743700963536583, -20.12923612586538, -11.875442995176952, -22.98179231423, 8.436729319366513, 2.2496253113043316, -1.0539461756951454, -24.356682543009928
-7.562696343128784, -0.1754583565488389, 1.2494037042917032, -4.457307026858302, 4.473177039342175, -6.746473261652524, -0.5082978803934703, -10.436985227493613, 6.129754430808022, 4.551165753455626, 1.7392045168881325, 23.218184124492254, 5.93222430347494, -11.790580184531775, -9.846769559727136, -10.295610170465993
-10.921257532055508, -8.35769531528194, -8.960377813691647, -9.461315916445454, 0.9269900080578548, -17.671198580493574, 5.321691248609056, 11.177960804283138, -0.07098635295685973, -6.198595752163493, -17.581924619141695, -7.747212045665587, 0.2870082207065927, 1.9465981731525686, -3.3731665178062835, -9.34395265679476
-0.31816097637172547, 6.185139442910265, -15.676517607509798, -0.720176519826305, -3.8631818389448878, 5.191762730442973, -0.4246756135175076, 3.985819761490391, 15.539710832914105, 2.0932339370914965, 5.5446532996970275, 6.231700824790754, 7.369371434733201, -7.854171200904818, 4.55837323930246, -6.960521809442691
-13.664741624553198, -9.369476358019767, -8.120981398857992, -6.542893659812242, -3.1933002158857366, -8.528758932119922, 8.36496811517371, 7.498282408581076, 9.752889476116678, -8.79877813593039, -6.6430468837406185, -17.489739558284434, 11.09409318735896, 2.380559372295692, -11.814829978477604, -7.270795944085139
-11.967575566448103, 2.7982403156511926, -10.65619912587121, 0.6957838645660313, 5.517703269525398, -2.620629483318039, 6.248958090435703, -12.496620296283863, 10.191697366407334, 21.75457445371425, -2.5373733789044834, 3.9302633229910366, 14.481441705336124, -9.16647297175902, -2.4420230525797426, 1.215583921076325
-7.437234181304051, 1.1329752912231275, -9.543597713090373, -8.993876198757043, -14.500793805715668, -24.590171034973267, 6.538584722003973, 7.029833234621474, 0.21306183848098215, -4.05245056697368, 1.7843273850653176, -16.839478605528214, 20.902896148569987, 3.9949100552359, -4.909877896409786, -7.119293638336823
-6.280798823350029, -2.427325264502744, -10.886542352632901, 1.3755180008637744, 9.654211031460854, -12.158902643114207, 1.2825207639715235, -11.188685071015474, 4.173723600298845, 1.3871118321628835, -27.44891163185062, -9.356490377504418, 7.804119258809429, -14.117508265867986, -15.143265480433984, -12.15958259098346
-10.32465998797069, -2.042056051226413, -8.736071221621447, -9.22090732923216, -5.037330642704547, -24.92890767468255, 6.471897068925866, 8.814957793105986, -3.3869807989804643, 1.3069539771470833, 13.688994974747487, -8.733032956301589, 23.144890543400194, 2.9980841937109934, -8.683946027737868, -14.468221898647386
6.147650279102115, 1.9150359286385585, -5.554506561817108, -10.334330570469106, 2.2969288935941643, 13.828854001349699, 21.995097358823045, -9.138336452092801, -5.803983310005146, 5.665543567329682, 3.875653508955785, 5.134444859555207, -1.475691359963918, 10.595484595350877, 2.728277269318956, -2.3157059260068342
5.986609585587524, 0.4363640297134941, -2.868130550356457, -2.0405691731618822, -2.524996802581237, 3.75744748697171, 7.245451441264797, -1.2324266922526252, -5.369742046256994, 3.2538329520983496, 9.679960523482782, 6.079982382968643, 7.611960179235636, -11.854289398302598, 5.949806259857298, 2.431435133708371
-8.56092545853459, -10.000519299375851, -9.36028032765345, -10.944518355639975, -9.455025179961327, -15.733655429480574, 9.545100479629248, 6.576880090702075, 7.131304549567691, -2.5173062447884416, 3.325130015953362, -5.54910245899021, -0.10842719800370659, 4.871676576484758, -2.0573783888800548, -27.626772980510026
-9.101732779162047, 2.4066948016513408, -8.229536916934517, -10.03019051516862, -12.73341087346467, -19.54805740253161, 6.220181132088893, 6.790200440492309, 14.293228382579178, -10.362462668652466, -10.04617117041084, -13.738319813851064, 9.858948171164917, 3.5541998369317236, -1.4015568181278413, -17.73518828098623
-5.390201267080839, -0.3913111116879757, -14.095383904334021, 1.054459067808824, 2.0644299844509693, -23.362125239320925, 6.218593408499725, -6.223566834288696, 5.121113017757777, 7.394853292652043, 7.663520877259621, -2.145070085455677, 4.496997814524923, -10.119417896078245, -5.592944246362958, 1.3881598338702634
-8.642728646892824, -0.4842588799921046, -18.245277371141146, -0.598150623414972, 0.9933455660096522, 1.4545351128069104, 3.3384162012137564, -5.651861860800357, 11.143835638253204, 13.727557227881523, 12.50179453896235, 5.472491854866897, 5.883318308574227, -3.7547692255790057, -2.879817199049629, -11.63920763884998
-3.471505017251447, -5.929837890939888, -25.721821158054173, 12.480394630369771, 7.579220427569762, -4.024556816942833, -0.7713783977002646, -21.884955378214478, 11.440192749724797, 10.158210928512519, -9.082948946498327, -4.9902084423357564, -3.7756015354332026, -11.155337859376923, 3.284273467419661, -8.346567370874194
-9.088601169783473, -4.826500811500685, -9.678735876223636, -4.9662940074673925, -12.297659107130034, -13.321890201787447, 7.193459984723975, 9.946980590023168, -10.85434517927216, -22.3826199161661, 9.743018520167833, -0.09887456163292097, 15.35774235097307, 4.100415265830704, -1.4906811640533135, -16.431344270843027
11.192500007221195, 2.223281131041753, -3.7255580368060763, -5.07511498622763, -1.5575368592862109, -4.896470483476956, 20.0960425470479, -8.23612601483792, -1.2815792019951373, 7.384312098370644, -0.7055248709848834, -4.070946429160339, 2.142528611198424, 5.835654622379662, -1.7269346812213684, -9.691170144559369
-11.255626467963753, -16.69238524498926, -8.186036189973409, -8.763575498393552, -11.840773005263967, -7.857773385410845, 12.940081237722003, 9.344872660390708, 10.433917005154335, 4.882890423868641, -6.1572571853531315, -15.217522121351191, 12.925973616149113, 0.5991151428674222, -3.520488397168866, -11.076290592017084
7.143528511659626, 0.8649413019978232, -2.893224087817419, -3.170784073310323, 2.7370209668333327, 10.166337989799853, 6.897897981036836, 7.483524449680072, -8.180148335562386, 3.7754811292146515, 10.137349406611357, 5.81763989946773, 7.19578114842628, -4.42329363601205, 6.9618204602335805, 0.498456495738401
6.905952389192091, 7.166900833582402, -2.5032891893555607, -2.648979579185663, 20.28001713905528, 0.4516408406854674, 6.266594786700899, -18.308930781345236, -5.516557450893879, 3.5051357896929742, 9.865105395126397, 3.1849516721696176, 10.62242774246265, -0.837558902680497, 5.659103483013865, 1.924261132364662
-3.5501019538229692, 0.034511183287379454, -19.91191384498066, -1.3364059366222454, -0.3009361705885407, -10.286460295526641, 6.1963435823404165, -12.41882811760566, -6.933015136225185, 6.570343057984608, -14.266134002697346, 15.443074165596666, 8.919889458865844, -6.115587904316506, -9.089974285993279, -4.427143858232732
23.732327962629206, 5.796205959136, -5.809527562215511, 8.853934292129239, 3.995215724547791, -9.143373240807156, 7.810861677464775, -0.675307192734552, -2.2329005897409075, 15.804042733100392, 6.077163778282237, 1.761098551658812, 3.2402840433691082, -0.2901181919348734, -0.03534358646753111, -14.431103327974542
5.79209163957216, 6.013888315864742, -2.6938107257527615, -1.508879758179636, 0.09634306057411401, 3.924470102917902, 7.578315835478399, 2.16171449747584, -2.1740478538850527, 3.5495339466452127, 10.014366605175935, -3.392140193386859, 8.62131797337352, 10.308325123530155, 7.0073199003002475, 1.6176340225395496
6.642268559826942, 23.973321412881315, -3.213714291602568, -1.586801926984636, -8.718647869104153, 4.283621090045234, 6.517628736362426, 4.4058342083026085, -6.231102902302693, 3.2736872943379636, 9.076295027638997, 7.439794282313681, 12.16176318793396, 3.9272881644941346, 6.143241466567433, 1.7930800533588767
