0,76,160,49,179,87,250,147,59,128,84,38,46,48,32,194,241,254,40,10,50,83,12,211,209,53,175,5,195,54,190,156,223,200,89,91,24,107,113,42,140,135,34,183,73,132,224,131,100,57,255,125,137,162,90,39,127,191,67,88,158,197,171,225,16
1,13,77,63,114,6,174,177,159,146,103,74,227,82,75,99,248,60,11,72,230,216,69,107,110,232,203,46,35,234,3,28,252,101,193,200,241,173,7,108,67,145,154,21,218,184,222,53,172,135,22,179,131,5,138,206,59,83,224,223,106,57,17,236,111
2,106,17,205,240,224,221,248,215,64,51,55,72,100,130,180,12,220,200,131,165,228,89,189,34,241,109,59,145,114,113,254,190,250,193,33,118,70,1,174,253,179,194,129,156,68,213,141,46,97,27,103,107,218,53,183,143,83,50,78,45,159,90,192,160
3,22,119,203,173,245,72,77,174,208,7,75,74,1,159,68,184,234,43,202,201,172,154,155,218,171,9,101,230,206,8,18,21,248,67,60,162,185,6,244,149,138,52,145,86,13,108,30,103,31,235,11,151,169,164,35,216,236,199,126,16,232,168,82,51
4,251,232,107,11,193,72,154,44,185,30,236,245,216,200,90,108,135,121,77,53,46,69,16,184,149,51,208,6,134,153,241,172,137,143,151,59,145,94,13,1,175,21,126,244,82,60,131,203,5,147,183,173,181,189,75,66,100,213,222,167,39,129,224,101
5,53,84,147,46,137,50,90,42,211,195,49,107,156,183,10,135,160,23,38,167,223,54,76,132,57,175,255,241,0,87,200,179,128,32,194,24,254,88,192,59,83,250,12,100,34,190,131,48,145,191,121,108,127,71,91,140,16,193,40,251,113,234,55,253
6,146,236,111,1,69,77,63,21,82,13,60,103,74,252,35,72,246,51,177,203,28,169,238,234,22,75,107,245,7,174,4,241,3,149,150,159,193,11,244,248,39,59,232,118,200,175,114,230,134,14,154,141,186,172,46,94,216,121,227,181,135,228,226,17
7,245,72,77,174,126,103,236,3,150,1,173,234,244,16,13,208,6,95,203,158,138,184,218,227,63,171,11,159,22,223,30,60,101,162,107,108,82,232,21,185,99,241,146,172,153,83,67,179,43,252,38,200,69,57,46,181,75,248,151,114,18,86,93,249
8,31,155,157,123,199,171,176,168,162,9,96,79,133,86,198,52,219,237,235,139,239,242,158,18,249,229,204,105,142,43,62,144,117,164,201,25,247,98,243,138,163,67,41,93,112,102,26,207,136,124,36,212,56,32,210,122,38,173,37,49,160,0,115,233
9,235,155,157,86,164,139,52,8,79,43,201,25,18,229,112,56,219,163,162,249,102,62,168,207,105,96,199,171,123,133,22,31,37,138,198,158,176,243,242,144,14,15,231,58,212,67,204,41,136,93,233,247,142,122,237,94,210,3,60,74,172,36,124,173
10,54,194,223,84,49,5,140,76,195,0,91,87,179,241,53,211,156,147,42,38,50,250,128,135,132,127,160,255,137,71,46,57,191,200,225,83,183,48,59,40,12,90,190,167,34,23,175,88,32,197,107,254,39,24,234,100,113,192,16,67,209,89,121,125
11,181,77,108,13,174,1,173,126,4,30,74,232,35,159,245,99,21,236,208,154,16,63,28,22,72,60,107,184,75,251,6,14,234,101,146,169,7,53,213,106,111,46,90,216,110,3,135,151,103,175,203,200,114,150,241,185,68,59,244,149,222,218,82,248
12,190,113,250,128,40,34,125,156,100,254,55,53,183,59,76,194,50,241,89,192,160,191,0,147,88,127,179,175,200,143,132,135,131,225,46,90,255,32,54,224,5,49,48,83,209,197,10,107,84,87,38,195,240,149,17,140,167,42,137,234,39,251,71,165
13,77,1,63,146,216,232,108,110,35,11,103,6,177,28,101,154,74,187,107,236,252,186,159,230,82,72,21,69,99,234,244,145,46,151,174,173,75,169,7,5,60,245,22,172,53,135,227,114,57,30,200,111,90,16,121,193,241,185,67,181,147,175,150,14
14,60,22,235,21,157,9,154,74,86,155,105,43,77,173,35,229,201,94,108,181,52,238,146,11,13,25,244,133,6,30,92,79,37,102,63,56,8,28,245,243,169,249,236,234,1,233,162,172,111,199,15,164,175,96,124,139,123,3,32,41,82,107,62,237
15,102,243,43,105,198,229,36,235,37,210,144,249,136,157,9,242,138,86,115,93,237,217,79,123,41,233,96,8,25,219,155,204,207,139,18,124,239,162,14,168,164,201,52,176,158,122,171,117,244,112,133,67,56,199,26,60,31,3,163,173,172,247,22,177
16,108,173,245,153,147,59,128,241,46,107,175,179,87,53,135,200,250,172,160,181,5,54,49,84,0,234,38,76,137,39,232,11,7,32,158,145,50,57,244,72,223,77,10,83,236,194,185,30,151,12,101,211,171,4,190,13,90,156,110,42,183,24,22,23
17,224,228,221,118,2,165,106,205,51,240,130,89,131,248,141,12,215,180,55,250,59,149,254,222,100,27,113,200,190,179,70,213,121,40,241,160,189,129,68,76,34,66,128,46,0,50,103,209,114,194,170,145,156,48,95,220,193,188,109,1,53,72,192,78
18,201,207,52,158,162,86,67,9,155,164,138,8,219,171,93,163,56,43,112,229,210,157,122,133,37,116,31,212,234,58,105,139,144,199,25,235,247,168,172,136,79,48,96,242,176,243,249,22,60,123,198,195,76,0,74,101,3,49,179,160,62,173,84,1
19,20,141,94,213,152,131,214,149,165,47,134,196,189,51,61,35,182,169,251,85,224,161,129,146,80,92,78,111,175,59,32,181,106,113,188,74,104,12,215,166,17,125,128,44,55,254,70,46,228,190,30,27,100,68,222,11,63,221,75,6,66,107,143,77
20,149,134,85,104,131,141,44,19,47,193,214,166,161,165,182,94,92,27,113,55,190,51,59,224,254,12,222,29,109,189,251,228,128,129,46,4,53,66,107,80,147,175,121,61,32,152,100,241,34,183,70,200,250,160,143,90,213,218,148,69,6,192,226,125
21,77,6,146,236,14,35,74,11,13,60,246,1,28,181,126,173,159,63,22,169,245,111,119,244,3,72,238,208,154,30,230,203,108,4,82,174,69,202,234,103,7,150,189,75,232,185,51,252,184,107,101,94,145,216,186,251,43,110,16,172,134,99,248,78
22,3,74,77,14,173,245,154,9,119,35,201,155,234,86,52,60,11,172,1,149,43,235,21,18,208,13,6,108,203,171,164,157,159,75,112,174,72,8,94,181,230,16,162,232,28,184,236,110,169,101,168,202,67,146,58,7,199,30,249,158,216,187,92,212
23,137,42,5,57,167,135,107,46,84,53,175,54,38,211,147,90,223,49,10,87,108,32,88,183,83,241,195,156,50,24,128,160,71,200,244,179,0,59,194,76,216,91,16,192,255,132,251,13,250,34,100,145,177,253,63,121,193,12,146,1,131,254,169,227
24,147,211,160,84,49,46,50,76,5,0,87,53,48,254,107,179,59,137,73,145,250,200,38,175,90,10,195,128,32,23,223,89,131,156,241,209,183,12,121,108,67,192,132,135,42,54,251,40,16,113,39,190,83,194,253,224,158,172,255,248,88,213,186,57
25,157,164,155,52,229,231,9,139,199,243,37,235,79,162,112,62,8,168,102,56,36,86,242,18,41,249,96,163,105,207,198,136,133,43,233,204,31,201,144,219,142,15,123,60,237,247,14,122,171,176,138,94,93,26,116,74,210,158,97,173,58,22,67,234
26,117,239,237,96,123,105,8,168,176,157,229,41,31,79,133,36,198,62,199,139,204,217,155,162,247,242,25,243,9,86,142,136,102,249,235,144,171,15,124,43,219,115,52,158,98,56,37,14,164,210,163,32,231,112,38,18,173,201,108,244,212,84,93,207
27,134,193,161,130,80,228,109,141,145,44,218,66,17,180,118,224,104,182,51,149,121,45,188,129,220,46,131,95,221,165,152,253,70,214,64,29,59,254,200,160,69,241,72,179,248,78,107,222,0,12,20,76,189,53,103,166,50,196,89,203,170,250,147,55
28,13,238,232,1,77,74,154,21,230,11,6,63,35,99,202,146,22,101,187,82,252,110,14,177,119,236,159,216,60,111,75,108,3,172,181,72,4,208,103,151,203,184,174,30,245,169,69,120,7,244,246,226,185,92,234,173,227,186,114,107,126,248,94,68
29,193,134,218,161,27,174,109,20,141,114,77,6,69,1,47,149,228,222,68,103,4,236,44,130,182,7,129,3,189,64,126,85,150,11,227,72,203,21,220,184,173,152,80,248,234,111,70,51,116,13,66,61,95,145,104,245,181,165,188,75,121,185,55,107
30,154,169,213,72,245,108,208,244,107,11,126,77,173,174,4,46,184,63,150,94,248,16,172,175,60,1,13,146,159,59,170,74,32,82,171,203,251,181,153,246,21,78,200,189,51,83,14,106,199,216,22,3,7,179,241,242,253,147,35,232,224,130,230,38
31,8,176,199,168,133,155,123,171,239,157,162,247,52,117,237,198,142,9,96,18,79,158,98,62,242,164,105,212,219,139,86,204,195,163,26,229,201,58,25,49,67,173,84,38,235,160,32,0,43,41,144,172,254,136,243,76,210,179,249,122,108,56,46,156
32,38,175,83,46,59,128,160,179,87,0,147,49,241,107,53,84,42,76,57,254,5,250,156,135,12,54,190,195,100,34,194,200,91,183,211,50,223,131,137,10,173,90,224,40,88,108,23,55,248,169,125,162,48,167,113,132,24,192,191,94,244,8,89,209
33,78,51,189,234,97,245,66,118,254,145,2,253,224,69,109,17,89,12,72,228,248,113,173,240,130,70,60,190,50,149,48,160,129,106,55,39,121,64,76,59,166,250,40,147,27,3,170,104,131,183,185,203,141,53,1,156,165,77,192,90,0,95,46,128
34,100,191,190,156,12,183,194,55,128,53,135,143,241,127,125,250,88,225,192,113,132,90,71,54,59,255,175,40,167,83,200,254,50,179,32,42,76,5,46,131,147,107,57,195,0,38,160,224,10,89,137,49,84,140,223,87,234,149,91,17,251,197,240,48
35,146,74,77,63,13,110,169,159,22,21,1,11,181,230,6,75,103,238,108,14,236,173,99,213,28,203,82,174,72,119,111,17,154,202,216,187,206,186,252,189,245,149,228,208,30,141,3,145,68,232,106,16,175,184,185,67,246,51,59,94,221,60,244,233
36,102,243,229,204,144,242,41,157,15,198,37,237,123,25,233,79,235,249,219,105,8,96,199,139,155,9,26,231,115,138,43,122,62,239,176,86,247,164,171,210,168,93,162,117,124,136,52,207,31,56,163,18,217,112,158,133,14,142,201,67,63,244,32,177
37,229,144,243,25,102,233,138,210,15,105,235,93,36,157,41,207,155,18,86,56,9,162,43,164,201,52,122,198,96,219,139,79,67,242,8,116,237,199,123,124,60,249,136,158,247,14,177,176,112,133,171,204,231,163,115,74,168,1,62,31,244,239,206,173
38,83,32,49,87,179,46,84,175,0,57,160,223,147,241,42,59,91,5,128,195,107,211,76,54,53,135,194,10,200,250,156,137,50,23,254,34,12,183,190,100,90,132,48,71,24,108,167,191,244,131,40,162,16,158,255,88,8,173,248,224,209,133,67,140
39,250,40,128,69,54,172,59,241,113,179,234,118,76,0,87,147,12,190,10,194,185,200,160,209,16,49,186,245,216,135,53,50,121,46,175,74,140,75,149,5,225,127,203,84,232,6,24,58,48,67,137,143,156,197,88,125,34,227,107,82,223,89,254,224
40,250,113,12,190,128,76,125,0,194,209,59,89,197,179,241,160,127,225,34,156,140,254,54,50,147,48,39,191,53,10,49,87,100,88,200,183,175,143,55,32,46,135,224,192,131,132,255,83,84,5,38,17,149,165,240,90,58,195,234,118,91,71,107,223
41,237,229,79,36,56,144,247,157,105,243,123,37,239,102,235,124,8,25,62,96,9,198,219,133,86,26,155,176,15,204,210,199,233,207,139,31,43,117,52,122,163,231,249,242,18,164,162,158,201,14,138,67,168,171,142,93,217,84,38,32,115,60,244,94
42,5,57,167,23,53,137,38,54,84,135,156,32,175,46,195,88,183,10,83,49,147,107,128,90,91,71,241,223,34,87,194,255,50,0,160,211,179,100,76,132,191,192,225,59,12,250,190,140,200,254,108,127,125,131,24,16,143,40,244,234,55,173,121,169
43,86,235,138,249,9,201,15,105,157,79,144,8,124,115,198,207,96,155,93,102,67,158,123,210,18,237,243,37,219,162,229,233,171,133,3,14,112,139,173,242,136,22,239,25,204,52,168,176,116,244,164,31,36,41,199,56,117,217,77,60,108,1,172,74
44,121,193,134,216,228,66,27,149,130,131,214,129,4,69,226,224,222,141,145,20,70,80,161,104,51,185,46,166,109,200,152,45,182,107,253,189,186,90,61,118,53,232,241,94,5,177,135,170,47,59,50,188,17,165,75,251,1,147,154,184,213,211,137,179
45,253,214,104,145,27,131,130,66,134,224,188,193,166,248,64,78,170,182,109,46,44,51,221,121,17,180,213,196,70,80,228,2,129,107,160,220,141,59,200,178,211,106,179,215,32,24,148,175,49,147,254,189,0,165,241,251,83,161,87,53,50,38,5,222
46,107,147,160,53,5,175,84,38,49,32,59,179,211,87,241,83,200,0,76,50,135,128,254,137,90,57,195,223,156,250,42,24,183,131,194,12,54,100,23,10,190,145,34,224,132,248,108,48,121,192,167,251,88,89,193,16,244,113,253,55,255,40,173,213
47,129,131,51,161,70,189,61,134,166,20,141,220,69,224,193,94,240,66,106,165,78,85,44,248,109,113,222,203,215,149,12,1,68,19,143,75,6,55,190,27,29,4,148,192,130,53,251,227,17,100,174,34,183,254,60,213,46,88,90,111,97,59,228,74
48,76,160,0,89,49,254,50,209,179,84,195,250,211,147,73,194,132,40,12,59,24,10,46,156,87,190,200,53,5,128,223,241,255,224,38,113,127,158,183,32,67,162,197,18,131,83,171,90,55,54,240,192,107,140,17,145,100,34,191,175,121,114,149,248
49,84,0,160,76,87,147,211,179,38,46,5,195,10,32,223,50,59,53,48,128,83,250,24,241,175,194,54,254,156,107,42,200,91,12,137,135,57,132,183,40,190,209,90,23,89,255,73,67,140,158,131,34,100,145,224,162,88,16,171,121,113,108,192,248
50,53,156,183,254,5,132,76,147,160,90,255,192,84,195,12,49,46,48,0,250,190,211,89,24,194,100,10,200,128,179,59,88,107,137,241,135,127,113,34,131,40,55,175,167,42,38,224,54,223,32,191,87,145,125,83,121,240,197,140,209,248,222,23,251
51,224,189,70,248,17,131,141,78,240,66,106,166,129,149,130,228,134,94,165,215,2,121,47,33,118,27,213,193,104,180,64,109,6,182,145,220,170,188,68,55,72,254,251,44,69,59,161,253,100,222,4,113,1,203,46,89,12,200,45,107,97,190,60,169
52,164,155,25,157,9,18,162,112,199,8,229,86,168,163,139,133,56,60,62,231,31,201,235,234,207,58,79,171,37,94,243,242,136,247,219,122,158,249,22,74,97,105,172,43,254,67,176,212,142,14,190,116,0,173,96,160,76,179,128,32,138,123,12,149
53,183,156,5,90,50,147,46,135,107,192,100,137,128,84,175,12,241,254,160,34,132,190,167,88,42,76,200,59,195,255,250,194,49,32,54,179,38,0,10,83,57,211,191,131,55,87,223,23,113,127,251,125,24,40,143,224,89,71,48,145,121,225,108,16
54,10,194,128,241,135,71,42,57,91,5,87,53,250,225,179,38,140,223,0,156,49,175,147,34,191,137,83,84,76,59,190,46,12,32,88,167,200,127,40,183,160,195,23,107,50,132,90,255,211,234,39,100,143,113,125,254,16,197,192,48,131,108,121,216
55,100,190,34,12,254,183,156,192,113,224,89,191,53,125,131,90,132,50,128,250,59,194,255,143,240,241,127,200,149,40,17,88,135,76,160,46,32,107,175,147,179,2,106,83,195,251,221,141,222,0,220,5,248,228,167,48,51,114,94,166,225,165,193,38
56,9,207,247,163,62,41,229,52,201,86,164,18,235,219,155,79,139,37,25,157,58,8,133,144,122,105,162,96,199,67,231,102,158,112,212,124,123,176,94,237,233,14,43,31,210,243,142,60,138,172,171,249,93,168,36,116,177,198,239,74,204,22,15,160
57,135,83,42,38,107,241,223,175,54,23,137,46,5,71,32,53,200,87,179,167,84,194,91,128,10,49,195,59,147,211,156,90,34,183,0,100,160,191,250,244,76,132,108,50,88,190,12,143,16,177,1,255,225,169,13,216,234,193,131,121,254,77,63,192
58,212,52,201,18,56,155,133,9,163,62,164,209,142,89,190,86,40,67,31,158,98,250,8,12,76,171,128,207,39,172,113,112,162,179,0,199,22,254,48,247,160,59,157,219,194,149,125,50,94,241,156,74,147,224,97,235,139,79,100,168,34,55,49,176
59,179,128,241,250,175,147,160,46,200,0,32,87,76,12,83,190,38,107,53,49,194,254,135,40,113,209,34,54,100,84,156,50,89,5,131,211,183,224,57,223,48,10,55,90,137,195,125,24,143,39,251,42,16,191,149,132,17,88,192,173,145,121,213,91
60,234,14,52,1,6,94,77,74,107,155,82,245,21,162,154,173,22,86,175,11,172,53,201,13,59,46,9,157,241,248,18,30,111,32,147,200,72,236,90,135,229,100,254,3,116,37,128,190,177,63,25,244,183,169,69,83,164,55,51,97,12,126,34,156
61,189,141,129,178,47,228,106,70,69,213,161,94,184,131,130,66,224,44,109,68,134,78,215,77,174,51,216,149,80,111,17,166,186,169,159,165,75,150,222,193,1,74,203,121,20,27,19,152,55,227,214,103,126,246,30,13,230,11,234,12,170,208,177,72
62,157,79,163,231,155,9,199,8,56,139,25,142,52,164,247,112,235,219,204,229,133,86,31,41,168,123,58,249,96,237,171,176,162,207,26,102,212,18,98,36,105,239,243,242,201,158,144,122,117,233,14,43,37,198,22,124,32,94,67,138,179,38,83,60
63,146,13,1,77,6,103,35,111,177,82,169,244,99,238,252,110,174,159,248,107,230,108,46,74,236,30,233,186,150,11,72,75,188,21,69,28,227,154,206,175,32,114,203,181,60,83,216,138,38,213,67,57,193,7,222,246,232,17,14,152,5,200,59,53
64,248,220,2,215,182,109,51,130,134,253,193,27,141,45,66,78,166,224,104,188,189,106,145,30,129,72,174,131,70,17,240,55,173,46,32,254,196,107,33,100,218,169,126,95,161,228,68,59,3,165,149,221,175,150,83,213,160,170,47,53,180,29,114,77
65,106,221,174,2,109,215,228,141,68,165,189,61,205,17,218,224,130,64,114,129,193,222,70,45,248,184,1,77,131,27,161,149,134,159,182,178,80,214,220,213,103,55,29,11,253,51,3,44,20,173,240,47,75,72,145,166,92,30,66,85,203,13,152,104
66,130,121,70,253,129,166,78,182,134,224,51,228,131,141,109,44,189,104,27,193,69,170,118,45,188,46,149,213,17,248,107,165,59,61,64,254,33,161,53,160,200,147,145,90,241,179,95,100,220,12,5,150,47,50,32,222,215,94,175,128,169,186,250,183
67,201,158,138,18,207,219,86,171,144,210,43,93,124,122,172,49,75,155,233,84,101,8,160,0,177,211,76,162,179,9,1,48,87,74,46,123,195,147,82,116,37,223,235,38,252,50,186,58,133,244,5,56,10,52,24,98,31,105,206,203,187,176,145,241
68,141,203,129,228,106,174,215,130,75,224,149,184,3,17,208,189,72,222,51,159,165,70,248,77,134,152,103,74,170,221,118,150,61,161,169,193,95,1,227,245,2,185,240,111,27,35,218,205,178,11,182,63,171,6,30,22,220,131,121,69,47,94,44,4
69,6,186,39,227,216,1,121,111,146,66,234,203,177,129,185,150,77,44,13,82,134,118,130,184,189,75,63,193,46,78,61,72,51,228,107,4,74,103,245,172,169,241,236,27,54,47,5,59,232,60,147,200,70,149,87,131,246,230,141,109,253,174,53,179
70,129,189,66,165,51,130,141,228,224,106,17,182,47,134,161,166,109,131,215,44,149,121,68,61,253,27,118,78,193,188,69,2,248,222,213,45,170,33,64,220,240,104,178,203,184,20,221,113,94,12,205,196,169,4,55,59,190,150,6,145,39,111,250,100
71,54,191,135,194,57,34,225,241,167,10,42,127,156,91,143,223,83,53,137,128,183,100,140,132,5,88,200,38,255,90,190,195,250,179,12,175,23,107,46,59,32,84,87,0,49,40,50,76,192,147,234,125,55,113,160,211,193,131,216,16,39,197,1,254
72,245,203,184,77,126,159,208,7,82,185,103,3,151,75,1,150,252,30,236,145,4,244,174,13,169,170,227,2,107,74,246,6,119,172,232,118,173,130,63,68,101,95,200,154,11,216,193,51,16,248,218,234,69,230,206,60,17,22,241,21,46,146,27,35
73,209,48,160,0,76,49,24,89,254,179,147,87,59,211,171,84,158,46,98,32,250,50,38,124,162,86,67,128,8,195,123,224,40,142,133,200,138,207,83,12,175,93,9,219,96,176,241,107,18,248,155,5,145,201,131,190,53,144,43,17,223,157,113,104
74,159,230,75,22,35,77,1,203,82,60,13,6,206,11,3,101,172,184,14,119,21,99,208,155,216,94,146,28,174,185,67,177,232,63,154,245,72,173,234,169,52,201,164,9,186,252,39,69,233,18,238,122,30,181,108,111,202,68,103,171,235,187,106,110
75,203,159,74,230,227,184,185,1,208,77,82,216,72,206,177,67,174,3,68,99,232,35,151,202,101,119,63,13,103,186,146,172,69,169,6,252,22,39,11,173,108,205,218,129,241,245,145,178,170,46,17,244,224,154,201,234,200,94,171,179,4,138,106,118
76,0,160,49,250,147,179,48,50,84,128,254,59,87,12,40,46,194,53,10,156,190,89,241,5,209,38,195,211,32,200,54,24,175,113,132,83,183,223,255,34,107,140,135,100,127,90,125,73,42,131,192,197,224,91,191,88,137,55,39,225,162,145,67,57
77,13,1,11,174,63,159,103,72,35,74,146,6,173,126,22,245,21,236,234,7,108,184,75,3,99,60,169,154,208,230,203,232,150,181,216,30,244,218,82,107,28,69,111,110,177,119,114,14,246,101,186,46,185,16,151,227,241,4,193,145,228,206,68,252
78,66,51,169,170,189,213,166,33,94,131,253,130,224,129,109,59,46,141,69,104,97,145,45,32,178,175,107,64,17,70,160,254,215,30,27,134,147,196,246,248,12,186,121,61,206,251,128,179,53,100,241,250,47,72,190,146,200,228,60,118,0,203,2,113
79,235,157,237,9,8,86,96,155,62,249,139,41,25,43,229,243,102,207,123,219,198,199,204,112,144,56,201,31,105,133,52,142,231,36,164,124,162,168,18,37,239,163,15,138,26,176,247,233,171,117,158,242,115,14,67,93,58,32,98,22,210,136,212,122
80,27,152,161,134,214,193,44,141,218,228,145,221,130,61,45,46,75,131,222,224,17,20,149,104,107,216,77,178,174,160,129,121,200,182,254,109,211,188,220,66,59,146,180,186,227,63,24,50,53,213,0,69,185,103,241,90,19,118,5,76,179,68,159,114
81,180,145,240,113,196,12,190,114,183,53,250,248,59,100,50,200,192,251,254,241,90,128,147,2,156,173,160,135,34,175,55,1,131,46,107,76,143,97,89,51,40,218,179,5,194,125,60,88,0,137,32,132,205,47,220,191,84,87,193,167,49,221,255,85
82,252,177,72,74,1,6,172,75,63,230,206,159,203,77,13,60,146,232,216,69,200,67,154,185,244,227,101,107,103,184,246,169,151,236,30,99,241,186,35,245,46,94,187,135,39,21,28,4,51,59,208,238,179,122,118,170,145,22,175,234,7,57,3,138
83,38,32,241,179,175,57,46,59,128,87,135,107,223,194,200,0,49,160,53,84,91,147,54,195,42,34,250,76,5,156,100,211,10,12,190,71,254,137,183,191,50,90,132,131,23,224,55,40,167,48,248,89,209,143,169,16,1,255,113,88,162,108,130,244
84,49,5,211,147,160,195,46,38,76,0,50,87,53,10,223,179,42,32,24,107,156,175,83,137,54,254,59,128,241,48,132,194,90,200,57,183,135,23,250,255,91,12,190,167,192,88,100,67,158,145,34,108,140,133,131,40,89,121,16,191,162,248,209,127
85,20,222,114,113,47,131,149,240,55,221,12,190,218,181,11,193,161,1,165,214,19,254,224,192,53,29,100,34,183,106,141,125,143,128,59,250,251,89,134,156,174,241,75,40,200,90,50,17,51,77,6,248,80,44,46,74,76,4,147,94,194,88,116,160
86,201,207,43,9,158,249,235,157,155,105,18,79,133,112,8,162,138,229,52,96,219,124,67,56,144,171,139,123,37,164,237,25,62,210,14,15,102,93,243,168,212,31,22,41,163,239,199,60,233,176,58,242,136,116,198,204,173,172,98,160,234,247,142,3
87,49,179,0,38,160,147,59,46,76,84,32,128,175,241,83,211,54,250,223,10,5,200,91,107,194,57,53,24,135,42,195,137,50,40,209,48,12,254,23,190,156,16,39,158,140,108,67,34,113,183,73,162,131,173,90,89,172,145,100,132,234,171,88,244
88,183,167,192,156,53,125,34,225,12,190,42,255,100,128,90,137,5,50,135,54,191,250,143,147,127,113,175,40,132,254,194,140,76,10,46,241,55,160,32,84,71,197,23,59,0,131,107,49,195,57,38,251,179,200,83,87,224,39,89,24,234,211,108,223
89,254,48,209,12,76,250,113,190,160,40,50,55,59,224,0,179,156,200,240,100,147,128,194,132,17,131,53,241,183,192,49,34,127,125,46,73,255,195,90,221,149,84,191,32,24,211,118,5,175,83,87,58,197,180,107,228,145,38,10,2,135,121,248,165
90,183,53,156,192,5,50,132,167,135,107,100,255,137,46,200,147,34,195,254,88,12,241,84,190,55,42,194,251,191,131,160,175,211,128,127,76,59,57,54,10,250,23,223,49,179,145,193,121,83,38,32,143,113,224,0,24,71,89,222,125,4,48,248,87
91,38,54,10,83,223,194,87,49,0,57,179,42,32,140,84,195,241,71,128,76,5,175,160,135,250,46,191,225,59,211,156,147,53,34,200,40,132,190,12,23,127,137,107,48,255,50,234,183,167,162,158,100,88,254,67,197,8,209,16,31,90,133,39,18
92,149,213,94,157,154,108,32,131,248,20,111,224,226,14,228,104,121,155,52,59,254,13,46,182,9,175,147,22,1,222,181,77,141,146,107,173,160,30,11,128,60,63,133,53,165,253,189,179,51,106,38,6,235,8,35,190,12,83,86,55,0,168,174,100
93,138,144,210,162,18,43,37,67,116,198,96,201,158,219,8,171,207,86,9,15,105,115,176,123,124,229,242,139,235,155,122,244,102,136,249,233,157,211,49,177,87,52,174,164,243,0,79,3,48,199,36,168,173,31,160,84,38,186,237,172,223,25,206,46
94,131,154,60,224,149,51,213,141,52,74,78,59,46,107,32,175,30,9,129,254,169,216,100,97,55,155,177,14,128,190,53,251,241,111,61,22,12,19,92,199,200,147,160,248,179,77,121,83,172,106,166,206,20,4,34,189,47,82,69,56,6,1,90,183
95,118,130,236,228,150,245,72,121,17,27,224,193,7,149,141,248,100,103,254,68,107,66,46,156,53,195,55,241,200,90,179,170,132,6,83,188,183,59,51,50,34,134,182,160,222,190,16,77,145,194,38,32,147,12,135,253,5,169,128,2,175,244,152,76
96,139,8,105,162,123,79,176,198,86,9,157,117,43,155,235,229,237,199,144,168,201,26,31,93,219,124,239,249,102,115,142,171,41,37,133,25,138,158,18,36,204,62,242,56,136,207,15,98,164,52,243,112,247,210,67,173,32,212,14,244,38,163,116,233
97,224,52,33,94,131,78,205,254,51,89,60,106,12,240,164,55,248,190,160,18,234,206,2,48,109,199,100,50,76,9,162,179,250,59,113,155,156,0,178,58,215,129,166,194,40,17,34,241,46,200,132,183,128,53,145,3,25,220,147,74,172,192,1,209
98,171,142,123,212,8,176,158,31,219,199,117,58,155,179,67,0,73,160,96,209,239,133,204,16,86,62,201,162,49,9,76,59,32,38,168,87,157,124,173,48,250,83,89,172,249,128,46,18,247,147,84,254,175,22,79,139,43,242,138,105,235,163,144,241
99,159,1,77,63,103,174,75,74,11,13,227,230,35,82,28,114,101,232,72,177,184,138,146,203,6,7,110,181,67,218,252,208,233,126,206,236,68,187,108,22,21,185,3,151,60,150,111,122,202,173,171,30,245,222,248,155,216,106,238,18,17,69,221,201
100,34,55,156,183,190,12,53,192,90,191,135,254,128,241,132,143,125,50,194,131,88,175,250,59,200,255,113,224,46,107,83,167,32,127,147,5,179,89,160,76,195,40,42,251,137,38,54,0,225,57,71,240,84,17,49,248,149,222,2,121,10,214,193,221
101,232,151,172,187,185,210,13,216,67,74,1,108,159,252,75,72,77,82,245,16,230,154,3,177,158,145,18,173,203,119,120,122,11,227,22,28,171,186,99,110,184,208,234,244,7,201,153,138,4,202,105,63,30,211,107,39,60,35,174,43,200,242,46,155
102,235,36,15,144,243,204,233,229,198,219,9,242,157,37,249,123,43,79,105,25,139,41,138,96,155,8,86,164,237,122,163,210,115,199,231,56,93,176,171,62,207,52,18,14,124,168,136,201,112,239,162,247,117,158,67,31,26,206,74,22,133,177,3,172
103,77,1,63,72,159,150,13,174,6,146,99,7,35,203,227,126,218,184,17,75,236,82,246,252,118,114,228,69,169,206,230,68,74,130,95,245,27,111,110,193,3,208,2,11,21,185,186,141,248,234,109,189,145,106,51,138,177,244,224,119,22,221,216,188
104,166,134,66,131,27,20,145,45,253,193,182,109,121,214,51,46,254,44,224,107,78,149,147,228,59,130,160,141,248,188,64,251,92,200,32,213,53,175,189,90,24,17,179,50,55,5,89,211,76,100,12,148,241,183,70,196,0,190,94,128,49,84,165,33
105,229,86,210,123,96,239,43,157,15,237,8,133,9,198,176,162,158,41,37,155,144,117,102,136,235,217,124,243,242,79,168,201,219,139,26,18,249,14,31,36,138,171,93,25,199,52,56,207,247,204,173,67,164,108,172,244,115,62,233,163,122,60,112,154
106,2,205,224,17,189,221,51,215,165,228,131,240,213,68,248,141,70,55,129,149,65,222,130,61,100,174,1,159,12,184,109,77,72,178,94,114,113,97,74,11,193,30,190,34,254,47,169,64,89,166,200,59,203,75,121,66,35,192,143,250,241,220,78,145
107,46,53,175,200,135,5,147,90,241,57,59,83,137,38,32,211,84,179,160,183,223,49,128,251,87,50,23,156,42,100,195,254,131,76,0,167,54,194,250,108,34,12,24,145,132,244,190,193,121,192,248,4,10,1,16,30,13,224,60,55,88,77,173,154
108,16,173,13,11,181,107,46,244,77,154,175,5,147,232,30,53,23,216,32,84,137,38,101,146,42,87,1,57,110,63,245,49,172,145,160,135,153,4,59,128,35,186,211,151,241,90,179,83,24,169,22,54,50,0,14,183,210,200,167,174,234,105,67,74
109,130,27,228,141,66,134,193,166,129,224,104,64,131,253,70,51,78,149,121,189,17,220,248,215,44,145,106,45,165,2,1,69,55,218,61,182,33,34,241,114,29,46,254,32,100,194,161,83,97,77,179,59,174,47,20,12,3,200,118,190,107,103,72,234
110,13,35,1,187,146,63,108,77,16,173,22,252,175,169,181,145,74,135,101,28,32,67,38,103,241,128,46,83,232,11,57,179,53,172,107,230,159,248,75,147,216,59,84,120,42,221,49,5,114,99,54,6,87,137,200,119,250,154,160,3,156,205,72,17
111,6,63,146,69,77,236,150,141,246,169,60,1,21,238,13,94,74,35,186,149,92,226,152,103,51,11,177,174,68,189,228,134,30,14,61,213,222,82,154,181,244,130,248,121,188,107,4,28,224,245,129,131,95,66,46,32,234,175,182,155,203,230,193,72
112,86,9,52,155,249,164,157,25,207,139,18,79,162,235,62,201,8,163,168,231,199,43,229,219,22,171,138,56,158,96,133,58,212,243,136,142,242,60,102,31,105,37,204,116,3,234,14,67,144,93,123,15,74,237,36,233,173,198,98,179,122,247,174,114
113,12,190,40,250,125,128,89,59,34,55,254,143,76,100,241,156,53,50,194,183,127,192,147,160,209,200,88,179,0,240,131,191,225,224,175,197,135,90,39,54,46,48,17,149,132,251,255,165,32,49,5,87,107,10,140,83,84,137,234,51,38,118,24,167
114,1,218,248,222,221,240,193,174,77,224,254,17,55,195,132,131,156,13,50,103,53,63,85,90,46,48,183,200,194,100,220,2,145,67,160,228,107,12,99,106,241,6,76,5,179,190,227,89,109,192,34,149,138,84,159,49,255,0,27,59,83,147,60,223
115,43,198,144,96,123,138,15,249,235,124,93,102,244,8,237,36,233,157,105,204,79,243,117,242,86,171,239,176,37,9,155,162,229,219,210,173,201,174,139,199,67,63,217,168,158,136,41,146,31,108,3,14,32,25,26,142,207,7,77,186,38,30,206,98
116,201,93,18,162,207,138,67,234,37,86,43,60,218,52,9,155,173,254,48,77,174,76,112,0,164,1,114,158,160,96,139,25,235,3,74,94,8,56,75,49,190,59,179,32,46,229,87,147,241,12,157,195,144,6,128,210,22,136,69,194,206,53,84,203
117,239,123,176,26,96,8,105,31,237,198,204,171,168,98,217,242,133,219,144,79,157,247,41,158,199,124,43,139,115,9,86,210,102,155,162,229,36,249,235,62,142,212,15,244,93,136,163,243,201,138,108,18,172,67,38,173,122,153,32,56,49,16,84,25
118,17,228,95,130,121,224,39,27,180,170,51,66,69,72,89,200,250,185,149,179,241,165,40,103,129,59,70,12,194,145,141,33,190,113,50,76,240,245,48,209,160,6,68,0,203,2,254,128,252,150,193,44,131,186,46,127,205,100,156,53,189,227,147,82
119,3,230,202,203,22,159,74,208,77,72,75,21,154,173,101,151,184,216,206,35,1,245,13,185,28,169,172,234,252,110,82,145,232,186,174,238,146,103,108,68,244,14,60,6,120,7,170,11,126,30,246,187,189,63,67,201,94,106,236,177,43,16,205,9
120,252,187,101,172,67,186,185,13,236,110,232,82,151,158,216,119,146,245,35,72,238,244,145,74,6,22,154,77,63,16,230,3,210,202,28,118,108,1,201,170,39,121,43,203,75,171,177,86,103,239,18,95,133,7,124,234,21,14,226,122,69,138,159,219
121,44,130,66,228,224,131,253,193,149,46,200,118,216,222,107,90,53,5,50,147,69,211,145,179,241,135,160,51,59,134,248,156,17,132,84,254,186,183,195,170,49,104,27,223,100,226,76,166,194,129,137,128,250,70,0,141,109,4,175,95,38,12,24,39
122,219,233,144,247,171,242,163,67,210,18,172,177,164,155,138,37,123,158,52,102,9,8,199,176,204,56,229,157,243,93,74,207,235,101,186,36,25,41,31,86,162,198,105,206,201,230,82,1,75,62,231,49,43,249,211,227,15,216,239,252,63,237,139,133
123,176,239,8,117,204,171,144,105,198,219,237,31,96,242,157,199,155,102,158,41,9,124,235,43,79,98,247,36,210,86,133,229,168,249,26,162,233,122,115,139,138,62,243,67,93,15,142,18,37,244,217,201,163,172,25,38,108,52,49,164,56,32,84,173
124,144,237,86,43,158,123,67,138,207,105,239,201,96,41,235,219,79,8,249,244,115,233,210,133,93,157,38,84,37,49,9,229,32,171,87,56,176,155,117,160,46,211,147,73,162,102,18,15,198,98,0,204,175,179,14,36,83,107,243,31,24,195,63,76
125,12,190,113,88,40,34,128,225,250,100,156,192,183,55,254,197,191,143,53,127,76,50,59,194,255,89,175,0,147,160,140,241,54,32,131,135,90,179,132,224,167,42,5,46,149,49,209,10,200,83,165,240,137,38,84,48,39,87,71,17,251,195,107,234
126,72,77,150,245,208,184,174,11,7,30,246,159,103,21,173,169,236,203,234,60,4,1,13,244,218,3,189,181,74,6,185,16,82,63,2,107,75,22,69,35,99,64,68,108,146,106,227,141,111,61,154,119,95,151,33,230,78,193,29,51,46,130,241,200
127,191,194,255,132,156,34,225,190,12,183,40,250,10,197,140,50,54,100,113,53,71,192,241,88,128,125,135,90,76,55,143,195,89,200,167,5,179,254,0,48,59,147,160,223,49,84,137,42,83,224,46,131,91,39,234,38,175,57,121,209,107,87,211,32
128,250,59,241,190,12,175,179,0,147,40,76,54,194,53,32,160,34,87,135,113,46,156,83,38,200,49,100,125,254,183,5,50,10,88,84,107,191,225,42,143,57,209,137,127,89,90,55,131,39,91,140,223,195,192,132,71,48,224,211,255,167,16,234,149
129,70,130,141,66,224,189,68,47,165,215,51,61,228,134,131,149,109,69,203,44,106,161,17,78,182,27,121,184,178,94,170,220,193,118,248,75,169,166,253,222,174,12,213,59,227,241,2,39,46,240,250,72,216,190,179,113,128,208,4,40,64,45,55,34
130,66,228,224,121,141,129,109,27,253,193,17,70,134,170,118,182,95,51,131,248,149,44,215,68,46,189,222,188,78,165,150,45,69,220,72,64,2,106,166,179,107,241,145,100,83,200,169,59,254,32,160,152,53,61,221,161,213,186,156,55,104,194,38,34
131,224,100,254,46,53,12,214,166,55,59,222,50,156,190,160,248,192,183,51,200,90,121,107,147,213,34,250,94,241,128,17,113,175,149,179,32,89,76,66,5,240,251,193,135,0,106,141,130,129,228,194,49,83,47,132,44,220,104,221,40,88,84,125,165
132,255,156,195,50,183,90,53,127,191,194,192,5,100,34,254,10,12,84,76,190,135,55,200,223,241,167,147,48,160,46,49,89,250,211,179,0,54,88,107,42,128,137,83,38,71,59,224,131,113,40,225,57,121,32,140,175,125,222,145,197,114,87,240,234
133,31,8,86,157,155,239,158,105,162,52,168,9,176,237,201,18,123,79,229,62,58,147,199,84,160,96,247,171,212,43,56,41,254,49,76,207,124,195,32,0,38,25,67,235,26,142,164,50,173,179,128,210,53,172,117,98,249,156,139,46,175,112,5,16
134,27,193,141,161,182,44,130,152,66,109,104,51,20,129,149,228,188,80,29,121,70,131,224,69,145,166,45,189,47,64,248,222,214,253,46,220,4,68,218,107,226,146,78,165,6,61,17,174,203,1,254,94,77,111,32,53,59,72,216,186,95,170,63,160
135,241,57,53,137,200,107,54,175,90,5,34,128,194,46,167,156,83,183,71,100,42,59,179,147,38,143,223,191,250,10,190,12,23,32,88,84,132,50,87,195,49,160,192,76,127,0,211,255,251,225,131,113,254,55,40,91,121,16,193,125,216,145,224,108
136,168,162,242,105,229,15,155,198,157,8,52,9,18,164,139,43,25,243,217,210,86,96,93,173,37,176,31,171,199,234,249,112,245,102,133,235,123,158,138,3,201,22,36,153,174,60,79,7,26,14,239,144,108,116,77,219,163,117,237,204,30,207,115,172
137,23,5,135,53,167,42,90,107,57,46,147,175,84,54,183,88,156,50,241,10,200,211,128,49,223,38,87,192,160,59,194,179,83,195,250,71,100,132,32,251,34,255,24,76,0,12,108,190,143,131,191,16,145,254,216,121,127,225,113,193,140,40,91,4
138,93,144,43,67,207,219,86,18,201,233,158,249,37,171,235,124,210,9,8,102,155,162,122,15,242,115,123,96,116,243,105,198,157,1,229,79,174,204,206,177,112,237,36,63,77,244,52,7,164,3,199,74,139,25,114,49,99,176,218,159,75,173,136,172
139,9,96,25,164,168,162,157,155,8,199,79,229,62,235,52,112,56,86,102,176,198,163,219,105,18,142,123,31,201,37,136,242,249,43,171,36,231,247,93,144,41,207,204,133,243,26,237,212,138,15,117,158,22,94,14,116,58,173,98,239,122,60,233,210
140,197,225,10,54,127,194,40,91,76,250,0,128,191,156,255,88,12,49,190,71,42,125,34,84,50,5,87,53,179,241,132,195,160,183,147,38,113,223,48,135,167,39,137,59,32,83,192,254,175,46,57,100,211,209,90,234,200,89,143,23,24,16,55,107
141,228,149,134,130,129,224,165,189,51,182,68,27,161,215,61,70,109,17,66,152,131,106,193,94,20,55,44,222,213,111,220,166,121,169,19,78,80,248,47,254,64,77,214,100,174,118,221,104,188,12,95,69,190,218,6,32,59,170,34,46,150,146,226,203
142,199,8,62,98,155,31,79,157,139,96,9,32,162,171,58,123,168,133,176,235,52,25,254,0,201,160,86,164,219,204,112,38,83,179,76,56,59,128,231,249,175,237,12,190,73,212,89,94,49,209,224,247,18,250,100,55,173,158,46,125,124,67,239,26
143,34,135,100,190,12,113,191,241,128,88,225,125,250,183,71,55,53,194,156,127,200,59,167,54,40,175,90,192,251,137,107,131,57,179,83,46,147,50,132,5,42,32,255,224,4,254,39,76,10,169,234,240,89,149,0,160,17,38,193,2,165,106,87,213
144,219,138,233,123,102,37,93,36,124,198,237,43,210,235,8,122,41,243,229,204,96,67,207,15,105,249,86,79,242,158,157,171,9,176,115,18,155,201,247,239,162,199,56,25,139,31,117,177,244,164,52,163,49,133,38,62,206,84,211,172,87,63,168,217
145,46,50,27,107,160,147,193,253,5,90,53,180,211,200,24,254,121,84,248,72,173,216,104,59,183,49,76,179,45,224,241,1,131,108,13,135,0,156,44,134,137,192,175,195,16,51,170,250,185,12,132,251,17,87,32,228,130,221,48,128,218,214,77,100
146,63,35,6,13,169,77,1,111,238,21,186,103,244,69,110,236,188,230,82,108,74,177,175,252,46,107,32,75,159,150,203,216,181,174,30,154,246,72,206,14,213,59,87,248,28,233,38,145,11,134,173,147,22,83,57,152,241,141,228,179,128,232,60,67
147,160,46,84,49,53,76,5,59,0,50,175,179,128,87,107,254,250,32,38,24,211,241,200,156,12,183,135,137,90,190,195,10,54,83,42,194,48,223,40,132,100,113,131,88,57,89,192,34,23,209,255,145,16,251,108,167,121,224,125,39,55,173,133,191
148,131,166,104,47,214,45,44,20,94,177,248,46,193,224,107,121,51,66,1,216,134,92,213,222,253,109,97,251,129,24,200,211,147,78,5,61,53,90,69,70,160,106,59,145,154,254,175,32,189,114,50,149,49,179,84,241,4,87,135,137,60,30,130,220
149,228,224,141,165,121,131,190,254,20,92,51,12,55,222,94,134,44,59,130,129,17,128,182,113,226,100,68,89,250,189,27,160,34,193,106,46,179,53,248,241,40,32,66,76,156,147,0,70,22,109,221,183,118,50,200,125,175,104,213,194,39,107,4,192
150,126,103,246,72,77,245,169,7,69,95,208,236,111,130,174,30,184,63,146,186,6,244,203,13,68,189,118,159,141,227,66,185,228,1,170,152,11,21,188,134,234,27,193,4,61,129,107,35,182,82,17,253,78,173,16,46,213,75,121,108,51,248,161,74
151,232,216,101,185,72,172,184,154,75,13,208,77,108,245,16,203,82,230,187,119,252,159,177,153,4,145,186,1,227,74,3,244,30,11,200,107,223,234,173,22,135,170,67,7,44,241,121,90,137,211,202,46,57,120,5,39,110,69,53,171,28,210,126,23
152,134,182,141,80,188,193,27,161,130,228,149,222,44,68,146,63,111,214,108,226,46,213,150,19,224,121,4,244,66,129,107,95,174,30,131,169,186,20,77,32,35,248,170,61,51,221,17,175,236,181,69,11,94,75,165,254,189,145,53,59,160,45,104,251
153,16,245,108,208,185,172,4,232,173,30,151,184,101,244,171,154,7,176,72,136,3,168,158,162,22,234,39,11,216,107,210,226,77,46,8,87,179,186,149,59,31,203,236,147,200,174,241,223,211,105,217,181,126,93,150,212,49,160,123,121,145,0,38,69
154,216,30,94,108,172,22,232,77,13,244,14,177,4,107,151,28,74,60,1,11,82,72,226,3,101,245,63,169,230,173,119,46,146,92,175,21,208,35,57,135,186,6,121,149,200,252,238,184,236,75,9,83,241,203,32,213,251,16,59,234,248,155,53,187
155,157,52,199,8,164,9,25,162,86,235,168,31,18,171,133,112,79,229,201,139,62,249,242,123,43,219,96,243,142,163,231,105,176,158,37,56,207,204,67,22,138,60,173,102,233,58,136,122,198,144,14,74,237,247,41,234,3,32,254,239,94,36,212,98
156,183,53,255,132,50,100,34,192,12,90,190,191,5,194,254,88,195,127,128,135,76,167,55,147,250,241,42,160,46,84,54,10,125,0,49,179,59,175,200,32,137,107,113,83,225,38,40,131,89,71,224,223,57,48,211,143,140,87,197,121,23,222,91,234
157,155,25,8,9,235,229,79,52,199,86,249,164,243,168,62,133,139,162,123,105,43,31,204,242,237,102,231,112,96,41,36,171,37,198,219,176,18,144,56,201,14,233,239,142,15,207,163,136,158,26,138,247,60,124,122,22,32,173,210,92,67,117,115,93
158,86,67,18,171,201,207,219,8,133,138,162,124,105,123,210,212,172,43,155,144,49,9,176,31,179,93,239,249,98,84,0,160,48,211,87,76,157,122,223,96,38,52,147,16,247,195,237,73,229,242,58,46,101,235,59,245,56,209,199,10,112,168,163,79
159,75,74,203,230,77,174,99,184,1,72,103,208,35,206,82,13,119,3,11,126,227,63,185,101,218,173,21,68,146,245,169,22,30,106,6,216,151,202,252,232,67,7,205,189,145,150,177,69,186,60,17,114,246,178,138,234,108,28,110,248,181,51,2,172
160,76,0,49,147,46,179,84,254,59,87,50,250,32,128,48,38,53,211,5,24,175,12,241,195,156,200,89,107,83,190,209,194,40,10,183,223,73,131,54,132,113,90,224,135,100,42,34,137,192,145,255,248,57,55,88,125,162,91,67,121,173,158,16,171
161,134,27,141,193,80,47,129,70,29,189,44,51,61,152,130,20,66,228,220,182,165,218,68,188,17,109,224,222,131,149,69,215,166,118,196,214,4,64,106,174,203,240,104,85,145,221,75,150,184,19,45,180,78,121,55,103,72,113,6,227,248,2,12,77
162,155,8,52,18,168,96,199,139,86,157,201,9,31,171,164,136,133,158,173,105,25,176,229,93,112,37,43,116,0,234,242,160,123,138,76,207,32,49,67,179,254,48,79,38,198,249,60,219,235,87,142,84,144,147,210,59,46,195,245,212,56,83,128,247
163,164,219,9,247,62,52,56,155,18,122,212,231,8,139,199,157,58,112,25,171,235,86,229,31,242,79,102,204,168,176,207,123,158,172,201,133,162,105,41,249,243,144,67,198,37,96,22,233,210,138,43,36,98,237,74,239,142,136,97,94,117,15,93,3
164,52,155,25,9,163,157,139,18,199,231,112,162,168,229,8,235,56,62,242,86,219,37,201,122,79,243,31,171,102,136,207,58,247,249,74,133,22,176,198,43,105,96,204,233,138,60,123,212,144,158,142,67,97,36,234,94,3,93,41,14,210,172,15,116
165,17,149,70,228,141,224,129,106,189,51,221,131,113,130,12,182,40,215,68,190,27,2,250,118,66,55,240,59,222,196,89,109,125,20,161,128,213,205,134,121,188,100,254,34,248,47,209,44,241,179,143,193,19,0,61,253,166,160,220,76,92,194,39,104
166,131,104,66,51,224,109,78,70,134,193,121,214,130,141,47,253,45,55,189,100,20,44,248,254,64,94,192,90,129,251,148,220,228,213,183,149,27,106,182,53,107,46,17,145,12,61,34,156,190,222,97,50,165,161,59,33,200,2,147,215,240,113,89,160
167,183,42,88,137,90,53,135,156,5,192,23,255,34,71,57,54,100,132,191,50,107,46,195,10,225,175,194,241,143,84,128,12,147,127,190,38,32,200,83,223,125,49,250,55,254,251,131,160,76,59,211,140,179,193,108,0,113,87,216,234,121,91,145,40
168,8,31,155,162,136,157,139,199,176,9,52,164,242,96,171,133,25,198,229,123,105,26,18,86,62,79,112,117,173,235,239,249,43,142,163,204,158,212,201,243,22,247,219,245,237,102,98,3,36,15,93,234,231,210,217,37,58,144,56,153,14,108,41,138
169,146,30,35,213,77,63,78,175,203,32,246,170,150,72,208,206,244,230,74,107,46,186,94,245,59,13,6,141,173,111,83,21,128,189,75,130,108,241,1,82,154,159,126,57,135,103,69,38,60,17,100,216,181,174,224,234,22,129,53,51,236,184,110,11
170,130,178,186,78,169,224,118,72,121,203,253,66,51,145,17,228,129,213,216,30,45,46,206,248,172,68,185,171,141,75,215,27,252,131,244,94,150,82,189,44,160,245,95,70,69,179,184,146,180,107,134,211,59,149,208,106,151,49,63,188,154,230,39,159
171,8,158,123,242,219,155,98,176,199,31,162,18,204,9,138,122,67,157,168,249,86,144,172,52,212,93,179,43,0,96,164,160,49,201,133,239,163,245,48,235,105,142,173,117,233,73,247,198,76,139,210,3,87,62,38,22,46,16,248,112,207,84,211,59
172,101,232,216,82,158,154,39,67,210,252,177,171,245,151,122,74,185,16,18,179,186,200,108,46,107,72,187,203,147,1,3,22,241,234,244,60,219,87,75,211,59,223,52,49,13,30,176,212,121,9,84,155,201,160,8,135,133,123,86,69,173,153,145,175
173,108,16,245,77,181,162,234,3,22,174,11,32,46,30,145,155,59,160,147,175,107,128,254,53,1,244,7,201,0,60,13,179,72,74,12,171,87,38,14,21,241,159,76,8,168,208,43,203,169,49,126,199,190,5,84,250,35,105,183,50,83,248,218,133
174,77,1,159,184,218,11,173,3,203,126,103,208,7,68,75,99,72,63,30,227,74,114,181,13,150,248,245,106,138,146,22,6,108,141,171,162,230,234,35,169,29,189,206,69,129,155,2,193,21,228,46,60,242,61,17,244,215,93,111,134,224,149,130,177
175,32,59,128,46,38,83,147,107,241,135,53,179,87,57,160,250,200,42,5,0,49,137,84,54,100,12,190,76,34,156,183,254,194,90,23,50,88,251,131,211,223,167,113,195,10,40,108,143,169,125,16,192,91,55,24,173,224,191,213,71,132,248,94,146
176,123,31,8,117,239,171,198,168,96,247,199,105,162,242,155,219,133,157,98,9,158,210,144,139,237,26,204,229,93,18,122,41,86,212,79,172,142,163,52,43,164,235,62,67,102,201,49,136,108,124,173,56,38,36,84,160,25,0,37,32,217,138,87,244
177,1,216,82,63,13,172,75,230,227,232,122,154,186,67,69,252,77,74,146,107,46,6,223,244,211,57,206,200,94,210,241,101,203,138,219,87,233,179,83,38,60,135,5,151,108,121,49,144,18,84,131,159,175,23,93,37,59,111,28,72,137,147,99,32
178,170,215,206,129,61,224,78,17,203,130,106,205,75,159,184,141,68,213,51,169,131,97,72,189,228,45,94,70,230,2,66,186,216,227,220,118,80,109,180,82,221,27,74,248,30,103,214,174,47,177,145,46,69,44,240,208,121,161,1,134,77,185,165,150
179,59,0,241,87,160,76,49,250,83,128,38,46,200,194,147,32,175,84,223,211,53,54,107,12,135,10,209,190,40,5,48,50,195,254,156,57,89,91,34,100,113,224,132,131,42,183,137,24,90,191,39,16,127,158,121,55,17,73,171,145,71,67,162,248
180,145,17,27,240,118,51,224,2,200,89,221,193,205,72,131,100,220,50,81,248,241,45,55,250,90,12,130,179,196,254,59,113,160,46,190,170,194,192,132,214,156,218,228,53,183,121,114,76,252,34,135,107,109,78,48,82,40,147,0,95,209,127,128,251
181,11,173,108,77,35,16,174,21,146,175,236,1,14,74,22,13,63,30,245,128,169,32,110,59,107,6,53,46,155,60,4,147,12,208,126,159,92,251,241,234,111,190,99,149,162,75,213,87,113,7,250,248,135,254,3,160,232,244,179,83,38,183,85,28
182,134,141,66,188,130,152,149,70,27,104,228,64,253,165,129,51,193,224,189,121,45,44,248,161,20,109,131,213,92,166,46,17,30,95,68,226,78,59,32,222,215,4,150,220,107,254,170,111,175,146,160,106,145,169,19,69,174,80,94,214,147,179,221,29
183,156,192,53,90,100,255,50,132,34,88,167,5,12,190,254,135,55,191,147,195,42,128,46,127,137,194,107,125,241,76,250,84,160,175,113,54,200,131,59,32,10,143,49,225,0,179,38,83,40,89,57,224,251,71,211,23,223,145,48,121,222,87,193,140
184,208,203,72,159,75,185,174,77,126,151,245,230,74,227,68,3,30,232,216,150,69,1,129,103,189,82,11,4,61,106,119,22,246,7,13,169,234,154,101,186,206,130,177,99,228,173,6,178,172,153,218,141,170,44,202,35,118,51,39,205,63,17,2,146
185,151,72,203,75,232,101,184,245,216,208,186,172,69,4,159,39,74,227,82,145,77,118,16,252,236,153,44,3,13,170,67,230,202,108,1,234,121,119,150,68,6,244,173,120,103,7,11,154,22,126,177,35,27,228,200,193,149,30,21,174,146,187,107,51
186,216,69,170,146,13,177,185,230,244,121,172,203,63,39,77,169,75,108,67,74,1,46,226,150,130,252,234,82,211,227,228,145,245,122,49,44,206,111,5,171,151,154,101,84,72,6,210,78,87,253,147,232,24,233,118,160,35,184,94,107,159,208,0,38
187,101,120,232,13,110,252,172,67,151,82,28,74,216,1,35,158,108,22,77,16,154,185,236,14,201,177,145,63,18,146,210,230,11,245,99,86,75,200,72,159,6,234,119,107,173,186,122,39,133,60,135,147,219,171,105,241,5,84,244,238,53,46,223,138
188,182,134,146,253,193,248,152,130,66,27,51,63,17,45,121,224,46,70,141,228,104,213,222,131,107,64,165,175,6,145,161,169,59,95,251,44,189,150,221,32,118,149,111,69,196,147,30,129,170,1,214,4,160,200,179,78,53,68,87,35,241,2,236,103
189,70,51,106,141,61,129,165,228,66,213,78,149,130,17,33,224,68,47,184,134,69,161,109,169,182,215,166,131,2,77,253,44,94,174,159,30,150,27,203,121,72,74,193,246,248,64,1,35,4,118,170,111,6,104,126,20,21,245,188,216,146,208,145,103
190,12,113,34,128,250,125,40,156,100,55,183,254,59,53,194,191,241,76,127,89,50,192,88,147,179,160,143,0,225,175,135,200,132,54,90,255,32,131,46,224,5,83,49,209,197,10,48,149,107,38,195,84,87,140,167,240,42,234,71,17,39,137,251,57
191,34,127,194,156,190,225,132,100,71,255,183,12,135,54,241,53,128,55,143,250,88,10,90,167,192,125,40,195,50,113,140,200,83,76,179,42,5,59,254,57,223,197,0,175,91,147,38,89,32,46,160,137,84,234,49,107,131,224,48,87,149,121,211,240
192,183,156,90,53,50,100,255,88,12,132,55,254,34,190,167,125,5,131,113,191,127,147,135,137,46,128,250,195,76,160,224,89,107,42,251,194,143,84,241,175,200,40,59,225,240,32,0,222,49,54,145,10,179,48,121,214,193,24,211,197,83,248,38,149
193,134,27,44,222,130,121,107,145,90,131,161,228,248,109,46,224,66,4,200,53,141,29,214,188,1,114,104,135,5,253,51,149,241,183,166,80,100,72,182,221,156,220,218,17,69,50,129,77,45,152,20,192,55,64,132,167,254,251,34,13,216,211,59,137
194,241,191,250,54,179,10,128,34,127,156,12,76,190,200,135,0,223,132,83,53,71,59,40,195,49,38,50,100,160,183,225,5,91,255,46,87,84,147,140,57,113,175,90,48,32,254,42,89,211,107,55,143,137,88,167,192,125,209,224,131,234,197,39,121
195,84,132,5,223,156,49,211,50,255,53,38,10,76,46,194,160,183,0,42,90,147,179,83,254,48,32,107,241,54,135,200,57,91,191,87,100,34,128,192,137,167,12,59,250,127,175,190,89,23,71,24,55,88,121,224,140,131,67,31,145,248,133,158,162
196,165,51,17,78,113,27,45,180,131,12,240,224,59,188,64,220,104,250,2,125,40,161,19,215,141,190,89,81,254,166,128,221,251,145,213,55,214,70,134,175,189,160,100,47,209,182,66,32,248,46,20,106,143,34,129,0,179,76,241,147,169,109,253,149
197,140,40,225,127,125,12,190,250,76,113,255,10,88,194,156,191,50,128,0,54,48,34,132,183,89,254,160,192,53,49,209,147,39,179,5,84,241,195,59,100,87,91,55,42,71,90,167,58,234,143,135,32,46,38,200,137,175,224,24,131,223,149,211,83
198,123,8,176,144,96,15,102,243,105,242,43,237,36,157,229,79,235,115,31,117,210,93,168,9,204,139,239,219,136,155,37,199,41,162,138,171,25,249,18,86,164,26,233,247,217,201,122,52,124,158,133,67,163,244,3,173,207,56,62,108,231,142,112,14
199,155,8,31,157,162,25,52,164,142,168,171,139,242,123,176,62,9,204,96,79,219,231,229,247,235,163,18,133,198,243,98,86,122,237,112,105,32,144,36,173,249,102,56,201,37,41,239,94,158,233,26,254,160,248,117,38,83,0,136,67,43,58,60,138
200,241,59,179,107,135,46,194,53,250,147,83,128,223,175,160,90,76,5,211,50,12,87,0,100,49,38,156,190,57,84,34,137,54,132,183,32,131,254,10,195,113,89,224,191,40,121,251,48,55,143,127,209,145,24,71,192,193,17,42,16,240,1,255,167
201,86,67,18,207,43,9,158,155,162,138,116,235,8,56,52,96,133,219,79,58,157,93,124,105,22,112,164,37,212,171,139,144,249,173,210,3,74,31,60,14,229,234,25,199,172,123,0,160,76,176,233,179,142,163,168,237,98,49,254,198,32,77,147,48
202,119,75,3,230,203,208,28,74,159,22,185,35,77,21,232,101,184,216,154,151,13,72,1,238,68,146,6,226,108,174,236,99,11,186,252,103,63,120,82,218,173,244,245,177,206,67,172,110,187,4,145,44,227,169,149,69,134,43,181,201,7,14,193,141
203,75,208,159,72,184,3,230,185,74,227,206,68,119,174,77,1,82,169,69,129,245,216,170,186,103,172,202,6,173,146,151,22,244,177,252,67,101,63,234,30,35,145,39,7,51,126,150,178,232,13,21,130,118,248,189,218,4,27,224,141,171,154,134,205
204,123,242,36,102,219,157,249,8,171,144,199,233,235,79,237,243,155,198,62,239,9,176,117,31,229,231,122,96,43,105,25,41,163,138,86,168,139,164,98,26,247,15,115,158,142,52,124,112,37,162,133,18,207,67,210,56,201,93,136,217,14,63,22,206
205,106,2,17,221,224,240,97,215,75,250,180,89,165,178,131,12,248,159,200,51,113,194,100,228,241,1,118,55,179,72,40,74,203,190,68,59,34,206,129,114,184,110,128,170,213,145,171,130,156,143,209,82,0,189,76,50,160,149,254,3,191,222,127,83
206,230,203,75,159,82,74,178,169,1,177,233,63,3,138,72,77,67,103,146,119,170,252,186,94,174,219,78,35,184,122,246,171,97,22,6,60,215,244,199,238,144,155,205,9,201,227,208,235,93,216,17,18,172,69,13,51,248,224,30,68,164,52,234,8
207,86,18,201,138,158,9,67,56,43,219,112,235,144,79,249,37,52,124,155,229,157,162,93,8,116,164,133,25,233,105,243,237,96,163,41,171,62,210,139,122,58,102,60,15,247,48,212,123,0,49,179,76,160,199,84,31,73,38,177,234,195,36,87,172
208,184,203,72,245,75,159,126,185,77,3,174,30,230,74,150,119,169,68,11,151,173,153,22,7,232,4,21,244,202,108,16,154,227,216,246,1,82,101,69,186,35,103,172,234,13,181,236,129,146,189,206,170,6,63,99,171,39,28,177,141,60,94,106,111
209,89,250,76,40,0,48,179,59,160,73,128,113,12,87,49,147,190,254,241,200,194,50,46,39,224,32,84,24,58,38,175,17,83,211,10,53,125,156,98,158,131,240,171,197,54,149,118,212,34,127,55,223,100,195,132,5,107,162,67,140,165,135,183,191
210,105,144,93,37,158,15,67,43,122,18,123,101,198,172,138,176,229,86,219,239,242,217,201,8,9,243,124,162,171,102,136,41,244,177,233,237,155,133,247,108,157,207,235,96,211,31,186,84,52,56,117,49,36,24,164,173,232,1,168,154,249,163,13,46
211,84,49,223,46,5,160,195,147,24,87,38,179,0,76,107,50,10,200,53,48,83,241,137,59,90,32,57,194,132,23,135,175,42,254,156,54,250,128,145,183,121,67,158,255,91,131,12,73,89,108,177,244,172,248,253,16,224,167,209,190,100,192,1,171
212,58,158,98,163,18,171,201,9,31,133,86,8,219,176,162,155,172,247,52,67,62,168,164,56,209,112,139,207,22,199,179,123,96,48,142,89,157,105,0,76,160,79,117,59,250,239,3,16,43,122,235,245,194,73,249,49,241,128,39,200,40,138,190,254
213,131,251,224,30,169,106,189,46,78,94,17,59,175,107,51,254,141,66,100,32,147,53,160,12,214,61,253,228,121,170,248,128,149,35,92,250,200,130,19,146,55,192,108,63,113,50,188,165,90,179,190,183,241,11,216,129,166,24,182,13,135,221,77,222
214,131,224,80,193,45,44,46,221,104,107,100,222,251,166,53,90,134,213,192,200,145,121,27,183,20,175,141,254,55,59,32,135,50,160,5,241,228,156,147,17,34,149,12,83,94,137,216,130,179,152,128,190,19,51,248,250,180,38,211,76,89,66,49,0
215,220,141,129,106,224,2,17,178,68,130,51,64,70,165,248,109,189,240,228,205,78,131,221,55,170,61,169,174,66,27,206,203,47,161,94,100,213,72,134,97,182,149,196,118,45,166,254,12,65,180,184,193,159,103,30,34,222,59,32,218,89,75,190,95
216,151,232,186,177,13,44,154,172,185,121,75,69,1,101,230,108,77,145,82,74,203,107,46,135,4,184,5,137,200,39,72,90,94,53,252,241,227,146,234,131,170,226,57,54,211,193,23,159,119,147,223,244,63,169,228,149,50,179,167,67,59,175,224,183
217,239,105,210,15,136,117,123,237,158,242,198,8,229,133,43,26,176,86,168,243,31,157,144,249,171,162,96,124,36,244,115,93,41,7,138,204,108,155,18,153,102,172,245,9,37,84,219,79,173,211,16,235,101,247,67,38,195,52,49,207,199,223,201,122
218,114,174,27,77,29,1,103,159,3,193,145,72,173,221,80,116,134,75,7,141,109,228,161,17,203,149,138,126,248,240,254,68,184,2,67,220,55,11,224,6,180,201,13,245,22,99,48,51,106,35,85,222,200,46,64,74,89,185,227,236,241,59,234,160
219,144,122,171,123,138,9,163,8,204,158,102,18,86,67,247,235,233,207,155,242,249,79,176,56,157,199,201,62,96,43,164,105,93,139,198,229,237,210,124,37,31,36,98,41,162,52,243,212,172,239,112,25,117,177,133,15,206,168,142,231,58,179,49,38
220,215,224,240,248,64,131,55,130,254,51,27,141,129,193,17,2,109,134,100,47,114,161,46,12,166,222,180,89,156,160,66,221,32,34,190,59,53,192,179,50,183,83,241,0,218,48,76,107,200,106,70,45,194,90,195,68,78,228,196,165,250,113,132,182
221,17,224,106,222,205,2,228,240,114,131,248,89,165,55,214,100,254,12,149,193,145,27,200,250,180,179,218,160,50,130,59,46,141,156,241,76,190,113,194,45,0,48,68,65,34,53,51,215,1,192,132,213,220,183,128,80,83,40,121,118,174,32,49,90
222,224,131,193,228,114,221,248,121,149,17,53,156,90,50,192,254,130,100,55,183,44,240,46,141,132,1,214,68,106,134,200,12,5,107,195,85,51,190,34,165,160,152,241,255,194,147,188,135,76,63,220,89,27,129,179,59,49,84,250,48,227,128,0,213
223,211,10,195,84,38,49,179,57,194,241,83,5,200,46,87,54,135,91,107,0,76,147,53,160,132,42,137,59,50,156,32,71,128,175,90,250,23,48,191,183,255,34,158,167,127,24,121,254,12,177,67,190,100,16,140,172,234,1,227,145,40,244,216,193
224,131,17,228,51,248,130,254,149,55,100,222,89,106,121,12,240,141,221,165,190,129,59,160,46,50,156,179,250,66,200,53,2,34,213,76,220,241,215,113,192,0,118,183,128,70,94,193,48,32,194,147,205,166,90,40,107,132,109,214,27,83,68,49,175
225,140,191,127,54,34,88,125,71,194,190,197,40,12,128,156,250,143,10,183,255,113,135,167,241,53,42,100,76,91,192,132,0,50,5,179,59,175,137,147,90,55,57,83,32,49,38,39,195,160,87,254,84,234,200,46,223,89,131,23,107,48,224,16,209
226,149,44,121,154,186,228,216,134,92,69,111,141,6,146,130,152,232,182,77,22,13,177,4,94,108,236,193,244,172,3,129,153,66,185,20,63,1,68,27,109,202,245,46,184,224,107,222,39,238,95,203,169,35,241,32,59,208,38,179,170,118,51,175,75
227,75,203,1,69,177,159,174,184,72,103,185,82,99,77,216,223,63,232,13,230,193,211,186,67,208,241,101,200,46,10,7,5,151,39,194,252,114,6,222,129,68,150,49,87,54,74,172,179,107,118,248,130,135,146,234,57,137,53,84,0,23,121,206,50
228,130,149,141,224,17,121,165,118,27,222,109,66,70,221,68,106,44,189,129,193,51,134,131,95,182,253,248,254,55,61,170,145,12,89,213,69,100,77,2,226,103,190,104,46,59,1,179,215,152,161,160,186,241,200,188,156,34,50,216,250,114,214,194,0
229,157,37,25,243,105,41,36,9,155,102,15,52,139,8,86,235,79,56,162,164,237,144,96,198,136,242,18,123,168,199,247,133,62,207,43,210,249,219,176,26,163,239,204,231,31,14,112,233,122,201,138,158,93,60,171,124,217,117,67,94,115,234,116,172
230,74,159,75,203,206,119,82,1,77,216,177,208,184,13,146,186,35,63,238,28,169,202,252,101,99,3,72,154,232,227,151,103,174,22,172,69,21,185,6,233,122,246,30,110,67,244,108,11,170,68,60,234,94,173,178,245,14,138,111,187,189,150,61,39
231,25,164,62,157,155,52,199,163,79,235,243,9,112,229,204,139,102,56,8,36,233,219,41,249,242,142,168,122,247,37,31,18,86,207,237,144,162,123,171,198,133,58,94,14,201,96,43,74,60,176,22,15,105,206,138,97,92,136,26,67,158,239,32,224
232,101,151,216,13,172,185,4,154,187,108,1,77,177,28,11,82,75,74,184,16,72,252,245,227,208,236,230,200,153,39,22,107,69,6,203,159,135,63,99,186,44,241,146,67,121,110,234,30,244,202,3,145,35,7,223,46,226,137,173,210,57,5,90,53
233,144,102,122,138,235,219,37,204,243,36,157,67,155,43,123,249,242,9,63,171,124,207,229,86,25,206,210,8,15,74,41,177,79,199,164,201,198,146,237,93,115,18,158,230,56,105,231,186,52,1,238,14,163,176,96,62,35,162,13,82,99,159,172,247
234,245,60,173,77,54,52,128,241,39,18,162,194,190,1,69,12,22,53,59,13,16,7,10,179,34,147,156,250,3,135,76,191,5,33,183,74,0,116,172,107,155,46,254,32,160,200,6,223,201,38,90,87,50,72,40,195,83,175,216,49,84,113,132,57
235,9,79,157,43,102,86,249,155,8,25,233,229,243,201,219,144,139,164,96,15,207,37,138,123,204,56,198,105,52,112,14,62,41,237,199,36,231,124,18,163,115,162,171,242,67,168,22,133,158,93,31,176,142,210,122,239,74,3,136,60,94,247,117,206
236,6,77,245,21,95,72,7,13,146,4,111,244,150,63,11,35,103,16,252,1,107,185,60,181,126,82,232,69,108,234,22,169,246,173,74,154,135,14,28,3,193,118,175,53,241,200,208,46,120,149,90,203,172,59,30,251,39,145,147,226,57,121,110,75
237,41,79,239,123,8,105,144,124,243,157,198,229,96,36,204,133,26,117,31,43,86,235,219,155,249,176,102,15,199,9,247,158,62,37,207,210,217,115,138,25,242,233,162,201,171,18,56,139,67,168,38,52,142,244,84,195,32,93,14,122,49,163,164,231
238,146,28,63,230,35,6,111,74,21,14,13,252,154,82,233,77,1,169,177,246,206,22,186,119,235,202,110,236,159,244,103,120,60,216,226,203,75,94,3,172,69,187,102,99,43,243,232,30,72,157,9,92,108,249,138,67,155,11,51,248,219,122,101,208
239,123,117,237,176,105,133,8,31,26,217,41,124,96,157,158,198,204,210,171,247,144,86,79,229,168,155,43,219,242,199,98,9,235,162,108,36,62,249,243,244,84,102,15,172,38,67,115,201,49,18,32,139,122,16,142,56,136,14,173,138,46,147,52,160
240,224,2,17,248,89,113,55,51,12,131,254,220,221,106,190,100,205,50,250,180,114,200,192,59,156,222,160,53,183,40,48,76,241,90,34,179,46,132,128,194,215,165,147,251,209,118,0,125,107,145,149,193,47,97,1,143,127,81,135,72,191,129,68,175
241,200,179,59,194,128,135,83,250,175,54,46,53,38,34,107,87,190,57,0,12,147,223,76,32,160,156,49,100,10,5,191,40,84,71,183,137,113,90,50,143,195,211,42,132,254,127,91,131,55,89,224,225,167,209,88,48,39,16,234,255,192,125,121,23
242,171,204,123,8,199,155,102,157,198,36,168,122,243,219,176,136,229,144,164,249,105,9,162,31,25,15,138,52,233,210,235,163,139,18,37,43,96,158,93,86,239,117,247,237,79,217,174,62,112,30,172,231,115,41,133,173,3,67,26,248,98,201,101,74
243,229,36,157,15,102,37,25,235,237,198,79,144,242,155,41,233,204,43,105,249,8,9,164,231,52,86,138,199,123,219,210,18,136,207,122,139,162,96,168,31,112,239,62,163,56,14,133,115,201,93,171,247,176,124,60,217,158,67,26,1,63,177,77,13
244,108,107,63,30,46,146,154,77,72,57,186,38,173,236,245,13,7,32,124,169,23,175,82,172,177,211,16,83,67,5,210,84,115,87,1,203,123,21,43,93,147,3,150,145,223,208,252,60,42,6,216,105,8,49,138,14,144,158,53,135,4,179,137,69
245,72,16,234,7,173,77,208,126,236,3,185,22,153,30,172,150,184,203,11,60,4,108,244,74,171,95,39,169,101,174,162,13,151,33,21,107,232,154,159,6,158,59,1,69,241,155,46,200,8,181,145,149,118,82,186,179,75,119,53,147,128,18,103,52
246,150,126,169,21,72,6,77,111,103,82,146,30,184,69,63,78,236,208,189,245,206,60,159,230,74,203,238,13,244,35,51,1,252,186,154,94,141,174,7,61,170,234,130,119,14,22,3,4,11,185,213,66,75,216,33,28,177,118,129,107,68,95,134,109
247,163,176,56,219,41,122,31,8,123,62,229,199,18,133,52,239,144,9,155,158,164,157,171,237,105,139,210,162,212,79,242,96,117,25,204,172,86,198,168,37,58,207,36,67,102,243,235,231,26,201,49,98,142,84,124,233,93,195,211,38,160,179,0,138
248,224,131,51,240,46,114,1,222,254,17,2,107,64,253,193,220,130,160,106,145,32,53,221,100,188,63,121,147,50,179,59,200,156,175,49,228,149,55,83,90,84,5,174,195,38,183,241,30,0,211,72,134,68,215,76,12,60,66,109,213,141,173,192,45
249,86,235,43,157,112,79,9,8,138,204,155,102,219,207,171,144,242,123,243,15,158,229,96,233,36,105,237,25,162,201,115,124,52,62,139,18,164,168,199,198,133,37,93,67,31,136,239,22,163,231,14,41,176,142,117,3,98,122,56,210,217,7,60,174
250,128,40,12,59,76,190,179,113,0,241,194,160,147,200,53,209,156,34,87,89,50,49,54,175,254,46,125,135,10,100,32,127,83,48,183,38,84,191,5,225,88,39,140,131,143,132,55,107,224,197,90,192,223,137,195,211,255,17,42,24,57,91,240,16
251,107,90,53,175,4,213,100,46,135,200,131,137,192,183,59,147,143,113,12,241,50,55,5,128,254,190,88,156,214,34,145,167,51,250,160,224,94,32,193,24,30,11,240,108,179,121,23,166,248,104,57,60,78,83,125,169,154,89,16,76,84,188,42,149
252,82,120,72,172,13,63,1,6,187,177,101,146,232,67,216,103,230,236,185,74,75,203,77,186,151,244,159,110,206,238,118,69,145,154,227,28,35,170,107,60,200,121,245,169,7,119,180,135,99,248,46,158,3,246,21,39,122,241,223,211,51,57,137,90
253,66,130,121,145,248,45,46,188,104,224,78,193,170,228,131,107,182,147,5,109,160,53,64,32,49,211,84,134,166,213,70,27,175,38,179,51,50,59,189,254,17,0,90,87,44,24,135,137,129,69,156,76,200,241,33,183,128,169,83,2,186,195,42,149
254,160,50,12,76,89,156,147,190,53,183,55,0,46,48,192,59,100,250,128,49,224,32,131,132,90,179,84,113,5,195,34,255,40,107,175,125,241,200,194,38,24,211,209,83,88,149,248,87,240,135,191,145,17,73,127,10,42,54,173,162,121,222,251,133
255,132,156,183,50,192,127,90,195,53,191,5,88,167,34,194,100,10,12,190,254,76,84,42,55,135,225,147,54,140,160,250,49,137,197,125,128,48,0,46,241,71,89,223,40,211,200,113,179,107,38,131,59,32,224,83,175,57,121,143,222,23,145,91,234
