0,1.147334227133799
1,0.9664907979865086
2,1.0812775482233028
3,1.036425847490475
4,1.40176059485881
5,1.0756045755066674
6,1.1277563160307285
7,1.070178238716005
8,1.0008432455369531
9,0.9942301641058463
10,1.2321608956830052
11,1.0315385894745217
12,1.132364645762837
13,0.9794989909856123
14,1.088035214579249
15,1.2371528650158097
16,1.0965266197696744
17,1.2465499046332666
18,1.1127049399908848
19,1.0718439361317966
20,1.192563087725111
21,1.3205775810296576
22,1.104233010431148
23,1.2624091173792844
24,1.1294659165528271
25,1.0202306639924863
26,1.0842133281705326
27,1.7175667325566346
28,1.0285979523067121
29,1.3750808227299367
30,0.9522625989175397
31,1.0037425323745282
32,0.9706373908034253
33,0.9878021290605792
34,1.2189301564208526
35,1.2580731048004883
36,0.9984967363799384
37,1.090065539466429
38,0.9610996387787801
39,1.5272025511794323
40,1.255550953117547
41,1.3321859181976161
42,1.0023414561152413
43,1.3272307340662857
44,0.9555516320494815
45,0.9751638035263764
46,1.2002446475002806
47,1.0063486251153346
48,0.9640656217889169
49,1.0230446413865546
50,0.9841957039787135
51,0.9788511535589093
52,1.4508954031830106
53,0.9655740729132822
54,1.0104347448065252
55,1.2131363652280645
56,1.021261851461471
57,1.0927241823616947
58,1.0109741125711427
59,1.2724185334083478
60,1.401676969393495
61,1.0652269014683595
62,1.003711876523275
63,1.0113908007239019
64,1.160742142308873
65,0.9756053602401159
66,1.0298733799269177
67,1.4345920351743313
68,1.0588766148668118
69,1.0092146997543106
70,1.034201882007622
71,1.2081640844147565
72,1.1715990965200584
73,1.3078179657352988
74,0.990858357736504
75,1.5995077019026986
76,0.9493708567059573
77,1.0313692565819923
78,0.9581360736243532
79,1.0114041010914305
80,1.3615746635326853
81,0.9662955913754997
82,1.7391147984888913
83,1.1019806654686852
84,0.989932644247812
85,1.146505306835167
86,0.9714404561079906
87,1.2761284214648092
88,0.9613277473269133
89,1.0678488512371092
90,1.1924499992269588
91,0.9603140944710096
92,1.0711955897203798
93,1.1744224145880202
94,2.003203976577387
95,1.039726463484182
96,1.1967898251225095
97,1.059242978915588
98,0.9848780837291209
99,1.360081603022913
100,1.0355374768458099
101,1.0665189374568722
102,1.1238265602381525
103,1.010769278035123
104,1.0282491400510843
105,1.0074086334653045
106,1.0363010353374436
107,1.218278685936704
108,0.9965633364392967
109,0.9615789037496316
110,1.238183267438125
111,0.9744314452485998
112,0.9862374930478812
113,1.2309169691833237
114,1.0454972561712577
115,1.0089194673123765
116,0.9770336605908763
117,0.9876868560181937
118,1.597085508703468
119,0.9669357900711593
120,1.1132184605401902
121,1.0572901703463677
122,1.1641354171664746
123,1.161386201204491
124,1.555720058548659
125,1.1140301762567129
126,1.4742303540974968
127,1.1004445833995653
128,1.3894680229424505
129,1.059560490725411
130,0.9892782155908922
131,0.9941562874664105
132,1.390780733206996
133,1.0019753774307338
134,1.1671666090676376
135,1.0658980874065829
136,1.0044745076534374
137,1.0973387876676064
138,1.1847090573890569
139,1.0026566330182383
140,1.1408491232819178
141,0.9648289020649261
142,1.102482230691655
143,1.041150680096015
144,1.0347615591447061
145,1.617968777296915
146,1.1499043481029754
147,1.3047861966524485
148,1.120237800632827
149,1.2705041128140167
150,1.0042181696279417
151,1.0562910360314666
152,1.0779822371939316
153,1.3922351632081278
154,1.8173422678950613
155,1.5078314277737703
156,1.3091691750052876
157,1.3352721418588422
158,1.1234550563902572
159,1.0562905029689373
160,0.995468343351908
161,1.4286007454012704
162,0.9804118244914191
163,1.233802672662816
164,0.9978051571780469
165,1.1168717614772465
166,1.3049182833292725
167,1.059159265393995
168,0.9821384870413903
169,1.1378114670630173
170,1.2229375711553447
171,1.011196313580788
172,1.0352626324252079
173,1.1869643469661317
174,1.0691853460385383
175,1.7498325015374285
176,0.9602190410417184
177,1.1319490207652465
178,1.0199858202698109
179,1.015417970260895
180,1.306570155525618
181,0.9665488572329791
182,1.1704138526550627
183,0.969497609030624
184,1.195230867442847
185,1.0034212809354055
186,1.0056011104165892
187,1.2093581315186035
188,1.0087341255964595
189,1.1971854500357297
190,1.350637939072297
191,1.0025471699174235
192,1.1517708995609288
193,1.4293072619872016
194,1.0358099099357676
195,0.9762388564108031
196,1.2927051959530105
197,1.0040671300786437
198,0.9957304514387478
199,1.1434356661075356
200,1.210423601382585
201,0.9844766824882991
202,1.0952908006229145
203,1.1153091763287049
204,1.0583053055475815
205,1.3169250129869638
206,1.3691786021752064
207,1.218388557884865
208,0.9705746111922329
209,0.9519648405084729
210,1.2551490160121146
211,1.3300875803104435
212,1.1465131820800103
213,1.0612843924579347
214,0.991890830964314
215,1.2144679694523501
216,1.5094153041117357
217,1.4543481200935435
218,1.0077242549025156
219,1.2362137814967344
220,2.4262111993094626
221,0.9882123101540272
222,1.019596966762475
223,0.9842626727343644
224,1.8242445128512332
225,1.0122457837220635
226,1.1204978440687177
227,1.1621101838863725
228,1.0745607249694653
229,1.1523922321608728
230,1.3045270510742701
231,1.1349511783097888
232,1.2181368954786431
233,1.0060950149512826
234,1.0122273961781356
235,0.9920634564305126
236,1.0037479758074794
237,1.0213895131147508
238,1.0209950858285484
239,1.7733026807680643
240,1.462217150647198
241,1.4280609647482585
242,1.0496701249164677
243,1.2230313347422141
244,1.0422843518986626
245,1.0364083681787957
246,0.9803361865223452
247,1.0542319198638768
248,1.4939401927413036
249,1.1932071595700844
250,1.0774310419036852
251,1.4664296444702658
252,0.9712232960374062
253,1.1883870851654699
254,1.379645278400439
255,0.9961121927621778
