0,1.4918845969005856,5.298037613634106,6.7390455271577006,7.445565315274864,7.538798119960525,7.580410507783802,7.877466570105261,7.926049846981296,8.186784891809909,8.389167156978488,8.513607515491561,8.602607551594891,8.638227817232622,8.650217287295847,9.125562497255203,9.135766413910984
1,0.6334421986189214,2.8647306018403484,3.6243890325654835,3.666453906156331,3.844770369533024,4.14040190718425,4.2003354321376785,4.22360364529137,4.473443966546197,4.728567094387245,4.80275467990297,4.806983457128896,4.990228737377215,5.171559809633416,5.2754895697283954,5.275522914275146
2,4.374627500170712,5.233833586028123,5.951384626157707,5.956412737262093,6.649229238196682,7.082743155471273,7.095985759912656,7.150720493691692,7.2210389051507065,7.5184764153902055,7.625264878962011,7.7404828093218985,7.81410377963977,7.824519880153954,7.998779604584181,8.099876630248733
3,1.4838460037101124,1.9857322823274761,3.88143173950526,3.9762340270071554,4.051873028104807,4.14264705304945,4.980099870881677,5.15315079099666,5.173757301571942,5.52178250769105,5.926788901811624,6.053423564774896,6.1968007445959685,6.4526110988817535,6.4690101865635805,6.556897794517107
4,5.637627371804326,8.254376316285548,8.296169695575815,9.4568775475708,9.701225687545692,10.094198780967327,10.212098111751681,10.418593183374194,10.439139216262149,10.614684019968411,11.788844251985378,12.07461534223174,12.12246988778121,12.285743968259148,12.434577466221699,12.555429432019267
5,2.451301269523784,2.5997134113670524,3.5756526186247384,4.961655162370945,5.152055441208452,5.397823213564845,5.5801743254527665,6.025134478199932,6.663241683293003,6.986442082396705,7.007036721595837,7.2210389051507065,7.289313252443148,7.429228954831438,7.4673301982605516,7.585684760940324
6,8.192695377244432,8.934030796667834,9.316572083534785,9.813610028202765,9.851470507406356,10.040157249707935,10.618397600127523,10.71765889527001,11.303002676380354,11.544124077106666,12.340740976419692,12.59328155271792,13.101033259573589,13.259347715252511,13.34762441708287,13.491361443015451
7,5.710391341951733,5.714577911502721,5.746330558507035,5.992771130469757,6.399595969667593,6.680008602510022,6.745898215879259,6.780012542046034,6.7948281932876275,6.829014321984688,6.914591657745429,7.435350820952157,7.830619271676544,8.00523828368813,8.007023323433648,8.010898225399691
8,2.356703732796206,3.6547316049164005,3.8072458849923585,4.356960435999923,4.429962673010878,5.088740176736466,5.214713993043182,5.430708049671219,5.483604864131102,5.888279080281515,5.988220616226015,6.0125471303863,6.495757139081586,6.4975931630015,6.519133731133535,6.553628269978568
9,1.83599312703774,2.0110201962453123,2.7155347352849017,2.949537718187663,3.277352605485372,3.401291700042339,4.01821771659232,4.072102248002202,4.36513729666165,4.36806380539355,4.897731466664762,5.095330352803683,5.360926131427213,5.420179866886887,5.451521903232478,5.479731340751516
10,4.241188757769579,6.068236135974363,6.103134780037115,7.601006109975637,7.952177009836765,8.13394346767777,8.35442555046185,8.440316949193582,8.898483213022587,8.939432649267312,8.991050898463417,9.044521365536108,9.182030988361348,9.433025114746167,9.470738126433512,10.011129961511626
11,2.554522172393479,3.318132351310923,3.8572782615888337,4.461620043615454,4.521538290735556,4.962140015325427,5.0111642729063846,5.239137132883156,5.397823213564845,5.584230810153217,5.956412737262093,6.221427192255267,6.353340409146565,6.474774977780825,6.480864873855041,7.043962068972908
12,4.374627500170712,5.675107746294181,5.841456077428189,6.2577116528324455,6.457759435071503,6.889649967880666,7.4673301982605516,7.4773470840230996,7.623965186717661,7.633122317430958,7.713517427377051,7.886631962486971,7.958251433064907,8.055483287514381,8.125917497148478,8.140329554643545
13,2.6614692421806962,4.018235546201655,4.178686347415216,4.343067266437518,4.429962673010878,4.497997079716252,4.532851618030954,4.573414635511419,4.967952891150031,5.742092995724505,5.874791300544257,5.97050567474635,6.553641822549655,6.680899586595472,6.685382069426011,6.755689582260854
14,3.376154903638725,3.8572782615888337,4.5558134938516535,5.394048534385639,5.839405145793755,5.969845001833381,6.595959214829651,6.635071851752005,6.636504004008047,6.661649935773925,6.750978240291958,6.863069884204542,7.183451840642374,7.3274135438461325,7.68010998432872,7.695203339191298
15,8.348615940049143,9.112634635894038,10.063131859030147,11.178249832695313,11.25151376195689,11.610808456555063,11.792672840843528,12.641662634788368,12.650153874352577,12.831902462611069,13.174691272395982,13.205298193258873,13.288807834651694,13.3399913424628,13.36977680311579,13.469351455217506
16,5.571941158967134,5.759792339367024,7.076869554374366,7.209326210205993,7.434338739007211,7.472898749704648,7.494017767588974,7.898729142086138,8.53903500589909,8.79994468458068,9.226419032259928,9.2275011320419,9.31267426327978,9.509342636073612,9.587213276379781,9.870824106554029
17,4.285523658594165,4.744805474755184,5.344737495049062,6.269045285557384,6.2776019984123055,6.3763382754316345,6.838454213198423,7.647654709208255,8.387279167821436,8.707921288186688,9.046704569584529,9.114493452070871,9.325996890834292,9.498027614335442,9.632791387732414,9.762795480132443
18,3.1053838809087,4.877138364723474,5.564647555895828,6.121759493191289,6.35660025927996,6.942163884648788,7.064598838803654,7.578686230835323,7.6523097642535225,7.712264391273809,7.833203663093388,7.965309540754904,8.026422533542313,8.054363448513984,8.235700799835424,8.348785460552358
19,2.1744464500976366,4.18886973824302,5.029186817348795,5.248418163580958,5.462086834740082,5.702938033806571,5.70575000313871,6.474774977780825,6.804077937001854,7.443641776352323,7.672586038905085,7.770338754075635,7.841901142530279,7.920471854293593,8.116232902389312,8.244468386861213
20,1.6902851750468737,5.955016455392411,6.3840554512219665,6.4526110988817535,6.5422682080597285,6.550330587609632,6.577123536036015,7.317015983901491,7.6073573140651884,7.712305739966531,8.8596322785329,9.023276872423324,9.144171200226362,9.520401646700709,9.827751003063716,9.850208838872772
21,3.6796351546042407,4.241188757769575,5.357167492693271,8.877146032927431,9.271274559707745,9.8242939497605,9.867414518573186,10.33352060452466,10.583785286618962,10.63774066042734,10.754053510548971,11.331439803825258,11.554276017025595,11.556943088503445,12.04481870321175,12.200837978746982
22,4.142958666339338,4.292015885079751,5.980181972471237,6.027871141064464,6.5778469246824525,6.579958542105785,6.763342624722981,7.146763495988432,7.230967001569288,7.2878995103324185,7.302641989247988,7.426214928189354,7.509304533133166,7.729100846936194,8.262412222139925,8.362474641160052
23,2.9061255211429113,3.7020915827474266,5.420072042124087,7.090379639074999,8.318005669483139,8.529361575615816,9.449504863240218,9.840202031576197,9.860266027289189,9.956937515553186,10.186842428584312,10.291425726098762,10.37209202704448,11.158146328731263,11.266120747925711,11.375305790634096
24,7.404027797178025,7.7995038866768684,8.633846413136228,8.751709916741547,8.757314881037075,8.997831611297586,9.079817689748243,9.286841008293512,9.387345367702128,9.606063635158051,9.738240048724808,10.277949370205738,10.32463378581532,11.050338127514712,11.29916707750311,11.545347426832096
25,2.783420609152023,3.7391932666727445,3.921117739155522,4.173741539489853,4.2540323032808,4.81519748163543,4.973199717639778,5.081877527414004,5.591045563797051,5.70575000313871,6.035349556948568,6.105199756519763,6.156848897946995,6.234754360996384,6.308069161259836,6.41034851111078
26,1.7239431453910394,2.9956897325637737,5.117750366083915,5.394123411816861,5.866870907680842,6.455255920521935,7.0190582557706245,7.420522019974684,7.443414478358236,7.948078370181537,8.120774769962743,8.215805902043558,8.874337817913764,9.286841008293512,9.471372438519865,9.483066144292481
27,11.587421038258244,12.402581651286898,13.321094499820715,14.20868067111863,15.080291840908941,15.089134891744822,15.814922780735538,15.95487178683844,16.12945855488562,16.34584968472549,16.49940556318738,17.295124073082256,17.84688373555584,18.410187321845413,18.45449091031832,18.632178334508414
28,3.6260824442789157,4.931863417963653,4.961655162370945,5.257896611940154,5.602389005559058,5.635019699914816,5.6555361353434375,5.750130660357602,5.99397957071143,6.264092077459294,6.4614287795494425,6.507975035858783,6.591357714135821,6.743396022923992,6.854647860992726,7.010217196489539
29,3.513756148400346,4.807127731303144,6.970231974930458,7.302641989247988,7.899654861484982,8.125265259430316,8.443722899977336,9.055700290683104,9.098315819079161,9.14292860925961,9.404199029939358,10.060953619712498,10.067704729823129,10.25451772853292,10.321167595171064,10.37569055320894
30,3.485956113536221,3.5952053316864476,3.6562613807148368,4.298477760284354,4.385658555491085,4.5070475016000175,4.6364299069418005,4.735243429818963,4.77548493215166,4.849347721192854,4.881292951398315,5.296445787765072,5.368198161983866,5.419154564862645,5.427523072351609,5.470370618673467
31,2.202792197472209,2.733678204437861,2.783420609152023,3.9775742499063518,4.40286527954229,4.473443966546197,4.475045447786709,5.4420478684472595,5.811875392052477,5.985024619443556,6.133690971359379,6.171530849075225,6.173615243732143,6.286257558706145,6.302314683982407,6.342324470369146
32,0.6334421986189214,2.6499847115353963,3.822898967134476,3.9312989166203187,3.982238160616318,4.293206905974357,4.314944168625871,4.393937361442419,4.47504544778671,4.59287445609466,4.636511426683256,4.678277374352404,4.697397932392833,4.852470464591938,4.974954373829772,5.363658851282882
33,3.509137716507725,3.8266052731468028,4.701853546279173,5.0297534270104,5.275522914275146,5.281418488771293,5.5414808082443585,5.613802518905403,5.635585416382027,5.717530229631916,6.014941980779099,6.207944267973375,6.266788830341071,6.353753232406365,6.383695886670453,6.435200333197617
34,5.562538286883069,6.702532331491728,8.410493222081369,8.535066199157006,8.64036203886143,8.900544393483923,8.995030365345256,9.230929383130269,9.499070155274357,9.514359313758334,9.901026539556105,10.193086695412983,10.20864238823993,10.522689350168406,10.640938998227453,10.725230040307473
35,4.767606448239967,5.637627371804326,7.746121896642003,7.841477972265728,8.124504852933455,8.134862119792176,8.361060920898913,8.991216536673658,10.144881431791946,10.325690364353393,10.486025650266527,11.137507256283957,12.304226682415019,12.322541085978468,12.363037641163505,12.847322410326726
36,2.7155347352849017,2.819466894138145,2.883733562334344,3.056988834280106,3.157357513341824,3.1801559672757986,3.5926810206535875,4.149113063195657,4.3275952709928776,4.657528240859171,5.224176790053755,5.439421772106727,5.464989014020748,5.613802518905403,5.669680019046892,5.7411907476681385
37,5.5173858224908665,6.0125471303863,6.100611113279191,6.144576475671273,6.198980877197783,6.5488505551742815,6.640062572522744,7.183436405155694,7.201064583567992,7.6685598589189405,7.796984418230468,7.931711458278001,8.175817610572057,8.185744829069233,8.376040460925847,8.564566502550733
38,1.7989522021941005,2.233022366949066,3.4902497094800435,3.5889673173532817,3.6364243014007553,3.690122969977806,3.696256752713427,4.034567195914682,4.040939568570155,4.4832653385226635,4.8622304487740236,5.042980369393393,5.214277741618526,5.3027676509431005,5.460416818410112,5.59001589392136
39,6.900934687803912,9.837989463906702,9.943065561851538,11.518528146399731,12.369266793704552,12.438271204468087,13.11640458593138,13.335960938278385,13.936627151393962,14.132564307513631,14.250387783628383,14.284441076925797,14.33036008146254,14.374429421708744,14.596484878172362,14.883502383989402
40,6.94216388464879,6.9615388796188205,7.442777477030788,8.602059080252065,8.821076636449195,8.969214789229888,9.53803712980234,9.762795480132443,10.2148153639087,10.272172608114778,10.357579632179188,10.369473259437614,11.11044239231809,11.192287076725485,11.267258919090594,11.320437363350605
41,2.812595026352245,3.6796351546042407,6.068236135974366,7.451946974008908,9.323665288586119,9.874750735811595,10.41046369270568,10.515290632288261,10.584174418909361,10.6558710889518,11.629595715820033,11.74509100691465,12.010098872798416,12.095629364376533,12.125730666284449,12.253595637421542
42,2.140656100952017,2.733678204437861,3.1022922182276886,3.9312989166203196,4.14040190718425,4.2540323032808,4.701973307385867,5.074656635289992,5.219129202111242,5.711437438499186,5.850084939424039,5.907298591023342,6.121759493191288,6.435927194405558,6.477136523694067,6.493350550130821
43,6.591703904333676,6.900934687803912,8.923646446008323,9.646045862118084,9.754909487342518,9.92744860121846,10.120393164755873,10.691112108086367,10.762581942145452,10.82034136497421,11.232894036150757,11.238419364387795,11.560573338310366,11.792042131858974,11.853936988451622,11.890938512620018
44,2.232262502286143,3.0297350317553593,3.0424448974902103,3.3970144444954884,4.227436299755529,4.234301070579451,4.335800845867065,4.507047501600018,4.631173742042753,4.752530465230274,4.770473309782267,4.828130837511858,5.042980369393393,5.118502791817785,5.280860359411523,5.395040036728413
45,3.29852445435799,4.233127960169353,4.379216866803029,4.427164294958566,4.79818085583281,5.116773336099595,5.188496010808086,5.4092640246925505,5.901155201794944,5.97050567474635,6.1100616354764155,6.315234615746454,6.463755733833199,6.747965234026702,7.25368204160685,7.320778193265234
46,3.1053838809087,4.3863395669996414,5.174795541620227,6.186291798645753,7.289363166010301,7.620703283228566,7.649921005480209,7.74174785773769,7.916454839564685,8.44716315203057,8.602059080252065,8.781788666876212,8.807994869230198,9.570233906011865,9.669406912320754,9.719558493339457
47,3.499519624489531,4.142958666339338,4.410356908938305,4.456343889088973,4.6422202224284215,5.004900862208176,5.0965818453427625,5.472146660514787,5.78356610034946,5.891172230014963,5.929633421882741,6.11867248951732,6.346049242589646,6.674885315988856,6.880478816937654,6.971716242342532
48,3.693665414745664,4.233127960169352,5.064400047856925,5.153516581603417,5.585824791870913,5.669595212600736,5.7227850037378,5.7820014373200745,5.857868349581453,5.928851247923368,5.964380332774469,6.039888098868343,6.0598853451142505,6.086843580949355,6.23383696400168,6.322993589143928
49,2.3345279604944977,2.6680643133304396,4.000965768922292,4.506894761571524,4.952857053267325,5.188496010808086,5.223266666682791,5.243007408100733,6.031755598473402,6.7014162344237045,6.767853202050238,6.7814080332029505,6.949990005265289,6.995027763159623,7.033619664459559,7.2011348463608025
50,2.049214413506068,2.340182640344184,3.3762986442031284,3.4645808836244263,3.6562613807148368,4.034567195914682,4.488188600091862,4.804331346564015,4.955013023109992,4.975477920967952,5.001400540545831,5.41724080720131,5.496522881281947,5.5475241745336925,5.869100080402825,5.907191624813536
51,1.7989522021941005,2.340182640344184,3.2097624163013165,3.527191951360654,3.7359816330945046,3.832879234503013,3.9013032181105665,4.321719542311733,4.536500885523079,4.595066329304654,4.615128708680514,4.849347721192854,5.101491436681421,5.395040036728413,5.671531364989421,5.693728948549219
52,6.738346726294052,8.841574692833277,9.4568775475708,9.95360701009572,10.297098155591458,10.367870287473272,10.486025650266527,10.678552202820608,10.736603293382583,11.319811811594501,11.331730719019458,11.557578413058776,11.713138863955267,11.719734241241554,11.746739166796386,11.877680766008247
53,2.883733562334344,2.8995025573145754,3.401291700042339,3.598625897249698,3.693665414745663,4.526124548554801,4.698385647919943,4.715301161071159,4.913128465008989,5.324737230345927,5.33284717568152,5.609290486693719,5.659580875935179,5.732340831293156,5.818778994972951,5.83415500331815
54,1.7199948967191683,2.973213352258233,3.4109700599228074,4.340212936780079,4.456343889088973,4.507570346009514,4.881292951398316,5.013160352295426,5.1603089317550435,5.650325054164392,5.980181972471237,5.998648707034443,6.21408609725853,6.2503775212740615,6.3233064834234085,6.413321819924893
55,9.257442814167,9.316572083534785,9.496372802674195,9.939598050664317,10.603885277624023,10.82034136497421,11.625656844452367,11.870040899866392,12.570943816328805,12.63115441071037,13.592566906698407,13.974827246542363,14.132564307513631,15.847920262206323,16.191168172582245,16.585446833257055
56,2.7030771141264536,3.2684844845145116,4.18361055686414,4.633279018254039,5.108836836380383,5.815524058209511,5.821153070126048,5.911814650384259,6.198980877197783,6.36967251766832,6.4975931630015,7.002103518499602,7.1783687968776055,7.252767043335755,7.362904024437603,7.429460810155058
57,3.541313540513129,5.2028115791347345,5.224176790053755,5.298037613634106,5.644574179002733,5.712334594732439,6.507711825466939,6.56314036313118,6.769415786305966,6.779088343025691,6.981982506860948,7.200815488022952,7.217588292901081,7.374131626124406,7.710678176124197,7.783680288703974
58,1.8138772192656696,2.8915931686742886,3.7297098539447164,4.697397932392833,5.102128890842741,5.281430132441074,5.5531949954456055,5.947293917448031,6.206689012956281,6.455255920521936,6.477136523694067,6.613028447963052,6.637340759692564,7.0230860280886835,7.12867051024035,7.257637146228784
59,6.4608293512000285,6.738346726294052,6.906659512735521,7.1719539705511375,8.124504852933455,8.172886736595137,8.204560619789468,8.254376316285548,8.391086621294031,8.774887416361903,9.024714636646625,9.131281677482484,9.15418612465333,9.219190126922898,9.448732162846863,9.454608000245198
60,2.8323522649023,7.210779698921106,10.536212091060843,10.76883470930496,11.238419364387795,11.252533723648728,11.766326839005153,12.89110466091168,12.980266868010277,13.01365859887419,13.11640458593138,13.138093896285715,13.344468855065733,13.50116504175997,13.574701299711684,13.857510749015429
61,3.346388112574211,4.542290787994818,5.0901004216321555,5.704770351346615,5.930991799996286,5.936291187511068,6.73571562040435,6.798465970585138,6.982602457168579,7.283256892911306,7.435842916056539,7.448385586153513,7.512915671218224,7.907623976736975,8.093378343433567,8.318005669483139
62,3.337883809223304,3.4109700599228074,3.4632339522324727,4.172384650568299,5.004900862208176,5.104859244712734,5.122851397673172,5.419154564862646,5.50227735222677,5.613778837074579,5.629985341962925,5.880632098429197,6.743396022923992,6.820131465079448,6.875244380894792,6.89450097524397
63,1.824427525306267,2.467634744049151,2.510583401154223,3.3704966982293345,4.2474010139118015,4.303139583020523,4.31875325131958,5.122211830967781,5.368198161983866,5.775065851988315,5.77867598765671,5.90151571865862,5.930991799996287,5.959599976212264,5.972609059189433,6.110093636421846
64,1.7696272217195306,3.376446377050399,3.7020915827474266,4.842379489829255,6.710729549926994,7.433561712200263,7.512915671218224,7.54155692020019,7.6106829054705605,8.564329385536288,8.80484576054873,8.838003515998862,9.11381827894206,9.342246686667874,9.545563210437418,9.6014921069816
65,3.053626188543534,3.1605975839854032,3.280162636776059,3.437028227587707,4.329244580006843,4.36806380539355,4.620177689156827,4.715301161071159,4.740964798609944,5.047328509332776,5.140197730878095,5.343911358245118,5.439421772106727,5.669595212600736,5.727964054094954,5.791670615948598
66,2.89515862267387,5.224501771125779,5.2355281720679265,5.644186949923669,5.644400886581875,5.819918222752155,5.874791300544257,5.916039181191064,6.06545042695297,6.266418156101309,6.277974424776203,6.549340949821354,6.702532331491728,6.986920234688094,7.75545739815084,7.994266439726776
67,3.513756148400346,5.710362407726379,7.2388806933258465,8.362474641160052,8.793682271979165,8.881469465793554,9.559157280460692,9.77984313028228,9.891330042188496,10.149528967231603,10.558512682228066,10.620868244148168,10.697301365438358,10.727292483055821,11.005857498283117,11.293531609826895
68,3.2531487447385037,3.6914386686271388,4.506894761571524,4.7082222946718515,5.442525739461718,5.608948019737678,6.208314805291634,6.828975486623279,7.315211473428142,7.768429705012118,7.801285764983001,7.848668597884389,8.335082391023262,8.3612075035124,8.50885068003039,8.553190467627143
69,2.7623298523373223,2.795070953567172,4.072102248002202,4.223042492890954,4.7343038168374845,5.132710578005163,5.140197730878095,5.429124530103021,5.6181123197847835,5.803386042918661,6.1134443870272035,6.312184040663555,6.5372053572787765,6.539125622801784,6.580007897301547,6.663782003830251
70,3.3762986442031284,3.7359816330945046,3.8071058978046226,4.624427400910982,4.841518345638438,5.214277741618526,5.361295233504876,5.933517410881792,5.9692297276619275,6.000976194850911,6.005318818441969,6.431122348268045,6.532075854126245,6.7155901575817065,6.73695647504565,6.793623177325002
71,6.743512192688205,8.192695377244432,9.226419032259928,9.9470418885038,10.165477821546803,10.548236595844664,11.850175160072927,11.889391501989834,12.827665229442466,12.901032544104355,13.097014038539024,13.106322662749177,13.295588054415457,13.429894144612767,13.592566906698407,13.66780770317355
72,5.888279080281512,6.379956555911169,6.767853202050238,6.831388042987235,7.712232030405058,7.839043098507696,7.848668597884389,8.066103733909747,8.209024906739431,8.235954304389603,8.575956588030918,8.804398296346218,9.050519324432397,9.2855649724763,9.537220004078169,9.584454015286678
73,2.812595026352245,4.890528303496533,5.357167492693271,6.103134780037115,7.656187808386108,9.349239004159097,9.46062489180992,9.93974551224655,10.26640080669855,10.58702276044654,10.901645411911346,10.910118185079458,11.183127030065725,11.187619614045364,11.273036350868464,11.399258846019414
74,2.049214413506068,3.8071058978046226,3.832879234503013,4.0395955500657434,4.298477760284354,4.4717360072640195,4.707849407815159,4.797419169709559,4.985629455978981,5.172607936546057,5.3027676509431005,5.613996036097108,5.658251069043471,5.695761484477378,5.998648707034443,6.076859459732039
75,3.3349626288956937,6.936689750455415,8.251539074281771,10.437462451117616,12.23290656582284,12.990099538726469,13.200785614406099,13.204023403634626,13.556860272212749,13.642111486440191,13.86274879870459,14.086199939990284,14.376069595701843,14.534550000608132,14.578932441263404,14.781688926205254
76,0.6292021498926307,2.230364473736017,2.5579431521506515,2.814444708105372,3.514814635640545,3.6364243014007553,4.22360364529137,4.227436299755529,4.397256670787828,4.59287445609466,4.594533765349254,4.595066329304654,4.642687890098814,5.1144906197080235,5.301465202685409,5.40105184493548
77,3.318132351310923,3.545351003597931,4.18886973824302,4.214531477581531,4.413560817638801,4.457257681994696,4.63632499401893,4.882837556269383,5.226457196058814,5.570195179587649,5.933991176605345,5.969845001833381,6.025134478199932,6.026841125278451,6.481603326009792,6.500913165652724
78,2.279253240501009,3.0424448974902103,3.599996546738804,4.260279198205418,4.321719542311734,4.385658555491086,4.4832653385226635,4.714269138507476,4.718089193589643,4.765437569915825,4.777104044836641,5.001400540545831,5.1144906197080235,5.122851397673172,5.173757301571942,5.248700204670069
79,3.2531487447385037,3.4454493232813204,4.000965768922292,4.2328202055052255,4.875976853098597,4.965978602390673,5.483604864131102,6.031609576671667,6.622456368990858,6.736633525949183,6.791525464956325,6.831388042987235,7.083797334880308,7.122297370297517,7.209862036789968,7.320778193265234
80,7.516929249174757,7.6952033391913,8.439607353092876,8.873091089708549,9.252375022247884,9.53421458510032,9.713087256568674,10.120393164755873,10.195280516593625,10.384497407925,10.421744633592418,10.88323138217538,11.207039199390891,11.372401641883595,11.45460276784629,11.547400338802703
81,2.0110201962453123,2.5509769834146794,2.627696986089121,2.7278560976226567,2.795070953567172,3.0536261885435327,3.9848830409293594,4.149113063195657,4.526124548554801,5.383922021222,5.503067604007692,5.76232448520539,5.799165624004636,5.957459856888487,5.974889320377878,6.120286211693692
82,5.710362407726374,8.12526525943032,10.880580663726448,11.921403585338528,12.652873730885055,13.261030941029526,14.0000887079423,14.125903037942278,14.745271808303388,14.803289734421348,14.817655344697467,14.82811790328566,14.878528724084212,15.018609367955602,15.146116352494682,15.55397873920616
83,4.833447539660841,6.31610600664147,6.680899586595472,6.7948281932876275,6.969369918662166,7.331104407456132,7.401422513535972,7.434338739007211,7.82146398987529,8.324975845850258,8.648352678512264,8.660615603273719,8.968416739045148,9.304341231035137,9.365064704737998,9.548364047156324
84,3.0690521019173764,3.185868846912237,4.128904063055138,4.428190358713831,4.573414635511419,5.343911358245118,5.585824791870913,5.81877899497295,5.901155201794944,5.916039181191064,5.933552102024988,6.128333492206535,6.365951960182601,6.650593322674912,6.665270847075541,6.845728918994911
85,4.708719186191425,5.088740176736462,5.170486910404978,5.644186949923669,6.806523473822466,6.8222903422833,7.059169189786058,7.573367619662907,7.712232030405058,8.175817610572057,8.233234897592654,8.458398287397669,8.646493462888202,8.713363114038746,9.187422700776077,9.374662743517328
86,2.279253240501009,2.8869368461716154,3.9762340270071554,4.167826384213704,4.207483318071033,4.311500286768289,4.32134365093999,4.335800845867065,4.755352616970986,4.931863417963653,5.065914892907432,5.069605219572585,5.104859244712734,5.185383360218023,5.296445787765072,5.354556530629461
87,6.4053982628079265,7.610122297301957,7.712306809104902,8.64036203886143,9.221291111230398,9.234483670089633,9.300299639531246,9.313211631558099,9.765581695789159,10.571000759191532,10.809968786492371,10.855857465688675,10.927156475603725,11.160638569085108,11.292481630449808,11.308261061331072
88,0.6292021498926307,2.3177023025259813,2.6587294764222467,3.023570220550318,3.454521423286796,3.6243890325654835,3.696256752713427,3.982238160616318,4.4959562713008365,4.585986511962314,4.615128708680514,4.770473309782267,4.8342124069167,5.019571544590404,5.2896636576539855,5.347178648776928
89,4.5747603795442,5.664540654036611,5.759792339367024,5.877559212285703,5.992439427667966,7.4064891595961,7.752719453975521,8.059941577286738,8.253309115159274,8.966253356349977,9.9470418885038,10.016850604289065,10.03986711031754,10.307858829492401,11.031949834791883,11.24550329824526
90,4.842409023113664,7.610122297301957,7.9958954661345185,8.186784891809909,8.723772364201384,8.746540989936543,8.78840113562855,9.230929383130269,9.310085217455294,9.36367839102249,9.410855535566538,9.584764555645725,9.593244179613349,9.776521306903305,9.777482259842856,9.870085420756133
91,2.233022366949066,2.3177023025259813,2.5579431521506515,3.527191951360654,3.844770369533024,3.9121200392290745,3.9659377286754918,4.261697518137968,4.293206905974357,4.313800175905256,4.394765082116549,4.40286527954229,4.81519748163543,4.861389879214594,4.967588885566957,5.007197111715638
92,3.4276323071000974,4.99160622266976,5.081877527414004,5.424280377218071,5.985024619443556,6.236691209692244,6.269045285557384,6.289233212761671,6.35660025927996,6.665662962910976,6.737418596463166,6.802924229727434,7.173488917962199,7.4427774770307895,7.456942292964801,7.492477643792322
93,4.224272263151109,7.634702308777042,7.768913118413908,8.055483287514381,8.878941497902769,9.321869179685086,9.334555946376831,9.42627057519625,9.692787927222394,9.815433130419562,11.128842825756376,11.224835959753896,11.418713815249893,11.484746874836484,11.975781991576277,12.048977759532324
94,15.566792432606507,19.258939251545563,20.399146678679884,21.736438032869607,24.000442805084802,24.21591581270287,24.491252621599678,24.536730627039727,25.536698095546978,25.740543214927918,26.103060998218133,26.20939632563047,26.325138899298665,26.686353830029795,26.721561285738524,26.91965530720572
95,4.270965958802298,5.219129202111242,6.042796213513098,6.171530849075225,6.270442269492736,6.3688603397006185,6.420670942247344,6.541588588547498,6.637045552200637,6.991819565057439,7.210341617062089,7.289363166010301,7.6523097642535225,7.774825535157439,7.918024979231546,8.120774769962743
96,3.7560420955246236,4.890528303496533,5.942609751885848,6.179460842346001,7.396046037041947,7.451946974008908,7.46882497971695,7.985879021373528,8.00934207711587,8.285238989815351,8.287429751791327,8.62610867276142,8.865379046957393,8.898483213022587,9.19850370041782,9.362695244120054
97,4.292015885079751,4.838926622433144,5.1603089317550435,5.849744958877333,5.880632098429197,5.929633421882741,5.948758498505645,6.2532023064926205,6.378759068204418,6.432475932403779,6.5108244780638795,6.513118092819487,6.970231974930458,7.130044553906338,7.165012692026758,7.3288289970674985
98,3.0236552944096498,4.1486320361505395,4.36513729666165,4.393891456152551,4.519253978268137,5.112948868577437,5.428095624527291,5.464989014020748,5.5837762614490325,5.613996036097108,5.730991843634939,5.732340831293156,5.76232448520539,5.843007948141741,5.992783728338849,6.367477915541606
99,8.09075093835819,8.193492804765333,9.2465337196593,9.518355710300826,11.392184613668496,13.037797621785595,14.311392074538727,14.411039573394289,17.573265098511662,17.849787258197768,17.972272102932834,18.561196278436498,18.969903639370656,19.02099597251682,19.28713524112171,19.84954692687518
100,5.270209777741826,5.370637864639,5.757803138359335,6.558028397123981,6.987653774366552,6.997215518294581,7.268489551369149,7.2724754487952055,7.30659897819847,7.461334052349528,7.569855386010007,7.877466570105261,7.883954627566021,8.059941577286738,8.233946853168293,8.503680151309387
101,4.526669478811196,5.992439427667966,8.066006035652775,8.609457810651103,8.850457990799852,8.976265906150424,9.172679595518938,9.309999497739103,9.788300843502478,9.813610028202765,10.165477821546803,10.25854804246553,10.332844618744623,10.619293409621797,10.76257426679232,11.224835959753896
102,3.0082029784134527,3.467948378407461,5.664540654036611,5.762639581981139,6.3871536034272385,6.494769614842208,7.488199298416211,8.187794391157507,8.79994468458068,8.854634398943846,8.976265906150424,9.134489303578782,9.687939012993883,9.692787927222394,10.083405742782638,10.133498847641903
103,2.2200193944786077,2.8995025573145754,3.1801559672757986,5.292549630937783,5.360926131427213,5.857868349581453,6.043023123185896,6.1342773222362945,6.149788032060448,6.587424527764509,6.650593322674912,6.720598871770211,6.769415786305966,6.8908815649103765,6.897657138526788,6.9223605304691285
104,2.467634744049151,2.5120584585179913,2.798154103271987,3.4055860446045823,3.527191441142073,4.542290787994818,4.998708257382012,5.2564393268747045,5.78356610034946,5.888502172422473,5.91179121708105,6.252639646394842,6.329737528909266,6.668535680386224,6.6973437425010856,6.870033307723228
105,1.7168608959354132,2.3345279604944915,3.4454493232813204,3.6021832523894366,3.691438668627135,3.991338515674243,4.379216866803029,4.917659266543887,6.2338369640016795,6.258071888849115,6.266341722032794,6.475078405970757,6.553628269978568,6.553641822549655,6.745461068765784,6.776509230254814
106,3.0236552944096498,5.373636890166806,5.594335766640628,5.658251069043471,5.765449221224038,5.90151571865862,6.326407924411843,6.417673358613434,6.463044141749114,6.538139836324099,6.903631485811198,6.955611900226145,6.959120601237178,7.124228899738842,7.261365432936004,7.262274045623223
107,4.224272263151109,7.670042390472193,8.290157324884062,9.173769966804,9.303031441780735,9.661646321422182,10.186676117494908,10.34395645493869,10.381046705597008,10.408319252421945,10.728306462149595,11.476788031496694,11.739087844683038,11.848266313584642,12.705271197870955,12.722165330691539
108,3.168338884916379,3.4140628495538667,3.978206971155967,4.765177060430377,4.875976853098597,4.917659266543887,5.121591958603399,5.815524058209511,5.990622504715162,6.030307733893989,6.031755598473402,6.086843580949355,6.1100616354764155,6.199099710832246,6.420113085410505,6.581814455902021
109,2.5020383453283555,3.4545214232867956,3.5148146356405445,3.8501920422598497,4.2003354321376785,4.636511426683256,4.861389879214594,4.8692082748407906,5.0297534270104,5.132710578005163,5.378988193232751,5.460416818410112,5.479731340751516,5.487793752972459,5.723793620678028,5.776793010190016
110,7.122833109428262,7.389637914470991,7.620703283228566,7.880218325685583,8.026422533542313,8.135954214406429,8.23010861880467,8.294676310383066,8.614029313290477,8.758204007125354,8.944941135292687,9.193630987540223,9.39959059345088,9.410855535566538,9.501349072763716,9.550343975283221
111,2.859256118616686,3.2097624163013165,3.4645808836244263,3.690122969977806,3.8266052731468028,3.8501920422598497,4.229244749055015,4.261697518137968,4.306898652217757,4.4717360072640195,4.4959562713008365,4.642687890098814,4.80275467990297,5.098719611528997,5.363658851282882,5.415577028271209
112,2.5509769834146794,3.0574221114025946,3.1307392834392913,3.277352605485372,3.4370282275877058,3.5926810206535875,3.7135116089964524,4.7343038168374845,4.913128465008989,5.2028115791347345,5.254942275793747,6.104596535405643,6.12236154752569,6.149788032060448,6.299874111778974,6.44361265177989
113,2.826375187787363,4.971743204782674,5.251622276380448,7.42062897060246,7.592966729805858,7.985879021373528,8.310131297223062,8.511643387819557,9.229056793669187,9.591547922627704,9.93813922832269,10.013397085318664,10.881954116397324,11.055809052125607,11.071576018422206,11.496937113341506
114,2.451301269523784,3.2665616457944515,3.428349787665044,3.5378494178563313,4.521538290735556,5.389309616255618,5.570195179587649,5.99397957071143,6.350169603974809,6.533597739111684,6.595959214829651,6.7024385926564305,6.814126522272633,6.83904659478301,6.900579582900513,7.163189066684773
115,2.7278560976226567,2.7623298523373223,3.0574221114025946,3.220332944010226,4.01821771659232,4.072677408397144,4.740964798609944,5.65699306713752,5.669680019046892,6.416726789142969,6.418972812929426,6.500892801528569,6.64988555711846,6.747480126700435,6.811556745209015,6.866140930898487
116,1.7199948967191683,2.3978804175475497,3.4632339522324727,3.5952053316864485,4.27164706823524,4.447211425306193,4.5855638757845805,4.707849407815159,4.718089193589643,4.838926622433144,4.975477920967953,5.0965818453427625,5.514389700702325,5.751988389088127,5.775065851988315,5.862683416784409
117,2.3978804175475497,2.842995903011483,2.973213352258233,3.485956113536221,4.0395955500657434,4.303139583020523,4.457453172176559,4.893645431139123,4.955013023109992,5.21659257356898,5.571485473255434,5.594335766640628,5.629985341962925,5.878223060544564,5.888502172422473,6.11867248951732
118,6.775195565378221,9.783347981909959,9.95360701009572,10.195728184821359,11.698550905973283,11.717541627048961,12.05775848267308,12.22838406869383,12.23290656582284,12.360413640975539,12.534444126203628,12.655838047707858,12.939847008640715,13.016681825454215,13.025888817532705,13.04168258767263
119,3.168338884916379,3.2684844845145116,3.4343028531330915,3.652616196458088,3.873451146859131,4.71546901657838,4.995415777493703,5.3034785651575405,5.428095624527291,5.575536459211966,5.7820014373200745,5.83415500331815,5.927517018446947,5.988220616226015,6.015287986114948,6.031609576671667
120,1.7696272217195306,2.9061255211429113,2.912102240315668,5.457659187633281,6.509730611399146,6.982602457168579,6.996908667702449,7.189962959351888,7.494105028443089,7.909911944585632,8.061122780356332,8.385420892655288,8.959206695004173,9.07356351999456,9.341497297237733,9.438587330198343
121,3.285740801036089,3.722015282612268,4.775414047312205,5.1141146065869405,5.117750366083915,5.287123015008443,6.1164434548313,6.7364056055265875,6.987653774366552,7.0096738279831206,7.12867051024035,7.3883424474639625,7.393066290993753,7.602488568913083,7.7995038866768684,8.297395323436643
122,6.417981241697059,6.494769614842208,6.543979243779959,6.624123639144197,6.635274731859571,7.266520786220882,7.270236255964574,7.589543352296161,7.63116137247582,7.661548817208334,8.264541544163295,8.81311223849946,8.870734485910326,9.16466999032639,9.21360223284009,9.909937796713308
123,5.223266666682791,5.442525739461718,6.258071888849113,6.511482781174994,7.083797334880308,7.224988883748768,8.804398296346218,9.07356351999456,9.278158324774553,9.482717013125937,9.715599753285792,9.790815379983881,9.956937515553186,10.34508491511893,10.48601988823035,10.693376306550592
124,3.3349626288956937,5.8380743705601255,9.198660790158373,11.331919486276158,11.378786300500195,12.448744650518002,12.499147419699195,12.931063661674797,13.00273889064663,13.286268114369422,13.743481507728077,13.869687087001212,13.895539262053838,13.905665802162664,13.964084773944318,13.973177676173831
125,4.5558134938516535,4.728131821923031,4.962140015325427,5.226457196058814,5.462086834740082,6.076938208034519,6.588184297558212,7.180498376777339,7.477453383815427,7.555863069911952,7.724233195028956,7.823248802383902,8.305000733743613,8.320998570832975,8.394648120628867,8.566976182028478
126,6.186291798645753,6.5749003410494735,8.431984274467588,10.188552997013673,10.254624673288722,10.272172608114778,11.449399938597043,11.856752990425802,12.160571050891797,12.172494338889432,12.25534108672548,13.50195179130765,14.04604720358987,14.081498296693056,14.149172515288727,14.377888643417693
127,4.491797264407703,5.653179579987075,6.093292347885917,6.365951960182601,6.680008602510023,6.9880781096678195,7.076869554374367,7.124718130111588,7.182618250812765,7.331104407456134,7.79285212431158,8.129389749492526,8.280548233995743,8.410493222081369,8.494171018382078,8.579116300983191
128,3.9451776266371024,7.080935527211207,7.317563413535826,9.290406123835217,10.02529283579944,10.581429288036924,10.603885277624023,11.381790076627194,12.255703209125222,13.976035723637748,14.33377595089039,14.762256911420707,14.868547501414373,14.877865100123586,14.94233126141849,15.226257528885775
129,2.9121022403156727,3.376446377050403,5.058422030282529,5.121591958603399,5.420072042124089,6.008424561577551,6.6522251390576965,6.7014162344237045,6.745461068765784,6.93356081925204,7.122297370297517,7.230855911739158,7.435842916056539,7.764227961235426,7.909861003409539,8.299114851387504
130,2.039387241660093,2.510583401154223,2.842995903011483,3.4055860446045823,3.98012101627938,4.139364786777988,4.447211425306193,4.507570346009514,4.6364299069418005,4.943080679955011,5.472146660514787,5.5933262682993306,5.788527915822026,5.856794442327893,6.326407924411843,6.4504866773463165
131,2.379929415754747,3.366479080645719,3.6004515095352114,3.88143173950526,4.148041877575748,4.173741539489853,4.63632499401893,5.029186817348795,5.065914892907432,5.22972531687034,5.402870943142636,5.4420478684472595,5.752200635252617,5.924890631411563,6.142329986258731,6.1521714790512005
132,7.746121896642003,8.296169695575815,8.515382023016366,8.579676542354926,10.479092477207724,10.870025522611225,11.61080411889218,12.109940679847519,12.613912691688984,12.792978214732251,12.907986780976618,13.261030941029526,13.706918244122672,14.106356315626613,14.313720964099492,14.76173616095732
133,1.9260819027170828,3.3877502015631107,3.4277095002227105,5.1141146065869405,5.460214316949926,5.508367849869249,5.614873208791155,5.6854839092949945,5.692065559512864,5.711437438499186,6.568555387251084,6.637045552200637,6.637340759692564,6.862504969252001,7.259340454067805,7.508916443595749
134,3.0082029784134527,5.620010599184999,6.543979243779959,6.658248012200812,8.125577627154652,8.253309115159274,8.352952728028992,8.45240601598731,8.456734734249851,8.458342056484723,8.697026215106105,8.962875511607644,9.79379230628362,9.815433130419562,9.935228507267828,9.985297382730652
135,5.571941158967134,5.757803138359335,6.743512192688205,7.4064891595961,7.792852124311579,7.902718322104546,8.07396328147549,8.542490128119907,8.850457990799852,8.934030796667834,9.392552366530225,9.720510748908286,9.887162267421399,9.997723084632598,10.32463378581532,10.40224443442412
136,1.7168608959354132,2.6680643133304396,3.29852445435799,3.5253239814749686,4.4032240816978385,4.7082222946718515,4.965978602390673,5.605285508043378,5.742092995724505,5.928851247923369,6.030307733893989,6.211404743587533,6.511482781174994,6.859365182791098,6.916274631331212,7.004869625382721
137,4.804331346564015,5.098719611528997,5.281418488771293,5.361295233504876,5.693728948549219,5.695761484477378,6.031803044505664,6.111013922607714,7.0878896333630355,7.363114252244991,7.575949859617738,7.675356820492971,7.746428308559361,7.760111240478079,7.8735450433840715,7.9795735680475985
138,4.241647471521625,4.557606764683801,5.992771130469757,6.021135618118067,6.919625506407603,8.893938395672903,9.290406123835217,10.000209297138523,10.16675294643704,10.181608363072154,10.765482690479011,11.031269591544925,11.086816779601646,11.252533723648728,11.394097276621093,11.613530275859553
139,3.6570962886125384,4.657528240859171,4.701853546279173,4.985629455978981,5.112948868577437,5.2377372466629915,5.292549630937783,5.415577028271209,5.442127076425198,5.451521903232478,5.478005118401881,5.5475241745336925,5.609290486693719,5.848337643249568,5.908995504069392,6.111013922607714
140,3.4276323071000974,4.397340812143039,5.344737495049062,6.442525897384943,6.619922165488932,7.167911636616721,7.292204535715809,7.312904177548355,7.405781121955771,7.442756353001204,7.487907828700179,7.6526315902287205,8.348785460552358,8.44716315203057,8.517495065561246,8.575277208774065
141,3.6313474883567096,4.178686347415216,4.428190358713831,4.471887650900609,4.633279018254039,4.782776848396806,4.79818085583281,4.995415777493703,5.026895884308662,5.363272808542017,5.390364841277102,5.430708049671219,5.791670615948598,5.978988516025057,6.039888098868343,6.172302539785425
142,4.297653314537061,5.24473440738665,5.270209777741826,5.54310207107152,5.959113132158885,7.10220083484376,7.481681575877975,7.589543352296161,8.187794391157507,8.23893916221608,8.290157324884062,8.313640559494868,8.596890612734287,8.878941497902769,9.172679595518938,9.218227412914848
143,1.8436385272387876,1.9857322823274761,3.086950658878182,5.126993211813527,5.22972531687034,5.354556530629461,5.561252987089182,5.9257379458761745,5.986062536934506,5.998156810740526,6.063213382469576,6.085450905750684,6.359342704769448,6.393013173191705,6.550330587609632,6.793623177325002
144,2.727845636365444,2.9956897325637737,3.722015282612268,4.724520945089996,4.871990640605104,5.683867118683261,6.206689012956281,6.232373260193099,6.471693469059254,6.535074217001637,6.997215518294581,7.404027797178025,7.647802465828563,8.23893916221608,8.699836702797915,9.06079222635723
145,7.839043098507696,8.646493462888202,9.643499347186054,11.194000390489004,11.506793530266972,11.624157465434546,11.74348277694266,12.199084216626156,12.37392400693235,12.539293161447274,12.760457059387779,12.848729189768175,13.327747551674875,13.639355197560631,13.767272181631743,13.920287072768486
146,2.9501243562284913,4.741828834558365,5.524215643343109,5.922525521593192,6.315076136435694,6.3763382754316345,6.4608293512000285,6.472608963184721,6.800546918419052,7.058828766770554,7.292204535715809,7.457492866854115,7.473403453545035,7.492477643792322,7.578753087454159,7.633614013690704
147,7.283153838522929,8.652960272963563,9.020226533245568,11.19097772643728,11.3921846136685,11.499936043295266,11.904493564816693,12.242344453852256,12.426909872947146,12.650153874352577,12.774139302863365,13.465878593208624,13.964084773944318,14.316425428706376,14.395310420490635,15.017912948469652
148,3.6036070016742987,4.574538002510377,5.1212990315883875,5.613778837074579,5.650325054164392,6.555390361035676,7.252095643836057,7.396046037041947,7.686630726446671,7.76440332790885,7.977675631571555,8.23606883559115,8.671724561277012,8.92507214173358,9.066233755101685,9.086831362620297
149,3.278739584694266,3.6036070016743027,7.259370389128558,7.9829826566618385,8.024058239738157,8.05376046679313,8.638688811500247,8.843263231553891,9.821834503746436,10.134682676995514,10.16925321555789,10.22410317288353,10.764139720385145,10.863030910927167,10.982988620233321,11.055809052125607
150,1.824427525306267,2.039387241660093,2.798154103271987,3.6243905502159466,4.181123185868906,4.242317299008039,4.457453172176559,5.08364016001014,5.352142498056643,5.545834592998422,5.5497821795685836,5.936291187511069,6.247718452183461,6.417673358613434,6.5185552383542005,6.57240455199851
151,4.526669478811196,5.54310207107152,5.762639581981139,5.877559212285703,6.558028397123981,6.773683344438744,7.091333092999981,7.105552245435105,8.456734734249851,8.81311223849946,9.142305434669495,9.173769966804,9.334555946376831,9.392552366530225,10.096323001361386,11.098426754502954
152,4.18722861127097,5.4092640246925505,5.605285508043378,5.722785003737802,6.475078405970757,6.658248012200812,7.357397559735278,7.488199298416211,7.494017767588974,8.022360385349211,8.28628639146159,8.3612075035124,8.644616610754788,8.648352678512264,8.788701246780388,8.925401785417481
153,3.974636658965415,4.971743204782674,5.529832621546343,7.46882497971695,9.841916328169043,10.48893888212931,10.58702276044654,10.615152145797634,10.822478182528323,11.027761760432183,11.587421038258244,11.85639753252518,11.988683536371171,12.127600461911511,12.238512806067812,12.406263396080313
154,8.024058239738157,9.61833724033863,10.53930335539527,11.250540346530585,13.98647545180892,14.902980978929115,15.39078013500408,15.697927770277044,15.7065823278629,16.268503705154895,16.348969105577996,16.513636802197784,17.027274816730728,17.086088861354177,17.378612577288497,17.51807562825392
155,11.678607670517632,13.965243382599922,15.457081864472537,16.062369292854342,16.463264566154983,17.235346923720734,18.085740267006983,19.02099597251682,19.29196362113311,20.399146678679884,20.48783664161955,20.644864347108253,20.716798810387292,22.04931387035877,22.224453895336268,22.567375719066348
156,9.788300843502478,10.06301886886664,10.631398903230277,11.303002676380354,11.468500716487384,11.558631945352282,11.889391501989834,12.917845190363423,12.9816259320137,13.016409422403983,13.166475281662178,13.838814055913783,13.965243382599922,14.472178763124242,14.781252350673798,14.938630136932392
157,4.251955999810255,8.09075093835819,8.80311240052704,9.02022653324557,9.923401029501015,11.178249832695313,14.821818809108787,15.960588048146455,16.431684201882554,16.84326619108085,17.200676776136806,17.829082236448247,18.18699252435372,18.68903027632388,18.788816095657857,18.88687575701826
158,4.178136781638237,5.478005118401881,5.814733421048644,6.561150708956895,6.624123639144197,6.897657138526788,7.179879212014559,7.262274045623223,7.56555167190399,7.601006109975637,7.734942933162451,7.774251434910376,7.966450998863188,8.046291305913659,8.140907324383708,8.312895615320924
159,2.554522172393479,3.2665616457944515,3.376154903638725,4.882837556269383,4.97351911953637,5.013974122770375,5.152055441208452,5.601829639891345,6.02553821349467,6.049505136080437,6.076938208034519,6.296784210174221,6.6677777100066145,6.7388890127501355,6.855818620566733,7.095985759912656
160,1.2656428704275235,3.527191441142073,3.729998914712083,3.7843850748314516,4.234301070579451,4.31875325131958,4.410356908938305,4.5459953988658555,4.943080679955011,5.352142498056643,5.501057415801252,5.862683416784409,5.888536325385458,6.027871141064464,6.127922917057902,6.1515784757982575
161,8.324107355946463,9.125562497255203,9.332936099769478,9.64653007666094,10.511340131692736,10.867381974981575,11.027522226849483,11.121611527617926,11.310927367598666,11.39152611815841,11.55289480627766,11.63449581365595,11.792672840843528,11.851477673362439,12.406263396080313,12.58400416172759
162,3.499519624489531,3.5764680488012046,3.7843850748314516,4.091823048988768,4.172384650568299,4.232001204912715,4.311500286768289,4.5855638757845805,4.714269138507476,4.735243429818964,4.828130837511858,5.013160352295426,5.257896611940154,5.772109782222705,5.788527915822026,5.841456077428189
163,4.767606448239967,4.989470879061683,6.838454213198423,7.26851011066703,7.492780918485602,7.633614013690704,8.579676542354926,10.094198780967327,10.115268037984357,10.182548077448393,10.357943189371014,10.671778436028614,10.804533285677515,11.657948119816899,12.849159809079492,13.050978857920578
164,1.517507453430105,2.949537718187663,3.056988834280106,3.7135116089964524,3.9848830409293594,4.072677408397144,4.261877276817792,4.519253978268137,4.854543150164756,5.324737230345927,5.424323783570381,5.424405768634424,5.429124530103021,5.442127076425199,5.644574179002733,6.043023123185896
165,1.7239431453910394,2.727845636365444,3.6757309573842747,5.287123015008443,6.759574963127514,6.902885342129704,7.023086028088682,7.850033325446065,7.859137871107206,8.242844673201482,9.079817689748243,9.090178993525003,9.478364451481397,9.763277823372366,9.951779234017621,10.055338331442043
166,3.7337845123851006,3.9451776266371024,6.261555032782616,6.919625506407603,7.977157649376054,8.607993510046752,8.968416739045148,9.257442814167,9.509342636073612,11.811282382931186,11.91405880857956,12.130686867992683,12.177795602822862,12.775819398944984,12.945751711365638,13.126346850607376
167,4.497189304173158,4.842379489829255,5.058422030282529,5.457659187633283,5.549782179568583,5.704770351346615,5.856794442327893,5.91179121708105,6.103229193584496,6.110093636421847,6.476634764925911,6.625068871591538,7.0903796390750005,7.4502061798845025,7.798906260679604,7.829285149489723
168,3.569288598003664,4.040939568570155,4.229244749055015,4.3409232991075735,4.394765082116549,4.8692082748407906,5.101491436681421,5.2896636576539855,5.301465202685409,5.424280377218071,5.65699306713752,5.756646375448376,5.772864396274723,5.803386042918661,5.909866500707323,6.1338739763847885
169,3.467948378407461,4.5747603795442,4.646441444039034,5.620010599184999,6.773683344438744,7.357397559735278,7.472898749704648,7.661548817208334,8.233946853168293,8.514897239756039,8.531973028798948,9.194173704209998,9.309999497739103,9.413362938384013,9.463048935541186,9.553206813758813
170,4.80712773130314,5.524215643343109,6.2532023064926205,7.238880693325845,7.268510110667028,7.820549686188329,7.975209331099825,8.323565601242299,8.3537806712982,8.361060920898913,8.387279167821436,8.515382023016365,8.596647682948413,8.678821078680041,9.11960890233673,9.478281133553724
171,3.509137716507725,3.541313540513129,4.261877276817792,4.306898652217757,4.3275952709928776,5.169915613540182,5.254942275793747,5.420179866886887,5.5533483090919304,5.723793620678028,5.848337643249568,5.909866500707323,5.953113790205386,6.031803044505664,6.313289413736403,6.336167186993044
172,3.337883809223304,4.32134365093999,5.127228435792557,5.15315079099666,5.263131325488704,5.272414284032463,5.602389005559058,5.772109782222705,5.8939116697272365,5.9257379458761745,6.251289551488806,6.641972528810844,6.784741025761678,6.7874474631731925,7.252095643836057,7.292052524321623
173,5.653578497790362,8.193492804765333,8.348615940049143,9.923401029501015,10.619293409621797,11.19097772643728,11.607930263671596,11.619678155559864,11.739882981395885,11.77940763173718,12.198881684600185,12.69918611428172,13.779586217456469,15.614692516716705,15.690519390462358,15.916115873062237
174,4.27164706823524,4.340212936780079,4.574538002510377,4.624427400910982,4.797419169709559,4.893645431139123,5.417240807201311,5.50227735222677,5.522007597304179,5.942609751885848,6.416740927276731,6.8943889722847365,7.130044553906338,7.143770953503198,7.346987743982527,7.42062897060246
175,10.188552997013673,11.564710906843167,12.761373385110815,13.925034556471326,14.256188649091792,14.709353160829782,14.863867187230426,15.141003927818415,15.152981702921844,15.158909803494891,15.713468671003016,16.404945619446327,17.375074035039248,17.864396584559344,18.784368285095436,19.394645083733483
176,3.5422665181182795,3.6547316049164005,3.873451146859131,3.991338515674243,4.160415423904653,4.2328202055052255,4.4032240816978385,4.471887650900609,4.532851618030954,4.765177060430377,5.116773336099595,5.153516581603415,5.243007408100733,5.270201963525702,5.608948019737678,5.676392382924249
177,5.750130660357602,5.8939116697272365,6.1968007445959685,6.334484656882216,6.5422682080597285,6.60436818818747,7.007171707314524,7.057086025838561,7.490163394817323,7.5054083076546165,7.622735729242382,7.672567529553038,7.680808623863797,8.117215066165477,8.472781773629949,8.630309318454904
178,3.6243905502159466,4.139364786777988,4.178136781638237,5.122211830967781,5.21659257356898,5.2377372466629915,5.617108577398274,5.992783728338849,6.329737528909266,6.45354029141281,6.476634764925911,6.538139836324099,6.6943780147879055,6.935811882885425,7.118825325712198,7.126701642854205
179,2.9501243562284913,3.4902497094800435,3.569288598003664,4.536500885523079,4.8766321671105075,5.007197111715638,5.431279028495074,5.626204982169809,5.691797946418246,5.694474650461527,5.989869257951674,6.019360275707995,6.184048886804931,6.289233212761671,6.368460984052372,6.3746759678185
180,5.174795541620227,5.564647555895831,6.5749003410494735,7.009058167318525,8.195671983954218,9.249656298429265,9.53803712980234,9.583885346689174,10.32983521444307,10.387021181337524,10.510023091299578,11.221912512564465,11.589162662074893,11.699710404163527,11.71714053103343,12.056646258549781
181,2.5020383453283555,2.814444708105372,2.859256118616686,3.023570220550318,3.5889673173532817,3.9013032181105665,3.9121200392290745,4.3409232991075735,4.468585239845263,4.488188600091862,4.559184119435216,4.752530465230274,4.77548493215166,4.8766321671105075,5.171559809633416,5.172607936546057
182,4.02992107531252,5.425813086864256,7.3883424474639625,7.931715981706453,8.633846413136228,9.063036821886335,9.249656298429265,9.310085217455294,9.483066144292481,9.551358221665772,9.890333601679693,10.005851688316191,10.198400342158372,10.278577500290698,11.051981561222155,11.248452135379239
183,2.140656100952017,2.202792197472209,2.6499847115353976,2.8647306018403484,3.0277818115321375,3.921117739155522,4.313800175905256,4.8342124069167,5.112473395260382,5.264237069995818,5.40105184493548,5.5531949954456055,5.7621294550540245,6.142329986258731,6.213610315054816,6.270442269492736
184,5.164965371115802,5.955016455392411,6.063213382469576,6.8575535508576255,7.016210244337902,7.223843788065527,7.331431086143733,8.187133236321824,8.233272899330636,8.26899155167867,8.36846229778119,8.498640603493916,8.704754263914785,8.83499798240744,9.591254884945794,9.844085136672213
185,2.9170755254267786,3.9134373140032284,4.329244580006843,5.174310292572147,5.214713993043182,5.676392382924249,5.746330558507035,5.9574598568884864,6.1134443870272035,6.206827365027332,6.266418156101309,6.5488505551742815,6.64988555711846,6.755689582260854,7.050194031970243,7.059169189786055
186,2.349520795539164,2.8915931686742886,3.8413501362038724,4.314944168625871,4.4565944524059224,4.728567094387245,5.614873208791155,5.710345459016101,5.717530229631916,5.7621294550540245,5.816248077246108,6.232373260193099,6.3688603397006185,6.435927194405558,6.720974066571171,6.7364056055265875
187,6.312184040663555,6.699462362295846,7.463529480826142,7.705889294132906,7.7761316016230735,7.783194130667023,7.848030610836938,7.907623976736975,8.117197002902396,8.26009750273659,8.404533120247693,8.431263973619993,8.434761610497066,8.440238621555498,8.462257166308756,8.498023128261053
188,3.5378494178563313,3.5756526186247384,3.5764680488012046,3.6260824442789157,3.693403783029116,4.5459953988658555,4.755352616970986,5.193018603936438,5.280860359411523,5.386417478577437,5.478750395815015,5.601829639891345,5.799785612309744,5.891172230014963,6.209220519394169,6.221427192255267
189,3.7337845123851006,4.241647471521625,5.666285152734717,6.399595969667593,6.403689852372106,7.317563413535829,7.898729142086138,8.660615603273719,9.45687087623253,9.496372802674195,10.75267993766538,10.895579222997736,10.917562862086202,10.973959894155245,11.106717425308188,11.277409548471768
190,6.021135618118067,6.261555032782616,6.403689852372106,7.080935527211207,9.531328140702442,9.939598050664317,10.4945562769041,13.138093896285715,13.514407148093122,13.595699281893875,13.97883767974696,14.056229972370659,14.620749244408898,15.054281878216655,15.163473682064167,15.375077822912223
191,2.379929415754747,3.545351003597931,4.086271174052657,4.286519781251349,5.185383360218023,5.248418163580958,5.52178250769105,5.591045563797051,5.675477260075974,5.728668428116465,6.026967745402442,6.353340409146565,6.359171880240514,6.591357714135821,6.625809406799029,6.652335019753932
192,3.6757309573842747,4.724520945089996,5.394123411816861,5.518183943612626,7.0096738279831206,9.035745477804598,9.281281085090953,9.349440083438978,9.515394768382249,9.606063635158051,10.06301886886664,10.14214707580033,10.17918317845846,10.453567773088347,10.483475187626015,10.618397600127523
193,5.675107746294181,7.634702308777042,7.670042390472193,8.364995412101473,8.470641289927318,8.579280976039243,8.689506629510602,9.905395469382755,10.009165732907473,10.224924665611681,10.357261926811184,10.442991172643914,10.555844898227276,10.773618223257118,10.798340614279399,10.929440809284785
194,3.5253239814749686,3.6021832523894366,4.18722861127097,4.427164294958566,4.952857053267325,6.059885345114251,6.199099710832246,6.208314805291634,6.4917096990609675,6.622456368990858,6.6522251390576965,6.756355441648621,6.996908667702449,7.224988883748768,7.433561712200263,8.125577627154652
195,1.265642870427518,2.5120584585179913,3.3704966982293345,3.98012101627938,4.091823048988768,4.181123185868906,4.631173742042753,4.64222022242842,4.6559942371796765,5.386417478577436,5.42752307235161,5.571485473255434,5.679927747877921,5.751988389088127,6.2503775212740615,6.457759435071503
196,3.278739584694266,4.48172354556561,5.121299031588385,6.7874474631731925,7.446033433490394,8.674877900511872,8.850364372504536,9.088701821756102,9.448371817939881,9.618337240338628,9.999344752194075,10.346768497029448,10.358896808095617,10.551781473278702,10.64942494476117,10.81693076871341
197,2.2200193944786077,2.819466894138145,3.598625897249698,3.6570962886125384,4.854543150164756,4.897731466664762,5.258482998141903,5.5837762614490325,5.814733421048644,5.953113790205386,6.231449392917292,6.299874111778974,6.353753232406365,6.637759958454798,6.779088343025691,6.926561220265537
198,3.4277095002227114,3.666453906156331,3.7768844878731174,3.822898967134476,4.167524114663395,4.701973307385868,5.112473395260382,5.487793752972459,5.5533483090919304,5.755663082406872,5.756646375448376,5.816248077246108,6.133690971359379,6.207944267973376,6.300988284428495,6.410150714759768
199,1.6902851750468821,4.980099870881677,5.115430902836231,5.126993211813527,5.164965371115802,6.1521714790512005,6.259040794890212,6.324604899175542,6.334484656882216,7.44368183509531,7.669912691683081,8.118473253016957,8.347219071567242,8.366689530335329,8.490794310556867,8.50310946473352
200,5.653578497790362,8.652960272963563,8.80311240052704,9.518355710300826,9.524919255536068,9.694807042951933,10.03986711031754,10.063131859030147,10.981462347256558,11.274787706952157,11.671916041955214,11.963277491713544,13.053725587681303,14.280846471157108,14.896839847824014,15.334124332568187
201,3.0690521019173764,3.1605975839854032,3.8774656794237505,4.044408369983427,4.237664498863962,4.343067266437519,5.026895884308662,5.064400047856925,5.174310292572147,5.22450177112578,5.270201963525704,5.635463010335849,5.653179579987075,5.659580875935178,5.710391341951734,5.974889320377877
202,3.185868846912237,5.635463010335849,6.020740676612712,6.277974424776203,6.4053982628079265,6.494751632443279,6.610977082932899,6.9880781096678195,7.056440731256101,7.209603688864087,7.213781345281494,7.501253904698703,7.589449256759474,8.184249511906215,8.324975845850258,8.325527876100784
203,4.842409023113664,5.425813086864256,5.519407136185831,5.692065559512864,6.1164434548313,6.581852198354641,7.341527703007151,7.580410507783802,7.827543958642566,7.838564588501465,8.102723558142758,8.997831611297586,9.069083179673012,9.144679089877416,9.248976735831603,9.60465042752993
204,5.24473440738665,5.370637864639,5.518183943612626,5.683867118683261,6.862524961417086,6.902885342129704,7.105552245435105,7.415593803412701,7.602488568913083,7.804083326337313,7.948078370181537,8.066006035652775,8.07396328147549,8.193442741357124,8.818241203637731,9.162472254728684
205,6.591703904333676,7.768913118413908,9.212399578900495,9.252615851351406,9.491148432078386,9.803323967891908,9.851470507406356,9.943065561851538,11.23988482416593,11.260210233494096,11.320849526745599,11.461957273191377,11.476788031496694,11.625656844452367,11.653296925193834,11.737442900239312
206,4.251955999810255,7.283153838522924,9.2465337196593,10.981462347256558,12.198881684600185,13.174691272395982,15.692420417751967,15.826181006279207,15.978711224372782,16.38559457026077,17.08683657948216,17.847100297409156,17.933846394342023,18.1265556034566,18.512127265861785,18.65237036122652
207,4.99160622266976,6.2776019984123055,6.9615388796188205,7.312904177548355,7.529060786354105,8.331598278352981,8.34171763949154,8.433813667763072,8.777381600208223,8.801998812091888,9.053584999251072,9.265174828217342,9.271047838687501,9.274402001955638,9.316461117545249,9.53579943983822
208,2.230364473736017,2.6587294764222467,3.3970144444954884,3.7146392109953412,3.7424104253012627,3.9659377286754918,4.503561103853727,4.559184119435216,4.765437569915825,4.8622304487740236,4.97351911953637,5.069605219572585,5.378988193232752,5.394048534385639,5.584230810153217,5.675477260075974
209,2.8869368461716154,3.600451509535209,3.7424104253012627,4.051873028104807,4.0862711740526585,4.260279198205418,4.413560817638802,4.585986511962314,4.594533765349254,4.774665614112302,4.967588885566957,5.118502791817785,5.239137132883158,5.286806789744139,5.478750395815016,5.561252987089182
210,3.7560420955246236,3.8715183417027466,3.974636658965415,5.251622276380448,6.8943889722847365,7.656187808386108,8.67044848449963,8.829990310433512,9.086831362620297,9.134754242577056,9.454608000245198,10.105397968067441,10.224739528275354,10.29214428509238,10.41046369270568,10.470112708939034
211,4.48172354556561,7.259370389128558,7.772374749062217,8.472781773629949,9.283918113236679,9.626784947431386,10.514216219669303,10.527291705073546,10.53930335539527,10.716184334459882,10.868818564211063,10.962549155763067,11.076473563483985,11.39078720049211,11.400607432684659,11.710211330228853
212,4.297653314537061,6.136417917837752,6.720974066571171,7.257637146228784,7.804083326337313,8.611950412496022,8.699836702797915,8.800086722671772,9.142305434669495,9.16466999032639,9.303031441780737,9.635534098095984,9.765484263449785,9.949836866655565,10.00460777221193,10.104337975296998
213,2.5997134113670524,3.4283497876650397,4.214531477581528,4.461620043615451,5.013974122770375,5.193018603936438,5.207957655599536,5.635019699914816,6.625809406799029,6.958803944045133,7.477453383815427,7.525684766583454,7.68010998432872,7.8160102077867775,7.824519880153954,7.841901142530279
214,3.0297350317553593,3.7146392109953412,4.397256670787828,4.422872710209253,4.468585239845263,5.019571544590404,5.431279028495074,5.501057415801252,5.679927747877921,5.776793010190016,5.7997408453503185,5.833374615252038,5.959599976212264,6.130867375816872,6.472608963184721,6.478208452624209
215,5.5801743254527665,6.2092205193941705,6.507975035858783,7.347359488027107,7.352224126812298,7.59741809330209,7.8160102077867775,8.140329554643547,8.470641289927316,8.496594414328875,9.104635193926722,9.44289452523182,9.597838074948093,9.702055725768066,10.214784638396186,10.216188032080238
216,11.330514862155189,11.632236821137514,11.760975802953116,11.790346544128306,12.015001546348955,12.053935148222447,12.095629364376533,12.109354686306013,12.139670590681135,12.231736190125758,12.32072709324058,12.697024176979685,12.779098125144799,12.820498378723066,13.08470098376954,13.100901245295512
217,8.251539074281771,8.324107355946463,9.198660790158373,10.195728184821359,11.546474883263233,11.668009172871715,11.941784761222511,12.206259298669634,12.272978306954794,12.466269402778742,12.565941998020646,12.696504123713936,13.20357837160354,13.603817701281484,14.08731324576897,14.110908058515452
218,1.4838460037101124,1.8436385272387876,2.980062495864703,4.148041877575746,4.207483318071033,4.774665614112302,4.777104044836641,5.115430902836232,5.127228435792556,5.671531364989422,5.728668428116467,5.754551342910564,5.835173511720064,6.532075854126245,6.577123536036016,6.648837649871429
219,6.606703464512327,8.310131297223062,8.42455639849515,8.704754263914785,9.038586467368855,9.088701821756102,9.144171200226362,9.150624345933512,9.16855432879281,9.378014508564842,9.718118520296507,9.924199207981337,10.07930943332737,10.281440239508573,10.580374156547702,10.716184334459882
220,15.147068709776443,17.915043045771444,18.439400957159986,18.788526159403965,19.76014816895454,20.052901243721088,20.76596684902041,20.954142169556224,21.367126843962282,21.886932587202658,22.07124361061574,22.322347003129796,22.358576507326255,22.513805187125083,22.60317229825997,22.63134592056386
221,1.517507453430105,1.83599312703774,2.627696986089121,3.1307392834392913,3.157357513341824,3.220332944010226,4.1486320361505395,4.223042492890954,4.698385647919943,4.70552343445612,5.047328509332776,5.169915613540182,5.258482998141903,5.908995504069392,5.957010052546758,6.1342773222362945
222,3.0277818115321375,3.1022922182276886,3.7391932666727445,3.9775742499063518,4.974954373829773,5.2754895697283954,5.624408739177372,5.702938033806571,5.749090942608809,6.216495849894938,6.231756823907576,6.249909696882752,6.547994238525655,6.588184297558212,6.613028447963052,6.636504004008047
223,2.9170755254267786,3.072695892126202,3.280162636776059,3.5422665181182795,3.8072458849923585,3.8774656794237505,3.9673730727192416,4.71546901657838,4.782776848396806,4.967952891150031,5.383922021221999,5.644400886581875,5.821153070126048,5.889100050176002,6.128333492206535,6.144576475671273
224,5.8380743705601255,6.936689750455415,13.632310565598138,14.115525590680377,14.834167487405267,15.174912527039064,16.305048966267087,16.541956546668438,16.784385494239466,16.802724824716147,16.84288280213039,16.92951168026824,16.937452641119638,17.096873032808706,17.28938695216819,17.296117487982283
225,1.8138772192656696,2.349520795539164,4.238045506349322,4.852470464591938,5.068782370419071,5.3176898564133115,5.959113132158885,6.008200851488027,6.136417917837752,6.266788830341071,6.398084446794881,6.471693469059254,6.862504969252001,6.862524961417086,7.23596596646591,7.268489551369149
226,4.491797264407701,5.562538286883067,6.31610600664147,6.610977082932899,6.711116851567101,6.896286925328527,7.216822731290603,7.522194086385205,7.712306809104902,7.994266439726776,8.010898225399691,9.2275011320419,9.26106497605869,9.36367839102249,9.403978411623166,9.645089306783587
227,4.728131821923031,5.011164272906382,5.207957655599536,6.025538213494667,6.026841125278448,6.661649935773923,6.839046594783008,7.007036721595837,7.770338754075636,9.252375022247884,9.323982256802662,9.354486880231093,9.646045862118084,9.674713113976217,9.775233929576633,9.808742503291679
228,2.980062495864703,3.086950658878182,4.14264705304945,4.841518345638438,5.272414284032463,5.785602666570614,5.917937963695739,6.070072676537691,6.259040794890212,6.2990881467474225,6.606703464512327,6.622789430237406,6.875244380894792,6.985448139321365,7.312989354798371,7.317015983901491
229,4.557606764683801,5.666285152734717,6.0932923478859164,6.829014321984688,6.896286925328527,7.209326210205993,7.82146398987529,7.902718322104546,7.977157649376054,9.531328140702442,9.939110210773114,10.02529283579944,10.04450799693914,10.193086695412983,10.548236595844664,11.226557492735555
230,4.744805474755184,4.989470879061683,5.928517674084736,7.442756353001207,8.134862119792176,8.34171763949154,8.456492295823965,8.949182328126534,10.213515229462743,10.423389549636513,10.93184684269619,11.320437363350605,11.84012691131582,12.611532705153733,12.761373385110815,12.774173943976672
231,4.646441444039034,6.3871536034272385,6.417981241697059,7.091333092999982,7.75271945397552,7.883954627566021,7.961618046823147,8.458342056484723,8.596890612734287,9.112634635894038,9.135766413910984,9.383996134325052,9.51906928690932,9.524919255536066,10.115817897606645,10.332844618744621
232,2.826375187787363,3.8715183417027466,5.522007597304179,5.529832621546343,5.9692297276619275,6.179460842346001,7.709206896267431,7.76440332790885,8.342955782006339,8.468237409012698,8.774887416361903,9.175346199810845,9.378014508564842,9.413112299227578,9.546624758483638,9.691955678816601
233,2.6614692421806962,4.044408369983425,4.128904063055138,4.833447539660841,4.900590960706575,5.2355281720679265,5.714577911502721,5.978988516025057,6.020740676612712,6.1689253513767754,6.204383339256352,6.519133731133535,6.642782377019908,6.711116851567101,6.9298156635640344,7.182618250812764
234,2.356703732796206,3.6313474883567096,3.9673730727192416,4.016452223757887,4.018235546201655,4.160415423904653,5.108836836380383,5.170486910404978,5.575536459211966,6.06545042695297,6.138299028027739,6.204383339256352,6.206827365027332,6.379956555911169,6.637630839298761,6.640062572522744
235,2.89515862267387,3.072695892126202,3.9134373140032284,4.016452223757887,4.2376644988639605,4.356960435999923,4.497997079716252,4.620177689156827,4.708719186191425,4.900590960706575,5.390364841277102,5.78407270266143,5.933552102024988,6.745898215879259,7.341115523074097,7.345213284508838
236,1.9260819027170828,2.616254485943401,3.7768844878731174,3.8413501362038724,4.678277374352404,4.775414047312205,4.990228737377215,5.068782370419071,5.102128890842741,5.907298591023342,6.213610315054816,6.31360306700795,6.535074217001637,6.541588588547498,6.581852198354641,6.787821685316854
237,2.1744464500976366,3.366479080645719,4.286519781251349,4.457257681994696,4.973199717639778,5.668083390516888,5.749090942608809,5.926788901811624,6.324604899175542,6.342324470369145,6.680620614883298,6.862170049830783,7.043962068972908,7.180498376777339,7.2072150163478295,7.6073573140651884
238,3.4140628495538667,4.242317299008039,4.2474010139118015,4.49718930417316,4.622719305716532,5.090100421632157,5.16730505614541,5.2564393268747045,5.3034785651575405,5.373636890166806,5.5933262682993306,5.617108577398274,5.730991843634939,6.008424561577553,7.263806884150004,7.2730296075317025
239,13.037797621785595,15.692420417751967,17.200676776136802,17.378097059609026,19.675711640744744,20.94340516270677,21.855632357698845,25.792948098286864,26.004691888896176,28.371131656963122,28.635575534449302,29.03184659163131,29.605628361767685,29.68577048110742,30.156293806380507,30.380164395048443
240,2.8323522649023,7.302342948064317,11.394097276621093,11.520943594412204,11.887677425878405,12.082723465540184,12.293646077956533,12.773562665536577,12.906246520448724,13.190825858923185,13.231225217565914,13.305697070588375,13.52059060607853,13.599425989557288,13.648709864032023,13.80036086383777
241,6.775195565378221,8.468007381167036,8.841574692833277,9.012233137202426,9.01883008730632,9.69910723415063,9.776474712086596,9.94998977527969,10.063778148272924,10.195649572664442,10.285849602673464,10.437462451117616,10.473248938554844,10.524711477326237,10.54108529468524,10.561153906920726
242,4.1675241146633955,4.270965958802298,4.3863395669996414,4.877138364723474,5.074656635289992,5.508367849869249,6.302314683982407,6.31360306700795,6.4837110070062245,6.643852545257342,6.71390142679499,6.842389822439557,7.456942292964801,7.640152954113144,7.827543958642566,7.870171402046187
243,5.839405145793755,6.547994238525655,7.210779698921106,7.259340454067805,7.302342948064317,7.364088019602341,7.555863069911952,7.643420818317355,7.960132929648164,7.982566096437234,8.054889976532472,8.235700799835424,8.27723198087438,8.406302327443928,8.438745837993052,8.481785089316903
244,3.4343028531330915,3.978206971155967,4.18361055686414,4.622719305716531,5.176273042076312,5.5173858224908665,5.765449221224038,5.843007948141741,6.594676867179915,6.791525464956325,7.230855911739158,7.449626395322303,7.605819242684449,7.808540564563427,7.818027203194502,7.829285149489723
245,3.346388112574211,4.998708257382012,5.083640160010139,5.167305056145408,5.972609059189433,5.990622504715162,6.103229193584496,6.4917096990609675,6.509730611399146,6.6943780147879055,6.710729549926994,6.822358872206469,6.93356081925204,7.1833302917363735,7.506272432239903,7.7761316016230735
246,2.232262502286143,3.599996546738804,3.693403783029116,3.729998914712083,4.167826384213704,4.232001204912715,4.422872710209253,4.503561103853727,4.6559942371796765,5.286806789744139,5.389309616255618,5.6555361353434375,5.849744958877333,5.974649071692497,5.995383317947173,6.117616707759122
247,2.616254485943401,3.285740801036089,3.3877502015631107,4.4565944524059224,4.871990640605104,5.519407136185831,5.755663082406872,5.866870907680842,5.947293917448031,6.008200851488027,6.042796213513098,6.257694571145167,6.759574963127514,6.791273672029374,6.842389822439557,7.154314402365266
248,6.3840554512219665,6.60436818818747,7.443681835095308,10.208899704166416,10.656577309641712,10.868818564211063,11.282941347839191,11.412101265104692,11.430765893715265,11.546724896777103,11.61695356405387,11.710105786234529,12.171801404738414,12.218846371829724,12.558998223972406,12.61915315514162
249,4.02992107531252,7.009058167318525,8.102723558142758,8.634993060226579,8.713886819030662,8.775904630430619,8.874337817913764,9.624503990774722,9.695509946164899,9.719558493339457,9.951779234017621,10.039105061625259,10.158314407967167,10.51072998553497,11.29916707750311,11.299855699171108
250,1.4918845969005856,5.712334594732439,6.257694571145167,6.398958341041475,6.738948936411157,6.787882869461312,6.960086281753392,7.30659897819847,7.341527703007151,7.695508541689427,7.740514383391768,8.590938656482118,8.6220928505682,8.723772364201384,8.773729462943114,8.866484492748155
251,11.678607670517632,14.311392074538727,15.566792432606507,16.459564848133535,17.136487801249288,17.378097059609026,18.5686198674648,18.63697365321656,19.975496833086368,20.012611703471013,20.787132426801794,21.15513516877249,21.3903045803118,21.566143834934792,22.10465939513874,22.110757063391187
252,2.703077114126451,3.652616196458088,4.393891456152551,4.705523434456119,5.095330352803683,5.176273042076312,5.33284717568152,5.363272808542017,5.424323783570381,5.503067604007692,5.727964054094954,5.7411907476681385,5.889100050176002,6.12236154752569,6.231449392917292,6.420113085410505
253,4.285523658594165,4.397340812143039,4.741828834558365,5.691797946418245,5.9285176740847385,6.665662962910976,6.906659512735521,7.4927809184856,7.534872297301735,7.615563929216893,8.31817632897224,8.3537806712982,8.58739917013591,8.777381600208223,8.81372153404178,8.991216536673658
254,10.631398903230277,10.76257426679232,11.610808456555063,11.757807517921194,11.77940763173718,14.218644643201875,14.258201857613763,14.610218846474185,15.31915649897761,15.474364888158314,15.728734614222246,15.908184831682481,15.953111313487936,16.04053813890039,16.110017243781616,16.739749428769137
255,3.7297098539447164,4.238045506349322,4.393937361442419,4.806983457128896,5.233833586028123,5.264237069995818,5.347178648776928,5.624408739177372,5.710345459016101,5.754086380413387,6.02379071224799,6.36030325374613,6.480864873855041,6.550472428707432,6.746672135315916,6.787821685316854
