0,1.0843075293208881
1,1.0365218626518429
2,1.00888019858618
3,1.1682335923814677
4,1.001655402784587
5,1.0220565432552076
6,1.3584111555238392
7,0.9810929383587674
8,0.9665259428496317
9,1.010994618038513
10,1.152693389493281
11,1.0970717301092527
12,1.0078043046046836
13,0.9643508410018714
14,1.0727334908058423
15,1.0890059097756568
16,1.0749819093407667
17,0.9651709179386052
18,0.9833895441666374
19,1.2374316396535177
20,1.002311210093064
21,1.0749880953433157
22,1.0088734029378692
23,1.0023257869767968
24,0.9902243763221756
25,1.3080022488665317
26,1.1000788749687884
27,1.0176766610573713
28,1.2958296439033603
29,0.9668727648056086
30,1.1116724862111447
31,1.2642534895446225
32,1.2879704648017707
33,1.0787334935469097
34,1.0088395223792488
35,1.050159070171299
36,0.962770947821828
37,1.0304596728749398
38,1.0212116246530971
39,0.9689543576504381
40,0.9855534007706096
41,0.9848055208490318
42,1.1173168308740578
43,1.0651452014815275
44,1.0608450007787087
45,1.1063888718239057
46,0.9963635954475931
47,0.9887995101146723
48,1.0386156486619798
49,1.0778134563637018
50,1.0328244264936162
51,1.0047726722645527
52,1.006951821246261
53,0.9747467195215025
54,0.9781724119553766
55,1.9890239304686663
56,0.9985314092033927
57,1.1322087947958774
58,1.0158352719214587
59,1.0463114154129731
60,1.0143344465215474
61,1.0495028522199736
62,1.0735912966869532
63,0.9698660338387416
64,1.0207800273236436
65,1.0722608647902008
66,1.136398603586295
67,1.2260783668371074
68,1.0071626348490041
69,1.0016066533280377
70,1.3472939740073726
71,1.2131538166105278
72,1.0888739087409571
73,0.9918500075813594
74,1.0542030107220683
75,1.1204521970135901
76,1.0099113638506299
77,0.9879737952546181
78,1.0779884056209257
79,1.002872792316722
80,0.9722911203638394
81,1.08048651287361
82,1.2079789606330473
83,1.3844723415509863
84,1.1809591118734988
85,1.0281971165401624
86,1.103373694775531
87,1.026704685562461
88,0.9743302147931061
89,1.0687176284189066
90,0.9647129006967552
91,1.1404122646593404
92,1.0311969344925465
93,1.1403637113213425
94,1.0887906002769001
95,1.0426850907883476
96,0.9661395124553611
97,1.1375794205833878
98,1.22025494131781
99,1.054297951405117
100,1.1422426306607634
101,0.9843963905929188
102,1.0080853694522705
103,0.9728392179998573
104,0.9973354933000201
105,1.055004296527248
106,1.058217028769978
107,1.0501102575934074
108,1.0049951216772284
109,1.015784760385443
110,1.0105194007654352
111,1.0413323929001952
112,0.990813156616821
113,0.9955276850325232
114,1.0608583503032278
115,1.012677785627552
116,1.1452313323598409
117,1.0431146202567914
118,1.0693761101348087
119,1.0206493724609722
120,1.4851977577213684
121,1.1128506775065494
122,1.0019923090945833
123,1.019337601001234
124,1.1740891832357558
125,1.3052462388281927
126,1.046257224464748
127,1.3290136065628344
128,1.0673293986152994
129,0.9565289257585053
130,0.9535452305347446
131,1.1761034803438346
132,1.0205265416083713
133,0.985720725870133
134,0.9818527558969752
135,1.1164272451733839
136,1.0382477860145127
137,1.2158193116404497
138,0.9853197943776517
139,1.0374511995803033
140,1.0491572434734668
141,0.9957303438689106
142,0.9507332148964065
143,1.1120018485736345
144,0.9510122964794048
145,1.1910796004289992
146,1.0465620238548166
147,1.1161866280725161
148,0.9701065965430236
149,1.019292243126073
150,1.0356113799947515
151,1.1079320242520718
152,0.9844159011702256
153,1.123867609514533
154,1.2241852473699164
155,1.0576012689241154
156,0.9996578615778247
157,0.9872375487750846
158,1.023292295305918
159,1.1638953114949304
160,1.1564198544739388
161,1.119041297788513
162,1.1797160897028949
163,1.0135576113698006
164,1.007301126728741
165,1.0406327930886632
166,1.4956530065201215
167,1.1070915281639453
168,1.031370829919184
169,1.1352020836713739
170,1.2302030963002446
171,1.0687758979393256
172,1.0995654189304647
173,1.047626544489817
174,1.0428221312368346
175,1.050559938463369
176,0.9568807280842576
177,1.0097426091097912
178,1.0282141939616212
179,1.1612571823225717
180,1.041072714753346
181,1.1033156209914465
182,1.1710455784432547
183,0.9812553809678545
184,0.9612821121184548
185,1.0511464500907906
186,0.9715344741307828
187,1.0073093951828214
188,1.0150218293807227
189,1.075883959144382
190,1.1739513727324256
191,0.9573039649584374
192,0.9396493789175749
193,0.9962088209421867
194,1.2020115242553304
195,1.1804601686389888
196,1.0602312308319128
197,1.0170891759696836
198,1.1007895080386803
199,0.9936826041031885
200,1.011984208021143
201,1.086826209362067
202,1.1704522194508682
203,1.013594118300033
204,1.0140596619550852
205,1.0628531796347391
206,0.9882007649842925
207,1.0618639389041444
208,1.030180034252521
209,1.0311349286270362
210,1.1025062762699493
211,1.0588330211878882
212,1.0929966904653297
213,1.0289679955995263
214,1.061230480378973
215,1.1594965170324756
216,1.2231902273666293
217,1.0274470392433328
218,1.0532800897916412
219,1.1088696033808056
220,1.0454493823792224
221,1.0570836583308427
222,1.0566432170300848
223,1.0155535903658257
224,0.9727577048334888
225,1.0993402310360338
226,1.0294205977068365
227,1.0399359441829281
228,1.0279394864675333
229,1.1386189945563574
230,1.0492573163047059
231,1.0409303522054283
232,1.1835921775323812
233,1.0309118935589914
234,1.3404414805693663
235,0.9920345423086414
236,1.0511698495831479
237,1.0729035851955924
238,1.2113839315986703
239,0.9623577457044507
240,1.0373671605129653
241,1.048702650481586
242,0.9569962283563047
243,1.037917994207497
244,0.9970980621909215
245,1.0877285151185778
246,1.2184253041705986
247,1.138918704358077
248,1.0386966746694868
249,1.064250671479651
250,1.071419447091957
251,1.032613329357292
252,1.0534258954957356
253,1.0948409981203027
254,0.9769848028734417
255,1.0555525513507478
256,1.0087463784832302
257,1.0609362316247852
258,1.269279881693054
259,1.0121190804529703
260,1.0258823107724808
261,1.1472822568857106
262,1.034170383023878
263,1.1234178434471018
264,1.066718000241414
265,0.9581524025165786
266,1.1052635032509754
267,1.3153255060396924
268,0.9992903622354118
269,0.9852391895845356
270,0.9885917825643333
271,1.1986089630396406
272,1.2527500583151707
273,1.0016848889168586
274,0.9997165254818776
275,1.0250929039270966
276,0.9520828866642712
277,1.284052334934685
278,1.057413239475194
279,0.9774421412689827
280,1.0983216488594785
281,1.1520394359572141
282,1.0069875082878637
283,1.0661264873355414
284,1.0830931770964853
285,1.0014799401455172
286,1.4299903975638268
287,1.0783916051744127
288,1.4002976173528592
289,1.0098312203425206
290,1.02616035683575
291,0.9988244424654469
292,1.034605333292733
293,1.0350314612808718
294,0.9820732253713422
295,1.1273630861648218
296,1.0700033816249725
297,1.0994823592402707
298,1.0600645127251234
299,1.0821179018198865
300,1.4230085487400044
301,1.020564584870034
302,1.0427355057066428
303,1.6007150965047203
304,1.1896545450720446
305,1.0367122944409302
306,1.0706966776391402
307,1.0095146020979286
308,1.1259763009492076
309,1.1325301038650997
310,1.0303044210846468
311,1.0073265160412157
312,0.9948081760806353
313,1.027457688122045
314,0.9800213587506126
315,1.026358108397518
316,1.0793991843241155
317,0.9595323304948676
318,0.9874738962579902
319,1.1212144125635999
320,1.2811509707698336
321,0.9578394804177688
322,1.1755119867470947
323,1.032165882538024
324,1.0244904048772967
325,0.9651239486591485
326,1.143064951641053
327,1.0056163221755776
328,1.1363394917529865
329,1.030679489152712
330,1.1881802664118215
331,1.1351065178956568
332,1.050208424053683
333,1.17655310019649
334,1.0166943988375823
335,1.0299800646968278
336,1.6503799013288671
337,1.0581524620187603
338,1.0045646612542858
339,1.010337731552844
340,1.1079197520428552
341,0.9898817667059635
342,1.1212352488574284
343,1.0793059825515472
344,1.2131825989777352
345,1.1172709911910998
346,0.9703926480232277
347,1.0434436050757694
348,1.181485322863011
349,0.9652802353870662
350,1.194761056172001
351,0.985734220814191
352,0.979346960376369
353,1.1843253027375167
354,1.127049824670934
355,1.0051456979061235
356,1.0512876082948366
357,0.9907133668976877
358,0.9680175244637277
359,1.0951246251465383
360,1.0592876464154193
361,1.0375826011346738
362,1.13079485266136
363,0.9975258425705533
364,1.0117872853668113
365,1.1260870081704262
366,1.0387946570412376
367,1.1003115310829372
368,1.250427156877872
369,1.2652771855805294
370,1.3247984340096508
371,0.9678516911231738
372,1.1291844857667868
373,0.985814185097788
374,1.2073085914167452
375,0.9624546425413161
376,0.9648192795829392
377,1.345725357248326
378,1.1716192643003036
379,1.0182578967676936
380,1.0344917696905833
381,1.1788876866306248
382,1.0618621927592429
383,1.088209125634155
384,1.046894445777197
385,1.002554458226355
386,1.0847337026472792
387,1.0005925025014337
388,1.0690482405085557
389,1.065490591527897
390,1.0410632550604666
391,0.9819985393854667
392,1.309925190836843
393,0.9836935224892618
394,1.072808567410866
395,1.0755284851314102
396,1.5174541593998583
397,1.2895395470193476
398,1.2411807475377747
399,1.0497288659909187
400,1.1647374732423272
401,0.9827718690813342
402,1.1068397623013695
403,1.1043831409496505
404,1.1964703786341546
405,1.011097435773623
406,1.0027898238408952
407,1.018543209086892
408,0.9757647238188363
409,0.9873940817067461
410,1.081596127887466
411,1.2093594644715804
412,1.0207316366222443
413,0.9627241472223902
414,1.2261610635136422
415,1.215052365806381
416,1.0952139474193396
417,0.9930441837047159
418,1.1722604705313726
419,0.9676797552287802
420,1.2895370770320187
421,1.1086979832174682
422,0.9867210263964725
423,1.0040365547269088
424,1.2027674120768141
425,0.9924792997168106
426,1.0334010730172893
427,1.004945867318972
428,1.1144597419942293
429,0.9915401563998434
430,1.1133480958761077
431,1.1377151052451602
432,0.9965526741950799
433,0.9893760882678254
434,1.050620902244901
435,1.0345710162775594
436,1.1775969755144537
437,0.9885699817482959
438,1.1021480496896268
439,1.0022605617773563
440,1.2452782774905296
441,0.9755798145423958
442,1.3671712105156313
443,1.1320720255274426
444,0.9973823241614425
445,1.1065672986408148
446,1.4187721755226286
447,1.3818504980501443
448,1.0131703033695647
449,1.1191930547127669
450,1.0880985851289022
451,1.0490363440282673
452,1.0425374287728286
453,1.025636788719926
454,1.1120649898429291
455,0.9858160586423249
456,0.9946849559771634
457,0.9941502036866722
458,1.1902046869477738
459,1.1924646048137537
460,1.0071448014475552
461,1.0050025231786717
462,1.0499672269033697
463,1.043006210904867
464,0.9720716588318152
465,1.2796422359463961
466,0.9727435374866397
467,1.1325860537527983
468,0.9718580493686774
469,0.987891504801683
470,1.0217342571694124
471,0.9713272639629256
472,1.0034894004728394
473,1.0433148824063934
474,1.0707866028649677
475,1.019937428600492
476,1.0124939028029754
477,0.9696894107864407
478,0.9978481375611026
479,1.0257389628975682
480,1.0256529758199533
481,1.0876287464636316
482,1.1810948607817433
483,0.9899453150553653
484,1.125000919538802
485,1.0330068303558368
486,1.098169881805996
487,0.9878912789842889
488,1.0041129071439134
489,1.0023948300972791
490,0.9992412347239554
491,1.0129241929236685
492,1.363711753096974
493,1.0745630958603387
494,1.0309530048056228
495,1.1653174760903355
496,1.0300962835302911
497,0.9690786756842944
498,1.274741968100018
499,0.950372648159882
500,1.0530116633839297
501,1.043630207393722
502,0.9926504520006064
503,1.0190743308689667
504,0.9751699944597882
505,1.2191316794002935
506,1.3497994100922155
507,1.1358065482872401
508,1.3282260219075872
509,1.1536775704574254
510,1.036544301258016
511,1.0984834513697044
512,1.089764958939916
513,1.0556154295832272
514,1.0172219123680497
515,1.0055979219577045
516,1.0563329162220674
517,1.0304856460844534
518,0.9563083887979329
519,0.9813121394826869
520,0.9994837012733699
521,0.9761665599281635
522,1.1570046556041214
523,1.0196142105957382
524,1.023890356257149
525,0.9775360202330647
526,0.9867727412239662
527,1.024169504371291
528,1.024598332545224
529,1.2574931647643512
530,1.15231360681311
531,1.0042624071341408
532,1.0210940281472043
533,1.0158438730079173
534,0.9973308861870527
535,1.1046256129462064
536,1.088706799283986
537,1.011530062363694
538,1.0319437924806802
539,1.2722784873072248
540,0.9927042751301498
541,1.030007256307621
542,1.07863972584907
543,1.1984130410201832
544,0.9719987882344594
545,0.9657338902964119
546,1.022488547773982
547,1.017173925284078
548,0.9609444712682815
549,1.0800305749628238
550,1.2035703299865794
551,1.0228743219121137
552,1.0787920274012444
553,1.031949460842875
554,1.0720497788508916
555,1.0518447486187936
556,1.1865960343626405
557,0.9888477987262329
558,1.003125739937593
559,1.2100492227073683
560,0.9688166045673087
561,1.0099123839034956
562,0.9766488068377288
563,1.0957369375629247
564,1.0929243116243497
565,0.9640563011137326
566,0.9692848924352464
567,1.0194709370656074
568,1.0153259649295445
569,0.9725880793508177
570,0.9899539109336255
571,1.084523830305426
572,1.0059344795750238
573,1.2190414584869833
574,1.0598259264244096
575,1.0615735220623113
576,1.0241343828712495
577,1.0857269164472094
578,1.1118080106219201
579,1.1016958686501375
580,1.0097134292815737
581,1.0732417746714795
582,1.0346492527800315
583,0.9831756709326256
584,1.1325722527025248
585,1.0100883414193689
586,1.0714556266705515
587,1.0946668012831677
588,1.0433805198522605
589,1.1186509067866546
590,1.0554855504198106
591,1.0292925132317499
592,1.0682180828332113
593,0.9877501390187187
594,1.0235952258562653
595,1.024372043035721
596,2.0922561577861543
597,1.0193355862535403
598,1.127601352669863
599,1.0736909014373996
600,0.997805945587898
601,1.060536344878925
602,1.0413624709938933
603,1.1522235487868753
604,1.110831636077302
605,1.0428281934191748
606,0.9858196260289629
607,1.1804423747705042
608,1.0292873801339426
609,0.9986424675181611
610,1.412301659505172
611,1.419365502609487
612,1.1161246505700424
613,0.9807660759312452
614,1.0008749470493647
615,0.9630664734219976
616,1.253077117707878
617,1.0085216205810559
618,1.045336533994758
619,1.1610024536820818
620,1.1132768020879316
621,0.9685658724077384
622,1.033171524244427
623,1.1785001100166466
624,1.0153965508966571
625,1.1006133278959118
626,1.0500576509829547
627,1.0124059938606753
628,1.1275990854714748
629,1.0423189292736494
630,0.9920641763991921
631,1.0649463442370353
632,1.0222195594709045
633,1.1425137519330621
634,1.1452355414222395
635,1.1377426739516943
636,1.1857285732154645
637,1.1524874238206617
638,1.0604024035445079
639,0.9908569079913077
640,1.1819275985111872
641,1.0739160779787422
642,1.0630526289651474
643,1.0533279683087877
644,1.338864844798688
645,1.3259963233423764
646,1.0888398088031266
647,1.043065089344259
648,1.0488887237990414
649,1.0622574970483551
650,1.1214494880330736
651,0.9589649088055521
652,1.0064158951121536
653,1.161622827423752
654,0.9893194412617683
655,1.06227879901806
656,1.0222656128585261
657,1.1344838668720785
658,1.2286823071843256
659,0.9539041848232658
660,1.146410005421406
661,1.0410387510677073
662,1.0078686190752313
663,0.9914148835123348
664,1.0494523233303612
665,1.0540825033015722
666,1.0213481064937668
667,1.0151148330109065
668,1.4272383401913535
669,1.0364550237150578
670,1.3536241205449673
671,1.0097163052257851
672,0.9838930052816187
673,1.3801603138909178
674,0.9781641460992453
675,0.987454386629425
676,0.9977100561334293
677,1.3641079746791311
678,1.113434903896616
679,1.3261050332246078
680,1.1580500276154462
681,1.1721261553667
682,1.0403235321599928
683,0.9957564669037956
684,1.1855291376710022
685,1.0474851017169895
686,1.019731771125257
687,0.9663264737254675
688,0.9571872370462566
689,1.0106785008394452
690,1.0210861621302978
691,0.972455669147886
692,1.1615583822059197
693,0.9832086999602226
694,1.0443896898766425
695,0.9954409210715343
696,1.0029203253541996
697,0.97911456833047
698,1.1168239682114076
699,1.3436821874589715
700,1.027546636242214
701,0.9839303388047226
702,1.1055972079275034
703,1.0430008314592205
704,1.0081880540099983
705,0.9828757802901129
706,0.9791042816631139
707,1.146405007297299
708,1.0116856624694441
709,1.0974572622445882
710,1.0013070481719115
711,0.9825800038946861
712,1.0617151304830392
713,1.0798416979008993
714,1.1125495663767446
715,1.1630080299131564
716,0.954770234504426
717,1.035827891425362
718,0.9990749702175911
719,0.9926110146154605
720,0.9832666912339776
721,1.0653464122911842
722,0.9661306523509721
723,1.0742223129107715
724,1.130694627228825
725,1.1474592528707277
726,1.0387222153587192
727,1.1989580748131545
728,0.9761417866401161
729,1.0317692790736146
730,1.0411233795418635
731,1.1429750402825953
732,1.022008630395645
733,1.2080975791804573
734,0.9779031548718744
735,1.1586853486361952
736,1.0565372407703868
737,0.9804054523927066
738,1.0748775535873238
739,0.9899353795706628
740,1.0715497684084667
741,1.1653092877608615
742,1.0804433646774063
743,1.021810539478515
744,0.9851003172113102
745,0.9786486149457664
746,1.2037664557773364
747,1.0929745025922675
748,1.0093100335509202
749,0.9800886356655253
750,0.9861220333758295
751,1.0072442457391513
752,0.9908424437710402
753,1.0112857838694027
754,1.060775915025563
755,1.093984528287744
756,1.0951252785099974
757,1.0327059584577838
758,1.3303336124325214
759,1.080541725722088
760,1.4142775564440455
761,1.310111834447069
762,1.2960755204575405
763,1.0976313046073214
764,0.976090103224392
765,1.0015234485392268
766,1.2072580195633464
767,0.9714452501800016
768,1.0143226851380494
769,1.159489867453734
770,1.0928362275934815
771,1.0316140783079764
772,1.0692019761340532
773,1.1008742077613423
774,1.0642168760349824
775,1.1668144007304044
776,1.0006865192249415
777,1.2522496733975959
778,0.9875914626515608
779,1.005362890378258
780,1.0982419114641666
781,1.0086196025045493
782,1.034698398746886
783,1.0543253217894275
784,1.0071224992074501
785,0.9932911563081936
786,1.0968277764341476
787,1.4167010789039463
788,1.0919850274151686
789,0.9990966158196094
790,1.234932204919884
791,1.2601273220617808
792,1.1574866992435031
793,1.0321161086583537
794,1.002501524963869
795,0.9973790815467668
796,1.0032153883559412
797,1.0121949503096075
798,1.0197972493032215
799,1.144536845508716
800,0.9633438931075053
801,1.1306554435520186
802,1.0940209121459759
803,1.0084198535745115
804,1.0043513256705947
805,1.0676681131150452
806,1.1748440592786724
807,0.9814358048204948
808,1.0070873011335342
809,1.0037746218752246
810,0.9815401662006296
811,1.0089529389338345
812,1.0117541837640185
813,1.1719875290242352
814,1.0356033568051553
815,1.066474888259092
816,1.2503733322570434
817,1.0016225006924144
818,1.0273059229777521
819,1.0914580003433696
820,1.0535783895605375
821,1.1706461382954005
822,1.1410071635347205
823,1.0142400577936248
824,1.0998105633779143
825,1.0258056658762393
826,0.9837231657818835
827,1.0134061485707675
828,0.9722224925120564
829,1.20422376983
830,0.9725400414378718
831,0.9999241140669007
832,1.0155905995921761
833,1.126721621305976
834,1.3672687198792537
835,1.0104526426175462
836,1.0936151206730338
837,1.0428127156525695
838,1.1269642736813008
839,1.3176388039876974
840,1.0693185397026381
841,1.1119693486508042
842,0.9794905443369842
843,0.9777514865269463
844,1.3935358547173404
845,1.1104435738236729
846,1.0024610415089648
847,1.3778626112904715
848,1.0532805904946732
849,1.051374353808706
850,1.022348746432078
851,0.9700603017300639
852,1.0075837342565575
853,1.2215836659594284
854,1.0860103865458917
855,1.0248278757297244
856,1.5408994719922813
857,1.0050733134064178
858,1.0748320702423442
859,1.0074001068219212
860,0.9782899722444487
861,1.1357367005652805
862,1.0306515117019595
863,0.9912055845886234
864,1.0313344792152481
865,1.0917392685353358
866,1.024231864852379
867,1.0190364124319413
868,1.0238756200032353
869,0.993814076091464
870,1.2076038911261566
871,1.0735549808516225
872,0.9943266607261296
873,1.0774198326709266
874,1.0554161901898174
875,1.011793330309911
876,0.9651363799564621
877,1.0190470258422275
878,0.9802514227232504
879,1.090171916115385
880,0.9810276536126944
881,1.5149319644397838
882,1.1177821701535264
883,1.0492308888420374
884,1.0418884069240453
885,1.010395240513283
886,1.0597923865418608
887,1.0186538963511573
888,1.1405782913872953
889,1.2556876233364433
890,0.981981127342066
891,1.1745826064689
892,1.202581431443194
893,1.0486848658170578
894,1.2041870350836494
895,1.1033816321810206
896,1.056812978931794
897,0.989961061462538
898,1.1377143023278493
899,1.017775639988728
900,1.2069914344395567
901,0.9690411900408378
902,1.1271755178110172
903,1.0794157778069016
904,1.2171709643764115
905,1.0517757656657203
906,1.3497343500494547
907,1.0326832010436742
908,1.0513029931780449
909,0.9835961090920312
910,1.0895533399757245
911,1.2003573183022376
912,0.9854627899812932
913,1.2970629020308835
914,1.1344282622421504
915,1.042234932776332
916,1.0257685525679552
917,1.1763814673369302
918,1.0117648976756917
919,1.096600490759476
920,1.5408289894806397
921,1.0934635026993222
922,1.4099880804434062
923,0.9831859750416752
924,1.0244440407768516
925,0.9790052044970836
926,0.999365959586701
927,1.063964487308108
928,1.0671722719473105
929,0.961262189319622
930,1.1546441602594597
931,1.0139671926470128
932,0.988605139524267
933,1.076275055491773
934,1.0355650809532635
935,1.073583010474131
936,0.9687126167413884
937,0.9878720522419974
938,1.0782444236847017
939,1.037932273388291
940,1.0324717803252805
941,1.0615967080415059
942,1.031549711351749
943,0.988652645440146
944,1.0578725035165972
945,1.0120490433159661
946,0.9625538982696186
947,1.0031516295797678
948,1.0035254638253688
949,1.1034333262917686
950,1.0680468055662686
951,1.0189144772738334
952,1.18152176961196
953,1.0530706296716446
954,1.0577553069687804
955,1.05118121298098
956,0.9904485223570276
957,0.9838841247087203
958,1.069068025727145
959,1.2370959075769297
960,1.02997571839467
961,1.0664688346656694
962,1.2345023087078932
963,0.9884279945496415
964,1.0785966232742568
965,1.0254798807126095
966,1.0113296686640885
967,1.1699740537963854
968,0.9906883482628503
969,1.0105591611918587
970,1.080618215051402
971,0.9951314843755628
972,0.993163629968766
973,1.0007009543261522
974,0.9983482798138361
975,1.0177140915545442
976,1.1830357042038528
977,1.0394290126612158
978,1.0471586162913664
979,0.9563670544117442
980,1.3731449732272556
981,1.118105589154659
982,1.1978581040567498
983,0.974278784569369
984,1.0362887270772312
985,1.058469310338228
986,0.9647956571796267
987,1.0291050540460636
988,0.9983483382702606
989,1.0259114607109825
990,1.1764849839727427
991,1.084388177120666
992,1.18060301329918
993,1.063951097412877
994,1.0066218743973023
995,0.9907359182691563
996,1.005924724370736
997,1.1018097847348112
998,1.163685600136593
999,1.0714887867185345
1000,1.0236349298608391
1001,1.078122268307482
1002,0.9951072740833562
1003,1.025688122711348
1004,1.006949225109275
1005,0.9681921852973401
1006,1.0265508070133509
1007,1.0514431665946387
1008,0.9998286566570357
1009,0.9789610105972161
1010,1.0211855656314628
1011,1.0607202363795831
1012,1.0008281907773944
1013,1.116342049934333
1014,1.2340634762711096
1015,1.074521946255746
1016,1.0000223729239086
1017,0.9762146138929695
1018,1.2462307885200725
1019,1.0549295644139627
1020,1.1570691168533558
1021,0.9677366636094835
1022,1.0387716310330972
1023,1.031581366776772
