0,0.9592537437888217
1,1.0329131783348806
2,0.9965082509678619
3,1.066999631786662
4,1.032327287662147
5,1.0198482755799134
6,1.0030760153290934
7,1.004547408906622
8,1.022945388463364
9,1.0139285422214093
10,0.9919493930311449
11,0.9855970018190564
12,1.0071206296325634
13,1.0483968892226958
14,0.9766065714759844
15,1.0118271546783069
16,1.0071956348213256
17,1.021602466209815
18,1.0033686759284604
19,1.0221755479102304
20,1.01707057557652
21,1.0355210188551196
22,1.0025323464063787
23,1.0339055368619907
24,0.9862350018591166
25,1.024639106685734
26,1.0215454398449209
27,1.0166488012224666
28,1.0084020174444732
29,0.9794518022152525
30,0.9988787842834741
31,1.007791949535513
32,1.0014079618574836
33,1.009069415554462
34,0.9911485916338199
35,1.0202505168590175
36,1.027032646834079
37,0.9934277823909343
38,1.0172678774077477
39,1.015442617001077
40,1.013784191563195
41,1.0040965706745715
42,1.0152066712877321
43,1.006709485670119
44,1.017267877407748
45,1.0117447257462182
46,1.0021699064371399
47,1.017964910204046
48,1.0151875173624223
49,1.0002423695356883
50,0.9981592680404006
51,1.0157585068810906
52,0.9977597201993866
53,1.0171299565654177
54,1.0126229706745742
55,1.0260147093456014
56,1.0211645507217872
57,1.0526757114792897
58,0.9964906972244287
59,0.9633686632705327
60,0.9983191749838379
61,1.025415089987209
62,1.0056509212342424
63,1.0178872761746964
