0,1.0626064979899932
1,0.997771185261279
2,0.9862795837043054
3,1.0744090649150557
4,1.144469554589705
5,1.0200380073081465
6,1.1076456254021112
7,1.0379967861272408
8,1.0053534966711482
9,0.9816358462985693
10,0.9887120716219103
11,0.9933999532797999
12,1.2323292443607334
13,1.0043789432696637
14,1.1029348200308893
15,1.012695076938773
16,1.0006116419380144
17,1.015103502994076
18,1.0316571005028554
19,1.0079289649407939
20,0.9856377578149985
21,0.9989156543533688
22,1.242417760680466
23,1.006409089850529
24,0.9947003721161616
25,1.158015249142537
26,0.987906850527943
27,0.9887286015849379
28,1.4670363501047112
29,1.0398884263780213
30,1.1167326352933447
31,1.1230669178774622
32,1.3605301389204207
33,1.0681220510990328
34,1.020777256324035
35,0.9818841070510629
36,0.9943169090664982
37,1.089552418283485
38,1.0107645190786438
39,1.174132548621849
40,1.1081603531536635
41,1.0791046774781228
42,1.0531614454289178
43,0.9820812959955184
44,1.0002817860996664
45,1.6729753852204345
46,1.0302983591459243
47,0.9893892280749961
48,1.0428476208280677
49,1.0259030702971754
50,1.0050231605458302
51,0.9782443010484487
52,1.0327164062744367
53,0.9779676092174003
54,0.9991874647063812
55,1.1348193076082451
56,1.4513473637980867
57,1.01415613117398
58,0.9909000924649589
59,1.0796829264889922
60,1.1175195259499786
61,1.0264100158885872
62,0.9846780248955112
63,1.0088987422446376
64,0.9755011407344475
65,1.064892236788081
66,0.9825833381679685
67,1.9942315644741
68,1.0748716741306499
69,1.0679094865635776
70,0.9753923914983661
71,1.023002233923854
72,1.293834926445593
73,1.1939998990338234
74,1.0590472067804984
75,1.1389198781758676
76,1.0737347188075754
77,0.9777679733090529
78,1.1656453675791785
79,1.0636184661955927
80,1.0184389054122205
81,1.4180897516912425
82,0.974078041427491
83,1.0522956402720363
84,1.2648879935748267
85,1.5274130089482343
86,0.9885916366086865
87,1.2586164336486938
88,1.102779731465016
89,1.0013385306243552
90,1.0083063954697602
91,0.9922763036577666
92,0.9956381207964909
93,1.0019017608012444
94,1.004213136257976
95,0.9799621593291377
96,0.9765529354388669
97,1.2136672507032502
98,0.9892917205732614
99,1.0866404421042941
100,0.9743738064850853
101,1.062488833072225
102,1.1975946178263275
103,0.9717828768241381
104,0.9722620392995214
105,1.1473786769325995
106,0.9987258271829248
107,1.138107081268778
108,1.3239266510334047
109,1.0887519999168493
110,1.034195081880148
111,1.0683904932640762
112,1.081142902363848
113,1.0735610238593656
114,1.0623057561821239
115,0.9762693801568445
116,1.0355637313825201
117,0.9849080583592418
118,1.0580733878441788
119,0.9769215822838213
120,0.9985432635422247
121,1.166174546382063
122,0.9770257226793619
123,1.0797077775546975
124,1.109083787426039
125,1.3101332553143104
126,0.9794453642309752
127,1.0209347478825186
