0,0.01545104614033846
1,0.015439489035075622
2,0.01600826729390044
3,0.01612093044439249
4,0.015548348721424682
5,0.015474348732419959
6,0.014655301853648963
7,0.014984813534765988
8,0.015360727359256797
9,0.01602063003008174
10,0.015538581148403618
11,0.015131543917773237
12,0.014799056120148587
13,0.01500259671958809
14,0.014518636792705672
15,0.014370938216573823
16,0.01581308705907398
17,0.015429355462858332
18,0.015514831790407272
19,0.01584524013068579
20,0.01499739167283976
21,0.014952397017552816
22,0.014709812804138597
23,0.014746340655695259
24,0.015005203709704458
25,0.01584701755595736
26,0.013815520099701425
27,0.014442798641642439
28,0.015914493200881022
29,0.01349932482530068
30,0.01602995615081476
31,0.01590771298680855
32,0.015996678806046206
33,0.01474165219834381
34,0.015563181618975581
35,0.014972758291968702
36,0.01497605380749765
37,0.01553108822676882
38,0.015519507733709732
39,0.015086597616893647
40,0.014875416512518242
41,0.01588307779047455
42,0.01577850090668796
43,0.015909314776303533
44,0.014688154167519597
45,0.014810319744477154
46,0.014956903369546502
47,0.01522882632911158
48,0.014961981828493735
49,0.015915566323449738
50,0.014761900994005131
51,0.015148288287326521
52,0.016003754492904667
53,0.014523343902218802
54,0.015759402278570814
55,0.016147417441791895
56,0.01598382572102556
57,0.014833411919528363
58,0.01591787544814208
59,0.014850696277715776
60,0.0160067538086927
61,0.014513713696827671
62,0.014983393715518977
63,0.01615977578148141
64,0.015626961652811848
65,0.015321702560406382
66,0.016013354706808702
67,0.01443407647377552
68,0.015408432769461916
69,0.015510905783605424
70,0.014932458255261138
71,0.01589687336827153
72,0.015402784511441362
73,0.015886780802017164
74,0.015946491723731214
75,0.015009042023180616
76,0.015460574682670265
77,0.014948995086512257
78,0.014997438229548472
79,0.015088240537191574
80,0.014911973767050751
81,0.015402292111484217
82,0.016116541262473808
83,0.015078134509802705
84,0.01492906465263136
85,0.01590579261408878
86,0.014916708012711477
87,0.015868927224565357
88,0.014987286789316575
89,0.014868570288799215
90,0.015831409834461827
91,0.015830782479792024
92,0.015931272817054244
93,0.01604609909990927
94,0.015749554381805767
95,0.015370816033872324
96,0.014961575920729603
97,0.014977513119572487
98,0.014840141248593916
99,0.015403557301892143
100,0.0153183826583043
101,0.015727602748477263
102,0.015706491205598302
103,0.015989948979994877
104,0.015295136430803732
105,0.0154807480305547
106,0.015040357955643735
107,0.015761723793993095
108,0.015423632945224974
109,0.015739418132273746
110,0.015082277356661112
111,0.015860536992690244
112,0.014388710036174163
113,0.01566991911175354
114,0.015676657540122756
115,0.015304347849203707
116,0.015899876116155145
117,0.015540998578176852
118,0.01559820273706722
119,0.015988276677049013
120,0.01593216953208938
121,0.01597938911643673
122,0.016069503669579203
123,0.015086965373186979
124,0.015522779507496755
125,0.015390463705636568
126,0.014780357901559715
127,0.015428044962822901
128,0.015945094098305995
129,0.015891400255282188
130,0.015423658308331064
131,0.014945072807092476
132,0.015377299596020272
133,0.015921335923059297
134,0.015504214623466944
135,0.013692416336486756
136,0.016042069654337295
137,0.016098748205825485
138,0.015374878365522785
139,0.015544114706383772
140,0.014917393352406631
141,0.015907951862286395
142,0.015971696223396357
143,0.016010569804382195
144,0.014270783465060917
145,0.015809692786589877
146,0.015231961835268185
147,0.01582605773558255
148,0.015005675276725671
149,0.013945507478937354
150,0.016022615986830597
151,0.014565991601600816
152,0.016040962643389684
153,0.014672696271660757
154,0.0159274231784686
155,0.015366590953750564
156,0.014972899034194147
157,0.015442495473061198
158,0.015037087619459303
159,0.014933748453351613
160,0.015548769744264758
161,0.015966689043190138
162,0.015486395845687576
163,0.015538822890590205
164,0.016148918852499063
165,0.015345396540818082
166,0.015625198658137295
167,0.014273330468673117
168,0.015308619967294382
169,0.015184175313872438
170,0.01582192877316272
171,0.015441638450237914
172,0.01523765705788745
173,0.014713111021801556
174,0.015822984312829164
175,0.014934582626465983
176,0.015314644929372748
177,0.016152886582473006
178,0.0158480093341942
179,0.015527495272555734
180,0.015979062339838285
181,0.015790798756988276
182,0.014359621903513288
183,0.015310741595119371
184,0.015789991147664415
185,0.014972221496645082
186,0.015449509064923941
187,0.01541653148051581
188,0.014982432317698555
189,0.015900151376946413
190,0.015527028796200605
191,0.015932514437218742
192,0.015492318865496431
193,0.015574862395221588
194,0.015965408460415456
195,0.015433833708968493
196,0.015572517928249213
197,0.014876431556108979
198,0.015490759309218751
199,0.01548140671240736
200,0.015018363208577547
201,0.015867783558832886
202,0.01575507780032128
203,0.014901115344415895
204,0.015953269306900168
205,0.014977324581350406
206,0.015117155220285693
207,0.01603581053705838
208,0.01570130662721609
209,0.014933256464796906
210,0.01568538043725386
211,0.01493583495322338
212,0.015723076796088486
213,0.015714255253322616
214,0.01490141322751229
215,0.015276545248069404
216,0.015923030534795907
217,0.014523337972692792
218,0.014932460692461512
219,0.015008553357207929
220,0.015878064870704128
221,0.015470299589477259
222,0.015975376953731968
223,0.015944320243907798
224,0.016006829049640035
225,0.014973676922411796
226,0.014975872811987841
227,0.015798278165987955
228,0.015767728173616432
229,0.015869771337431206
230,0.014913158668315675
231,0.015318707739624285
232,0.014842780454112161
233,0.015213513589556348
234,0.01598102875675864
235,0.01579179737644084
236,0.01502755941427602
237,0.015499474352130177
238,0.01525173968668972
239,0.015948587191052375
240,0.014978242115747397
241,0.014265188222376265
242,0.015583679518704178
243,0.01489914857985296
244,0.015153991652151384
245,0.014949974328892909
246,0.015361480059663705
247,0.0158070358007729
248,0.015836123460950362
249,0.016043331359740835
250,0.01560479350067973
251,0.016041834022731363
252,0.016048028971241763
253,0.015013945328521473
254,0.014904976430968556
255,0.015500567918820563
256,0.015622260786839794
257,0.01510884106066433
258,0.015441070100583277
259,0.01518462762470946
260,0.014977553657373995
261,0.015139269109272165
262,0.015565613030077299
263,0.0155723356273349
264,0.015459034416588262
265,0.014445769921628363
266,0.015437561968433643
267,0.0146172052081844
268,0.015661157696121527
269,0.014584795565296486
270,0.015500495466397968
271,0.015985879808777664
272,0.015959353177032978
273,0.015872947339159216
274,0.014745132561360381
275,0.01601536557919279
276,0.014973558333346626
277,0.015431981844117397
278,0.015254287406051524
279,0.01584085233665191
280,0.015955887959835668
281,0.015430943002107652
282,0.015288162891936637
283,0.01590506061924945
284,0.014958468969647972
285,0.015984470243274207
286,0.015301536541875951
287,0.014903600165328936
288,0.015906150106432457
289,0.015981354678083644
290,0.015476951052841838
291,0.015005526571161503
292,0.01602380251972781
293,0.015475325934301235
294,0.014676620475472331
295,0.0158496501338677
296,0.016036541042036598
297,0.015880531638778915
298,0.014860251309486046
299,0.015071951596466779
300,0.01507977480867797
301,0.015995328730990768
302,0.015883524189518425
303,0.01552974067187768
304,0.01597109544906811
305,0.015386132710459889
306,0.015555483518739503
307,0.014995100483216069
308,0.015903015140113875
309,0.014800816362505511
310,0.015351360108986805
311,0.01490206887896861
312,0.01603229202693571
313,0.014108858388602498
314,0.015922110635374073
315,0.015520024932762543
316,0.014744987996192555
317,0.015013661216475852
318,0.015883442906474983
319,0.015353907434103716
320,0.015451535056260363
321,0.015134677677540101
322,0.015408494343748188
323,0.015599617753802156
324,0.016007267165490533
325,0.015055699972888983
326,0.014840460111412048
327,0.01583935789080412
328,0.015503241877880615
329,0.015947922270029044
330,0.015476485187382866
331,0.016017783482766276
332,0.015478910208912353
333,0.013725368005782782
334,0.015391713499311831
335,0.014797417100991925
336,0.015703246697457575
337,0.015428536168653095
338,0.015837702151527362
339,0.0154960251251594
340,0.015886257018277786
341,0.015511514210369767
342,0.015035619569779054
343,0.014460085389325972
344,0.014643308718035966
345,0.01567074831607179
346,0.0154880669819584
347,0.014912355836006957
348,0.014855352477241766
349,0.015624514523069682
350,0.01582507644837726
351,0.014995444003214179
352,0.01596504301382073
353,0.015901555796525017
354,0.014698088166190545
355,0.015989078290083593
356,0.015897821409542375
357,0.015122895524923657
358,0.014956848744976133
359,0.015987166341836244
360,0.014939964147191967
361,0.015881388243940225
362,0.014686220951015867
363,0.015505987924809459
364,0.01553612557646072
365,0.015114334096896264
366,0.01597376281886716
367,0.015717707975114067
368,0.015886186423116053
369,0.015083966948669869
370,0.01606006473468361
371,0.01564464719954296
372,0.01605448225814365
373,0.015817415649246176
374,0.016028496138194633
375,0.013721032233715706
376,0.014758056193643143
377,0.01487367492080162
378,0.015061218207568823
379,0.014948055206194456
380,0.015166022191961491
381,0.014865093428457382
382,0.015943491700393084
383,0.015692531004490425
384,0.01591122398603381
385,0.015485784462328364
386,0.01527631006512963
387,0.01531007030937345
388,0.015076284115646021
389,0.01577173631649228
390,0.015373647021778946
391,0.015481196621164945
392,0.01589098985662856
393,0.015885096226665917
394,0.015406991436374022
395,0.01495396694388122
396,0.015920889269007955
397,0.015978702414295696
398,0.015385161152437285
399,0.014960895735879814
400,0.015775019713847652
401,0.01589311976970658
402,0.015848593727528275
403,0.014952345868985596
404,0.014558142555539331
405,0.015983193741418808
406,0.014911797746263078
407,0.0155193581381037
408,0.015738287429041257
409,0.01597689219882901
410,0.015665697912160707
411,0.015916639230109213
412,0.015612942074237591
413,0.015527747110860891
414,0.01566103217780409
415,0.015835315454278548
416,0.01436302539130062
417,0.016019373929470688
418,0.015977883227190386
419,0.014893126461984764
420,0.01548450197812559
421,0.015998981118369917
422,0.015313061146160758
423,0.016045165013905335
424,0.015984937799259212
425,0.016061878390176212
426,0.015733129640673298
427,0.01505282979349224
428,0.015497741276408657
429,0.014684665953354043
430,0.015430471689437694
431,0.015426968429391568
432,0.014210127818193866
433,0.014956612101134484
434,0.01585482862680361
435,0.015436902390828353
436,0.014954749196407888
437,0.015994410470055436
438,0.014813090323925367
439,0.014823879152246302
440,0.014161366665991928
441,0.01562839877212576
442,0.015591472305927183
443,0.016044645647995907
444,0.01520014956848135
445,0.014935695631314253
446,0.01584799784279717
447,0.015464047482564377
448,0.015978045423050577
449,0.015851868033949293
450,0.015492135591584306
451,0.015913923509202916
452,0.015797363562436655
453,0.015949022887841762
454,0.013799107939467885
455,0.015783891281325724
456,0.015454006315818478
457,0.016011687213565592
458,0.014519289056592754
459,0.015951674188375627
460,0.01537111941302437
461,0.015303273297109959
462,0.014887664536295113
463,0.015854283250036433
464,0.015332540374558903
465,0.015259350224819194
466,0.014875903133164592
467,0.014929476448215656
468,0.014959656238859208
469,0.01496282990590535
470,0.015735771487353032
471,0.015344980281436382
472,0.015812179009339605
473,0.014977111120354884
474,0.015541851361629415
475,0.014795147980224221
476,0.015475891617667914
477,0.01581984779401176
478,0.015864442214196018
479,0.015031542762562008
480,0.015154097815908733
481,0.015427946290897672
482,0.015274393255128266
483,0.015325891250908986
484,0.01576199671338882
485,0.015583008880391271
486,0.014967297088970388
487,0.016008696391466383
488,0.015883133567199868
489,0.014982507340198237
490,0.015552090731501291
491,0.01554339212589672
492,0.015446654599970204
493,0.015997221461716195
494,0.015452977121198334
495,0.015997555977499554
496,0.014331360865209837
497,0.016012840324211904
498,0.014631521780273436
499,0.016019886414151474
500,0.014992392471614687
501,0.015516898300488082
502,0.014963504885770118
503,0.015052069133149706
504,0.015704682527654362
505,0.013833143859137127
506,0.015259735740280207
507,0.015489868746286306
508,0.01586069110005159
509,0.015992622139186823
510,0.015439637803246028
511,0.015753738395471645
