0,0.048098000233140564
1,0.04220036782935915
2,0.047658185068951406
3,0.04036914806200905
4,0.04033002756586297
5,0.050708549998348694
6,0.04742653606105206
7,0.03174742312960591
8,0.04360103999901592
9,0.03742114046196638
10,0.04267054653088055
11,0.037297473292572644
12,0.03400633873209018
13,0.04595812599506813
14,0.04290400257174212
15,0.049001185852747015
16,0.042563037133937366
17,0.0500332410664144
18,0.04319838522980958
19,0.04827119115194515
20,0.05068371501984563
21,0.036276838195398814
22,0.036474169186866474
23,0.047514917700545306
24,0.0442342303437423
25,0.04884221386410386
26,0.03736200520965475
27,0.045707061120964086
28,0.04435572902253003
29,0.03614401576725735
30,0.036039258448038756
31,0.04469443051062376
32,0.039536137067525866
33,0.05019342575316915
34,0.051584831695004954
35,0.04736069285947684
36,0.04070137266765017
37,0.05264369749834787
38,0.041452001673981734
39,0.04793726239181903
40,0.03774366710663839
41,0.04769466974656576
42,0.05260271256093915
43,0.039703184467449075
44,0.047653763064603276
45,0.04013028519383813
46,0.04394836771126401
47,0.0440138143102377
48,0.047183881183784894
49,0.04314258988963228
50,0.041263864492602394
51,0.04832533720747987
52,0.0479506577515837
53,0.051598344474149765
54,0.03675194703772971
55,0.041739178499325125
56,0.037793010255511204
57,0.037884976274623255
58,0.03624751379270352
59,0.04523329796996634
60,0.03365236339620706
61,0.05257818870692524
62,0.03716049686614225
63,0.04857416804321722
64,0.047875246316729035
65,0.04018405516491349
66,0.04248125952602197
67,0.04884112163956918
68,0.042758444297716636
69,0.040173550238213666
70,0.047523372756781805
71,0.04918302627629344
72,0.05173074496129401
73,0.04919442964981275
74,0.04407191818162666
75,0.046176510264941885
76,0.03932991751985833
77,0.04128322233769325
78,0.04742138846184749
79,0.03881243408142757
80,0.04126902982048168
81,0.05000825706954139
82,0.04276809272699714
83,0.03619896905073543
84,0.0433117011048218
85,0.03705241902504076
86,0.045000129253997566
87,0.046355417615265807
88,0.042486189340964445
89,0.04028616759719962
90,0.04578952304773089
91,0.04935933480345668
92,0.05015163029882098
93,0.04263795263749028
94,0.05167909346413524
95,0.03724194103611972
96,0.05023709690883729
97,0.047670248290428686
98,0.038838211730670244
99,0.03730327168829342
100,0.03304508058918338
101,0.03475412154752307
102,0.03849346845485157
103,0.04885993366675839
104,0.03630245896494668
105,0.03952490006401632
106,0.03218916643661977
107,0.04416269028693369
108,0.04170738688946635
109,0.05290549975703561
110,0.04465310555022964
111,0.04287992829766201
112,0.04764956172899564
113,0.03731863741245102
114,0.03461889467448859
115,0.044647523528575234
116,0.039370441671814284
117,0.04869383478129179
118,0.0452294061614608
119,0.04196346565128413
120,0.03398486296333104
121,0.036454708243610634
122,0.04323988569988252
123,0.04971267284317463
124,0.03997656843618132
125,0.04990600135040536
126,0.048790577441802846
127,0.043055439586653844
128,0.038704163932192386
129,0.04224843384625406
130,0.04916716024262895
131,0.03797720203051219
132,0.037063893210519804
133,0.046162315472133675
134,0.038408144253229026
135,0.04465055794437411
136,0.04246560058554765
137,0.03863360802970196
138,0.035711685811771796
139,0.038709107008268406
140,0.03785074921839817
141,0.04986150286224102
142,0.043369244209972076
143,0.04667944106515299
144,0.03984171366291813
145,0.04702981165133946
146,0.047780041511453646
147,0.0463196672235416
148,0.043753504689002375
149,0.031775892702944133
150,0.052447635666152626
151,0.046886713367599905
152,0.047925040117341895
153,0.04671080763141154
154,0.0437339424526047
155,0.037449060838371406
156,0.04945818645475495
157,0.04200652735562469
158,0.04543638209832367
159,0.03664914500560014
160,0.04861676355863937
161,0.04251903958378608
162,0.050340706228750434
163,0.038186546043608174
164,0.04726519677211711
165,0.047120162342070795
166,0.04926508720488798
167,0.03855893180862341
168,0.043355814518862154
169,0.04387428000607643
170,0.041739586022188045
171,0.0365089354505869
172,0.04918772364832225
173,0.035304957540589994
174,0.04239040437280858
175,0.048605465903207364
176,0.04513706023146049
177,0.05033610866193165
178,0.038450338566035074
179,0.04534213370615315
180,0.04858023865015338
181,0.04388411424268544
182,0.03898329288896602
183,0.04438102585046646
184,0.047582386778413435
185,0.05079095962383756
186,0.04238819355875115
187,0.04098729399455257
188,0.04909052603100263
189,0.04039872911506145
190,0.03876901556958714
191,0.04469292870956914
192,0.04418402272033393
193,0.044526784662881874
194,0.04066580138817204
195,0.03721015459704192
196,0.041072023986327776
197,0.037373221065937955
198,0.042523371180976634
199,0.049124312077356874
200,0.044548023841115204
201,0.04376419704317259
202,0.039396774617539036
203,0.05051521757667392
204,0.04198338819494385
205,0.05127835118218315
206,0.044057717805675724
207,0.04291985853632385
208,0.04377201565323109
209,0.04611744112021529
210,0.04328885134194847
211,0.04242692277282744
212,0.050523856020338924
213,0.04026563487252233
214,0.0530935480562044
215,0.04626881234193198
216,0.04846956571064749
217,0.0458279578731652
218,0.04577007421754164
219,0.04704823812758633
220,0.04569947762886509
221,0.040012930437974735
222,0.038226735772486906
223,0.04909032967907075
224,0.044694597644076656
225,0.03683067710570802
226,0.03977117934348484
227,0.03947896649426146
228,0.046804587641560536
229,0.04682429926261674
230,0.04708235010484253
231,0.03756332367491635
232,0.0505399498840483
233,0.04216852679780632
234,0.036987455501661985
235,0.047309794908105864
236,0.04786571057454118
237,0.05238872867036733
238,0.04533217800441915
239,0.04388137756935468
240,0.04256442405534962
241,0.043262416514844686
242,0.05134711617290977
243,0.04475385833501009
244,0.03920796967391686
245,0.04735299280327076
246,0.049175977317727736
247,0.049458655308747504
248,0.03870431718631267
249,0.048593625455845654
250,0.05287367058263015
251,0.03498261319772781
252,0.040094402105895884
253,0.04415431165975979
254,0.03786962888624305
255,0.03983835200243602
256,0.031654028800055974
257,0.0435098970260187
258,0.044281373718356144
259,0.045701760581801726
260,0.036226270814725445
261,0.04181651792708607
262,0.04430470396394524
263,0.053395188505177237
264,0.05031969964662195
265,0.04756560607684986
266,0.04295818948624637
267,0.05084818359172888
268,0.03669796389705975
269,0.04812414369649114
270,0.0476826695871182
271,0.03912429361739814
272,0.0427086067650272
273,0.03794377811916154
274,0.04664941017032875
275,0.03904714445251278
276,0.04852709059465459
277,0.04400398789829246
278,0.03574953634394836
279,0.04647222241542121
280,0.035431466629680705
281,0.049801669088616704
282,0.04175447103745923
283,0.05068692859418972
284,0.04275191627762657
285,0.04533805423641718
286,0.04424946325786206
287,0.049084346635841304
288,0.042201622279309535
289,0.05034444880981314
290,0.048654878080558586
291,0.04790057382257006
292,0.04821606415134188
293,0.04088028312834681
294,0.04998966609848016
295,0.0481981133300184
296,0.04624731777354852
297,0.04537726035703656
298,0.03286310232624932
299,0.049295961878911575
300,0.04308226467190632
301,0.04960600416044086
302,0.04454748310658554
303,0.04296422924925163
304,0.04629373769210949
305,0.04009017458961398
306,0.04032617048727313
307,0.04120709256633155
308,0.03693806706850059
309,0.05056742248986778
310,0.04705404071246328
311,0.0384128266585491
312,0.044579941833274135
313,0.03812518915516427
314,0.03553177290478648
315,0.039685818722374935
316,0.044734333800434255
317,0.042460976608969934
318,0.046089217217976146
319,0.041539397363444634
320,0.047816415678061365
321,0.04650118780753492
322,0.04397151786408936
323,0.04591085931171684
324,0.03782543989717916
325,0.0467684363458151
326,0.043379595350451085
327,0.045914509277105955
328,0.051196771987197104
329,0.048668480089807335
330,0.033427378802105674
331,0.04416414396842779
332,0.038018865579094
333,0.05300415462406918
334,0.04739005609361905
335,0.04811100313143422
336,0.04116340739355828
337,0.04459982226190537
338,0.0449050864774984
339,0.042012480575783676
340,0.04131840911035766
341,0.03819443360619171
342,0.04465259908892756
343,0.03727962131088599
344,0.04357411047891127
345,0.037220909351930384
346,0.04142724234760628
347,0.04475391029893488
348,0.03580091135818952
349,0.04242687746364658
350,0.03749399419225332
351,0.04212534547327311
352,0.050488245769453856
353,0.04849821696548569
354,0.03709804616280508
355,0.045851358499401175
356,0.04605198274244071
357,0.034588579765692434
358,0.04548962407529932
359,0.049595508877148545
360,0.03490382067535513
361,0.040599366561563426
362,0.039530988741206474
363,0.04899123518022776
364,0.04188547476921157
365,0.04889862616422258
366,0.04588702337229244
367,0.039277869878459916
368,0.041414981456424235
369,0.04973316234585928
370,0.04505706653756314
371,0.04564995197890413
372,0.04072579559760911
373,0.05131858585161525
374,0.037784147034041225
375,0.03946167300714367
376,0.048488311400219614
377,0.04270447381442359
378,0.04678123649304467
379,0.03883463982355598
380,0.029938338342828334
381,0.038470660067559885
382,0.043048819433251964
383,0.03653712823125456
384,0.041118093792003006
385,0.04738183542645057
386,0.04327806663803242
387,0.04722271372314879
388,0.042382918205963814
389,0.04320586076965665
390,0.04666959156531048
391,0.04015668344350099
392,0.04657775649974619
393,0.0472961770624886
394,0.04422779275698187
395,0.04553476895453909
396,0.037395208413043356
397,0.038871112489894694
398,0.046471377112925566
399,0.04192559581723022
400,0.04715879680299326
401,0.0414095556103611
402,0.0414507382468121
403,0.04239281229027284
404,0.047908811056472676
405,0.04600259889608483
406,0.03609491774536589
407,0.05078257657355658
408,0.04672059542962812
409,0.04116684393814222
410,0.04882738526264354
411,0.05266407185137546
412,0.038142836943590996
413,0.04836449544867219
414,0.045906726919790516
415,0.04079994762476695
416,0.045831807489735074
417,0.041708765152763984
418,0.04825868642959685
419,0.040727361842144906
420,0.044318457663389973
421,0.04724889518386937
422,0.044384401317887665
423,0.04596846630166983
424,0.04634755469664454
425,0.047501450235397445
426,0.039299921995751476
427,0.049660543905878124
428,0.05217206392991234
429,0.045187546822688066
430,0.04006590419765033
431,0.037353069788733706
432,0.042294650045917224
433,0.04337675931140732
434,0.03899028552787893
435,0.045321949309770126
436,0.049017275157682644
437,0.05085121161605932
438,0.0448891867612179
439,0.04485104181995183
440,0.04348450310201925
441,0.048950762018979056
442,0.04678113451753933
443,0.050288137471808395
444,0.0417911134779988
445,0.04955074859189534
446,0.04689838644079544
447,0.037670195448168076
448,0.046318420045873915
449,0.04171759081837825
450,0.03618126606136791
451,0.04684264071318196
452,0.04076191858455376
453,0.0421159988570787
454,0.04450129579489021
455,0.03631771316715796
456,0.03591142436319428
457,0.04960465552227119
458,0.050620658753959664
459,0.0347091932027624
460,0.03963669122074392
461,0.04101778714918908
462,0.045043570866960835
463,0.04908760568196959
464,0.0489685700582583
465,0.04386633396287393
466,0.053246220001642676
467,0.048245473379634585
468,0.04957410466277062
469,0.049785054213315375
470,0.04922085126876313
471,0.042671983638119644
472,0.047859408118782226
473,0.03929343838563023
474,0.041266110757380375
475,0.05087500233479123
476,0.046990607848367616
477,0.03973612302260037
478,0.05032951230583047
479,0.038988815515358925
480,0.046035727698220674
481,0.03434822736175476
482,0.04155812910770429
483,0.04150919713843034
484,0.041016345735675044
485,0.040311909758369825
486,0.050861199358159914
487,0.043754951315800324
488,0.04700241885862945
489,0.03992384183052294
490,0.04673405364294817
491,0.04781522299416749
492,0.04858800004685131
493,0.039907566708481404
494,0.04601212903066709
495,0.04321768986538258
496,0.04571116361985526
497,0.03897130964679845
498,0.0507625430329898
499,0.034364637684736854
500,0.053131925123145095
501,0.04925871689453429
502,0.043177364038990924
503,0.048899296456632484
504,0.049937003269794875
505,0.037106506248901765
506,0.03498424045608196
507,0.04807160364383636
508,0.04863310248594264
509,0.03268378105281984
510,0.04412836245488713
511,0.049498259936829485
