0,27.64760268198426,33.979914304074946
1,25.881542058601347,33.88455832073017
2,33.88455832073017,34.03361764004156
3,24.980773949106396,29.41176470348567
4,26.92417629059794,30.80152024230227
5,16.57211391174648,24.940113074206746
6,21.89875414016702,26.92417629059794
7,19.98526581024539,23.75211520408181
8,21.89875414016702,29.29972385416112
9,25.881542058601347,34.03361764004156
10,19.98526581024539,30.76017082059328
11,24.940113074206746,30.55886119613369
12,28.095195485163185,39.3290825119395
13,23.75211520408181,30.76017082059328
14,16.57211391174648,24.980773949106396
15,39.42573935689388,50.024977944531535
