0,0.1414809462585586
1,0.33914434117095366
2,0.23920758072904885
3,0.2919716087975839
4,0.18099091676562706
5,0.25734042381544625
6,0.3001486142760108
7,0.24948041227246906
8,0.27909128896047336
9,0.3181277526698805
10,0.18038762374981035
11,0.301196475003667
12,0.2704679164099928
13,0.3107270929371554
14,0.2562255779822382
15,0.13466250522645345
16,0.21924898056479245
17,0.3135551886537093
18,0.11239207030246968
19,0.2225067927951544
20,0.13980361770121918
21,0.19622959694988504
22,0.22848018468995124
23,0.28669201067575645
24,0.30039807440119126
25,0.2630883865555825
26,0.25538685657737287
27,0.13072486354826615
28,0.34353669939816456
29,0.25404013566052963
30,0.3232070351773614
31,0.2575992675703491
32,0.17367971918467373
33,0.27247698138284593
34,0.19313643949397555
35,0.2503342502357129
36,0.199303551599227
37,0.18880122516562103
38,0.2863109888254569
39,0.1418599448957091
40,0.26907152751169466
41,0.20238722461616554
42,0.2866858010573624
43,0.14006091025274653
44,0.3028761712933507
45,0.24261392123061074
46,0.2608903464643179
47,0.28650701928497846
48,0.267163837225561
49,0.15279354046861904
50,0.14445368109535928
51,0.12819830543041963
52,0.1644012442809046
53,0.33276439621142545
54,0.3008255376409388
55,0.21055672977103057
56,0.30173033145086187
57,0.20794153535358056
58,0.218095566607913
59,0.1136565191974103
60,0.22067387023094626
61,0.14372892868033063
62,0.30101470796241675
63,0.27409735346320774
64,0.2895753510930437
65,0.28314556204556995
66,0.3039830207521319
67,0.2452032998488389
68,0.25919564221378194
69,0.17855191398495768
70,0.22751218677229187
71,0.18975347793359162
72,0.13613796459452182
73,0.25428768325626105
74,0.2644969192975013
75,0.22173563019816478
76,0.2654253196490489
77,0.24242578363880618
78,0.18161325299930428
79,0.1799974805434609
80,0.25957362812425083
81,0.26561670537596377
82,0.29284370463988707
83,0.26181435268568326
84,0.20173313082167588
85,0.1995697108754076
86,0.2531120319452441
87,0.26820270376132105
88,0.3114264921872822
89,0.18956051089267806
90,0.2751806152079852
91,0.29582984299831233
92,0.225278305584729
93,0.31688550980353697
94,0.3218349450500898
95,0.3021702865268704
96,0.20697534923929473
97,0.2509315720485674
98,0.2818333735037434
99,0.22485097445686072
100,0.2633227550828954
101,0.25779761470207835
102,0.25936939183395746
103,0.2797318594761526
104,0.3106267249493061
105,0.22907134707706842
106,0.2535165487697127
107,0.32053660626201125
108,0.06183622132811995
109,0.24385617504853235
110,0.17551136352811264
111,0.30072312189634914
112,0.23869903662968567
113,0.2278717389766974
114,0.09132769806158951
115,0.1860150433188773
116,0.14353061706091724
117,0.09627160375599059
118,0.22404305261104665
119,0.3358654525459213
120,0.2550358022978351
121,0.2529894458978337
122,0.19993046786087249
123,0.19979819943880742
124,0.24698351196235743
125,0.25730028903394253
126,0.22093298440089634
127,0.18403150344446637
128,0.07408488615413425
129,0.25385343612651223
130,0.2635120233370667
131,0.26721973332141447
132,0.2646640716507962
133,0.2149039532718382
134,0.26366560114005283
135,0.2690200550062083
136,0.25936377539263855
137,0.14239926231566427
138,0.2585299408503953
139,0.26124851515630165
140,0.28126117202421513
141,0.21626379781095142
142,0.21764667091500867
143,0.2495668774550399
144,0.29705598847564607
145,0.23024609462106818
146,0.24278750151429634
147,0.2261846575420883
148,0.24258874805243066
149,0.1729954873331667
150,0.22544208513945274
151,0.22163758810527978
152,0.2606678906779778
153,0.2499189788438962
154,0.17168450440285285
155,0.0887867440329041
156,0.19681093003315442
157,0.3107045105586847
158,0.2594521817582834
159,0.28722832021814415
160,0.20428689165237676
161,0.20958594850750867
162,0.254009354941486
163,0.24499893006070395
164,0.2603312648474032
165,0.254827361151693
166,0.29054686454976514
167,0.35475685487053943
168,0.27063234716796614
169,0.25752369860352864
170,0.14452124799359772
171,0.3186379597685177
172,0.23341940528112876
173,0.11558237492585893
174,0.2492934270427948
175,0.35005333463350435
176,0.24708021291490528
177,0.2278486634721999
178,0.21752198415439275
179,0.2731576248287634
180,0.2393015221430235
181,0.2803995899087781
182,0.29385355491881376
183,0.18506252143012375
184,0.23855608776751785
185,0.3517694950611866
186,0.25560657259694336
187,0.2948895863324224
188,0.14993091744553155
189,0.27826924455157687
190,0.2707807514522793
191,0.3096000082038662
192,0.2619343490085904
193,0.14298229394349957
194,0.2806882040434736
195,0.2810983903086204
196,0.12984731698270283
197,0.23711670263380677
198,0.23850637834939722
199,0.24582636773703498
200,0.24205208943896808
201,0.19136735510406358
202,0.2776352751756892
203,0.1492821836762931
204,0.2983858864247692
205,0.2249677131393093
206,0.277868336871583
207,0.2689389311849664
208,0.2058980643625578
209,0.09437491779159851
210,0.1992873038569348
211,0.27777902270151367
212,0.2892258741979418
213,0.24022554052889214
214,0.232880328553514
215,0.3353783402348379
216,0.29666349617371934
217,0.26560365689175874
218,0.2117990524242105
219,0.22576619891860053
220,0.26917091274016447
221,0.22919663849628724
222,0.31827961635653906
223,0.08247272072087547
224,0.19086006698570307
225,0.1721249998076224
226,0.28968335595224637
227,0.24284395372030776
228,0.22114031807689127
229,0.2826096533166093
230,0.2638600619245493
231,0.09803080502482554
232,0.31583248297563443
233,0.14703328683791828
234,0.29827416149554253
235,0.25020466909837275
236,0.2779870451822391
237,0.19992252546065184
238,0.13175322160390057
239,0.20532664042837623
240,0.3485382548921167
241,0.12530114828525385
242,0.16827614416010722
243,0.3488810055776559
244,0.26445048243333735
245,0.2552687430680263
246,0.18816721307386236
247,0.26839257607697725
248,0.0948080617871971
249,0.26280743281086727
250,0.25917294450464706
251,0.1512273684855316
252,0.2591943492208017
253,0.21686175186260617
254,0.23494904125530877
255,0.27542394153383815
256,0.2543001213605923
257,0.3046969679677321
258,0.27718908178249807
259,0.2513951051895466
260,0.13952086059795268
261,0.2559550807489164
262,0.25851583493349495
263,0.1377200357494281
264,0.26825536771847003
265,0.21898317844854664
266,0.3522543389379345
267,0.12209846449398043
268,0.23590966169667504
269,0.23818154504533945
270,0.14371968132908527
271,0.1451017738168597
272,0.2871020198179173
273,0.0853340696217853
274,0.24967661844309105
275,0.25397040926320397
276,0.11080959912530162
277,0.27953466924325227
278,0.18796519407984863
279,0.22956228775801754
280,0.2825214159309852
281,0.3496875581514785
282,0.28241331531106456
283,0.2729826679285034
284,0.14948352688819316
285,0.21266881273054478
286,0.25076323941069223
287,0.2954086222877478
288,0.22807363241202422
289,0.2769065764965593
290,0.2562676384432622
291,0.1494943189555908
292,0.22311540213586542
293,0.16922197439985895
294,0.2877369088600149
295,0.3483529036203825
296,0.18396811352351744
297,0.2602565864231821
298,0.3320121606593223
299,0.22551716801513733
300,0.13128411429116071
301,0.2575657170462113
302,0.25195656698375757
303,0.2517984780626143
304,0.2503187583583599
305,0.1892320566980781
306,0.10781660155300825
307,0.2203253166414723
308,0.2458714468724746
309,0.2605054273417073
310,0.31766613366016117
311,0.13104168032874774
312,0.14729456448050912
313,0.23442090945194938
314,0.12725916667722534
315,0.11566791421304605
316,0.11597532814795085
317,0.30362672552356884
318,0.31006491295090194
319,0.268103453250319
320,0.2568489626067257
321,0.2056590153599549
322,0.2377590854974084
323,0.29979897466437194
324,0.3317726787964768
325,0.2408729560248723
326,0.35726893253654546
327,0.13846256140044694
328,0.29332242638946615
329,0.2620752103466501
330,0.3274107849531748
331,0.2585309667790681
332,0.24247678086915644
333,0.2410807568021945
334,0.22190867649915202
335,0.3029986245174657
336,0.2741352084998854
337,0.28691578025515635
338,0.23502661634590707
339,0.3367566056310134
340,0.2774725404367193
341,0.2580069667733026
342,0.2151429908492093
343,0.17989787774300187
344,0.1593174790830859
345,0.20210596514354853
346,0.12888188253969832
347,0.29356379469531335
348,0.11712580849563821
349,0.2319016939381495
350,0.25212272797637914
351,0.20519664472700036
352,0.25957958858138636
353,0.2264840459392386
354,0.1301706562207996
355,0.21595437272729076
356,0.20586409872495814
357,0.21509605486301908
358,0.26618457026857517
359,0.2859851353923188
360,0.1968085856648343
361,0.3522447068825254
362,0.35050518940958825
363,0.2214898496842993
364,0.1972405655850252
365,0.19233961595954618
366,0.27178780300475985
367,0.2533845703404452
368,0.31559720231766136
369,0.1740789215391557
370,0.29422043970805395
371,0.2051734014455687
372,0.2642764378808005
373,0.19830462726238324
374,0.10255456821703013
375,0.303921194813616
376,0.12263828917737304
377,0.2970284219840651
378,0.22793153320547974
379,0.18216689560153165
380,0.30765303675823874
381,0.34648544494761274
382,0.3581055748594498
383,0.22008309528970965
384,0.08137016042236363
385,0.34330593381434066
386,0.22275862276290773
387,0.24202759500908422
388,0.26583228147123544
389,0.1825890433345636
390,0.30061987624909686
391,0.18506457770908236
392,0.25613141844118026
393,0.2369967812692769
394,0.29953647342028855
395,0.334417972820369
396,0.2567776195307388
397,0.23079974822574967
398,0.20232638662552613
399,0.2089369506015242
400,0.17309466162737142
401,0.27397653073468964
402,0.24778671062728186
403,0.14207219554604109
404,0.2551194665921593
405,0.14048097557008274
406,0.23429312612064151
407,0.11810790396057637
408,0.25480080807031785
409,0.21417550357234674
410,0.12869911194092
411,0.24927472497457653
412,0.21352908116529354
413,0.21962914738807074
414,0.2769315521942183
415,0.09050701558618204
416,0.2818657810547848
417,0.28787591712992505
418,0.21883642642591133
419,0.3515405959406153
420,0.13198986637144838
421,0.21104829319570445
422,0.24196018640066036
423,0.2942810490560242
424,0.25586390381965607
425,0.30504309156760795
426,0.28788991022161436
427,0.28307545397812167
428,0.29661750621977095
429,0.34017127927345386
430,0.24714511231637862
431,0.27237946862072343
432,0.33721124515611434
433,0.11132365167164468
434,0.30566524014673935
435,0.3096374419494388
436,0.32173267650433185
437,0.27629753968098864
438,0.19687082582791024
439,0.2952150887870182
440,0.14582065363147678
441,0.2992860858930283
442,0.23821654509002174
443,0.2113419845956809
444,0.21943180787195918
445,0.319104636369081
446,0.2601645997381938
447,0.27539254382465034
448,0.26250832215861314
449,0.28479275869973875
450,0.2265535573562445
451,0.10933709915424407
452,0.3048993037558007
453,0.21882279715449773
454,0.2801848033899681
455,0.3138036490029496
456,0.31722362698526113
457,0.333855342037217
458,0.25179819655364716
459,0.2666490603419716
460,0.2617930705081077
461,0.2291609986708526
462,0.31588134652621525
463,0.3185419938304887
464,0.35078767219322904
465,0.2987262188996866
466,0.23413114717756733
467,0.24764748051191104
468,0.2597147033302069
469,0.24142834144791744
470,0.22756979144133538
471,0.29951961032870034
472,0.23713432765444448
473,0.2200103798560927
474,0.3580214081641979
475,0.26623826246273136
476,0.2593561643694601
477,0.24423060949152217
478,0.23816994625710103
479,0.22859494024510743
480,0.3270840618786705
481,0.16332972552559502
482,0.2575156335652249
483,0.3119391003364968
484,0.26499511535915615
485,0.22401176374830348
486,0.2764360769103757
487,0.22381299095683355
488,0.3464682795105317
489,0.08781518039499317
490,0.19033998422456092
491,0.2471492097190234
492,0.24401077557699824
493,0.30335628636471057
494,0.31822344599745084
495,0.2780236139945339
496,0.312510354365558
497,0.23632805619285122
498,0.2532046940252339
499,0.1854716991198232
500,0.22381125964028614
501,0.13785818009262005
502,0.26522452825299586
503,0.18900141524530037
504,0.3036495006878938
505,0.25405551222264483
506,0.21806722991617772
507,0.23734226563442873
508,0.11914243405385132
509,0.26078259337350856
510,0.28036900482117066
511,0.3149172202912743
512,0.22598051003167888
513,0.21011276036427487
514,0.2456619598218142
515,0.14773498301933957
516,0.2741951489704171
517,0.23875600480573222
518,0.1039290031211667
519,0.2331860143242068
520,0.1878005799605148
521,0.3009920791367631
522,0.27105764631472384
523,0.3339164130809195
524,0.28383005997936434
525,0.21815779866168067
526,0.2587533633879266
527,0.12870798494054866
528,0.22670423545044638
529,0.2404489345989498
530,0.3312771111361244
531,0.20978366775252322
532,0.2708628479945225
533,0.2106624455992752
534,0.263227481902296
535,0.2807320921052159
536,0.31830308230479065
537,0.11729569954342811
538,0.2617135686140316
539,0.1849043046783913
540,0.25362489645975
541,0.10144547773363416
542,0.31564938298395123
543,0.272276873006999
544,0.22196977327373454
545,0.3319346459421007
546,0.29213731435484214
547,0.2175304220363962
548,0.201280426219623
549,0.1963679407173846
550,0.2856946554645681
551,0.3083317577299055
552,0.2454782650519492
553,0.25841092089238993
554,0.1976067856649608
555,0.17636793895172315
556,0.26495775551192996
557,0.2425265402516275
558,0.2649146897210299
559,0.28780141008898413
560,0.18027138555674532
561,0.2797746851821119
562,0.2926860376594947
563,0.20382790156371608
564,0.1077241876146762
565,0.25323005999190373
566,0.19500828437325196
567,0.2905611786347584
568,0.16449524723070338
569,0.3006647204111956
570,0.3363847727948531
571,0.2390725862525177
572,0.34046418966326814
573,0.29574899590236337
574,0.2936399102900394
575,0.2999727510085929
576,0.26913537803015763
577,0.2305166473988331
578,0.29058922004895815
579,0.1781026967562697
580,0.1842472998335025
581,0.2943989441801728
582,0.16558120057696943
583,0.21966006290412907
584,0.22414336030842083
585,0.2908963887239894
586,0.26903644910767255
587,0.3174551908722658
588,0.2638089875572617
589,0.2621495998753062
590,0.35197706269988527
591,0.09699248396043042
592,0.19837902798260662
593,0.10625645324553183
594,0.32026828930875484
595,0.2537040237038511
596,0.3506152196525541
597,0.3009159477090803
598,0.2916918701049431
599,0.05912351127598153
600,0.18973388300477123
601,0.2837717661564151
602,0.23527996436809617
603,0.24156813889506384
604,0.2736091538750857
605,0.3087057850832968
606,0.3387436293912547
607,0.2187132571554352
608,0.29645927345737944
609,0.26381627847393113
610,0.2205669272656984
611,0.2703387538300479
612,0.07538650577367766
613,0.300005329405844
614,0.25199712792380274
615,0.17509117585806022
616,0.19590420004378434
617,0.19793588850690833
618,0.21488409060327085
619,0.25487263826399786
620,0.2790498524960447
621,0.21796232665818552
622,0.2160944584736525
623,0.33558828090577675
624,0.2926614987044733
625,0.24712144975996087
626,0.19985891638252237
627,0.3530440371407037
628,0.20535911944372737
629,0.303349426606812
630,0.2635729870502275
631,0.2509974410500267
632,0.2489252484926463
633,0.3122904129962355
634,0.2827078961111651
635,0.2097940213611706
636,0.3054359447025681
637,0.13631431160777518
638,0.23239020121310075
639,0.18059760153447607
640,0.29254251237938245
641,0.28234721498327225
642,0.18869583696971942
643,0.2972476734372944
644,0.23792322130672003
645,0.1592676827217151
646,0.12079686481227984
647,0.10318023638291549
648,0.2829872662620321
649,0.2999042681840236
650,0.12548051326667636
651,0.2643268992734691
652,0.3121082036185058
653,0.29258153587964325
654,0.0707643407762918
655,0.30431030036432
656,0.22145419324934648
657,0.2983892501965126
658,0.2986921843810759
659,0.31834648000194066
660,0.24217322626643883
661,0.20909804056344214
662,0.278466871915538
663,0.28316921191871564
664,0.18675248141267567
665,0.19457410924619895
666,0.11799852609210484
667,0.2927900246510011
668,0.2572079266443555
669,0.19961258716370048
670,0.2510543844637327
671,0.2483217698833295
672,0.185240408793825
673,0.18221452646241615
674,0.29149740831515514
675,0.20613518071941372
676,0.1851799975109359
677,0.15582470991873343
678,0.2828753659135037
679,0.3048187444315797
680,0.2771017807580709
681,0.2635416289161321
682,0.20335481691318835
683,0.312488880397701
684,0.2678517284556479
685,0.17998953197092327
686,0.28350204076884666
687,0.16113973082206404
688,0.22455792260525592
689,0.30707776832935774
690,0.3053192688477988
691,0.20620362652489052
692,0.0549248110876367
693,0.24073464539605405
694,0.33695243968023203
695,0.23302908079720608
696,0.10425329504616783
697,0.2178981745611068
698,0.26565797556955806
699,0.17901455460873328
700,0.27905314077437415
701,0.2735378143343284
702,0.27819415538590386
703,0.25587167653196785
704,0.08994604399607584
705,0.25122116209464196
706,0.26259613509513574
707,0.32203524482063833
708,0.23635848275975985
709,0.24385363211234526
710,0.2426657542100477
711,0.30349466083820964
712,0.20744787152393845
713,0.310375835188007
714,0.25703770818365224
715,0.12330720213789757
716,0.10769953473683916
717,0.16911498384472343
718,0.2488904532541931
719,0.35404557849081203
720,0.2535464736820373
721,0.18335392078522642
722,0.16433367388596445
723,0.32826167092872705
724,0.11464447745986586
725,0.17024606648002047
726,0.28106465939679104
727,0.15035417130175077
728,0.16943515601840603
729,0.2767729525573651
730,0.27295190041246375
731,0.21638673678866002
732,0.260866584491838
733,0.22449656326250184
734,0.09585461012466837
735,0.1799676981134566
736,0.2575967107681695
737,0.2527564773813559
738,0.27431568778575516
739,0.2804387093101372
740,0.21556112225600926
741,0.20823141214960084
742,0.18785060405042112
743,0.1619752266292212
744,0.10451048295459982
745,0.16381242688250988
746,0.23735470680985787
747,0.2563063017515815
748,0.2579127608256167
749,0.2580301406471918
750,0.09225264298782841
751,0.3168576424255972
752,0.229045594889719
753,0.26015929735796517
754,0.2669224897748427
755,0.21648554842192436
756,0.34024178005364203
757,0.14527796730100462
758,0.1294839112264448
759,0.3512035837414188
760,0.25202587676762495
761,0.24470257895005962
762,0.12705438982136913
763,0.24517731697078796
764,0.2129602845670955
765,0.19004223176909996
766,0.2604621519824081
767,0.2790210123265266
768,0.27258858438839056
769,0.19159587539631914
770,0.24446540371208358
771,0.24795633515317672
772,0.265298699614277
773,0.3518780052264168
774,0.16072239190027457
775,0.20353762487873808
776,0.1959709590259112
777,0.23514632025365853
778,0.3018444873901243
779,0.24639661029303145
780,0.33152063457108316
781,0.1274817146948753
782,0.18431019304824417
783,0.10518527622382816
784,0.20900063695784463
785,0.2870086767050172
786,0.2703191387987203
787,0.15438320385724752
788,0.18661918184671347
789,0.22788255112491942
790,0.2601373535555211
791,0.18195067505621162
792,0.2512566534792023
793,0.24885085906669735
794,0.16965380814638664
795,0.25485547834236155
796,0.2487417736376004
797,0.2524067771588926
798,0.254087721194539
799,0.22366884266144604
800,0.22236383715705557
801,0.2503039283941772
802,0.2636295989286461
803,0.2601122385216215
804,0.23752409425639467
805,0.23651199572950218
806,0.2174467898343606
807,0.12948863566283306
808,0.23334097030819248
809,0.2564592958481948
810,0.3097497237981553
811,0.14780831608893752
812,0.24465090239963055
813,0.07995760040106319
814,0.11991420054047905
815,0.23845071504461393
816,0.12388877263700665
817,0.1577051459369324
818,0.1935439216239825
819,0.31103464674161235
820,0.21698298323815163
821,0.27462732884445284
822,0.20115791562181592
823,0.24600971688417037
824,0.17171976151456458
825,0.25355781106794817
826,0.2771649237431966
827,0.3491893691984253
828,0.21939794230926452
829,0.24601730033906616
830,0.2726550850990625
831,0.2503003379608645
832,0.18896492116244884
833,0.2633577266673024
834,0.16713187934016838
835,0.2737613389386576
836,0.23788508959631835
837,0.2440397628864582
838,0.24828421262023453
839,0.3384211985801289
840,0.270389195207107
841,0.12223350062555588
842,0.22965697884139294
843,0.1442267915833077
844,0.2535796641705034
845,0.3371410297301275
846,0.3093612005368208
847,0.25301445690767566
848,0.3310579703156972
849,0.2730159102479374
850,0.2515945219311854
851,0.2529170147296811
852,0.2852819993570643
853,0.2964945288563624
854,0.3424492637050066
855,0.2693142219822272
856,0.2754119852890401
857,0.20971205182804872
858,0.1540137127712866
859,0.2243441677069266
860,0.22618505647597273
861,0.2562658303656881
862,0.23546697608671222
863,0.20714305633195318
864,0.27330046574453903
865,0.15746698978934714
866,0.2244095295118282
867,0.3168084075833426
868,0.2813510678740324
869,0.12148853184757256
870,0.3080661480556736
871,0.25785851251172776
872,0.24186459092240242
873,0.15373655181985496
874,0.13568531431805453
875,0.230748282145495
876,0.33391429604431494
877,0.26925941532630737
878,0.2610903131216509
879,0.29984559391764287
880,0.2289086729302733
881,0.3279185423401721
882,0.2787077405971076
883,0.192783875678245
884,0.15724598649585936
885,0.20342761403449314
886,0.2788773151568024
887,0.23709287501273796
888,0.2632935394345007
889,0.24077493072673684
890,0.24757489123130527
891,0.1903642872681335
892,0.21639832301814033
893,0.2966941428356764
894,0.30730331684207507
895,0.2296165019914537
896,0.11950122455156069
897,0.229016526053307
898,0.29532907841583944
899,0.2603274460550067
900,0.26076417573599286
901,0.2738258499066501
902,0.27700787343318445
903,0.3072601507782536
904,0.2537384031655528
905,0.2459824413017907
906,0.2538142794566207
907,0.2746532604742148
908,0.25926116351776635
909,0.24966945652293715
910,0.2533379534871366
911,0.1423913141586794
912,0.30393684943158095
913,0.1198014834646338
914,0.23934484329860076
915,0.20194193255142287
916,0.281116590929239
917,0.22784887636915424
918,0.21938179536716915
919,0.23979988145814343
920,0.25125451349342265
921,0.3082793242041655
922,0.3002418400465201
923,0.29998357302270456
924,0.22411868654446843
925,0.23137187607213508
926,0.19451372358354727
927,0.20514298768815523
928,0.1959049002656879
929,0.3108828861803581
930,0.20084180182945646
931,0.31695397737548875
932,0.22028470892234592
933,0.3265286813530069
934,0.3070880429581868
935,0.31835641279936067
936,0.2941901123442988
937,0.291505996008527
938,0.15600011166618472
939,0.16138338743216477
940,0.25152882686771644
941,0.2724036387391534
942,0.2523892941634193
943,0.18151393088740575
944,0.137293773134024
945,0.22984616568303207
946,0.16535118732144763
947,0.3002448808282634
948,0.2556065899617293
949,0.32907703330516175
950,0.29158150476515415
951,0.25271011205182325
952,0.3127194088015135
953,0.21327465708623708
954,0.22706473848848166
955,0.14418912468547587
956,0.3550863768365473
957,0.31798348173552043
958,0.2810747653594482
959,0.20357448523930627
960,0.1753973047483746
961,0.09312482929953415
962,0.25192937606718074
963,0.22833227592628555
964,0.09673400320996803
965,0.2354310203732504
966,0.2573394462617045
967,0.34342995818863803
968,0.2506957578436119
969,0.23276207166839102
970,0.27187829496698296
971,0.2787154318614451
972,0.19172599466319948
973,0.09473036023072233
974,0.2952041586701709
975,0.22325526920885566
976,0.2545796016231225
977,0.15105499208181836
978,0.29882740531436575
979,0.21120974380705007
980,0.25421931440651097
981,0.062272026980363805
982,0.25118995975879477
983,0.2733881450815557
984,0.3076968142291962
985,0.1449193829044138
986,0.2379907829995663
987,0.18942575893145652
988,0.13964555942467324
989,0.2934468079385334
990,0.28584603400992215
991,0.23476079252658524
992,0.10904056349202337
993,0.19704768016915492
994,0.0888360235596375
995,0.22731590019267645
996,0.31204669786542594
997,0.21985438775718522
998,0.2140786567362437
999,0.23892284802723585
1000,0.2521413661922507
1001,0.09952450927978641
1002,0.22687835272278006
1003,0.2355844031709467
1004,0.1932808220821281
1005,0.23318051794248665
1006,0.2986742956322265
1007,0.27335703827416385
1008,0.17430975194868764
1009,0.2611659494039532
1010,0.22110452841255177
1011,0.12912508885252255
1012,0.2104618842247147
1013,0.15065129944079703
1014,0.2180239964986905
1015,0.1270421319935142
1016,0.2801727796606621
1017,0.29119737197076817
1018,0.10875644793154267
1019,0.23731692678328445
1020,0.2631547295936013
1021,0.32212036177681375
1022,0.18955659813788275
1023,0.2674831626766258
