0,0.023947011981999968
1,0.03013022503228576
2,0.024200414974241264
3,0.02959242673625833
4,0.024485242661031234
5,0.027821861459973746
6,0.02489532299352616
7,0.0251519951635942
8,0.027453054644714862
9,0.026065275464644364
10,0.02562213645681167
11,0.02393173913620462
12,0.023611971229515753
13,0.031401476636020755
14,0.026827743636368282
15,0.026405900324549737
16,0.026357843481976423
17,0.025297740052591024
18,0.02713909202491455
19,0.029531121186799524
20,0.025774763068214714
21,0.023941859666368755
22,0.0227848692788526
23,0.024943631753180522
24,0.021370593584514982
25,0.023620489749983934
26,0.022599892533196917
27,0.023306123155308268
28,0.02724451130754188
29,0.02745428312667178
30,0.02459550282489148
31,0.025107946184699838
32,0.027635137732765293
33,0.02753780802721784
34,0.030782568986189224
35,0.02442593647969051
36,0.024856937781422575
37,0.030209392651565407
38,0.027669987361527846
39,0.026218866085881993
40,0.02995713974751779
41,0.02406584934138399
42,0.02510884691827147
43,0.025032060511962363
44,0.02409104949426944
45,0.025513420000015493
46,0.024633050423765308
47,0.030676866104649335
48,0.024398451643584663
49,0.023084081493303633
50,0.02966544683434127
51,0.030013095557797596
52,0.02688550556935325
53,0.022643343303330368
54,0.021815773581018365
55,0.02374175594765919
56,0.028526966921144998
57,0.02440979867709731
58,0.030444809162081712
59,0.02728133875478185
60,0.03162284692680272
61,0.024410560421542632
62,0.0253744674048719
63,0.026842885912420508
64,0.02523120714552032
65,0.029726390488350504
66,0.025264753081413068
67,0.023534743052429016
68,0.025052240683493838
69,0.02553078317826498
70,0.02490329391380581
71,0.028938225443315015
72,0.0247145706105094
73,0.02474430561079309
74,0.024792812811940488
75,0.023310438886396268
76,0.0250624636025709
77,0.028491305114178824
78,0.02511045028896262
79,0.025075255204688743
80,0.02754162180135707
81,0.026177011199400847
82,0.03070376153516293
83,0.0310460053188741
84,0.024258583796834342
85,0.024912188104239317
86,0.02595622151822208
87,0.030641191855519414
88,0.025691371112563494
89,0.023665164661015023
90,0.027908146434253475
91,0.029313168073718355
92,0.025732579824907103
93,0.028657807617093824
94,0.026741697732430406
95,0.023218718182960025
96,0.024817622794089403
97,0.027186926239284617
98,0.02529874185571665
99,0.027120665029436407
100,0.02395001953410774
101,0.02328954174725417
102,0.02610849257578814
103,0.028762542466625574
104,0.028811490275922058
105,0.027298951683937676
106,0.031036728071825403
107,0.0254793779107666
108,0.02365365762881575
109,0.02367290114113152
110,0.026345589634127475
111,0.027870461961540093
112,0.023605777919418786
113,0.023774443400586348
114,0.03099967170845985
115,0.02397136168475513
116,0.027148449037981335
117,0.024304573129540142
118,0.026436628573695775
119,0.023914908861294788
120,0.026353793323647828
121,0.028546515882039675
122,0.02278581934579251
123,0.025220635062319054
124,0.024702636982032625
125,0.024151569454181492
126,0.02685317975442024
127,0.024995414017646295
128,0.028033993393540724
129,0.022812230420804304
130,0.023617635387385563
131,0.025039145353486145
132,0.0238563355893985
133,0.027203203337504176
134,0.025239097393810153
135,0.02477924436146107
136,0.027138535389096587
137,0.024952943681840655
138,0.02754512100608375
139,0.024363846183629214
140,0.029180488883823547
141,0.02072037214577191
142,0.023614450012179263
143,0.02456143971027234
144,0.02696052351358798
145,0.02428843540337069
146,0.023463819545606057
147,0.023540810855438146
148,0.024860676671550043
149,0.02841471814474085
150,0.025233587029447432
151,0.030960810658120577
152,0.023180287372549895
153,0.03111701024856568
154,0.02422170571860027
155,0.025101100765075164
156,0.02245429808933509
157,0.026614719201000225
158,0.024254245619732374
159,0.02541964259956194
160,0.030214701663205716
161,0.026948261366008967
162,0.026959145780555496
163,0.02601691207426805
164,0.024272037248810215
165,0.023811757211887618
166,0.027389507451973587
167,0.02649638016621118
168,0.025289174812975813
169,0.022671402800355792
170,0.030504505598580502
171,0.030996470875885463
172,0.025299681208852884
173,0.02240744646301512
174,0.031111348559163234
175,0.030180529102741452
176,0.030986225857243505
177,0.027606185386644878
178,0.031029483333311094
179,0.023668579352675623
180,0.02416751346806565
181,0.025722617899604158
182,0.02161721904244071
183,0.022904280595906636
184,0.0242502705013865
185,0.02491019971869964
186,0.026594245779423712
187,0.026267963374924413
188,0.031401298105366564
189,0.02889959383609873
190,0.025797134251698075
191,0.024219313115507412
192,0.02642216940700206
193,0.022691815020770664
194,0.022489411797701808
195,0.031013711985284517
196,0.02437862302526841
197,0.025034017673503335
198,0.025740024131673124
199,0.025679196691985668
200,0.031740157740032394
201,0.031055786801661014
202,0.02867741015042521
203,0.030277106202723232
204,0.026319688644599187
205,0.026040720842840717
206,0.03219504128173158
207,0.025908559303550002
208,0.022648551821170957
209,0.02613398420221133
210,0.024323892216348605
211,0.031017066712003695
212,0.027878653075210133
213,0.024779900347616363
214,0.030027781333219452
215,0.02388690949743264
216,0.02524673281498749
217,0.025119415993818294
218,0.030746800803759775
219,0.025339902645511583
220,0.023609405570779795
221,0.024215851077989417
222,0.029751644442631286
223,0.027001182616337868
224,0.024043521784446464
225,0.026119053234773055
226,0.025093790056203095
227,0.023854949663080136
228,0.027914710850973655
229,0.025459403570082206
230,0.02777969426658441
231,0.0250886472166365
232,0.022419467753328624
233,0.02807347469702981
234,0.025576043591011028
235,0.02611369726149978
236,0.02450306550458376
237,0.023429587576924513
238,0.024658906681765708
239,0.028892935190611528
240,0.025420772556281362
241,0.02879356858737873
242,0.02587029937789767
243,0.02733963306773172
244,0.028172602037102444
245,0.03139705488152088
246,0.026026014181137522
247,0.0251378700867577
248,0.02279327537286145
249,0.027987852240677274
250,0.026103885440705955
251,0.026931377937028014
252,0.02491088734353194
253,0.02996105647693072
254,0.026120771166322495
255,0.02454377388182215
