0,199,16,102,209,159,61,66,76,112,235,154,27,169,95,142,168
1,176,178,47,160,151,40,83,60,13,211,245,153,58,34,214,170
2,30,48,42,124,84,46,44,197,226,164,69,73,62,31,255,43
3,106,218,65,114,149,104,111,200,189,212,174,87,245,171,239,153
4,210,23,236,25,193,12,226,55,46,62,35,96,255,234,164,148
5,249,8,29,99,38,94,128,230,162,228,196,105,90,32,18,166
6,127,226,98,43,78,234,69,125,197,213,134,124,31,42,148,143
7,234,78,123,42,184,213,127,35,96,62,98,30,224,132,226,197
8,5,136,251,29,192,99,59,38,230,242,249,150,14,162,204,116
9,38,162,94,8,150,207,5,228,242,99,63,97,120,28,110,18
10,250,131,225,219,100,86,246,17,235,199,45,39,38,158,68,165
11,75,226,113,180,234,42,232,255,148,46,7,78,23,62,224,197
12,236,25,134,4,193,234,55,152,69,35,78,96,23,183,197,42
13,37,60,83,40,206,151,178,201,171,176,211,47,51,222,200,153
14,116,204,28,254,251,80,192,8,18,99,136,249,52,228,186,144
15,140,211,160,200,243,244,203,103,60,195,178,188,93,176,153,83
16,102,118,92,246,209,131,250,190,229,225,88,199,235,217,39,66
17,250,199,88,190,225,246,158,10,45,173,168,165,16,198,229,68
18,120,5,52,249,110,230,254,166,251,99,128,8,38,250,150,14
19,51,40,171,195,241,83,106,253,34,151,58,206,87,60,218,13
20,207,186,163,107,90,94,251,228,126,192,105,166,52,128,29,110
21,172,68,246,229,100,39,250,249,181,10,131,155,219,36,209,102
22,155,247,39,235,145,249,177,38,250,95,254,85,118,32,102,158
23,96,148,46,226,119,62,123,4,42,255,164,210,84,78,113,143
24,125,69,197,164,122,43,48,124,42,44,132,179,2,143,152,191
25,55,134,4,152,210,12,164,113,236,54,215,44,31,30,193,125
26,164,119,84,42,125,220,23,179,210,226,124,69,96,44,122,134
27,68,61,76,0,198,135,102,142,240,95,168,159,229,117,39,209
28,105,99,162,32,14,94,90,177,249,5,107,128,120,81,251,167
29,5,59,81,8,230,205,38,89,228,32,249,99,162,136,105,216
30,42,31,2,234,191,44,69,226,43,108,73,134,48,122,197,124
31,234,43,30,226,73,127,48,78,69,42,98,108,220,134,62,197
32,128,90,249,99,230,157,28,105,126,162,29,186,72,5,144,80
33,37,214,170,178,211,160,133,203,244,149,151,83,51,103,71,222
34,40,47,176,83,60,253,114,171,201,13,222,178,160,174,87,19
35,113,96,183,255,234,53,197,7,4,23,236,78,98,54,125,42
36,229,217,219,246,61,70,181,198,86,68,225,142,100,172,131,250
37,13,83,106,222,202,60,170,211,244,33,51,200,178,176,212,160
38,162,94,5,166,29,249,8,9,228,99,230,177,167,18,97,116
39,190,155,88,235,250,74,246,247,168,16,118,240,225,102,147,229
40,34,13,83,60,47,19,178,176,1,253,171,151,222,160,206,114
41,247,66,190,74,240,39,155,168,45,158,250,118,102,95,169,209
42,30,78,226,234,7,180,23,197,134,184,179,255,124,123,98,2
43,98,31,134,127,213,30,143,226,69,234,6,123,48,224,7,73
44,191,122,30,119,197,130,164,236,108,69,42,25,73,2,84,31
45,250,118,168,86,235,240,131,190,10,74,39,17,102,57,247,252
46,23,255,84,148,226,164,62,130,4,210,119,123,42,96,11,2
47,153,60,151,176,93,34,171,201,245,170,1,175,200,178,83,40
48,2,31,30,108,164,226,42,124,234,43,127,69,84,197,96,213
49,136,8,128,249,116,250,5,18,251,230,59,228,80,63,97,216
50,82,188,189,195,106,202,114,200,83,161,244,218,206,111,3,65
51,195,151,206,170,171,19,201,218,138,37,13,133,106,58,160,71
52,251,204,192,90,80,18,128,79,5,254,136,8,167,163,32,177
53,96,35,23,125,255,4,123,113,236,54,197,164,130,132,42,26
54,35,25,152,220,96,125,31,53,164,113,197,123,180,48,234,30
55,25,152,4,12,226,234,134,193,236,78,210,113,69,31,98,35
56,211,178,60,174,65,114,153,37,83,13,3,87,34,239,47,176
57,168,235,76,16,45,118,227,86,250,39,92,135,102,252,190,246
58,214,160,171,195,106,103,51,178,218,83,170,82,87,65,203,176
59,230,63,136,144,29,97,8,228,223,249,216,205,242,99,128,120
60,206,13,47,83,211,176,178,114,245,153,37,151,82,188,34,201
61,159,142,225,198,169,68,199,181,36,112,102,250,246,154,27,16
62,226,23,46,234,73,69,7,30,4,148,42,31,78,255,84,119
63,59,136,186,242,144,230,228,8,97,207,251,166,9,126,107,249
64,136,223,144,105,251,80,128,59,177,32,186,8,107,157,230,249
65,174,106,87,3,218,83,253,171,212,114,50,104,77,58,37,56
66,155,209,190,41,159,16,102,240,95,74,39,118,250,247,88,225
67,86,76,221,252,227,250,118,199,219,168,194,102,45,117,154,240
68,246,229,198,250,21,221,61,172,27,199,10,86,168,209,36,225
69,226,124,197,234,236,30,179,134,164,43,98,31,62,143,42,96
70,225,219,229,172,246,88,36,250,109,39,92,118,16,86,102,156
71,170,222,160,171,51,195,176,47,37,201,151,133,82,214,106,83
72,216,32,99,230,162,115,29,89,205,186,59,139,128,249,238,120
73,31,124,30,62,226,78,42,69,44,134,98,2,43,197,236,234
74,190,39,41,155,118,66,45,250,168,247,246,235,209,240,147,88
75,11,224,234,132,226,98,7,213,123,113,152,35,78,96,69,255
76,252,168,235,118,102,57,67,250,198,92,227,86,246,117,27,16
77,245,114,60,83,65,174,140,176,211,82,153,87,111,244,3,188
78,184,234,42,226,7,98,180,123,31,23,134,6,73,148,127,197
79,192,251,254,52,204,167,146,18,238,163,231,97,99,8,150,136
80,128,144,177,116,223,251,14,136,52,105,249,5,32,126,230,228
81,29,223,94,32,28,162,90,5,99,128,120,105,59,8,80,196
82,50,195,188,114,60,200,161,245,189,206,83,149,106,51,140,160
83,140,60,176,13,37,222,178,106,34,40,211,47,151,160,171,65
84,164,210,46,226,23,148,119,62,2,124,44,30,48,26,6,4
85,162,99,120,32,249,38,238,115,230,28,146,18,177,167,90,14
86,250,219,92,246,118,229,217,45,67,181,168,135,10,76,235,225
87,114,174,65,253,214,106,171,3,218,188,47,83,60,189,34,91
88,39,190,250,16,155,165,17,229,70,172,225,246,118,102,109,66
89,29,216,72,237,205,59,196,186,136,107,242,228,162,5,99,204
90,32,128,177,249,97,52,99,28,5,228,20,94,29,230,105,251
91,218,253,114,171,106,87,188,50,206,174,121,3,245,65,149,82
92,235,16,118,102,219,246,86,250,131,156,76,39,217,225,252,70
93,47,153,60,175,245,188,200,201,176,243,121,114,206,239,151,211
94,38,5,28,177,90,166,167,9,20,81,162,228,207,29,249,99
95,66,240,155,39,0,247,102,27,118,16,190,41,22,76,229,159
96,23,123,35,125,53,226,234,132,7,213,248,42,4,69,197,143
97,136,230,228,59,251,90,177,128,116,249,110,192,137,38,8,63
98,134,213,143,43,226,224,123,78,234,69,6,42,7,132,31,30
99,162,120,249,32,28,5,230,128,115,238,8,29,90,105,85,38
100,219,131,10,21,246,250,36,135,217,92,221,68,218,70,209,229
101,109,217,165,229,158,190,18,86,227,219,16,246,118,131,39,173
102,16,118,92,117,190,240,250,159,235,247,199,66,76,229,39,246
103,195,160,178,151,58,140,233,83,203,211,51,222,19,13,15,60
104,3,245,212,106,189,114,65,239,153,149,200,174,50,82,218,188
105,28,144,163,32,128,99,5,80,126,107,29,249,223,90,186,64
106,174,218,171,65,37,83,3,87,253,114,195,200,241,50,58,245
107,186,207,163,20,242,105,28,129,251,237,126,162,136,99,63,228
108,234,191,30,48,31,197,236,44,69,122,43,25,125,42,127,164
109,229,18,101,70,88,158,246,86,225,17,219,36,181,250,172,118
110,251,228,254,177,116,18,207,192,97,136,231,128,14,166,9,38
111,149,189,3,50,106,82,65,114,87,77,212,174,104,214,91,83
112,61,246,169,16,181,158,250,0,154,68,199,225,159,172,208,235
113,35,197,23,11,25,193,183,96,180,148,98,4,78,255,55,248
114,253,245,188,87,60,3,82,174,106,211,218,214,91,206,34,47
115,238,162,99,120,205,72,85,32,216,29,186,230,38,167,249,196
116,177,14,249,80,228,110,251,97,8,254,136,38,18,128,28,59
117,102,198,76,159,118,199,16,66,225,250,246,169,92,240,0,252
118,235,250,102,16,246,92,190,247,45,86,155,168,39,76,209,74
119,23,44,164,124,84,46,191,42,62,26,148,226,35,4,193,183
120,162,99,238,167,18,115,230,85,59,28,205,32,38,249,186,97
121,114,149,245,189,253,82,170,47,175,153,51,171,91,87,93,218
122,44,191,30,130,108,69,31,25,42,236,179,164,134,98,73,143
123,96,213,143,23,7,98,226,132,234,134,78,42,148,184,46,43
124,69,197,73,42,30,119,2,226,164,236,180,48,134,6,84,62
125,213,96,197,164,23,6,98,35,123,132,234,130,24,25,226,53
126,128,32,186,249,157,105,163,80,99,90,107,251,8,136,20,230
127,234,6,43,31,7,226,78,197,213,30,98,123,42,48,220,62
128,32,80,90,249,230,228,99,5,251,144,177,126,136,105,223,52
129,107,150,14,207,251,28,105,204,99,249,162,8,126,242,9,186
130,46,44,183,255,191,122,23,62,125,98,35,84,226,119,143,96
131,16,100,219,10,250,217,92,45,246,209,194,86,198,102,39,118
132,213,123,96,75,98,7,248,125,23,255,143,226,11,42,35,234
133,51,170,160,33,203,71,3,171,214,200,37,149,151,195,222,106
134,98,25,43,42,143,30,69,226,12,123,234,78,236,31,213,152
135,221,181,209,168,86,198,246,219,68,16,240,131,147,250,39,76
136,251,144,230,59,97,228,63,204,8,128,223,64,80,192,157,29
137,97,230,162,136,38,238,204,52,120,177,144,251,59,205,228,157
138,51,201,170,171,188,151,195,243,233,19,47,87,175,206,218,203
139,230,216,136,249,205,166,204,52,97,99,72,59,146,29,79,238
140,83,60,211,176,15,178,82,222,160,103,244,34,114,77,50,206
141,224,127,11,226,113,232,132,213,6,98,75,43,123,255,35,78
142,61,159,181,246,229,36,0,27,172,225,16,154,102,198,112,199
143,98,123,43,134,226,69,23,96,213,179,215,42,6,132,78,184
144,136,80,105,230,59,157,128,63,32,64,223,204,228,186,99,249
145,250,249,39,247,102,88,225,118,10,155,199,45,22,52,172,18
146,79,52,238,90,204,85,162,139,192,72,32,99,251,186,254,38
147,39,155,209,229,102,135,74,118,240,168,235,16,86,66,190,92
148,23,226,46,210,84,164,62,78,123,96,113,4,11,119,6,143
149,111,189,3,82,114,121,214,50,87,104,106,170,245,91,174,161
150,8,9,18,207,99,5,162,129,251,14,120,204,107,79,254,192
151,47,195,170,51,233,60,178,153,13,201,83,206,171,175,103,1
152,25,55,69,134,234,12,54,210,4,96,215,214,236,75,123,226
153,47,239,200,245,188,60,93,151,175,170,206,171,114,13,201,178
154,199,250,252,159,225,61,219,235,0,112,76,86,92,142,16,118
155,39,66,118,190,74,88,247,250,240,168,102,235,147,209,41,22
156,92,118,219,70,235,86,246,217,76,16,190,247,102,250,39,168
157,32,230,249,185,144,126,136,128,59,80,29,97,5,228,99,177
158,250,17,225,246,18,10,61,112,199,109,240,101,230,41,208,247
159,61,225,250,66,102,154,198,16,142,246,118,199,172,117,0,181
160,58,176,170,71,195,214,103,83,222,1,200,51,171,211,203,37
161,82,50,51,195,106,149,58,218,19,160,170,151,133,83,71,171
162,99,120,38,238,28,85,115,5,249,32,29,186,9,230,8,94
163,186,105,20,107,126,207,251,192,128,231,204,52,32,80,254,79
164,84,210,215,26,23,125,46,226,69,119,48,25,148,44,124,214
165,88,190,101,17,10,229,246,39,240,173,106,131,16,70,172,158
166,38,228,249,207,5,94,18,99,162,230,186,29,128,97,63,90
167,120,94,99,38,5,8,205,162,52,28,79,192,230,90,204,254
168,240,250,57,247,190,209,45,76,118,235,39,252,227,221,86,135
169,61,112,0,159,117,158,247,199,225,41,102,66,250,155,240,235
170,151,203,51,47,71,160,171,37,195,200,153,214,201,133,188,233
171,106,218,195,201,47,174,51,58,170,206,241,253,188,87,13,153
172,21,246,229,70,225,88,250,68,181,159,39,61,102,240,155,16
173,17,190,165,217,16,118,227,45,101,250,158,76,102,240,168,10
174,106,65,87,171,114,245,218,3,253,47,188,60,37,83,203,34
175,201,47,60,153,93,151,188,171,245,114,206,174,195,121,13,51
176,83,47,60,34,1,178,211,160,200,245,13,37,222,140,171,40
177,116,249,80,90,128,228,251,28,223,110,97,94,38,32,5,52
178,211,60,83,176,1,151,47,13,103,37,195,200,245,40,153,140
179,226,69,42,143,30,23,124,164,46,26,123,96,122,62,84,213
180,42,197,78,234,11,113,124,35,119,30,232,6,220,226,125,127
181,246,250,135,86,198,219,225,61,142,172,229,39,36,16,118,159
182,7,234,42,127,236,184,35,180,197,23,30,4,78,11,191,62
183,35,236,130,193,113,255,119,4,12,44,191,96,197,134,69,23
184,78,42,7,123,23,234,134,30,143,191,96,98,31,62,197,35
185,157,230,249,97,228,32,59,166,99,5,136,128,38,144,29,90
186,107,207,163,20,231,228,251,63,126,32,162,99,136,249,128,237
187,37,241,170,233,51,171,203,106,151,13,202,218,195,19,58,161
188,243,114,153,50,206,200,82,195,60,245,171,218,47,87,175,211
189,149,111,50,3,82,114,170,188,87,104,174,212,121,214,202,200
190,39,74,118,102,209,247,88,66,41,250,16,168,235,155,17,240
191,44,30,108,197,234,122,130,119,236,42,69,7,98,35,62,184
192,251,204,254,8,79,52,14,136,228,110,163,97,231,167,94,18
193,4,183,12,113,236,55,25,119,35,23,99,78,148,255,46,249
194,219,131,10,86,199,67,250,100,235,154,249,21,92,252,135,181
195,203,151,51,171,82,103,206,201,188,58,160,170,60,106,50,200
196,5,216,29,99,8,81,162,9,249,89,150,242,59,205,94,230
197,124,69,42,180,125,44,234,191,113,30,35,50,236,7,108,96
198,246,225,250,68,217,117,199,159,61,181,76,16,209,219,135,86
199,225,250,154,0,16,252,102,198,17,235,61,10,209,159,68,86
200,153,239,188,206,176,245,47,170,3,60,82,195,106,171,211,37
201,171,47,195,175,60,13,51,151,206,138,170,153,188,34,176,203
202,203,37,50,212,244,106,170,188,195,82,200,189,174,65,83,60
203,195,202,170,200,160,106,171,174,188,214,37,51,151,233,50,114
204,251,192,14,136,52,205,144,8,186,254,79,163,137,80,230,105
205,29,59,204,230,99,167,120,115,8,216,136,105,238,162,32,144
206,60,188,218,51,195,200,171,13,151,153,47,201,114,82,83,106
207,107,186,20,231,166,110,163,9,99,94,228,251,150,249,63,5
208,227,168,10,158,86,45,57,112,68,250,230,246,38,135,181,76
209,66,16,190,168,135,118,39,250,102,229,198,240,199,131,155,86
210,226,164,84,4,148,23,25,46,123,134,55,98,152,31,215,234
211,56,178,60,176,83,37,114,244,140,200,13,47,160,188,153,214
212,3,37,106,202,104,65,189,200,111,174,170,82,244,50,218,203
213,98,123,43,125,224,132,234,7,96,134,143,226,220,197,127,42
214,58,87,160,114,170,171,33,106,211,47,149,203,178,253,3,176
215,164,214,98,134,25,143,87,210,114,123,152,3,253,213,220,211
216,72,89,196,59,230,29,139,205,99,249,5,136,63,8,120,81
217,219,36,86,16,198,246,131,229,92,101,209,118,70,225,100,250
218,106,171,3,91,206,65,253,174,114,51,188,87,245,200,50,241
219,217,246,86,100,225,70,36,92,131,250,10,16,229,181,118,194
220,31,213,98,134,78,123,54,164,127,6,180,42,26,25,96,234
221,135,68,168,67,86,45,198,250,61,76,240,219,131,100,10,209
222,83,37,71,160,13,176,34,60,140,51,151,195,106,40,170,103
223,80,128,59,136,64,81,177,251,144,105,228,29,5,230,8,94
224,98,213,75,234,226,7,141,78,123,43,31,35,11,30,69,134
225,199,250,70,198,219,61,159,172,16,10,246,39,229,17,158,235
226,62,234,69,23,210,78,31,148,98,42,123,179,30,6,84,43
227,168,118,76,208,86,252,235,57,250,67,10,101,16,247,158,173
228,136,128,251,166,5,97,249,186,116,177,29,59,230,110,38,90
229,36,172,246,70,68,86,16,225,88,109,102,217,219,190,39,21
230,59,136,249,97,32,157,128,99,144,5,29,185,8,228,162,120
231,186,254,207,163,192,110,251,79,14,204,166,136,18,228,107,249
232,11,78,7,180,62,113,42,234,35,226,248,184,197,224,255,23
233,151,51,170,195,203,13,103,201,83,138,47,187,19,241,206,37
234,7,226,78,31,30,127,69,42,108,98,197,123,213,96,236,62
235,250,252,118,92,39,190,57,102,16,76,168,247,45,199,225,155
236,4,69,12,234,183,30,25,197,134,44,108,5,124,35,193,62
237,186,107,89,242,249,157,162,163,63,59,205,204,230,136,126,144
238,115,162,120,99,137,79,85,205,204,186,90,146,251,38,32,167
239,153,200,3,245,188,47,104,60,13,170,87,211,174,178,56,37
240,168,102,247,41,39,66,190,45,155,118,209,16,95,250,159,246
241,171,106,19,51,218,174,151,187,47,87,13,201,170,37,175,233
242,8,63,107,59,29,9,105,99,5,249,136,28,144,38,228,237
243,188,195,50,138,200,93,160,60,82,201,15,153,47,206,51,170
244,211,37,200,50,202,83,140,82,60,178,77,15,33,188,212,153
245,114,153,47,60,188,200,174,104,82,176,3,77,171,106,178,218
246,250,181,118,16,198,219,172,229,92,36,68,39,86,70,225,217
247,118,190,41,168,240,39,102,250,155,235,45,66,22,145,74,95
248,96,132,35,113,7,213,23,127,123,98,234,226,12,232,125,78
249,5,32,230,99,128,177,157,116,162,90,166,228,29,38,250,8
250,246,235,225,118,199,10,86,252,17,198,39,168,154,45,249,181
251,136,192,204,52,228,128,8,14,80,110,254,97,186,177,79,223
252,235,250,76,154,199,168,118,227,92,45,67,86,198,102,57,190
253,114,87,91,171,106,34,218,174,65,40,83,19,245,214,3,121
254,14,192,231,251,79,110,18,204,116,52,186,8,249,38,163,207
255,46,35,23,42,130,4,226,11,62,96,123,183,7,113,98,234
