0,0.02535134453122256
1,0.022905120696011975
2,0.027582766266209906
3,0.02946267269417978
4,0.0243667231017324
5,0.029336247159617718
6,0.028984929235425606
7,0.0271130359620986
8,0.028031822991671847
9,0.028069777345420426
10,0.024082086025718135
11,0.02891783883375434
12,0.02562423515846864
13,0.03090943026733067
14,0.025231206757844078
15,0.028117310041321453
16,0.026831217130473303
17,0.0243667231017324
18,0.02650302110410242
19,0.031105379176264072
20,0.030819695254382013
21,0.028791188633634234
22,0.029549672697170227
23,0.02491549834602919
24,0.034483161351808324
25,0.02650302110410242
26,0.02087163345425386
27,0.024609474322106317
28,0.026099631968737505
29,0.03189484210848733
30,0.028939514917631675
31,0.028561481891365276
32,0.024418843410074994
33,0.027400611235164466
34,0.02600479428456085
35,0.029004744557363633
36,0.02436546062169389
37,0.027059391493408226
38,0.027427650278520833
39,0.02534270508678939
40,0.027401699832716085
41,0.026687275769486953
42,0.02880775268232813
43,0.0271130359620986
44,0.02776658780830322
45,0.028286657417383752
46,0.023947573574620632
47,0.028117310041321453
48,0.029330318773204776
49,0.027331117162451197
50,0.025984480323661845
51,0.020932330818632723
52,0.028069777345420426
53,0.03483134920104934
54,0.025608279414003312
55,0.026831217130473303
56,0.02750397998006692
57,0.027401699832716085
58,0.03483134920104934
59,0.025984480323661845
60,0.0248113042199713
61,0.025222220290946604
62,0.028984929235425606
63,0.024777805118086662
