0,39.36321120037567,39.52806801882873
1,42.39651668463457,44.92020286199678
2,34.24291036844979,38.266133165902694
3,31.283527590781787,34.668665985292705
4,39.05758572140103,39.50777649056224
5,29.527028594361525,29.71229299427603
6,33.03059384685006,34.81056288679948
7,33.12536271119796,34.668665985292705
8,34.023020614407706,35.45681843829141
9,29.179064889261532,36.069735147807215
10,39.43138467683183,43.6178992539419
11,31.283527590781787,33.21383811587795
12,38.543333625553295,39.50777649056224
13,29.946536859329377,34.75863507998302
14,39.33401212818559,39.932905985954065
15,35.45681843829141,35.673741243810404
16,33.01817362028962,34.19081309550886
17,39.05758572140103,42.57137677288714
18,33.681002210047915,36.843008712033566
19,27.620419534663547,34.35102365778983
20,29.527028594361525,35.18127533876813
21,34.70706240976272,34.75863507998302
22,33.65844934453459,34.0241954174027
23,36.39686374654938,39.870618800091364
24,26.605679891757273,28.419877294545422
25,33.681002210047915,38.62008631169255
26,47.83410421294007,47.98973268891988
27,39.900386104810416,41.369127165471355
28,37.65773787241827,38.97169515523542
29,29.71229299427603,32.99377067554268
30,27.620419534663547,29.946536859329377
31,31.963729570360684,35.96046527846593
32,40.669242559213686,41.23471850922636
33,35.96046527846593,37.03060717716701
34,36.97598927810911,39.33401212818559
35,31.963729570360684,32.99377067554268
36,40.289397808560636,41.79400833129368
37,35.51945595881591,38.39203611896402
38,36.10646843824756,36.36401771453621
39,35.30027436429148,39.43138467683183
40,33.166529349755876,35.335492691755924
41,36.55004554084233,38.39203611896402
42,33.21383811587795,34.4927956125815
43,33.12536271119796,39.096588587835285
44,35.213414711050596,36.815601378437144
45,34.4927956125815,36.21191758429235
46,40.944391276147584,42.57137677288714
47,34.023020614407706,35.673741243810404
48,33.837802227773636,34.35102365778983
49,36.36401771453621,36.81264711430694
50,36.09837158498182,38.28217649628523
51,47.4516604595392,48.09431659025651
52,29.179064889261532,35.18127533876813
53,28.419877294545422,28.999661306984866
54,39.03408783527168,39.0656535671602
55,33.01817362028962,40.349226973085436
56,36.27225159593285,36.44449708712931
57,33.166529349755876,37.652680020311834
58,26.605679891757273,28.999661306984866
59,36.09837158498182,38.686844053014504
60,40.09803221806066,40.51038651976541
61,36.39686374654938,39.42454145639272
62,33.03059384685006,34.19081309550886
63,39.870618800091364,40.84678092370967
