0,27.10651263764552,30.14622182656177,30.15705301560712,30.16406362897934,30.312912527525402,30.62731766857523,31.53875194253283,32.47874494249006,32.54115303844444,34.672085725920574,34.81280059225226,35.009954313547226,35.108695854495856,35.10881542913372,35.71872067282615,35.73014815948255,36.00857582374468,36.012006924771015,36.331438062807756,37.02473829492662,37.1934025124459,37.35730425592258,37.75120268879316,37.93570075681686,38.07019757252356,38.18132602475949,38.32463376826376,38.48141839452631,38.61695434977321,38.64211191617336,38.70612080668691,38.745942667982554
1,20.09707261157085,22.809891417236496,24.896730070492932,26.58503630613286,27.460249591719453,27.5284586321287,27.882899176132227,28.655713608159036,29.444273933415026,29.590951729795094,29.792766464860005,29.924628759691803,30.06305877031304,30.765181028622948,30.965660961438143,30.999981450381398,31.793233619936,31.887451063585925,31.896620382271717,32.17771043914109,32.26545361789246,32.41026620897196,32.44568996867022,32.54115303844444,32.62372340024453,32.71517408278852,33.019357294084664,33.42726200847571,33.486254318643624,33.97607469269266,34.0734331643173,34.112999379047835
2,20.72695378330622,21.805508305685372,23.46410706857535,25.713154829670348,25.892280259749125,26.581733775097547,26.86634651353428,27.843227329700888,28.53681680528436,28.880847980164326,28.92837425663012,29.16036804422457,30.075660231602328,31.272478037322028,31.659369608383006,32.612344346456574,33.12191562295848,33.469085455331815,33.609101621278775,34.1113725745552,34.33697462039549,34.48143317840204,34.60934615131718,34.683056658186636,35.1211196906369,35.15343239410961,35.16931491071817,35.50307113895639,36.459840199844145,36.949228107059895,37.047686304874595,37.177927879007925
3,31.887451063585925,32.255553614149754,33.46873172461967,34.40472079336222,34.77463138918146,35.161508167364154,36.196877869194665,36.29374331644328,36.90261773189308,37.20353234274606,37.29682059747291,37.71561905747662,37.79751840111428,38.137006299309135,38.17051528882531,38.896255674431806,39.72555078467751,40.334997324110184,40.58281770866119,40.8688047305045,41.048965481705224,41.30989871346424,41.621444467812175,41.665868379820594,41.69940988048872,42.44185623499232,42.60348287554297,42.81896158577787,42.83028291652967,43.65984954893449,43.85742064180828,43.98271579166287
4,23.067122945255466,26.30038197416588,26.340502485985578,26.67648813122695,30.812978932470504,31.45561961460161,31.724593094116234,31.780293129699213,32.27055736106083,32.48741425326295,33.02662096316705,33.35877771172709,33.61123892671034,34.139867273855714,34.26562086203061,34.37296167021985,34.47967406855434,35.021621590279736,35.23832727253939,35.36212127684357,35.72386199113686,35.91622546916368,35.974529516059896,36.57996797726082,36.617068116895176,36.66868070771176,36.82150900783721,36.95829465064244,37.176211434493446,37.81224043582578,37.8304213386605,37.8893454419784
5,18.918862995079667,20.1841847396706,24.817698414832527,29.037526360816486,29.795816817853115,29.988811117964765,30.847048178589404,31.035377298569767,32.113345188720835,32.188993219140116,32.93417517075705,33.17788209479557,33.4097572589584,33.55761681909718,33.772399730408026,34.12644003108246,34.32511400647691,34.66101760827266,35.21980941727523,35.32273482595187,35.408594661368284,35.878578143113465,36.27282654263591,36.52962736610241,36.712033806684296,36.79907179656756,37.41869688492131,37.75173632774966,38.74189442017676,39.19753214456391,39.699572611073776,39.802519110396666
6,25.35049265182082,29.935413759583568,30.652963045677318,31.61365891193151,34.34219883133855,34.852803189253876,35.662361286118816,36.459840199844145,36.56876484496103,36.83235275477091,37.10218350538312,37.1509197139109,37.57264843190374,37.621918094597355,37.95769874892833,39.11993720144712,39.304188074412366,39.335941976561855,39.38216365792962,39.468231939991064,39.48111680731041,39.72271013934102,40.13449548000037,40.31345974147974,40.460025395516766,40.63641185193321,41.55386633552934,41.74711269447342,41.988807398256405,42.05653848882282,42.59603484345521,42.75369346356672
7,19.341301594973707,19.926429863334683,22.690960473557013,23.81730157817967,24.89645648475689,28.166068642081587,28.38093362344245,28.74433749911543,29.434497748939677,30.025365325084877,30.51026431745572,30.75571418680236,31.01330709282126,31.80964367188398,32.70702008932088,33.0018039438395,33.1196454777229,33.3421120038131,34.537394023834,34.58192071890641,35.0845167771181,35.408594661368284,35.417383606091896,35.78629081898748,36.594157353513694,36.79116781836897,36.80444949600368,37.14543742972202,37.55785631745136,37.64027475066101,37.76192647296214,38.093259357030256
8,19.83118219396448,25.406470203402925,25.414706311565865,25.713154829670348,25.785081305608273,27.144911241579116,27.967522372562566,28.345383372442413,29.2075950413748,30.44590145576384,31.122998006477335,31.677551323150457,31.982337418595474,32.631276386042806,33.03694399825856,33.34823065030371,34.039531545287154,34.73692851334551,34.85341657629174,35.194709302126505,36.059805934832944,36.172553339797005,38.31213711618886,38.411968297085345,38.444683995088305,39.017892576970986,39.50097077622683,39.5161532733478,39.61843434434071,40.14824253312339,40.629364391516425,40.94940655145466
9,14.387225660622528,15.797693173934851,18.623592648493524,19.767298103836573,19.85867992071229,20.422236055775134,20.623132716638096,20.708504695565058,20.99682752924817,21.80268923274029,24.441172132445544,25.176894476303083,25.254734342296956,26.19847396411609,26.31438615490856,26.671352533600416,26.81076844025515,28.071630848501652,28.34555565309153,28.704919730703505,29.473717675522288,29.787880442865916,30.256876561690635,30.31835842252989,30.519496450483942,30.651657765619497,30.724816246780765,31.782815008835513,31.823920521861453,32.28055507956048,32.32876991771109,32.34777403758417
10,20.887708955312842,22.85821542578261,22.882264174430176,22.937052163553748,25.410570155683843,27.823428656056876,27.964945397762406,28.20990987821853,28.653393632170964,28.699523359047244,29.087927332615823,29.444273933415026,29.689757837341386,29.793604385302505,29.832044440724562,30.577398420273123,31.227157869057326,31.40406806532146,31.459665436569267,31.510056051003634,31.528394002403775,31.7351492781943,31.77100792536302,32.34316280264549,32.47874494249006,32.577218700549096,33.034141168470896,33.39397102836952,33.620313740690364,33.899355731157954,33.99952482161916,34.129767250820784
11,15.789959974335071,25.205167210660715,27.567064439051816,28.039481712351684,28.195373022100476,31.16918615836826,31.456427491761175,31.572003801471187,31.593663941612693,31.844487193788062,32.7278147613875,32.98546978856152,33.32776192515253,33.50539099832047,33.59826420193248,34.45082410113805,34.574606404922044,35.09319344430367,35.09877261535603,35.26939622859302,35.78629081898748,36.13811965702127,36.33177440927759,36.46885407506374,36.57996797726082,36.99669261456821,37.12417775973852,37.2184460320931,37.70577913057948,38.06858907811179,39.01917700848998,39.13551347324077
12,24.8120193675676,29.37251281409115,30.39493829418932,30.42121873415447,30.66765164314273,31.257678730025432,32.00880011614998,32.403407939440335,32.52665180132276,33.89294421316796,34.34149212094353,34.63551831725562,35.194709302126505,35.4777216634507,36.93948706564548,37.736795024263074,37.89782208559652,38.17456888375584,38.34939770034909,38.39772767393105,38.899838269826176,39.654393690115135,40.229673138789956,41.00975207127988,41.17535805013403,42.144276837147466,42.876588334539974,43.26117733425266,43.45584280075514,43.483764044813036,43.59054061375685,46.10615042809506
13,29.832044440724562,33.58145954184699,33.85364598512835,34.00535033678365,34.935935625615656,35.59715789058032,36.56442119094867,37.10176761347218,38.11573852683669,38.5298792563072,38.55131493696885,39.16762716561126,39.729400224696896,40.02394427843168,40.03443414386325,40.26539351753712,40.43741876884675,40.8017116115858,41.02567803643327,41.2747543921084,41.596628818145525,42.024960781345605,42.27964731203442,42.54838749811601,42.5705961609294,42.67270468647636,43.10250896202797,43.236732577741776,43.77325105084424,44.1181747531753,44.40052821860933,44.70400735147755
14,23.34081885623152,26.94155757715145,27.75466446557162,28.390728007712934,28.95469147442202,29.23957688372847,31.428755772884365,31.50712243961009,31.675878747474233,32.37571028461583,32.45582862181132,33.08996216576885,33.33487954020764,33.66597029186898,33.85701341479342,33.9025926653432,34.216066296853064,34.35884915627499,34.42201072723194,35.72386199113686,36.295610624120755,36.95188215064485,37.05815710975321,37.192183178907,37.337646970289235,38.10223952149935,38.245337279508156,38.34727970684436,38.465819763018274,38.478666078274664,38.63754437602458,38.95891035521576
15,17.33885344255435,18.853122988847183,20.52731576210691,23.057174058754303,23.944252745282153,24.93654611507287,25.805203537297327,26.873651254993156,27.193285097697718,28.384878970356514,28.46238364608095,29.047595799870606,29.31094491711115,29.507823639865613,29.53266753618567,29.660131561147054,29.755258212947087,30.20363510860838,30.679757519357445,30.724816246780765,30.765181028622948,31.140702230250596,31.216246313566433,31.428755772884365,31.68549807922548,32.10171537969576,32.76152490986096,32.902427030715934,33.418546184205304,35.30173129002853,35.323602155049606,35.83997308387387
16,26.18736891795282,29.169802853245496,30.779389214723523,31.272478037322028,31.374707296984532,31.899537026965017,32.192730718015426,32.52665180132276,33.55638915175145,33.62777595962182,34.039531545287154,34.55301203873706,35.08664520560163,35.28177238799121,35.34122973321091,35.7778554154865,36.04145263773828,37.03581094164009,38.520841919900334,38.55041634432636,38.75852977715503,38.94276995049005,39.16441435348218,39.26949682018712,40.471094717109885,40.56954187875075,40.979641074310706,41.864074567150865,41.9762548997211,42.14195744087543,42.19747643186302,42.20773646640232
17,19.302580932127487,22.55435337670883,23.129793466301543,27.45729306277948,28.066030256230707,28.32096404188404,28.38093362344245,28.559537332709002,29.699061574050564,29.70782115111684,30.052279315291084,30.163252621730116,30.40790471491335,31.456427491761175,31.932178183675997,32.06166801886866,32.068665505493406,32.087956362253365,32.173461952833165,32.80610486228949,33.06697433977992,33.16211387223924,33.4097572589584,33.49906473680756,33.65965381113038,34.139867273855714,34.24751291053633,34.61576573699108,34.892207624490766,34.925816131530084,34.991454530924706,35.31112119840851
18,17.914768180120177,19.11815791481464,20.52731576210691,21.23474094417593,23.109046877857764,24.128155082989306,25.313383736985617,27.43083248442847,28.13033572620248,28.334462591604822,29.020541102773755,29.391228647987685,29.410984718582714,30.424196763911674,30.75196059542152,31.023407061634977,31.312758066805834,31.50712243961009,31.73481726406122,31.759752030016962,32.004539646190786,32.32876991771109,32.46112211142954,33.07878139996895,33.254592411683646,33.38814761246743,33.40642470234163,33.60690409342889,33.83132539689082,34.377676520730056,34.96022654768851,35.04305510909055
19,19.413173364875536,22.54957859525127,22.61148610928663,24.22777246054691,24.896730070492932,27.05735425180054,27.45301566293237,27.999857925567884,28.216835092658087,28.559546228970298,28.572786229116783,28.699523359047244,28.726635308031025,28.999334161567848,30.295479662523192,30.433318587795565,30.5415535730507,30.77550186336182,31.53919455395148,31.594589832256933,31.87553691990462,32.16543228634375,32.255553614149754,32.63223754884475,33.17071704065447,33.991250452910144,34.04137236795032,34.0522825485997,34.08834283566701,34.27336984273101,34.72781053226296,34.73445062527903
20,24.399299968515297,27.40615371688893,29.935413759583568,30.596838501530105,31.405519022744098,31.450009363362568,32.37944081233536,32.43625227457084,33.03366833654587,33.32663251275983,33.373848183171404,33.515800253895534,33.964732014812725,34.16851445730342,34.20997029560815,34.448273363130255,34.60921477814169,35.16085501436687,36.05410564534245,36.444631012172884,36.452732051800574,36.67709543197572,36.72206780180101,36.79907179656756,37.00579907076147,37.151196357156785,37.71720642211514,37.857774378141286,38.04887104101005,38.13337366814667,38.174819611057586,38.41592829766287
21,21.181231628905454,23.46410706857535,26.095874181410945,27.692409064724984,27.967522372562566,27.982473413178777,29.844525306243767,30.521597815481805,30.588323077888468,31.04667175882403,31.417835989859814,31.739310902272816,31.924459788173365,32.27948750082579,33.03313557632345,34.26288617430466,34.493168063338445,35.51257268265522,35.662361286118816,35.831515362443795,35.91622546916368,36.3813049626913,37.56296734409563,37.610237735406365,37.68154918430884,37.736795024263074,38.26949559675423,38.30332308831881,38.62059372568581,38.75465413606692,39.1945863933638,39.248779343052306
22,20.462700426168052,23.067122945255466,24.192495929094456,26.331065192489767,27.515431321226828,27.702820892029983,27.982473413178777,29.18102808099734,29.90284917048337,30.842944129319246,31.546480272254996,33.16211387223924,33.57271482252252,33.80781018115878,33.845869719263334,34.528156281876356,35.16931491071817,35.279456074099784,35.461317756752976,35.4777216634507,35.54808252614365,35.64068202688148,36.059805934832944,36.112883779337174,36.11405342342198,36.15094658470907,36.356800384987196,36.68317441597729,37.16170048858816,37.454582771961704,37.55046007863543,38.0876807173622
23,19.926429863334683,27.85919344724942,30.18749807905526,31.16918615836826,33.5875960331088,33.65965381113038,33.78559622578033,33.898519826219015,34.00020721946475,34.072865474342514,34.18991138289619,34.63412484811364,34.79834707840464,35.79666463409942,36.134654613224676,37.01366471504109,37.50106101595133,37.595222289591156,37.656805007308215,38.18789561939421,38.199558030820036,38.60900321165185,38.7428023778704,38.762538678359064,39.25573272818521,40.01742667716331,40.373644744703014,40.8688047305045,41.06338330222641,42.35980875952818,43.32832949244315,43.379064764689566
24,24.399299968515297,24.42839732054715,25.35049265182082,26.114515850030337,26.27519198087476,27.500201809718778,28.8565932734216,28.975133844183567,29.350510227874224,29.36577566525757,29.659890489681906,29.713521015129395,29.737030234525168,30.32907956326718,30.4004715505766,31.40406806532146,32.26545361789246,32.29596737618565,32.30724827036722,32.412507948148885,32.62282872464093,32.896045592581494,33.199088979699866,33.76375006656746,33.91343071135223,33.963982388850546,34.386299177290184,34.401448558150456,34.5703046841833,34.622939699236234,34.66803025132955,34.79681534195434
25,16.67978471988936,19.86208997190513,19.941768711999476,20.301024907827514,20.422236055775134,20.5739153701438,21.069736421266438,22.44260234746711,23.28798660033075,23.66814418150409,24.128155082989306,25.196129923554306,25.336275813711545,25.604654877508214,25.879471094417525,26.184166509785676,26.429410754437015,27.031169896113354,28.271223321593066,28.345214065129802,28.65401605245097,28.814050365067864,28.84182054189716,29.755258212947087,29.916196345470564,30.99596422704898,31.985993141253477,32.142526809817824,32.37571028461583,32.5017858910828,32.65845969419279,32.77789236609622
26,19.722221231975116,20.11473378960698,20.606591447288594,20.623132716638096,22.71803871087758,23.576805919154296,23.714906665359322,24.939662286900578,25.280766749367885,25.805203537297327,26.189895084298573,27.031169896113354,27.17034814287378,27.50078427533042,27.558579679698756,28.14006370511722,28.215874953656066,28.998310113034904,29.391228647987685,29.792766464860005,30.788387318470978,30.802887673869595,31.197679244639957,31.309832478053973,31.59525437994064,31.86712657007621,32.10417693940914,32.15530996608287,33.289481283825474,34.04137236795032,35.15405047989453,35.564523999825376
27,16.67978471988936,17.57731682381686,19.11815791481464,21.31155214331214,21.390640746619816,21.590460827562875,21.80268923274029,22.38240343551761,22.57294905614176,22.78846114316851,23.35316374826088,23.37160444278072,23.46239527841468,23.48544574884756,24.17790577089519,24.26021130125502,24.93654611507287,24.95228949068174,25.032015619633988,25.500802559609276,25.824069784210014,26.016510782907485,26.03336401682727,26.189895084298573,26.961585244029262,27.4986068958685,28.250983489434816,28.390728007712934,28.6697523096516,29.56250484155329,29.689757837341386,29.80031644765329
28,34.458098935084706,34.929474313345104,41.82151829098434,41.83700044579009,43.000405842403616,43.7779496310606,43.99613560768781,44.092791235654744,44.245756602268024,44.39458489434575,44.660739413007775,44.70731099203749,45.50301663822893,48.0522562036209,48.48159263466452,49.10696881510407,49.60557833617385,50.518630067077325,50.52411991990179,51.12812285548265,51.180437674371156,51.764353759410795,51.97347568760311,51.999484752270696,52.11134128687996,52.20254889476739,52.25403358809069,52.49012920493067,52.49184872478368,52.50185120294698,52.65984755676381,53.1639026302873
29,16.709733996832014,22.166946358383843,23.599187380225807,24.467646569345927,25.8379813266343,28.121515009759314,28.156827851183447,28.250983489434816,28.84182054189716,29.259678505905438,29.96887720848868,30.256876561690635,30.394416193587283,30.45938464241758,30.596170385406133,30.956506405600866,31.111259878354485,31.204437836833183,31.721648294297776,32.46112211142954,32.90018476592619,33.289481283825474,33.38699837846045,33.56298485088908,34.35725948296208,34.37412598068551,34.94865453959286,35.212089203124364,35.24040055684968,35.67152326448504,36.18105776624636,36.392203402581025
30,20.813688506122485,22.55435337670883,24.192495929094456,24.236059660894075,24.2516837653906,24.262679146358405,24.80398602787641,25.16928220160265,25.751301291186387,26.048890359965416,26.5173330166425,26.533825703767953,26.542592680494632,26.67648813122695,27.317393689607712,27.494463201800976,27.725770142954058,28.192680212689297,28.880847980164326,28.9078833361368,29.21988442230337,29.524425007866018,30.155200907522357,30.44590145576384,30.609725987434093,30.622990642069986,30.999243095871428,31.395550453805786,31.572003801471187,31.59834804757741,31.618405418352594,33.10070298044901
31,20.87729008497407,23.809429300718286,25.746824385460926,26.30340285274672,27.757228311748342,27.91564690452745,28.726635308031025,28.745740276082316,29.364127947386994,29.713521015129395,30.48150371676628,30.64249522756345,30.766474087735496,31.14804539921801,31.896620382271717,32.33915361478352,32.37944081233536,33.13628626803469,33.37043767713209,33.99952482161916,34.031045530104464,34.87531773612227,35.10881542913372,35.379918963062714,35.43984302772171,35.50138712220848,35.89778011406994,36.224651768364076,36.29338813844289,36.29374331644328,36.359576195496125,36.56876484496103
32,16.380184826830522,21.26988274342447,22.51436743826318,24.586481337704836,27.648779277569826,27.813245141376317,27.864793345850188,28.291977521528317,28.44029048525074,28.720835018582154,29.68552653584058,29.745459034730892,30.15705301560712,30.466892932119773,30.64249522756345,30.75571418680236,30.956506405600866,31.102233684813054,31.61346292867576,32.036285608401585,32.13306427186504,32.173461952833165,32.188993219140116,32.398379430106516,32.6288481925007,33.01285301068296,33.899355731157954,34.08834283566701,34.1323100621993,34.427664382609635,34.622939699236234,34.84312104343329
33,22.9703287844002,27.20847867317588,27.393838977650212,27.803041743565522,28.559546228970298,28.975133844183567,29.900662187718947,29.94580573786965,30.139741128627865,30.673804281690987,30.69429113970628,31.1442572334109,31.572153339132033,31.82065353121752,32.067098865314044,32.162293056213464,32.987937629168826,33.072649461190665,33.46345112035706,34.20066618216152,34.63891994354077,34.669915443695686,35.01818619262841,35.44834658044416,35.98234683878466,36.01817557632593,36.17190210253082,36.23894449457439,36.31863200531344,36.37478134764927,36.51041912300287,36.71111661089308
34,19.302580932127487,19.34130159497371,20.813688506122485,22.31618349301544,23.104676506561862,23.44448320131404,25.202904309619694,25.548738657385442,27.354646898739002,27.6603907896297,27.859193447249424,28.039481712351684,28.611945803675233,29.05143655286844,29.745459034730892,29.775379936718448,30.08089661674587,30.513663125822095,30.59752321623235,30.852642726037786,31.284934030643345,31.843198029675438,32.02353445362514,32.779387016594185,33.35877771172709,33.623649726725645,33.73582842536324,33.95500598447651,34.11348698531095,34.13221767065866,34.682189857294475,34.72075821964373
35,23.638386454708073,25.1562748014583,25.75365403291204,26.16523693612906,27.59773544331616,29.978581514426843,30.42121873415447,32.44369238173406,32.722077642314545,33.04775432555261,33.11086529264594,33.12191562295848,33.13093325950211,33.48607301542344,33.62777595962182,34.14221698662429,35.47944552877444,35.799267455775684,36.172553339797005,36.5561307557247,36.78396650787761,36.80124517555924,37.02584969153626,38.03515141540749,38.58498003841522,38.62059372568581,38.66831884182733,39.338542463961375,39.36812140880899,40.72280638803756,40.79033570149857,41.34305443901371
36,19.802427165185755,26.429410754437015,26.53105474098254,26.81076844025515,27.53202321530353,27.83121197743807,28.098900904944923,28.746150430587168,29.244190117966276,29.259678505905438,29.304941614461374,30.62089394112156,31.67508299816019,31.73299695613192,32.318449001772954,32.49903010106458,33.21570686047003,33.57987558866035,33.94077432452016,34.24977507517635,34.448273363130255,34.48574282791198,34.71952051764813,36.116253105899084,36.331438062807756,36.41890411573323,36.65801241822756,36.94554970585828,36.95672854747574,37.19222913238624,37.239838070040335,37.39579617433958
37,24.093796732505954,25.49162864170467,25.759203657062663,27.088938168786594,28.6697523096516,29.23957688372847,30.01976545901439,30.45938464241758,31.53511781010747,31.734697716441968,32.4530412938445,32.81764685316474,33.00203686734616,33.3798394269767,34.45159563008002,34.57888752618434,34.60258114991391,34.73338069531887,35.12952763840794,35.32250064506277,35.974529516059896,36.01580937232642,36.505168583649706,36.983350820641505,37.10405047437683,37.92983404240148,38.09916978142815,38.28319022933499,38.48555524740338,38.79457051602638,39.11969106904266,39.46006694002587
38,20.606591447288594,22.872085350949245,23.057174058754303,23.109046877857764,23.249466809284904,24.77936146519802,25.49299409559289,25.824069784210014,25.879471094417525,25.936267551495952,26.310610017994318,26.430510520519732,26.63477473416147,28.339022214325386,30.351145077540465,30.394416193587283,30.761607865069827,31.38501923536641,31.666903989526205,31.754222542352235,31.782815008835513,32.17771043914109,32.40818912545894,33.66597029186898,34.844702456858926,35.00444163415073,35.01818619262841,35.06474343394935,35.14298287781905,35.28309710683587,35.391073632818006,35.57455979844908
39,23.638386454708073,26.18736891795282,26.909856222316744,28.65158289734104,29.21988442230337,29.23421567186054,29.31041531483918,29.7868019917879,30.427579984002854,30.509500669309766,30.637548319503445,31.100535370507515,31.95488650498656,32.631276386042806,32.98546978856152,33.469085455331815,34.17986886952442,34.2843548086688,34.3178494739151,34.34149212094353,34.58494876023327,35.28421058267686,35.37613038539301,35.38767431231914,35.64068202688148,35.82968514904792,35.98997260286719,36.17292389248481,36.20503469184174,36.638835803100235,37.16155560064201,37.68154918430884
40,15.275471991511584,20.668103111308312,21.914186066157715,22.54957859525127,22.78846114316851,23.3843144266965,23.938714792684607,25.410570155683843,25.419333053375393,26.30340285274672,27.11109010815921,28.426602189565028,28.511559808289498,28.814050365067864,29.731334050630704,30.165991628768897,30.607516054297935,31.006085649664946,31.100409786761293,31.481273520420302,31.793233619936,31.82065353121752,31.897133369168934,32.07330809248994,32.28055507956048,32.43625227457084,32.62282872464093,32.710985597040604,32.779387016594185,32.873013956319284,33.323666245807615,33.48308914630656
41,18.11482013911511,18.623592648493524,18.99772681438025,19.030226644947824,20.547730859219598,22.44260234746711,23.46239527841468,23.64415790953766,24.281911553025715,24.741367742359884,25.8379813266343,26.998838217056488,27.17034814287378,27.30083798112555,28.46238364608095,28.58985406687376,29.304941614461374,29.54346187911302,29.737074172739604,29.741292892346014,29.966021878149235,30.01976545901439,30.098858476921286,30.424196763911674,30.761607865069827,31.71110684088994,31.911012305685272,31.975494127324886,32.93941949069114,33.85701341479342,33.971845818009896,35.14137572508466
42,33.991429996044396,36.99669261456821,40.82154935717228,42.01145613981226,42.794099729537706,44.30615048027244,44.50618661473184,44.97328131349213,45.45074019785869,45.928832753381336,46.39899400648068,46.442681019998716,46.44993948222996,46.79205007940406,47.38258668437971,47.8470893605037,48.70283521653469,48.85930377779893,48.8678390978399,49.3330007907289,49.342302613652116,49.40946883894407,49.87844071466492,50.02794820095805,50.39175675966655,51.025736071854574,51.571775756535374,51.57712150009512,52.009120379381194,52.20988900274806,52.25841166186967,52.35340747076929
43,25.759203657062663,28.156827851183447,29.960325463511765,30.198040220873366,33.2087091901435,33.486085230552504,34.5155796738004,35.50680084957739,36.188559149003254,36.58443926449903,36.99814976923877,37.192183178907,37.47444563268594,37.59345617162514,37.6028543566959,37.825155210462654,38.26624762660957,38.70870179350449,38.726231335795724,38.9284819509817,39.02408900108937,39.339728206599226,39.96478889916828,40.31880635838203,40.414078385392955,41.08761161378363,41.20923156817239,41.576321059688574,41.82151829098434,41.84175537525148,41.97215466680536,42.01048098948351
44,15.378679047105127,18.541026902674897,19.931260290019882,20.668103111308312,24.22777246054691,24.263276392721792,26.841362494288983,27.519812386683586,27.78804573475538,27.888172909440666,28.745740276082316,29.56250484155329,29.94580573786965,30.872097165085467,31.045169557926187,31.459665436569267,32.54105365830625,32.750578930896836,34.49532115064926,34.90122136589486,35.33423285240948,35.411850371031214,35.694101482502965,35.87675304880848,35.94338382494641,36.30732176129262,36.41076211042614,36.66280317024283,36.80479265636789,36.91417954093438,37.49430136462596,37.6633640981963
45,26.048945326321466,27.967886006831073,28.9078833361368,29.003313133415656,29.20416482100725,29.555832595169424,29.621360984328028,29.775379936718448,30.515228051376667,30.64364833276726,31.528394002403775,31.787793865212606,32.071103905448076,32.39597381517869,32.50303280532872,32.529763748131444,32.62372340024453,32.69672708716636,32.7278147613875,32.86354065620077,33.019283445469114,33.12501936952185,33.186172418859854,33.28093218141514,33.55094921982548,33.57271482252252,33.74537074513181,33.75003408882449,33.793459648384,33.82873762018011,33.92612537052033,34.25382190258258
46,22.895143364520585,24.263276392721792,25.419333053375393,26.79207233028826,27.30666699103263,27.91564690452745,28.991534332072913,29.242702456788358,29.659890489681906,29.76516324035424,30.116038812232382,30.652963045677318,31.242171115410933,31.759752030016962,32.10171537969576,32.887865522925956,33.6531905374785,33.903684110425,34.129767250820784,34.46758955685933,34.73445062527903,35.108549246643875,35.27061522978364,35.44834658044416,35.50641431538648,36.099648628063285,36.58334391018315,36.67709543197572,37.1119788717944,37.14001286642303,37.292284427291314,37.539312012877
47,29.099330229194067,30.39493829418932,31.95488650498656,36.112883779337174,38.19631111154981,38.30332308831881,38.454902394373036,38.75852977715503,39.340499759617316,39.69949348527265,39.82940049828234,40.94940655145466,40.98604114209928,41.65427598656881,41.79756935380041,42.52816062463686,42.85226275447564,42.9041094189182,43.0770366208956,43.931898877079426,44.02443211960119,45.124563613895795,45.57823035421002,46.49811360060423,46.824209191143076,47.78890960939991,48.93184973303579,49.578773690446425,49.66581969862921,50.01693515083969,50.17971004144523,50.19023409799093
48,32.612344346456574,33.67928789936524,35.51257268265522,37.247628687022925,37.63141782066179,38.19599504062602,38.520841919900334,38.727216753882765,39.318388774940274,39.50097077622683,39.81786144450378,40.04348501074197,40.71643008552079,41.17931485598673,41.338925234353354,41.89078172074495,43.42901709926077,44.47479195597211,44.48289450895806,46.546065104105715,46.620306826980254,46.763592372140955,46.76414799455844,46.824209191143076,47.200104835539875,47.29789793518454,47.762673792092265,48.094010833271746,48.45232980508522,48.68454529454365,48.75696236569185,49.062953620731214
49,26.761342841955706,27.567064439051816,28.32096404188404,30.622990642069986,31.515194746155355,31.843198029675438,31.992205302712556,32.04440289132688,33.252350527427865,33.876853806859,33.991429996044396,34.79834707840464,35.34605589007529,35.44326765890004,35.45881810639426,36.80444949600368,37.02448600131333,37.324239528640966,37.847772696781455,38.06037853653231,38.314346933908816,38.339884306102284,38.73830850427924,39.66099073012973,39.70475427134924,39.72555078467751,39.985452280700244,39.99961051810223,40.153984492911405,40.16043677272716,41.07658548406737,41.236154830195915
50,25.205113831690866,28.804093788338385,30.466892932119773,30.928791335936257,31.04528194765801,31.593663941612693,32.02353445362514,32.58409635043998,32.80294233506234,32.80610486228949,32.82218404460606,33.119663536609934,33.22277057586638,34.00020721946475,34.58192071890641,34.85165524550985,34.86228683816538,35.16739360927585,35.376422600001725,36.505168583649706,36.62203327648388,37.422696027207536,38.245337279508156,38.907126187851354,39.24969662901882,39.66099073012973,39.68558926610434,39.79766577209444,39.802519110396666,40.41333584484425,41.97215466680536,42.10095317289511
51,18.541026902674897,23.033454805208653,27.79745313278496,28.572786229116783,29.13630706315563,29.411544485893625,30.511390889379957,31.242171115410933,31.897133369168934,32.067098865314044,32.24507775014785,33.099528511917484,33.7551961388727,33.98158782551189,35.12255241191013,36.1398769579699,36.55240203207419,36.64596877655616,37.77913384465033,37.819206405521726,37.97457699881237,39.54440968228229,39.647055705516195,39.939776076107734,40.11854876084641,40.21237124411685,40.514501514351046,40.5705290166449,40.58879177599084,41.08873710036823,41.59384072870252,41.834936832346315
52,28.65158289734104,29.099330229194067,35.88211036809749,36.5561307557247,38.48141839452631,39.654393690115135,42.34287128398907,43.27538105170695,43.37656427220211,43.89215141499545,43.910943667411324,44.407481333699685,44.43958105238834,44.57771584561577,44.82589936052433,44.84784795083029,46.24511734343036,46.28700854859041,46.31197388009521,46.45971954763682,47.20289620715416,47.85978181696656,48.00749590736993,48.21468571739371,48.360855687902486,48.66994693092518,48.69885613624115,48.88351889756739,48.97940907245948,49.12273136644941,49.128878756971865,49.216206597803414
53,20.09707261157085,22.937052163553748,24.897114639173914,25.06345097729761,25.746824385460926,26.27519198087476,26.657832137515683,26.815083245278814,27.144914084140265,28.216835092658087,28.264001289918976,28.291977521528317,29.19657869936695,29.3554632832893,30.104929225395086,30.14622182656177,30.165991628768897,30.64735699316274,30.64858290172428,30.65858146881043,31.0053038573041,31.105698680782087,31.260386641327067,31.73056460475346,32.15530996608287,32.200170324762325,32.324712455491266,32.34046473809892,32.367664359135,32.54105365830625,32.620515765764644,32.887865522925956
54,17.57731682381686,17.914768180120177,19.86208997190513,20.11473378960698,20.48142311998925,20.904642745683542,20.99682752924817,21.04409510934195,21.666106010351516,21.729665964616675,21.954837420949527,22.631848855364844,23.249466809284904,23.599187380225807,23.64415790953766,23.826691887793203,23.944252745282153,24.992264206505627,26.43946487148444,26.76255894881604,27.29853799159254,28.075095725129824,28.14552627106408,28.704218992499317,29.031664175979532,29.119321491896397,29.19657869936695,29.244190117966276,29.924628759691803,29.990307570411836,30.16406362897934,30.278558965852902
55,19.941768711999476,23.570354656389608,24.452436756306497,25.254734342296956,26.016510782907485,26.76255894881604,27.558579679698756,28.543572554029584,30.574527379627398,30.75196059542152,30.973994682576254,31.02163945843705,31.285066634674276,31.754222542352235,31.876543123985872,31.975494127324886,32.345836430125516,33.27001537766236,33.418546184205304,33.875956095360934,34.216066296853064,35.96711357700516,36.43798043917417,36.76620500338729,38.178367729179385,39.10984694270187,39.676358762883304,40.07312187338023,40.66521119219097,41.73428667165726,41.90438722857054,42.0276257094475
56,17.370803658972772,22.18046423654869,26.761342841955706,27.494463201800976,27.556329704775347,27.762959022461985,28.89371946257183,29.988811117964765,30.052279315291084,30.78982533433502,30.852642726037786,32.16222796326797,32.34865220329025,32.36285573837157,33.102305743335556,33.3301397521888,33.59826420193248,34.041310201188445,34.25382190258258,34.37426234126767,34.47967406855434,34.60934615131718,35.00478103196249,35.20387584843205,35.22290768597757,35.434919793465234,35.462077823778586,35.62110827836168,36.12440239846408,36.32556513687001,36.42464333378982,36.561106709692304
57,16.709733996832014,19.80653846137504,20.904642745683542,22.540073275383325,23.275158414412246,24.26021130125502,25.336275813711545,26.430510520519732,26.546267606395155,26.998838217056488,27.088938168786594,27.442717920692882,27.53202321530353,28.071630848501652,28.334462591604822,28.720835018582154,28.976825012318802,29.312043408649135,29.715254844068742,29.90979461208638,29.992481052269593,30.43337697958261,30.64735699316274,30.817640420715456,31.003600629232462,31.06494371198663,31.140702230250596,31.309832478053973,32.31497406813358,32.71517408278852,32.71862612823201,33.2087091901435
58,14.387225660622528,18.11482013911511,21.54688504281421,22.93864073761366,23.117842243487253,24.681069373623984,24.992264206505627,25.280766749367885,26.53930252281533,27.4986068958685,27.514821463106106,27.58036275423148,28.098900904944923,28.384878970356514,28.394266635176795,28.638186230936324,28.65401605245097,29.442155844051037,29.809816764020795,29.90979461208638,29.95065043541417,30.732705876125852,31.992528772337142,32.345836430125516,32.53859772814245,32.81764685316474,33.0096919673653,33.18020061952025,33.186172418859854,33.56298485088908,34.1610437235907,34.1707721132226
59,27.30083798112555,28.65028975547361,29.916196345470564,32.004258182779076,32.50013885971586,33.57987558866035,34.35725948296208,34.92062885663752,35.69621178904379,35.84146115134744,35.976016161499935,36.61925866423976,36.67332296945846,38.551193272495205,38.95676964961426,39.09771576595628,39.22913260000687,39.37936845614683,39.38697567432213,39.91760370629333,39.94771674842196,40.13617385224098,40.4243289625341,40.66521119219097,40.866031915753204,41.03873601704042,42.16876857909695,43.52739346766862,43.67911969557713,43.88798107430126,44.087797725749006,44.44226787139127
60,23.96130233117108,25.205167210660715,26.329393443458322,27.031590473902103,27.864793345850188,28.404245895960308,28.41569350688769,28.611945803675233,28.804093788338385,30.16879741012719,30.609725987434093,30.921311915365088,30.978585884742284,31.073763851032652,31.28288772352041,31.932178183675997,32.14790235929906,32.48741425326295,33.12501936952185,33.3421120038131,34.15611421253464,34.401448558150456,34.58494876023327,34.77858013078737,34.87334593579099,35.15381720175606,35.35160845074484,35.62517767567419,36.012006924771015,36.10602699843776,36.132514439268554,36.335643282266965
61,17.370803658972772,23.56416590954095,28.844355868841077,29.14038865071981,29.64486122879723,29.798906652585202,30.075660231602328,30.155200907522357,30.652753445276677,31.924459788173365,32.25449969547149,32.4863458310525,33.17788209479557,33.34823065030371,34.3178494739151,34.53666088891568,34.96957688946277,35.13687547167107,35.41864438404302,35.43065774551906,35.799267455775684,36.51557505110896,36.617068116895176,36.91042137349254,37.57264843190374,37.66372806843881,37.807310548242654,37.93099514193624,38.18634433611167,38.19599504062602,38.314346933908816,38.34344418506296
62,19.931260290019882,19.93239375184619,20.87729008497407,22.61148610928663,23.3843144266965,23.402291581290637,23.770026314312183,24.42839732054715,24.54629951836613,26.79207233028826,27.144914084140265,27.393838977650212,27.6315535912959,27.742709460903182,28.482781026626675,28.653393632170964,29.411544485893625,29.80031644765329,30.999981450381398,31.342584099025515,31.405519022744098,31.514880408219874,31.61365891193151,31.845141798804033,32.05963642558416,32.736781104977545,33.01285301068296,33.1289632568235,33.368734285942615,33.42577957059923,33.55094921982548,33.57858820037132
63,15.797693173934851,18.291404057810812,18.99772681438025,19.80653846137504,21.04409510934195,21.069736421266438,21.390640746619816,21.54688504281421,22.166946358383843,23.576805919154296,23.76009254532353,23.917471679429614,24.14065858207188,25.260511913043786,25.49162864170467,27.25422717416341,27.83112621222346,28.041104059307024,28.339022214325386,28.543572554029584,28.746150430587168,29.412321618601275,29.53266753618567,30.198040220873366,31.312758066805834,31.922906533403086,32.08395280192632,32.398259047591274,32.810722205245916,33.1938165670878,33.33487954020764,33.73043000187305
64,18.853122988847183,20.92259402113376,26.63477473416147,26.74109429137201,26.961585244029262,26.967798084238172,27.29853799159254,27.882899176132227,28.14006370511722,28.185233621990907,28.499321525631892,29.087927332615823,29.277602731278908,29.312043408649135,29.410984718582714,29.412321618601275,29.95065043541417,29.966021878149235,30.01103765443743,30.42346800851533,31.167537859600873,31.316125475254836,31.481273520420302,31.50452482482262,31.73056460475346,31.787793865212606,31.823920521861453,31.985993141253477,32.35885595049442,32.772719678947595,33.71560048234179,34.46758955685933
65,24.897846732173452,27.245222136354265,27.299009969246374,27.514821463106106,28.049938202040856,28.14552627106408,28.566059368276235,29.737074172739604,30.104929225395086,30.519496450483942,31.065490205342524,31.111259878354485,31.1442572334109,31.342584099025515,31.86712657007621,32.028995319887954,32.318449001772954,32.57714481187501,32.89558776757867,32.96005298668809,33.42867928308515,33.76375006656746,33.93274676815059,34.20683544588912,34.38565622976097,34.565989005413236,34.66594334226412,34.80223769786949,34.81280059225226,34.84312104343329,34.98530419012728,35.019099741295086
66,20.462700426168052,21.181231628905454,22.163166663273202,22.251792264701606,22.733167333761514,24.236059660894075,25.42488472001324,26.048945326321466,26.340502485985578,26.581733775097547,26.621785802276015,26.660951518761845,26.946395794782422,28.450181682189367,29.2075950413748,30.03488324453989,30.830119615999994,31.45806495535545,32.183125635196426,32.25449969547149,33.102305743335556,33.89294421316796,34.12140707896853,34.26573118149692,34.956883157560675,34.97366415683726,35.23638938273494,35.31112119840851,35.35479782369627,35.38272097474111,35.97467709775967,36.17292389248481
67,18.540145046229352,20.52528057144936,25.75365403291204,26.542592680494632,27.172464607585162,27.54654452424265,27.843227329700888,28.345383372442413,28.741525148106042,30.094157091787523,30.95161600261519,31.51615818158704,32.183125635196426,32.4863458310525,33.02662096316705,33.41314788442587,33.49934837490031,34.133160004511446,34.26288617430466,34.37426234126767,34.902556923713185,34.991454530924706,35.279456074099784,35.28421058267686,35.875640941918164,35.89109297821452,36.37964779777425,36.46926464934304,36.47262524426752,36.712033806684296,36.881074417261985,37.40393723805171
68,19.83118219396448,22.469552638359158,22.733167333761514,24.685438283158927,25.292283414390337,25.892280259749125,26.048890359965416,27.172464607585162,27.692409064724984,27.69924038042704,27.868880462296435,28.521431802859187,28.966215520684823,29.31041531483918,30.06810133950243,30.40184810653213,30.652753445276677,31.546480272254996,31.724593094116234,31.899537026965017,32.00880011614998,32.90598241330851,33.04775432555261,33.164952208299674,34.47058640569753,35.434919793465234,36.52962736610241,37.07100178068534,37.612799077873845,37.65815996883215,37.70215804462462,38.091405311416665
69,29.41132452195275,30.034907544176917,31.58842170317497,31.898647541974963,34.17373404623176,34.94233124558183,37.64027475066101,37.681610755598825,37.80246835852021,37.90921033170927,38.59632304292556,39.43160531057097,39.487872392556504,39.4969032363973,39.5753712199664,39.854731714371006,40.11638439188621,40.91695327256952,40.94927485794798,41.58816414141085,41.82557844465328,42.02524935504155,42.254220384581856,42.280961168527185,42.694056157915526,42.7659491946539,43.31877512044795,43.32303873000214,43.72859658613247,43.85742064180828,43.93183035732134,43.97904873655106
70,21.543789754979514,21.864930303223453,22.57294905614176,24.14065858207188,26.19847396411609,26.967798084238172,27.11109010815921,27.232151098079573,27.460249591719453,27.50078427533042,27.690642940042146,28.394266635176795,28.49473731425183,29.507823639865613,29.990307570411836,30.817640420715456,31.0053038573041,31.30427288249728,31.53511781010747,31.53919455395148,31.911012305685272,32.355091758665054,32.40818912545894,32.5017858910828,33.034141168470896,35.02556164680696,35.04305510909055,35.08393183165666,35.33423285240948,35.59715789058032,35.86855338359872,35.96711357700516
71,22.842530896272773,24.254128986421378,25.032015619633988,28.075095725129824,29.04529033516259,30.034281043173824,30.651657765619497,30.96693826524736,31.087295583960028,31.71110684088994,32.11636234298497,32.200170324762325,32.355091758665054,32.398259047591274,32.4530412938445,32.577218700549096,32.76152490986096,32.8662177138684,32.91092449082852,33.18020061952025,33.42867928308515,33.486085230552504,33.71560048234179,33.83132539689082,33.87786559306975,34.35884915627499,34.458098935084706,34.49532115064926,34.635014264778356,34.672085725920574,35.01433884398089,35.27061522978364
72,21.590460827562875,23.28798660033075,24.254128986421378,24.89399776991298,25.176894476303083,26.43946487148444,26.80451237296548,27.25422717416341,27.823428656056876,29.421555507494958,29.54346187911302,30.973994682576254,31.006085649664946,31.30427288249728,31.565832331330267,32.10417693940914,32.53859772814245,32.772719678947595,33.05507618979333,33.98772662288958,34.00535033678365,34.12370779361283,34.57888752618434,34.58141763300679,34.61257168548732,34.62979099268639,34.63890441171358,34.96022654768851,36.29027575430361,36.47473909580089,37.097526885208275,37.328364575517256
73,20.277996445680575,21.805508305685372,23.24544912020154,24.2516837653906,26.468780578393858,26.660951518761845,27.839194617382823,28.990648509384084,29.169802853245496,29.18102808099734,30.427579984002854,31.018374378972506,31.257678730025432,31.28433769428379,31.677551323150457,31.739310902272816,32.69672708716636,32.722077642314545,32.90598241330851,33.13150351950261,33.41031575432214,33.49934837490031,33.909701397928856,35.659951240519064,35.73353328329257,35.78460236095533,35.90966498943763,37.80617669196809,37.82091042333228,38.34377708127218,38.4348637062217,38.454902394373036
74,23.24544912020154,24.262679146358405,25.548738657385442,27.299803094431304,29.621360984328028,29.742181576656012,29.7868019917879,30.25409361856634,30.30398454092694,30.830119615999994,30.842944129319246,31.375502952874484,31.659369608383006,32.21057766695024,32.60959649386796,33.59824984878767,33.8067677970671,33.833997177666355,33.909604106539824,33.91230206078431,34.493168063338445,34.53666088891568,34.61576573699108,34.81098607731406,35.038601639899824,35.0845167771181,35.08664520560163,35.22243415155403,35.33948053407355,35.47944552877444,35.74389359195357,36.171806240027344
75,22.9703287844002,25.149660437441362,26.114515850030337,26.53814215828758,26.68237231050877,26.841362494288983,27.299009969246374,27.6315535912959,27.79745313278496,28.499321525631892,29.615252352630662,29.660131561147054,29.69222766658409,29.76516324035424,30.127314001905965,30.38950416664218,30.65858146881043,31.227157869057326,31.80570103997267,31.87553691990462,32.004539646190786,32.07330809248994,32.11636234298497,33.019357294084664,33.416270254906856,33.50104790946212,33.841313519862986,33.869916229323096,34.1365661489436,34.22773295631129,34.94865453959286,35.03212419734908
76,23.129793466301543,25.980459148806066,27.6603907896297,27.725770142954058,28.404245895960308,28.805752619512806,29.20416482100725,29.362333048967855,29.410486591401988,30.268038180766286,31.127470774588932,31.19038983641605,31.388966393028763,31.80964367188398,31.844487193788062,32.2699956008292,32.27055736106083,32.508256450766225,33.298824859029544,34.18991138289619,34.528156281876356,34.69461070184667,35.00478103196249,35.194163775948795,35.22243415155403,35.34605589007529,35.376422600001725,35.402161084591604,35.89109297821452,35.97467709775967,36.327228377683,36.88362149341711
77,18.590977943616988,21.864930303223453,22.38240343551761,22.842530896272773,23.917471679429614,24.093796732505954,24.741367742359884,26.31438615490856,26.35826153391102,26.94155757715145,28.638186230936324,28.704218992499317,29.11337986420441,29.31094491711115,29.421555507494958,29.851255393315924,29.960325463511765,29.96887720848868,29.992481052269593,30.802887673869595,30.99596422704898,31.316125475254836,31.666903989526205,31.91070715018556,32.0918423411231,32.30724827036722,32.34046473809892,32.987937629168826,33.38814761246743,33.416270254906856,34.0734331643173,34.50767191717242
78,15.789959974335071,26.329393443458322,29.362333048967855,31.6960139077077,32.071103905448076,33.252350527427865,33.623649726725645,34.24751291053633,36.006585029653515,36.134654613224676,36.688423794266676,37.03073839078418,37.99939310500429,38.01308378036996,38.093259357030256,38.510757510692834,38.823567301345584,38.907126187851354,38.936974298024126,39.20657397810647,39.3312861983376,39.59320340426547,40.28613340616861,40.62425220535513,41.04192444898378,41.28425580180865,41.676763111411056,41.878283551632975,42.15186836703744,42.56680779302737,42.95917043628926,43.26586107677307
79,16.06772421885775,18.918862995079667,25.804859305873368,27.041335085396888,27.77733663815508,27.858521220268518,28.84848802615111,29.434497748939677,30.08089661674587,30.550463310740202,30.999243095871428,32.036285608401585,32.25760229171474,32.31732501472375,32.34865220329025,32.36507839121545,32.896045592581494,33.03366833654587,34.3036765293631,34.32964002899178,34.358782097001125,34.87334593579099,34.892207624490766,34.93059801572194,35.16739360927585,35.26886216791306,35.33948053407355,35.41864438404302,36.084774629946075,36.21286405956374,36.42401714571404,36.99175116387201
80,18.291404057810812,18.590977943616988,19.722221231975116,20.48142311998925,20.708504695565058,21.31155214331214,21.543789754979514,22.540073275383325,22.872085350949245,24.281911553025715,24.467646569345927,24.83004018443202,24.89399776991298,24.897114639173914,25.196129923554306,26.51912448191468,26.53930252281533,26.74109429137201,27.5284586321287,27.964945397762406,28.036277487558717,28.338385630156903,28.455411974748383,29.04529033516259,29.047595799870606,29.48235066356871,30.607516054297935,31.023407061634977,31.08897731991276,31.25341947149109,31.594589832256933,31.734697716441968
81,26.391758331812657,32.426613630044535,34.63972395999627,34.751442789346896,35.7778554154865,35.965089109437734,36.46926464934304,36.78396650787761,37.88416241878758,38.113364997283746,38.37170280906839,38.66604192969637,38.77652540181209,39.14387966638153,39.61843434434071,40.41075454318293,40.93742562634218,41.29532563414846,41.298357249822196,41.58537822825604,42.62033695142859,42.936421909501284,44.617352404209846,45.11692538489576,45.664896456384014,45.79848126202611,45.87683978312838,46.04947019263433,46.21686416545441,46.61461565028179,47.25212570963004,47.62519950450852
82,24.887987814608753,25.202904309619694,26.84637379071069,28.166068642081587,33.03548650890729,33.49906473680756,33.876853806859,34.072865474342514,34.17249832646634,34.83504527770271,35.20675100766545,35.389480830866525,35.62110827836168,36.27023842918625,36.62129797873142,36.90261773189308,36.94942842254612,37.1546042066796,37.2184460320931,37.52543061802709,37.67264197642443,37.72690970260595,38.03000921202363,39.08212185284905,39.199067594947955,39.65068525950637,40.09840301279796,40.3964369434943,40.64697380972702,40.807994582487396,40.91695327256952,41.346133578654765
83,15.275471991511584,15.37867904710513,19.413173364875536,19.93239375184619,22.882264174430176,22.895143364520585,23.033454805208653,23.809429300718286,24.17790577089519,24.199122288314626,26.08030944557419,26.53814215828758,26.815083245278814,27.04175365867035,27.232151098079573,28.67078450027177,29.119321491896397,29.37304244671897,29.48235066356871,29.590951729795094,29.667090622447464,29.703644474118907,30.673804281690987,31.50452482482262,31.59525437994064,32.34777403758417,32.77789236609622,32.91092449082852,33.05507618979333,33.06742973276278,33.07878139996895,33.199088979699866
84,22.809891417236496,25.149660437441362,27.05735425180054,27.95327208594682,29.277602731278908,29.37304244671897,31.233402911097066,31.260386641327067,31.53875194253283,31.845141798804033,32.48112391722646,32.580276277736196,32.86354065620077,32.902427030715934,33.099528511917484,33.13628626803469,33.39397102836952,33.40642470234163,33.963982388850546,34.1323100621993,34.565989005413236,34.77463138918146,34.98826236636802,35.27007257616522,35.39735421995002,35.411850371031214,35.423100701101674,35.45200326766763,35.57455979844908,35.697666448437786,36.00337753245951,36.18127104684008
85,23.8094837439618,24.175959001007687,24.685438283158927,24.8120193675676,25.1562748014583,25.406470203402925,25.42488472001324,25.656191848517736,27.317393689607712,27.479559639724336,27.54654452424265,27.833201735505067,28.92837425663012,28.990648509384084,29.64486122879723,30.588323077888468,30.637548319503445,32.292406547704644,32.426613630044535,32.84106547108013,33.30304773864268,33.55638915175145,33.59824984878767,33.80781018115878,35.283100296472625,35.50358504624668,35.9496688106369,36.23504929707431,36.60121805378771,37.63141782066179,38.08942630766032,38.400443202243565
86,19.802427165185755,21.71274690376951,27.100460057263764,27.42129469183763,28.704919730703505,28.999334161567848,29.68552653584058,29.730157820237793,30.04827490165495,30.312912527525402,30.500783370078018,30.732705876125852,30.937028556221126,31.06494371198663,31.065490205342524,31.204437836833183,31.36626861891731,31.469064510296697,31.510056051003634,32.142526809817824,32.324712455491266,32.487597771839695,33.06742973276278,33.072649461190665,33.1938165670878,33.21655602113597,33.303497960962694,33.31553950270449,33.48308914630656,33.869916229323096,33.87786559306975,33.967915178757835
87,26.58503630613286,26.834367968076936,27.23151749925458,27.42129469183763,27.446571881014755,27.742709460903182,27.999857925567884,28.20990987821853,28.264001289918976,28.44029048525074,28.8565932734216,30.392198993700124,30.60912094338794,31.233402911097066,31.28288772352041,32.31732501472375,32.70702008932088,32.80294233506234,33.39340720965373,33.43776323648192,33.45465623900919,33.46345112035706,33.483520986381116,33.524335106072606,33.5875960331088,33.73656903078301,33.841313519862986,34.13221767065866,34.43344923316578,34.60921477814169,35.09319344430367,35.47660369775191
88,23.15790793615251,25.414706311565865,25.656191848517736,26.391758331812657,28.521431802859187,30.95161600261519,31.109551802832947,33.33706487641995,33.55458236754416,33.63546629747823,34.1113725745552,34.14221698662429,35.13687547167107,35.93756910374363,36.04145263773828,36.20503469184174,36.23613233720345,36.351924548844536,37.99563207307434,38.34377708127218,38.5734752224005,40.647335843784674,40.78421250710318,40.92440183271774,41.06806461922918,41.15036959246014,41.596732215303916,41.961908877661024,42.03665297090487,42.22784750245331,43.08532211180047,43.483764044813036
89,23.15790793615251,25.785081305608273,28.41367058614856,28.53681680528436,30.094157091787523,30.40184810653213,32.292406547704644,33.05060445228918,33.13150351950261,33.966193608726215,34.505097491568144,34.751442789346896,34.81098607731406,35.28177238799121,35.437445792691264,35.727612101650166,36.3813049626913,36.63104080776531,36.674826518367375,37.75173632774966,38.58498003841522,38.714262562379695,39.101419341576964,39.13074862247486,39.258802854216924,39.30193576976365,40.87288455562838,41.703120772476986,41.82583427751518,41.90793075520322,42.35499560665119,42.4960949098867
90,18.540145046229352,23.194926996478195,26.08486519770234,27.59773544331616,27.75329662395121,28.192680212689297,29.16036804422457,29.798906652585202,30.03488324453989,30.06810133950243,30.521597815481805,30.847048178589404,31.127470774588932,31.45561961460161,31.885881722340816,32.25760229171474,32.36285573837157,32.84106547108013,33.33943041476965,33.57858820037132,33.584339477340954,33.74537074513181,33.845869719263334,33.91230206078431,34.265829956590174,34.505097491568144,34.61144216814473,34.73692851334551,35.15381720175606,35.37613038539301,35.659951240519064,35.67461816539686
91,23.37160444278072,23.770026314312183,23.921486894964907,23.938714792684607,26.184166509785676,27.40615371688893,27.653415418720442,27.888172909440666,28.67078450027177,28.95469147442202,29.031664175979532,29.242702456788358,29.364127947386994,29.490264853077264,29.730157820237793,29.737030234525168,30.034281043173824,30.139741128627865,30.31835842252989,30.5415535730507,30.550463310740202,30.64858290172428,30.846129487535414,30.973988807052937,31.31935674775554,31.504674418289106,31.565832331330267,31.641640271758188,31.73481726406122,31.817755077683813,32.06892392753495,32.0918423411231
92,22.85821542578261,24.897846732173452,25.06345097729761,25.75051598177716,27.04175365867035,27.100460057263764,27.10651263764552,27.58036275423148,27.95327208594682,27.967886006831073,28.655713608159036,28.689895635234137,29.69222766658409,29.787880442865916,30.295479662523192,30.412960516856913,30.42346800851533,31.197679244639957,31.73299695613192,32.13306427186504,32.25838610025566,32.736781104977545,32.750578930896836,33.323666245807615,33.43776323648192,33.98158782551189,34.173935401324904,35.14137572508466,35.16172512671968,35.379918963062714,35.494681667117774,35.793622043150066
93,23.8094837439618,26.16523693612906,28.741525148106042,28.966215520684823,30.351190406151897,30.66765164314273,31.45806495535545,31.618405418352594,31.760929055917366,33.02403132204834,33.41031575432214,33.63546629747823,34.10398435170862,34.85341657629174,35.1211196906369,35.13664445439941,35.38767431231914,35.67461816539686,36.68317441597729,36.902285088733436,37.610237735406365,37.8304213386605,37.88416241878758,39.06771787210846,39.258802854216924,40.13386734159936,40.979641074310706,42.00865044666904,42.637217942499824,43.17915363166592,43.56686033626915,43.57616755118974
94,22.163166663273202,22.469552638359158,26.533825703767953,26.909856222316744,27.702820892029983,27.833201735505067,29.230367460067487,29.37251281409115,29.463307559682644,30.351190406151897,30.515228051376667,30.70052543108416,30.812978932470504,31.28433769428379,31.982337418595474,32.27948750082579,32.45328450568348,32.60959649386796,33.13093325950211,33.584339477340954,34.08453898724821,35.34122973321091,35.365092656848596,35.50307113895639,35.62517767567419,35.88211036809749,35.93756910374363,36.4823458479798,36.881074417261985,36.88362149341711,37.442252204648106,38.19631111154981
95,26.11275562779056,31.780293129699213,32.16222796326797,33.03548650890729,33.318449342119976,33.50539099832047,34.15122840881512,34.349024191682894,34.683056658186636,34.84630465867223,35.14082365738555,36.13227848587619,36.40313051929058,36.52361236050576,36.62646202797588,36.871915701091986,37.30877960954579,37.37953927060824,37.40393723805171,37.4246036665108,37.47166775468418,37.53406865706872,37.55046007863543,37.66372806843881,38.903559933193726,38.936974298024126,39.007545532435756,39.13887118188413,39.86862371092434,39.99961051810223,40.1787736509075,40.33837626694586
96,24.56966763293983,26.468780578393858,28.61651586218315,29.003313133415656,30.30398454092694,30.720067036567357,31.100535370507515,31.395550453805786,32.192730718015426,32.44369238173406,33.30304773864268,33.32776192515253,33.609101621278775,34.10398435170862,34.133160004511446,34.32471296574366,34.548073118003565,34.91327442722829,35.23638938273494,35.35160845074484,35.965089109437734,36.006585029653515,36.63104080776531,36.74207379207933,37.37953927060824,37.454582771961704,37.612799077873845,37.85177650035343,38.39772767393105,38.94222735752668,38.97255426014883,39.15310961264707
97,27.0315904739021,28.195373022100476,29.410486591401988,30.928791335936257,31.6960139077077,32.04440289132688,32.189566920173036,33.06697433977992,33.78559622578033,33.95500598447651,34.91725042114173,36.47322244011711,36.594157353513694,36.826450416557826,37.13849993033908,37.1546042066796,37.8499540871163,38.524559294357815,38.66410636222741,39.13887118188413,39.468841879064435,39.6522287285222,39.78564363603502,40.82154935717228,41.40815114331607,41.98612197337435,42.17327994645258,42.43207081042095,42.53463781279433,42.5358403050939,43.32303873000214,43.6134474913305
98,21.914186066157715,24.199122288314626,24.54629951836613,26.77752350854427,27.45301566293237,27.519812386683586,27.803041743565522,28.991534332072913,29.36577566525757,29.615252352630662,31.14804539921801,31.7351492781943,32.06892392753495,32.24507775014785,32.31464965199975,33.21389982583391,33.32663251275983,33.46873172461967,33.483520986381116,33.68858630496738,34.34219883133855,34.98826236636802,35.42033050036504,35.998439929940524,37.0982581816465,37.27659145995586,37.759323125869024,37.82008093490255,37.93216934079984,38.00101170719327,38.03292488964875,38.55131493696885
99,21.432822347239508,23.44448320131404,23.81730157817967,25.998017410521772,26.5173330166425,26.554177553339038,27.648779277569826,27.858521220268518,28.559537332709002,29.511027488066443,29.795816817853115,30.27391231935605,30.978585884742284,32.21057766695024,32.45328450568348,32.75891339125161,33.07314473427278,34.307761625277124,34.63412484811364,34.69461070184667,35.53276710678579,36.46178504374675,36.51626789140716,36.77878300240745,36.90684646790684,36.966032118520616,36.992451897201384,37.324239528640966,38.091405311416665,38.36075669733112,38.47988262890763,38.53422393094608
100,26.621785802276015,29.555832595169424,29.90284917048337,30.70052543108416,30.917581651441573,31.018374378972506,31.04667175882403,31.375502952874484,31.760929055917366,34.17986886952442,34.32471296574366,34.48143317840204,34.93182745449492,35.021621590279736,35.9496688106369,36.62646202797588,36.85420024275625,37.02584969153626,37.07100178068534,38.56433031130295,38.98196043057308,39.47774276750142,39.66846398036107,40.22918483790431,40.229673138789956,40.6008570591472,41.10808193634727,41.127879549266034,41.13182858041693,41.338925234353354,41.445655459624724,41.521541350352315
101,28.73204134877829,29.13630706315563,29.703644474118907,30.872097165085467,31.100409786761293,32.66349719460348,34.73761531946528,35.42033050036504,36.27097424918991,36.2974363153051,36.58334391018315,37.576385653245936,37.66179610472293,37.97926574145055,38.15176648314289,38.17287976401192,38.27518103850133,38.37745604795554,38.787379116090904,39.694430857864155,39.73813462353484,39.80290536568686,39.88417266695016,40.324823411546255,41.195452847841665,41.49424902199541,41.63280566317346,41.679274132813504,41.761740449756005,42.146627407304386,42.163735049532654,42.349364233902186
102,26.554177553339038,29.41132452195275,29.42093700790508,29.699061574050564,30.51026431745572,30.513663125822095,30.55012326776248,31.819046194093044,32.17649479489186,32.2699956008292,32.398379430106516,32.62336303793315,33.82873762018011,33.868179958693965,35.19033802130731,36.27023842918625,36.62463861057869,36.94064754124713,38.339884306102284,38.60900321165185,38.7525521951742,38.896255674431806,38.91718591561254,39.699572611073776,40.268522776895324,40.26854164954954,40.294304139215136,40.71581841336084,41.148207823033985,41.28425580180865,41.56325681841462,41.86150692719158
103,21.71274690376951,26.473910197070822,26.834367968076936,27.83121197743807,29.900662187718947,30.367834722873035,31.003600629232462,31.04528194765801,31.388966393028763,31.61346292867576,31.641640271758188,32.19215156934914,32.2850653422632,33.0096919673653,33.17397925954044,33.21389982583391,33.25147665143651,33.3798394269767,33.53210887026375,34.11348698531095,34.16851445730342,34.32964002899178,34.35310219047098,34.72781053226296,35.03212419734908,35.13650355779631,35.20296520732693,35.35608579245217,35.41371745317619,35.45192094499262,35.47909169749206,35.75740395739933
104,23.850872480675037,24.586481337704836,27.93692701972704,30.96474189276195,31.819046194093044,32.068665505493406,32.19215156934914,33.07314473427278,33.45465623900919,33.49838479141681,34.3036765293631,34.537394023834,34.77858013078737,35.06928284078595,35.21980941727523,35.402161084591604,35.44471601396886,35.45881810639426,35.60405170113409,37.422696027207536,37.97164995742277,38.524559294357815,38.634232671193516,38.762538678359064,38.85077231301453,39.02951603098804,39.442773896162024,39.4969032363973,39.9010883515848,39.91686047770311,40.49726129050324,40.59309133224945
105,24.887987814608753,27.762959022461985,28.74433749911543,29.05143655286844,30.18749807905526,30.268038180766286,31.515194746155355,32.087956362253365,32.19252698066018,33.34866735081452,33.38608452785258,34.15122840881512,34.236131973801676,34.8982551377909,34.91725042114173,34.93059801572194,36.33177440927759,37.49045064775438,37.681610755598825,37.71561905747662,38.128020171225344,38.54720290227842,38.91718591561254,39.1671708505661,39.59320340426547,39.64447111495317,39.70058240095378,39.718856480387494,39.99279584786077,41.057680689021716,41.653693793674464,41.85549334538869
106,20.887708955312842,20.92259402113376,25.75051598177716,26.657832137515683,26.68237231050877,30.32907956326718,30.965660961438143,31.25341947149109,31.68549807922548,31.69114078639117,32.39597381517869,32.46817081147592,32.57714481187501,32.580276277736196,33.2309508514612,33.73656903078301,34.089500768814204,34.12370779361283,34.635014264778356,34.710467066206114,35.14298287781905,35.15405047989453,35.248260229726654,35.312945591023876,35.50641431538648,35.601631380396945,35.6769053942046,35.969445701757415,36.69799150678519,37.089861159093466,37.50452975724455,37.74641537771137
107,17.33885344255435,22.631848855364844,23.35316374826088,23.714906665359322,24.441172132445544,24.452436756306497,24.681069373623984,24.928563592263956,25.260511913043786,25.313383736985617,25.604654877508214,25.69080142389039,25.723162531779423,26.310610017994318,26.416380426900822,27.690642940042146,27.75466446557162,28.185233621990907,28.455411974748383,29.11337986420441,29.490264853077264,29.741292892346014,30.06305877031304,30.43337697958261,31.015381601819143,31.087295583960028,32.620515765764644,32.873013956319284,33.50104790946212,33.6531905374785,33.904426563319326,33.93274676815059
108,16.06772421885775,20.1841847396706,21.432822347239508,21.689557258242136,21.773146087474423,23.04981437807238,23.104676506561862,24.89645648475689,25.21302475923095,25.751301291186387,26.08486519770234,27.299803094431304,27.483577390839624,27.556329704775347,27.813245141376317,28.41569350688769,29.14038865071981,29.350510227874224,30.163252621730116,30.392198993700124,30.596838501530105,30.912416525687487,31.58842170317497,31.817755077683813,32.05963642558416,32.17649479489186,33.298824859029544,33.37043767713209,33.38608452785258,33.41314788442587,33.896044180014236,34.0522825485997
109,28.036277487558717,29.715254844068742,30.351145077540465,33.38699837846045,33.5105868827691,33.849590876350476,35.612537362547485,36.10188771531254,36.322949490335816,36.3763204780299,36.69799150678519,36.87398935357231,37.19193433152458,37.71152130914567,37.71725936724471,37.86093927259287,38.46370358387465,38.53414453709659,38.585054749503904,38.95956205137412,39.34437249856667,39.52048451412941,40.26419201475421,40.310177890824804,40.40393933156696,40.4603490217041,40.7736985002508,40.873399143335405,41.06562979561633,41.10063825424206,41.525458616913966,41.74560692366942
110,16.380184826830522,23.285830842562778,23.85087248067504,24.160032554449185,24.817698414832527,25.21302475923095,27.23151749925458,28.482781026626675,28.84848802615111,28.89371946257183,29.3554632832893,29.511027488066443,29.70782115111684,30.025365325084877,30.59752321623235,30.638355650757653,30.766474087735496,31.459289980577413,32.079302768265656,32.14790235929906,32.16543228634375,32.2850653422632,32.29596737618565,32.31497406813358,32.44568996867022,32.58409635043998,32.62336303793315,32.767905529202295,33.851145969129696,34.10631903599589,34.66594334226412,35.194163775948795
111,21.954837420949527,23.48544574884756,23.66814418150409,24.668070157911732,25.723162531779423,26.671352533600416,26.80451237296548,27.43083248442847,27.653415418720442,28.689895635234137,29.442155844051037,29.667090622447464,29.731334050630704,30.04827490165495,30.574527379627398,30.577398420273123,30.62731766857523,30.679757519357445,30.788387318470978,30.96693826524736,31.045169557926187,31.167537859600873,31.67508299816019,31.72362738903907,32.08524954624236,32.46817081147592,32.810722205245916,32.93941949069114,33.486254318643624,33.7551961388727,33.82711182521834,34.1365661489436
112,26.584439922307425,27.479559639724336,27.69924038042704,28.450181682189367,29.230367460067487,30.720067036567357,30.779389214723523,32.403407939440335,33.019283445469114,33.03313557632345,33.03694399825856,33.05060445228918,33.48607301542344,33.55458236754416,33.67928789936524,33.909701397928856,34.2843548086688,34.33697462039549,35.011694176118915,35.13664445439941,36.47262524426752,37.01893731255214,38.3379643301697,38.98196043057308,39.12547095323366,39.22758006462913,39.335941976561855,39.38061962394454,39.83448487821937,40.55161798893171,40.67751206977191,40.999502177824006
113,27.483577390839624,27.500201809718778,29.557016918909504,29.956455896599067,30.48150371676628,31.898647541974963,32.31464965199975,33.73582842536324,34.15611421253464,34.160668085592626,34.18752252526968,34.548073118003565,35.14082365738555,35.16085501436687,35.20675100766545,35.467204733030925,35.75719183228317,35.86246459953773,35.93857512682498,36.084774629946075,36.120083960194584,36.45396674519179,36.740887346052006,37.10218350538312,37.123978265393156,37.12417775973852,37.334992605131916,37.58937856469092,37.685202667332014,38.025767884147214,38.56848337796985,38.7525521951742
114,27.77733663815508,29.09756753361148,29.648880458520697,31.102233684813054,32.079302768265656,32.82218404460606,34.66101760827266,34.84507965275375,35.417383606091896,35.44471601396886,38.1701106085727,38.43695496435425,38.66410636222741,39.143402398711764,40.319186038507446,40.34147430783427,40.64697380972702,40.91269201346997,41.012850881249385,41.29708135709319,42.102952453804555,42.25384746895682,42.34130908987574,42.632627551359036,43.3487881525674,44.2246507506371,45.12787664955149,45.30345838383899,45.330659146561416,45.59751248588065,45.75341385794937,46.11820186024557
115,21.26988274342447,22.31618349301544,22.690960473557013,23.04981437807238,23.222502093604362,23.275158414412246,24.160032554449185,25.804859305873368,25.998017410521772,26.473910197070822,26.84637379071069,27.446571881014755,28.426602189565028,28.805752619512806,29.097567533611475,29.42093700790508,29.793604385302505,30.40790471491335,30.596170385406133,30.96474189276195,31.073763851032652,31.08897731991276,31.105698680782087,31.31935674775554,31.363813744030576,31.36626861891731,32.08395280192632,32.19252698066018,32.63223754884475,32.65845969419279,33.10070298044901,33.1289632568235
116,21.773146087474423,22.51436743826318,23.222502093604362,23.285830842562778,23.96130233117108,25.980459148806066,27.041335085396888,27.354646898739002,27.45729306277948,27.75329662395121,27.93692701972704,29.037526360816486,29.557016918909504,29.648880458520697,30.03490754417692,30.367834722873035,30.55012326776248,30.60912094338794,30.649940819012755,30.846129487535414,30.937028556221126,31.01330709282126,31.17355029550569,31.450009363362568,31.514880408219874,31.59834804757741,31.912089520062068,32.189566920173036,32.33915361478352,32.34316280264549,32.75891339125161,33.119663536609934
117,30.17179176946848,30.69429113970628,32.96005298668809,37.15211316544975,37.15402015605761,37.65060207865862,37.995830115609685,39.73032971040747,39.89472085460926,39.93523492052219,39.93812735407434,40.39733135699006,40.40070373600676,40.95739001935774,41.36766968044326,41.39645722823124,42.352786855722954,42.464272260449285,42.47369198092899,42.52412216535669,42.54440787229654,42.92913026653085,43.03038539941168,43.222514093614215,43.31487233163142,43.38281153331808,43.469111520558265,43.489550782288894,43.68087357638259,44.03050686530257,44.74720240695081,44.76306591270648
118,19.85867992071229,20.547730859219598,22.93864073761366,23.754351090935444,24.939662286900578,26.03336401682727,26.35826153391102,26.51912448191468,27.83112621222346,28.345214065129802,28.49473731425183,30.20363510860838,30.278558965852902,31.015381601819143,31.38501923536641,32.35885595049442,32.96853307747646,33.02375243254336,33.254592411683646,33.793459648384,33.875956095360934,34.38565622976097,34.61257168548732,34.63891994354077,35.488460223604775,35.51269573771722,35.69660516370626,35.80734313564935,35.822533890193014,35.987170298493055,36.14867665832279,36.32556513687001
119,20.301024907827514,21.23474094417593,21.729665964616675,24.668070157911732,25.500802559609276,25.69080142389039,25.936267551495952,26.53105474098254,26.546267606395155,27.193285097697718,27.729064278627824,28.041104059307024,28.34555565309153,28.998310113034904,30.01103765443743,30.098858476921286,31.02163945843705,31.60589854522468,31.721648294297776,31.992528772337142,32.487597771839695,32.50013885971586,33.02375243254336,33.60554648462041,34.25037423671457,34.905143936376355,35.35608579245217,35.697666448437786,35.73512028680548,35.79141726338558,36.02891366026571,36.2974363153051
120,19.030226644947824,19.767298103836573,20.550816071114482,20.5739153701438,21.666106010351516,22.71803871087758,23.117842243487253,23.570354656389608,23.754351090935444,23.76009254532353,24.83004018443202,24.95228949068174,25.49299409559289,26.416380426900822,27.245222136354265,27.442717920692882,27.729064278627824,28.121515009759314,28.65028975547361,29.020541102773755,29.851255393315924,30.62089394112156,31.216246313566433,31.504674418289106,31.675878747474233,31.72362738903907,32.162293056213464,33.21655602113597,34.040524553311926,34.58141763300679,35.02556164680696,35.20296520732693
121,25.205113831690866,28.066030256230707,30.16879741012719,30.79381035396273,31.17355029550569,31.19038983641605,31.459289980577413,32.113345188720835,33.49838479141681,33.80096094085742,33.896044180014236,34.358782097001125,34.45082410113805,34.78840008133695,34.84594987899325,35.875640941918164,36.02326429635451,36.12440239846408,36.46178504374675,36.47322244011711,36.79116781836897,37.50106101595133,37.99939310500429,38.06037853653231,38.43661435311653,38.562371733071934,39.28395036589421,39.388217436709084,39.76403678417181,40.13118151632292,40.15754904740664,40.87288455562838
122,21.689557258242136,22.18046423654869,23.56416590954095,29.524425007866018,29.956455896599067,30.27391231935605,30.4004715505766,30.638355650757653,31.035377298569767,31.284934030643345,31.885881722340816,31.992205302712556,32.36507839121545,32.50303280532872,33.0018039438395,33.164952208299674,33.318449342119976,33.34866735081452,33.868179958693965,34.17373404623176,34.330738772290424,34.432458138613164,34.574606404922044,34.83504527770271,34.956883157560675,34.97583036015233,35.44383811243174,35.574850639305005,35.74389359195357,35.81157741902989,35.98997260286719,36.196877869194665
123,20.52528057144936,22.251792264701606,23.194926996478195,24.175959001007687,24.80398602787641,25.292283414390337,26.095874181410945,26.233254779741085,26.30038197416588,26.331065192489767,26.584439922307425,26.86634651353428,27.144911241579116,27.839194617382823,28.41367058614856,28.61651586218315,28.844355868841077,29.463307559682644,29.742181576656012,29.978581514426843,30.509500669309766,30.64364833276726,30.649940819012755,30.78982533433502,30.79381035396273,30.912416525687487,30.921311915365088,31.109551802832947,32.06166801886866,32.508256450766225,33.02403132204834,33.333092512508735
124,20.550816071114482,23.34081885623152,23.826691887793203,24.77936146519802,24.928563592263956,26.873651254993156,28.049938202040856,28.13033572620248,28.215874953656066,28.271223321593066,28.338385630156903,28.58985406687376,28.976825012318802,29.473717675522288,29.809816764020795,30.08179474639998,30.17179176946848,30.973988807052937,31.285066634674276,31.60589854522468,31.91070715018556,31.922906533403086,32.004258182779076,32.08524954624236,32.90018476592619,32.96853307747646,33.849590876350476,34.112999379047835,34.20066618216152,34.30657475263341,34.97032729166738,35.248260229726654
125,31.417835989859814,33.909604106539824,34.12140707896853,35.50358504624668,35.54808252614365,35.90966498943763,36.16301136300694,37.969402828819476,38.17456888375584,38.31213711618886,38.67167519208759,38.9850121736758,39.27655469183836,39.82940049828234,40.53996219387338,41.613918767601575,41.95082649181084,42.330283444544385,42.4050997918734,43.4159806382295,43.49346050722057,43.51274019779438,43.57892212581255,43.75466392439114,43.83831685345008,43.86412848402492,44.19448465285161,44.307059417007906,44.34289947684648,44.560579562891725,44.59042189266112,44.641647389962095
126,20.277996445680575,20.72695378330622,24.56966763293983,25.16928220160265,26.11275562779056,26.233254779741085,26.946395794782422,27.515431321226828,27.868880462296435,29.23421567186054,29.844525306243767,30.25409361856634,30.917581651441573,31.122998006477335,31.374707296984532,31.51615818158704,32.529763748131444,33.61123892671034,34.08453898724821,34.20997029560815,34.265829956590174,34.93304608863559,34.97583036015233,35.011694176118915,35.059737201100006,35.22290768597757,35.26939622859302,35.283100296472625,35.36751353950004,35.43065774551906,35.727612101650166,35.75719183228317
127,23.402291581290637,23.921486894964907,26.08030944557419,26.77752350854427,27.20847867317588,27.30666699103263,27.757228311748342,27.78804573475538,28.511559808289498,28.566059368276235,28.73204134877829,30.127314001905965,30.433318587795565,30.511390889379957,30.834191507433058,31.912089520062068,32.412507948148885,33.25147665143651,33.31553950270449,33.373848183171404,33.55761681909718,33.60690409342889,33.851145969129696,33.94584900353753,34.040524553311926,34.26573118149692,34.48574282791198,34.61144216814473,34.64515929980724,34.81017156334776,34.852803189253876,35.15343239410961
