0,60,157,58,241,51,13,155,205,245,161,123,129,3,116,64,18,100,233,152,40,57,149,12,211,45,150,238,95,9,54,30,104,27,34,74,223,220,201,194,49,44,46,106,187,25,230,166,213,41,228,68,221,70,137,82,117,200,197,173,48,37,131,237,105
1,52,145,7,21,206,183,204,182,36,133,109,192,88,209,122,103,179,83,127,112,163,6,219,99,108,28,19,26,214,65,156,110,158,254,79,119,253,11,4,132,246,225,53,80,23,84,224,148,118,121,8,59,97,244,247,16,167,120,178,55,47,125,251,165
2,24,66,142,222,217,144,160,111,96,146,134,56,75,76,243,91,212,89,193,234,33,188,164,17,177,202,237,200,85,210,203,82,215,166,106,49,137,175,231,248,229,207,62,94,208,27,104,35,5,90,15,240,124,114,140,9,102,61,73,216,113,78,226,169
3,155,241,161,57,152,0,51,245,60,205,123,129,149,116,157,58,44,64,12,100,13,223,46,150,173,211,45,48,95,37,54,238,41,18,220,40,93,34,201,74,30,194,213,187,131,25,172,233,228,9,252,230,162,70,221,159,105,117,104,130,197,218,27,31
4,11,132,246,225,80,119,23,254,158,110,156,118,148,121,8,59,214,247,97,26,65,19,28,84,108,244,16,167,99,120,178,219,224,6,163,112,127,83,47,125,251,22,179,103,67,165,55,185,253,184,77,122,190,209,138,153,196,88,192,174,109,195,133,36
5,68,164,137,82,193,234,202,166,233,75,177,49,200,27,106,146,111,40,91,104,157,212,58,9,18,237,60,56,0,13,243,17,160,85,241,134,238,51,205,30,245,116,217,64,161,123,76,129,155,211,45,100,54,142,95,221,12,150,149,34,3,152,57,87
6,163,112,127,83,219,99,179,103,108,28,19,122,26,209,214,88,65,156,110,158,192,254,109,133,119,36,11,182,4,204,132,246,183,225,80,23,21,7,148,118,84,253,121,8,59,145,52,1,224,97,247,244,206,16,167,120,178,47,125,55,251,165,22,67
7,21,145,52,183,1,204,182,36,133,109,206,192,88,209,122,103,179,83,127,112,163,6,219,99,108,28,19,26,214,65,156,110,158,254,119,253,11,4,132,246,225,80,79,23,84,224,148,118,121,8,59,53,97,244,247,16,167,120,178,55,47,125,251,165
8,121,59,118,148,247,23,97,80,225,246,132,4,11,16,119,167,254,158,120,178,110,156,244,84,214,47,125,65,251,22,26,67,185,165,19,184,28,224,55,108,77,190,99,219,138,6,196,163,112,127,83,153,253,195,174,179,103,139,115,101,135,191,122,168
9,104,18,40,27,30,106,49,237,211,13,45,85,200,54,34,95,17,205,233,166,100,123,129,245,150,51,177,74,58,230,161,12,194,25,187,201,149,70,248,155,197,82,117,60,220,176,0,157,152,57,228,137,213,202,35,31,113,210,136,50,105,189,212,232
10,87,221,171,238,64,116,241,157,239,0,3,60,58,68,155,51,233,13,245,161,205,199,123,173,129,57,152,44,48,149,40,100,18,12,5,223,46,211,45,150,172,137,37,27,95,9,54,82,104,166,30,252,49,41,93,34,106,220,74,201,202,194,187,213
11,4,132,119,246,225,80,254,158,23,110,156,118,148,121,8,214,59,26,247,65,97,19,28,108,84,244,16,99,167,219,120,178,224,6,163,112,127,83,47,125,251,179,103,22,67,253,165,55,185,184,122,77,190,209,153,138,88,196,192,109,174,133,195,36
12,149,100,150,152,57,129,45,211,123,95,161,54,245,205,155,51,34,220,74,201,194,13,187,25,213,30,230,228,18,41,70,223,117,58,3,46,197,105,131,0,60,40,9,31,157,44,176,136,104,241,37,130,14,93,162,159,27,50,113,232,233,48,35,189
13,205,51,245,58,123,161,129,18,155,60,0,40,100,211,45,157,12,149,152,150,57,95,9,30,54,233,241,104,27,34,3,74,194,201,220,187,25,230,106,49,213,70,116,228,117,197,64,166,223,200,41,46,237,85,105,31,176,82,44,137,131,177,17,136
14,236,105,170,130,249,131,31,38,228,136,213,159,107,147,141,162,41,220,117,232,70,128,187,201,25,126,197,194,255,154,50,81,189,151,230,218,74,176,113,143,42,216,102,34,29,114,250,93,35,180,95,54,15,150,227,223,46,37,12,94,149,45,61,211
15,114,94,102,216,42,143,207,81,151,255,189,61,215,128,147,154,227,232,35,50,113,229,240,176,231,136,62,210,248,38,188,31,197,170,124,73,169,117,226,70,33,105,230,236,140,14,249,228,175,25,78,126,187,194,213,242,201,74,141,34,90,220,85,130
16,167,120,178,247,97,59,47,8,121,125,118,148,251,22,67,23,185,80,225,184,246,132,244,77,4,11,165,190,55,119,254,158,84,110,156,196,138,214,195,65,224,174,26,153,139,19,101,115,28,135,191,108,198,20,92,99,69,39,219,253,168,6,163,112
17,85,237,200,106,177,248,104,49,212,210,27,9,76,243,91,33,166,30,134,35,202,40,56,18,82,176,215,113,34,96,188,197,230,160,50,70,54,137,117,74,189,25,95,94,211,45,194,187,136,232,144,201,114,143,151,216,102,31,15,81,233,228,42,13
18,40,9,13,104,30,27,211,205,45,51,123,245,129,58,100,54,161,95,233,150,106,155,12,34,49,60,149,0,157,74,152,57,230,194,200,166,201,25,237,187,85,220,70,117,197,213,17,177,228,241,82,176,137,248,3,31,202,136,105,35,113,50,41,210
19,28,108,26,99,214,219,6,163,156,110,112,127,83,158,65,254,119,179,103,11,4,132,246,225,80,23,122,118,148,209,121,8,59,84,88,247,97,192,224,244,109,133,253,36,182,16,204,183,167,120,178,21,7,145,47,52,125,1,251,55,22,165,67,185
20,135,101,69,139,181,92,195,115,191,32,198,196,190,77,184,174,185,67,22,71,251,63,138,125,47,180,250,29,252,178,120,165,167,186,218,55,172,16,98,93,39,107,162,159,153,37,247,97,59,8,48,121,244,118,148,168,130,173,235,141,23,46,80,225
21,7,183,204,145,52,1,182,36,133,109,192,206,88,209,122,103,179,83,127,112,163,6,219,99,108,28,19,26,214,65,156,110,158,254,119,253,11,4,132,246,225,80,23,84,79,224,148,118,121,8,59,97,247,244,53,16,167,120,178,55,47,125,251,165
22,251,67,185,125,47,184,77,178,120,167,190,16,196,195,165,247,97,138,55,139,59,8,121,174,118,148,101,135,115,191,244,23,20,80,225,246,198,132,92,69,4,11,153,84,181,119,254,32,158,110,156,39,224,214,65,168,26,19,28,71,108,253,63,99
23,80,225,246,132,148,118,4,121,8,59,11,119,247,97,254,158,110,156,16,214,244,167,65,26,84,120,178,19,28,108,47,224,125,251,22,99,67,219,185,55,165,184,6,163,112,127,83,77,253,190,179,103,138,153,196,122,174,195,209,168,139,88,115,101
24,142,111,89,2,217,66,75,146,222,234,193,160,56,164,134,91,243,144,212,76,96,202,177,5,82,137,200,166,17,237,49,106,85,33,68,27,104,210,188,233,9,248,40,215,18,30,35,94,207,176,113,231,13,15,229,114,50,58,34,102,197,189,62,230
25,187,194,201,74,230,70,228,117,213,220,34,197,31,54,95,105,136,176,150,45,211,30,50,12,113,100,232,131,149,14,189,35,147,41,151,152,57,129,81,123,248,143,130,42,216,161,170,205,245,9,18,102,236,255,128,114,155,38,51,249,154,13,159,162
26,214,19,28,108,156,110,158,254,99,119,65,219,11,6,4,163,112,127,83,132,246,225,80,23,179,103,148,118,121,8,59,84,122,247,97,244,209,224,253,16,88,192,167,109,133,36,120,178,182,204,183,47,125,251,55,22,21,165,7,67,185,184,145,52
27,104,106,49,9,40,200,166,18,237,177,233,82,85,30,17,137,202,13,211,58,45,205,54,51,95,34,245,123,129,100,161,60,157,150,0,248,212,74,12,230,155,149,194,25,91,187,70,201,197,117,176,152,57,220,210,243,68,228,35,213,113,241,76,31
28,19,108,26,99,219,214,6,163,112,127,83,156,110,158,65,254,179,119,103,11,4,132,246,122,225,80,23,209,148,118,121,8,59,84,88,247,97,192,109,224,133,253,244,36,182,16,204,183,167,21,7,120,178,145,52,1,47,125,251,55,22,165,67,206
29,250,180,107,218,63,159,162,130,93,71,186,141,98,181,249,236,131,32,126,69,14,37,41,252,170,20,135,92,191,101,38,46,105,223,139,172,115,195,48,44,213,220,228,198,31,235,173,154,128,136,174,201,147,255,187,194,25,117,70,232,196,74,190,197
30,54,34,45,211,95,9,18,74,230,150,104,194,25,100,187,201,40,70,117,197,12,129,123,220,13,205,228,27,149,213,245,176,161,51,85,106,248,31,152,57,155,237,136,113,35,105,50,17,49,58,200,232,189,233,60,210,0,147,151,131,157,41,166,81
31,136,117,197,228,70,105,176,230,213,25,187,50,232,194,201,113,147,189,74,220,14,151,81,34,143,35,42,216,128,170,255,131,102,54,114,38,236,154,95,249,130,248,15,150,41,30,94,45,211,12,100,159,149,162,210,215,141,227,126,207,107,61,152,57
32,191,71,69,181,63,20,174,135,101,139,195,186,98,138,180,190,92,250,29,115,39,77,184,185,67,196,235,22,55,198,251,125,107,47,153,218,43,168,178,120,141,167,159,252,162,16,93,126,165,130,249,236,244,97,172,247,37,170,59,8,121,131,14,148
33,188,210,215,248,96,94,207,76,35,17,85,15,114,231,229,102,144,216,113,143,237,62,42,189,151,50,81,176,61,243,232,134,212,240,147,227,175,255,136,128,197,154,91,56,124,117,70,200,160,31,230,106,73,169,226,140,177,30,104,9,34,25,203,74
34,74,54,194,230,25,95,187,201,70,117,220,30,45,213,228,197,150,211,12,100,31,176,149,105,136,129,123,113,152,18,50,57,9,205,161,245,35,232,248,189,131,13,51,155,104,41,40,14,147,151,81,143,85,27,130,42,216,102,114,223,210,255,58,106
35,113,50,176,189,248,232,151,143,216,81,114,102,42,136,147,94,15,210,197,215,31,117,70,255,230,128,207,154,228,25,187,194,74,34,201,105,213,61,188,227,220,33,38,30,85,170,14,54,229,95,17,231,236,240,62,249,237,45,150,211,9,131,104,130
36,133,182,109,192,204,183,88,21,7,209,145,52,122,1,103,206,179,83,127,112,163,6,219,99,108,28,19,26,214,65,156,110,158,254,119,11,4,253,132,246,225,80,23,84,224,148,118,121,8,59,97,247,244,16,79,167,120,178,53,47,55,125,251,165
37,93,46,223,44,48,252,162,41,173,218,159,172,131,130,250,29,57,107,152,180,149,220,12,14,213,105,150,3,100,201,228,181,155,187,194,129,95,161,236,123,25,74,92,249,45,54,211,245,63,31,34,205,70,117,230,170,51,69,141,20,198,115,197,136
38,170,249,154,236,128,255,126,147,141,14,81,42,151,232,143,216,227,189,102,136,114,31,105,50,15,61,113,130,107,94,176,228,131,197,117,35,70,207,213,240,159,25,187,230,220,201,194,162,169,74,215,229,218,29,226,41,73,62,124,250,180,231,98,34
39,168,153,138,174,55,32,191,190,43,244,195,71,77,67,184,125,235,22,185,47,251,224,139,69,135,178,101,120,167,20,16,186,97,98,181,63,247,59,148,8,121,118,196,115,253,23,92,80,225,246,132,4,11,165,254,119,180,198,158,110,156,29,250,214
40,18,9,104,27,13,233,30,58,106,49,205,51,211,245,45,123,129,161,60,166,100,54,157,0,200,95,155,150,12,34,237,149,82,85,177,137,152,74,57,17,230,194,25,201,187,241,202,70,220,117,197,213,228,248,176,3,31,68,35,136,113,105,116,50
41,131,162,130,159,223,46,93,220,37,105,213,218,14,228,201,187,194,57,149,152,150,25,12,44,74,107,95,31,117,70,100,230,54,236,34,45,249,250,211,197,29,136,170,48,129,123,180,161,252,155,173,245,141,176,38,205,147,232,50,51,30,3,113,172
42,216,143,102,81,151,114,15,255,147,189,232,128,154,94,50,113,35,207,136,227,61,176,215,38,31,170,197,248,117,70,240,210,229,105,14,236,228,231,249,62,230,25,188,187,213,194,126,201,74,169,73,124,226,220,141,34,33,140,131,130,78,175,54,242
43,235,98,186,39,71,168,32,63,174,153,138,191,126,141,180,55,69,29,250,181,195,190,135,20,107,101,139,249,236,77,38,170,184,67,218,185,22,125,92,251,47,115,244,242,169,226,159,78,130,73,154,227,178,224,162,120,14,140,196,167,124,128,255,16
44,46,48,223,173,37,93,172,252,41,57,3,152,162,149,159,131,218,12,155,161,100,150,130,129,123,245,220,205,51,213,95,45,211,250,201,29,54,105,107,194,187,180,228,74,241,25,14,199,0,13,34,60,230,70,58,117,116,31,92,157,181,64,236,198
45,211,95,150,54,100,12,129,123,149,34,30,205,161,245,74,152,57,194,51,201,13,155,187,220,18,25,230,213,70,228,9,117,40,197,58,104,105,31,0,176,41,60,136,131,27,157,223,3,46,113,50,106,248,35,241,14,233,232,85,189,130,49,44,237
46,223,44,37,93,41,48,173,162,57,152,131,159,252,149,218,12,130,172,150,3,220,100,155,213,129,161,123,201,95,105,245,45,194,211,228,187,107,54,14,74,250,205,25,51,29,180,34,230,70,117,31,236,13,197,249,0,136,241,170,30,60,58,141,181
47,125,251,22,67,178,120,185,184,167,77,16,190,247,97,165,196,59,8,121,195,55,118,148,138,244,139,23,174,80,225,101,246,115,135,132,191,4,11,20,198,92,119,84,69,153,254,158,110,156,224,181,32,214,39,65,26,168,19,28,108,253,71,99,219
48,173,44,172,37,252,46,223,93,41,162,218,3,159,57,152,199,131,149,130,250,12,29,155,180,92,198,161,100,107,181,150,129,123,220,245,115,51,205,213,20,95,105,45,211,69,201,14,241,194,54,228,187,135,101,74,25,139,0,63,34,13,116,60,196
49,106,200,166,27,177,104,82,237,202,9,137,40,85,17,233,18,30,212,91,13,243,58,211,45,54,248,205,34,56,51,95,68,245,123,76,129,157,60,134,100,161,0,150,230,210,74,12,155,160,197,194,25,70,187,176,164,146,117,201,149,5,35,33,220
50,113,189,232,176,136,151,147,35,81,143,216,42,31,102,197,114,117,255,70,15,128,94,230,248,154,228,105,25,187,194,213,201,74,215,38,210,170,14,207,34,220,227,61,236,249,54,30,95,131,188,130,229,150,240,45,126,211,85,231,33,141,62,41,12
51,205,245,161,155,123,13,129,58,100,0,60,149,152,12,57,211,45,157,18,150,95,241,3,40,54,30,9,34,233,74,220,104,201,194,187,25,27,116,230,213,223,46,228,64,70,117,41,44,197,106,105,49,131,31,176,37,166,238,136,200,48,85,237,173
52,145,1,7,21,183,204,206,182,36,133,109,192,88,209,122,103,179,83,127,112,163,6,219,99,108,28,19,26,214,65,156,110,158,254,119,253,79,11,4,132,246,225,80,23,53,84,224,148,118,121,8,59,97,244,247,16,167,120,178,55,47,125,251,165
53,79,206,1,52,145,7,21,183,204,182,36,133,109,192,88,209,122,103,179,83,127,112,163,6,219,99,108,253,28,19,26,214,110,156,65,158,254,224,119,11,4,132,246,80,225,23,244,148,118,121,8,59,84,97,247,16,153,55,167,168,178,120,125,47
54,95,34,45,211,150,74,194,30,201,100,187,25,12,230,220,149,213,70,129,123,228,117,197,152,57,205,161,245,18,13,51,155,31,9,105,176,136,40,104,41,131,113,50,58,35,248,232,27,14,189,223,147,0,60,46,85,130,151,106,81,143,3,157,237
55,138,153,244,174,190,125,47,178,67,22,167,251,120,16,39,97,168,184,185,77,247,224,59,148,8,121,118,195,23,191,80,225,246,132,4,11,139,101,135,119,254,196,32,158,165,110,156,253,20,69,115,214,26,181,92,84,65,19,198,28,71,108,99,219
56,160,134,243,91,212,76,146,217,222,96,144,177,66,202,17,200,237,75,85,111,49,166,106,82,33,137,142,27,164,210,104,193,248,234,9,188,40,215,30,18,35,233,5,176,94,113,68,207,50,34,197,15,230,114,189,102,54,216,70,143,117,151,232,211
57,152,149,12,100,129,161,123,155,150,245,205,51,45,211,95,54,223,3,13,220,46,41,201,34,74,194,213,187,25,44,0,58,30,60,228,18,230,131,241,70,157,37,117,105,40,197,93,9,31,48,162,130,173,159,14,136,104,176,116,218,27,64,233,50
58,60,0,157,13,51,205,245,155,161,241,123,129,18,40,233,100,211,45,149,3,152,12,57,9,150,116,95,104,30,27,54,64,34,49,106,238,74,166,194,201,220,187,25,230,82,213,137,200,223,70,228,68,46,117,44,197,237,177,41,85,202,105,31,17
59,8,121,118,148,247,97,23,80,225,246,132,4,16,11,167,119,254,158,120,178,244,110,156,47,84,125,214,251,65,22,26,67,185,184,165,19,224,55,28,77,108,190,99,219,138,196,6,163,112,127,83,153,253,195,174,179,103,139,115,101,191,135,168,122
60,0,157,58,241,51,13,205,245,155,161,123,129,3,116,233,18,40,64,100,152,57,149,211,12,45,150,9,238,95,54,30,27,104,34,74,49,106,220,201,223,194,166,187,25,46,44,230,213,68,137,82,228,70,221,200,41,117,197,237,177,173,48,37,131
61,227,240,207,229,15,62,94,231,114,102,154,255,42,216,128,169,73,124,226,143,81,151,215,140,147,78,189,232,38,175,242,50,113,35,90,188,170,136,126,176,210,249,236,31,248,141,33,14,197,117,203,105,70,228,230,25,213,187,194,201,74,130,220,107
62,229,231,240,124,175,73,169,61,226,140,207,78,227,242,90,94,15,215,188,114,102,216,42,154,203,255,128,143,81,151,189,147,232,33,35,210,38,50,113,248,170,136,176,126,208,249,31,236,197,141,14,117,70,105,230,228,25,187,213,194,96,201,74,85
63,71,186,180,98,29,250,32,107,181,69,218,141,191,20,159,126,135,162,101,235,249,130,139,236,92,195,174,93,170,115,14,131,252,38,43,138,37,190,41,198,39,77,196,105,184,172,185,46,67,154,223,128,22,255,251,125,55,48,47,147,31,153,213,44
64,116,238,241,0,157,221,60,3,58,87,155,51,245,161,205,13,123,129,57,152,233,149,100,12,18,44,40,211,45,150,173,10,223,46,48,95,54,68,9,30,27,104,37,34,41,220,74,201,194,172,187,25,49,213,166,93,137,199,106,230,82,228,131,252
65,214,26,158,156,110,19,119,108,28,254,11,4,84,132,246,225,80,99,23,219,6,163,118,148,127,112,121,83,8,59,179,247,103,97,122,16,244,167,209,120,178,224,88,165,192,47,125,109,251,133,253,22,36,67,182,185,184,204,55,183,77,21,7,190
66,222,217,142,160,144,56,134,146,96,243,76,111,91,212,75,2,24,177,193,33,202,17,234,237,200,85,164,188,82,166,49,106,210,137,248,215,27,104,9,35,207,5,94,231,229,40,15,62,113,30,114,175,176,102,18,233,216,203,50,189,143,42,151,68
67,185,22,184,251,125,47,77,190,178,120,167,16,196,195,165,138,139,247,97,55,174,101,135,115,59,191,8,121,148,118,20,244,23,92,69,198,80,225,246,132,153,4,181,11,32,84,119,254,39,158,110,156,224,168,214,65,26,71,19,28,108,63,253,99
68,5,137,233,82,166,202,164,49,27,157,40,177,58,200,60,106,0,104,18,193,13,9,234,241,238,51,116,64,205,237,245,75,161,155,123,91,129,30,212,85,17,211,146,45,100,221,3,54,12,243,56,95,149,150,111,152,57,87,34,160,134,74,76,230
69,20,181,135,101,139,191,195,92,32,115,190,196,174,198,77,71,63,184,180,185,67,250,138,29,22,251,125,47,186,252,98,218,178,120,165,55,167,107,39,172,93,16,162,159,153,37,247,97,235,130,168,141,48,244,59,8,121,148,118,173,46,43,126,249
70,117,230,197,25,187,228,194,74,201,31,213,34,176,136,220,105,50,113,54,95,232,189,35,30,147,150,45,151,14,211,81,143,248,131,12,42,216,100,102,149,114,255,128,41,170,130,154,236,38,15,129,152,57,123,249,94,9,210,18,161,205,245,215,159
71,63,186,98,32,180,29,250,191,69,181,235,20,107,135,174,101,139,141,195,218,43,126,92,138,39,159,190,115,249,162,236,130,77,93,184,170,196,198,185,67,153,55,168,252,14,38,22,251,131,125,47,37,41,178,120,172,167,105,154,128,46,16,255,223
72,86,208,203,90,242,175,78,140,124,226,73,169,62,231,240,229,61,227,207,188,215,94,15,33,43,235,154,114,102,255,128,216,42,96,144,143,126,81,38,151,210,147,189,232,141,170,35,50,113,98,249,236,248,186,76,136,176,222,14,31,71,197,134,66
73,226,169,124,140,78,242,240,90,62,175,229,231,61,227,207,203,15,94,154,255,114,128,102,42,216,215,143,81,151,38,188,147,189,126,232,208,170,50,113,35,249,141,236,210,33,136,176,248,31,14,197,105,117,70,228,98,230,107,130,25,213,235,186,187
74,194,25,187,201,34,230,220,70,213,228,117,54,95,197,150,31,45,211,105,30,176,136,12,100,149,50,113,131,129,152,57,123,232,41,14,35,189,147,161,205,245,248,18,9,151,81,155,130,143,51,13,42,216,104,170,40,102,236,223,255,128,114,159,162
75,111,193,146,234,164,217,56,142,91,160,202,212,243,134,82,137,5,66,177,222,166,200,76,49,106,68,237,144,24,17,96,27,85,104,233,9,40,18,33,210,248,30,13,58,188,157,60,2,211,35,45,215,0,34,205,54,51,245,95,176,123,230,129,89
76,134,243,96,212,56,144,160,91,17,33,237,85,222,177,210,200,146,188,217,106,248,66,202,49,215,166,104,27,82,35,9,94,137,207,75,113,176,30,15,114,111,50,102,189,216,143,231,40,151,229,42,197,18,232,142,81,230,62,34,70,117,136,147,61
77,184,185,67,190,22,251,125,47,195,196,178,120,167,139,101,135,16,115,191,138,174,165,20,55,69,92,198,247,97,59,8,181,121,118,148,244,32,23,153,80,225,246,132,4,39,11,84,119,254,168,158,224,71,110,156,63,214,65,26,180,252,250,186,29
78,242,140,226,73,169,124,90,175,240,62,229,231,61,227,203,207,15,154,94,208,255,128,114,102,42,216,215,188,143,38,81,151,126,147,189,232,170,50,141,35,113,249,236,33,210,136,176,248,14,31,197,105,98,235,117,70,186,107,228,230,130,25,213,187
79,53,206,1,52,145,7,21,183,204,182,36,133,109,192,88,209,122,103,179,83,127,112,163,6,219,99,108,28,19,26,214,65,253,156,110,158,254,119,11,4,132,246,225,80,224,84,23,148,118,121,8,59,244,97,247,16,167,120,178,55,47,125,165,251
80,225,246,23,132,4,11,148,118,121,8,59,119,254,247,158,97,110,156,214,16,65,26,244,167,84,19,28,120,178,108,224,47,125,99,251,219,22,67,6,163,185,55,112,165,127,83,184,77,253,179,190,103,138,153,122,196,174,209,195,88,168,139,192,115
81,151,143,42,216,147,189,232,102,114,255,50,128,113,15,154,136,35,94,176,31,38,227,207,61,197,215,170,117,70,248,105,14,228,230,236,249,210,25,187,213,240,194,229,201,74,231,62,126,220,34,188,141,131,130,169,73,124,226,33,54,95,30,140,107
82,137,166,202,49,177,200,106,27,233,104,237,40,68,9,91,212,164,5,17,18,85,243,56,146,13,58,30,75,134,193,157,160,60,76,234,0,205,51,211,45,245,123,129,54,161,248,95,34,100,155,111,150,12,210,241,230,74,149,194,25,217,197,187,70
83,127,163,112,6,219,179,103,99,108,28,122,19,209,26,214,88,192,65,109,156,110,133,158,36,254,119,182,204,11,183,4,132,246,21,225,80,7,23,145,52,253,1,84,148,118,121,8,59,224,97,247,206,244,16,167,120,178,47,125,55,251,165,22,67
84,65,4,225,246,11,132,121,8,80,118,59,148,23,119,158,156,110,247,254,214,97,26,16,165,19,167,28,108,120,178,99,47,251,125,219,22,6,244,163,127,112,83,67,185,184,179,77,103,196,190,224,122,55,209,195,198,115,88,138,253,192,139,109,133
85,17,237,106,200,104,248,9,27,49,177,210,30,212,35,33,166,76,40,18,176,243,91,34,113,197,230,202,70,54,215,117,50,82,74,134,25,95,194,211,45,187,189,188,136,201,56,232,94,31,151,228,137,143,114,216,96,102,81,150,15,213,13,42,220
86,72,208,203,90,242,78,175,140,124,226,73,169,62,240,231,229,61,227,207,188,43,235,94,15,215,154,114,102,255,128,33,216,42,126,38,143,81,151,147,141,96,210,189,144,170,98,232,249,35,186,50,113,236,248,136,176,14,71,76,31,63,107,197,222
87,221,10,238,64,116,241,171,157,0,60,3,58,155,51,233,13,245,68,161,205,123,129,57,152,173,44,149,100,40,48,18,12,199,211,223,46,45,150,5,95,27,9,172,137,54,37,104,30,166,82,49,239,34,41,252,106,220,93,74,201,194,187,25,213
88,192,109,209,133,36,182,122,204,183,21,103,7,179,145,52,83,1,127,112,163,6,219,99,206,108,28,19,26,214,65,156,110,158,254,119,11,4,253,132,246,225,80,23,84,224,148,118,121,8,59,97,247,244,16,167,120,178,47,55,125,251,165,22,79
89,24,142,111,234,193,75,2,217,146,66,164,222,160,56,5,91,134,243,202,212,137,144,82,76,177,68,96,166,200,49,237,106,17,27,85,233,104,33,9,40,18,210,188,248,30,58,13,157,215,60,0,35,205,211,51,45,34,54,245,176,123,95,113,94
90,242,78,140,175,124,73,226,169,203,62,240,231,229,61,208,227,207,94,15,188,154,215,114,102,255,128,216,42,143,81,151,38,147,189,126,232,33,170,35,210,50,113,141,249,236,136,248,176,31,14,197,105,117,235,70,98,228,230,96,186,107,25,130,213
91,212,243,56,134,160,76,146,177,202,200,237,17,85,166,96,49,217,82,106,144,222,75,137,27,111,66,104,33,164,9,210,193,248,40,234,142,188,18,233,30,215,5,35,68,176,113,34,197,230,94,54,50,13,211,45,70,117,95,189,74,207,114,15,25
92,115,20,198,101,135,139,181,69,195,196,191,77,190,184,185,252,32,67,22,251,165,172,47,125,174,180,250,120,29,178,63,138,71,167,218,93,16,37,48,55,186,162,173,159,107,247,98,97,199,59,8,44,121,46,39,118,148,153,130,223,244,23,41,80
93,37,162,218,159,46,223,41,252,44,130,131,48,250,29,107,180,173,172,14,105,220,57,213,152,236,149,249,181,63,228,12,201,150,141,187,194,170,25,92,74,100,31,95,69,20,117,70,54,3,230,129,45,34,155,126,123,211,161,38,136,71,198,197,135
94,15,114,207,102,215,216,42,143,151,81,61,189,35,255,232,227,113,147,128,50,154,229,210,231,188,62,240,248,176,136,33,38,31,197,124,73,169,226,117,170,70,175,140,230,228,105,78,14,236,25,249,187,242,194,213,74,201,126,90,34,85,220,141,17
95,54,150,45,211,34,74,100,12,194,201,187,220,25,149,30,230,129,213,123,228,70,152,57,117,161,205,245,197,155,18,51,13,105,31,9,176,136,41,40,131,104,113,50,58,223,14,35,232,46,248,189,27,0,60,130,147,3,151,157,85,81,106,162,143
96,144,76,134,243,33,160,222,56,212,91,188,17,210,66,217,85,237,215,146,248,177,200,207,94,106,35,231,229,15,49,202,62,114,102,113,216,175,104,166,143,176,27,189,42,50,151,142,61,81,240,9,82,232,75,203,111,30,147,197,227,124,255,137,136
97,247,59,8,148,121,118,16,23,80,225,246,167,132,244,4,178,120,11,119,254,47,125,158,251,110,156,22,67,185,55,214,184,224,84,65,77,26,165,190,19,28,138,108,153,196,99,174,253,219,195,6,163,112,127,83,139,191,168,101,135,115,179,39,103
98,186,71,63,235,180,141,29,32,250,126,107,249,43,236,218,181,69,191,170,159,38,130,162,20,174,135,14,101,139,39,195,131,93,154,92,138,128,255,115,190,105,41,227,147,252,37,168,77,81,31,153,61,42,136,232,151,198,184,143,216,196,55,102,169
99,219,6,163,112,108,127,83,28,19,179,26,103,214,122,156,110,65,158,254,209,119,11,88,4,132,192,246,109,225,80,133,23,36,182,148,118,121,204,8,84,59,183,253,224,97,247,21,7,244,145,52,1,16,167,206,120,178,47,125,55,251,22,165,67
100,12,129,149,123,150,211,45,161,152,57,95,245,205,54,155,51,13,34,30,74,220,201,194,18,187,25,213,230,58,228,40,70,0,117,60,9,3,41,223,197,157,105,46,131,104,31,241,176,44,27,136,233,37,14,130,50,113,93,162,106,159,232,35,248
101,135,139,20,195,69,115,92,191,181,196,190,77,198,184,32,185,174,67,22,251,125,47,138,178,120,71,165,63,167,180,250,55,16,29,252,186,39,172,247,218,97,98,153,59,8,121,244,93,118,148,107,162,159,168,37,23,80,225,246,132,48,4,173,84
102,114,216,42,143,15,81,151,94,189,255,147,232,128,154,50,113,207,35,61,227,215,136,176,38,31,248,229,210,240,197,170,231,62,117,70,188,105,230,14,228,236,249,25,124,169,187,73,226,213,194,126,201,33,74,220,34,140,141,175,78,242,131,130,54
103,179,83,127,112,163,122,6,219,209,99,88,108,28,192,19,109,133,36,26,182,214,204,183,65,21,156,110,7,158,254,119,145,52,1,11,4,132,246,225,80,206,23,253,84,148,118,121,8,59,224,97,247,244,16,167,120,178,47,125,55,251,165,22,67
104,9,27,106,40,18,49,30,200,237,85,166,17,177,233,13,211,45,54,82,34,95,205,123,58,129,100,51,137,245,202,150,74,230,248,161,12,194,25,187,70,197,201,155,117,149,60,157,176,0,220,228,152,212,210,35,213,57,113,31,91,50,136,243,189
105,228,213,31,14,220,117,187,201,136,70,25,131,194,197,230,74,130,176,170,41,232,236,147,50,34,249,189,113,38,95,151,81,54,159,150,128,162,143,255,42,35,154,216,107,12,45,102,211,149,114,141,100,218,30,126,152,57,223,15,93,248,46,129,94
106,49,200,27,104,237,177,166,9,85,17,40,82,18,202,137,30,233,212,91,13,248,211,45,54,34,243,95,58,205,210,230,123,51,76,129,74,100,245,150,56,197,176,161,70,25,194,134,35,187,117,12,201,60,157,0,155,149,113,33,220,228,160,213,50
107,29,218,250,159,130,180,162,141,249,236,14,131,63,126,170,93,41,38,186,98,105,71,37,213,31,228,46,223,220,181,128,154,136,147,252,255,32,201,187,232,117,25,194,69,70,81,197,151,74,189,50,230,42,20,143,44,216,176,113,48,102,92,135,191
108,28,19,99,26,219,6,214,163,112,127,83,156,110,65,179,158,103,254,119,11,4,122,132,246,225,80,23,209,118,148,88,121,84,8,59,192,109,133,247,97,36,224,253,182,244,204,183,16,21,7,167,120,178,145,52,1,47,125,251,206,55,165,22,67
109,133,192,36,88,182,204,183,209,21,7,122,145,52,1,103,179,206,83,127,112,163,6,219,99,108,28,19,26,214,65,156,110,158,254,119,11,4,253,132,246,225,80,23,84,224,148,118,121,8,59,97,247,244,16,167,120,178,79,47,55,125,251,165,53
110,156,158,254,119,214,11,4,26,132,246,225,80,19,65,23,28,108,148,118,121,8,59,99,219,247,97,6,163,112,127,84,83,244,179,16,103,224,167,120,178,122,253,47,125,209,251,22,55,165,88,67,185,192,184,109,133,77,36,190,182,153,138,204,183
111,75,146,193,142,234,217,164,160,56,66,91,222,134,243,212,202,24,177,82,137,76,5,166,200,144,96,49,237,106,17,68,85,27,104,233,9,33,2,40,210,18,248,89,30,188,13,215,58,35,157,34,211,45,54,176,60,205,113,230,95,0,51,197,245
112,163,127,6,83,219,99,179,103,108,28,19,122,26,209,214,88,65,192,156,110,158,109,133,254,36,119,182,11,4,204,183,132,246,225,80,21,23,7,253,148,118,145,52,84,121,8,1,59,224,97,247,244,206,16,167,120,178,47,125,55,251,165,22,67
113,50,189,35,176,232,151,136,143,81,147,216,42,197,102,114,31,117,248,70,15,255,94,128,230,228,154,25,215,187,210,105,194,74,201,213,207,34,38,220,170,14,227,61,54,30,236,95,249,188,131,85,229,33,150,45,240,211,231,130,62,17,126,141,9
114,102,216,15,42,143,94,151,81,189,255,147,232,128,207,50,113,154,35,215,61,227,136,176,248,38,210,31,229,240,197,231,62,170,188,117,70,105,230,228,14,236,249,124,25,169,73,33,226,187,194,213,201,74,126,140,34,220,175,141,78,242,131,130,54
115,92,198,139,101,196,135,20,195,69,181,77,191,184,185,190,67,22,251,165,47,125,32,120,178,174,252,167,138,172,16,180,250,63,71,29,55,247,97,218,59,8,121,93,118,148,37,48,186,244,173,23,39,153,162,80,225,199,84,98,107,159,246,132,4
116,64,241,238,0,157,60,3,221,58,155,51,245,161,205,87,13,123,129,57,152,233,149,100,12,18,40,211,44,45,150,223,173,46,95,48,54,10,9,68,30,27,104,37,34,220,41,74,201,194,187,25,213,49,172,166,93,106,137,230,82,228,131,199,70
117,70,197,230,25,228,187,31,194,201,74,213,136,176,34,220,105,50,113,232,54,95,189,35,147,30,151,150,14,81,45,143,211,248,131,42,216,12,102,255,114,128,100,170,41,149,130,154,236,38,15,249,94,129,152,57,123,210,9,18,215,161,159,205,245
118,148,121,8,59,23,247,80,225,97,246,132,4,11,16,119,254,158,167,110,156,244,120,178,214,84,65,47,125,26,251,22,67,19,28,185,224,165,108,184,55,77,99,190,219,6,163,112,127,138,83,253,196,153,179,103,174,195,139,122,115,101,191,135,168
119,158,254,11,110,156,4,132,246,225,80,214,23,26,148,118,65,121,8,59,19,28,108,247,97,99,84,244,219,16,6,163,112,127,83,167,224,120,178,179,103,47,125,253,251,22,122,55,67,165,185,184,209,77,88,190,192,153,138,109,133,36,196,182,174
120,178,167,47,125,16,251,22,67,185,184,247,97,77,59,8,121,190,118,148,165,23,80,225,244,196,55,246,132,4,195,138,11,119,174,84,139,254,158,101,115,110,156,135,191,153,198,20,224,214,65,92,69,26,19,181,39,28,108,32,168,99,253,219,6
121,8,59,118,148,247,23,97,80,225,246,132,4,11,16,119,167,254,158,110,156,120,178,244,84,214,47,125,65,251,26,22,67,185,165,19,184,28,224,55,108,77,190,99,219,138,6,163,196,112,127,83,153,253,195,174,179,103,139,115,101,135,191,122,168
122,209,103,179,88,192,83,109,127,112,133,163,6,36,219,182,99,204,183,108,21,28,7,19,145,52,26,1,214,65,206,156,110,158,254,119,11,4,132,246,225,80,253,23,84,118,148,121,8,59,224,97,247,244,16,167,120,178,47,125,55,251,165,22,67
123,129,161,245,205,100,155,51,12,149,211,152,45,57,13,150,95,54,58,18,0,60,30,34,40,3,157,74,220,201,194,187,9,25,241,213,230,228,223,104,70,117,41,46,197,27,233,105,131,44,31,176,116,106,136,37,64,49,93,130,14,162,113,50,48
124,73,226,169,140,78,240,242,62,90,175,229,231,61,227,207,203,15,94,154,114,102,255,128,215,216,42,143,188,81,151,38,147,189,208,232,126,170,50,35,113,210,33,249,141,236,136,176,248,31,14,197,105,117,70,228,230,98,107,25,213,130,187,194,201
125,47,251,22,67,178,185,120,184,167,77,16,190,247,97,165,196,59,55,195,8,121,138,148,118,244,174,139,23,80,225,101,135,246,115,191,132,4,11,20,198,153,92,69,119,84,254,158,110,156,224,181,32,39,214,65,168,26,19,28,108,253,71,99,219
126,141,249,236,38,170,107,154,14,128,255,98,130,186,227,147,29,81,180,63,250,42,159,151,105,232,143,61,216,102,218,136,131,162,189,31,114,15,50,71,240,113,228,169,94,226,213,73,41,235,176,117,207,197,70,124,35,220,187,25,201,62,78,229,140
127,83,163,112,6,219,179,99,103,108,28,19,122,26,209,214,88,192,65,156,110,109,158,133,254,36,119,182,11,204,4,183,132,246,225,80,21,7,23,145,52,253,148,118,84,1,121,8,59,224,97,247,206,244,16,167,120,178,47,125,55,251,165,22,67
128,255,154,147,42,81,151,143,216,102,38,114,232,189,15,227,170,50,61,136,94,113,236,249,207,31,35,176,14,126,105,240,197,215,141,117,70,229,228,62,231,230,213,248,25,169,187,73,226,124,194,130,201,210,220,74,131,140,107,188,34,78,242,159,175
129,123,161,245,205,100,155,51,12,149,211,152,45,57,150,13,95,54,18,58,0,30,34,60,74,40,3,220,201,157,194,187,25,9,213,230,241,228,223,70,104,117,41,46,197,27,233,105,131,44,31,176,136,116,37,106,64,130,49,93,14,162,113,50,48
130,159,131,162,14,107,41,218,236,105,249,170,93,29,250,141,213,180,228,220,31,38,37,201,126,223,187,46,136,194,25,117,70,74,197,147,230,232,128,63,154,255,150,50,34,176,189,95,81,151,12,44,149,54,113,57,152,143,42,252,98,216,186,100,45
131,41,130,159,162,105,14,213,220,228,218,201,93,107,187,236,194,31,25,223,249,46,74,117,170,70,37,136,230,150,197,34,95,12,149,29,250,54,57,38,141,152,180,147,100,232,176,45,44,50,211,126,189,113,128,81,151,255,129,154,123,143,42,161,30
132,246,225,80,4,23,11,119,148,118,121,254,8,59,158,110,156,247,97,214,26,65,16,244,19,84,28,167,108,120,178,99,224,219,47,125,251,6,163,112,22,127,83,67,55,185,165,184,179,253,103,77,190,122,138,153,196,209,174,195,88,192,168,109,139
133,109,36,192,182,88,204,183,209,21,7,122,145,52,1,103,179,206,83,127,112,163,6,219,99,108,28,19,26,214,65,156,110,158,254,119,11,4,253,132,246,225,80,23,84,224,148,118,121,8,59,97,247,244,16,167,79,120,178,47,55,125,53,251,165
134,243,56,160,76,212,91,96,144,222,146,217,17,66,177,237,200,85,33,202,106,49,75,166,210,82,111,188,248,27,137,142,104,215,9,164,193,35,40,30,234,94,18,113,207,176,15,50,114,233,189,102,197,216,143,151,231,230,34,42,232,229,81,70,117
135,101,139,20,69,195,191,181,92,115,196,190,77,198,32,184,174,185,67,22,251,125,47,138,71,178,120,63,165,167,180,250,55,29,252,16,186,39,172,218,98,153,247,97,59,93,107,8,121,244,118,148,162,159,168,37,23,80,225,48,246,132,235,173,4
136,31,50,232,176,197,113,189,147,117,70,151,228,81,105,230,143,35,25,187,42,213,216,194,201,255,128,74,102,14,114,220,154,170,34,38,15,248,236,94,249,131,54,95,130,215,30,210,227,207,150,41,61,45,211,126,141,12,159,100,162,149,107,85,152
137,82,166,202,49,177,200,233,27,106,68,5,104,164,40,237,9,91,18,212,17,85,58,243,146,193,13,56,75,157,30,234,60,0,134,160,205,51,76,245,211,45,123,129,161,54,111,100,155,95,241,34,248,150,12,149,74,230,210,217,152,57,194,25,187
138,174,55,190,153,39,191,77,67,184,125,22,185,195,47,251,168,178,120,167,139,32,244,135,101,16,69,20,97,247,196,115,59,181,8,121,148,118,224,92,71,23,165,80,225,246,132,198,4,11,63,119,254,186,158,110,156,98,43,235,253,214,84,180,250
139,101,135,195,20,69,115,191,92,181,196,77,190,198,184,185,67,32,174,22,251,125,47,138,178,120,165,167,71,63,16,55,180,250,252,29,247,39,97,186,153,172,59,8,121,98,218,118,148,244,93,23,168,107,80,225,246,132,162,159,37,4,11,84,48
140,78,124,73,226,242,169,90,175,240,62,229,231,61,227,203,207,15,94,154,114,255,102,128,215,208,42,216,188,143,81,151,38,147,189,126,232,170,50,35,113,33,210,249,141,236,136,176,248,31,14,197,105,117,70,98,228,235,230,107,186,130,25,213,187
141,126,249,236,170,38,107,14,130,29,98,180,250,154,186,159,128,63,218,255,162,131,105,147,71,81,227,232,31,136,42,151,143,216,189,41,102,50,228,61,114,213,93,15,113,117,220,70,197,176,235,187,201,25,194,94,240,230,32,35,74,169,207,226,37
142,217,111,66,146,24,222,75,160,56,134,193,234,91,243,144,212,2,76,164,96,202,177,82,200,137,166,17,237,49,5,106,85,89,33,27,104,210,188,68,9,248,233,40,215,18,30,35,94,207,176,113,231,15,114,50,229,34,102,197,189,13,216,230,143
143,151,81,42,216,102,114,189,232,147,15,255,50,113,128,94,154,35,136,176,207,227,215,31,61,38,197,248,170,117,70,210,105,228,230,14,229,236,240,25,249,187,213,231,194,62,201,74,188,220,126,34,141,169,124,73,33,226,131,130,54,30,95,140,175
144,96,76,134,222,160,243,56,212,33,66,91,217,188,17,146,210,85,237,215,177,248,200,142,106,207,94,202,231,35,229,49,111,75,62,15,166,114,175,104,102,113,27,82,216,143,176,203,42,189,50,240,151,9,61,81,232,137,30,124,227,147,197,255,140
145,52,1,7,21,183,204,206,182,36,133,109,192,88,209,122,103,179,83,127,112,163,6,219,99,108,28,19,26,214,65,156,110,158,254,119,253,79,11,4,132,246,225,80,23,84,53,224,148,118,121,8,59,97,247,244,16,167,120,178,55,47,125,165,251
146,75,56,160,111,217,91,243,134,212,222,193,66,202,142,164,76,234,177,82,200,144,137,166,96,237,49,17,106,85,5,27,104,33,9,68,233,24,210,40,248,18,188,30,215,35,13,176,34,113,58,54,211,45,230,197,94,2,95,50,70,74,117,205,207
147,232,81,151,189,143,42,255,50,128,216,136,102,113,154,114,31,15,176,35,38,170,94,197,117,105,70,14,227,228,236,61,207,249,230,25,215,213,187,248,194,201,74,220,126,210,34,141,131,240,130,229,62,231,54,95,188,107,41,30,169,73,159,226,124
148,118,121,8,59,23,247,80,225,97,246,132,4,11,16,119,254,158,167,110,156,244,120,178,214,84,65,47,125,26,251,22,67,19,28,185,224,108,184,165,55,77,99,190,219,6,163,112,138,127,83,253,196,153,179,103,174,195,139,122,115,101,191,168,135
149,12,152,57,100,150,129,123,161,45,211,155,245,95,205,54,51,220,13,34,74,201,194,187,213,25,223,30,41,3,228,230,46,18,58,70,0,117,131,60,105,197,44,40,157,9,31,241,37,93,130,136,104,176,162,14,159,48,27,173,50,113,233,218,232
150,12,95,45,100,211,54,149,129,152,57,123,34,74,220,201,194,161,187,25,245,205,213,30,155,230,51,228,70,13,117,18,197,41,105,31,131,223,9,40,58,46,176,136,3,0,104,60,14,130,50,113,157,44,162,232,37,27,159,35,189,93,241,248,147
151,81,143,189,42,216,232,147,102,114,50,113,255,128,15,35,154,136,94,176,31,207,197,38,227,215,61,117,170,70,248,105,228,230,14,210,236,25,187,249,213,194,201,74,240,229,220,231,62,34,188,126,141,131,130,169,33,54,73,124,226,95,30,140,150
152,57,149,12,100,129,123,161,155,150,245,205,45,211,51,95,54,13,223,3,220,46,201,34,74,41,194,213,187,25,0,58,44,30,60,228,18,230,131,241,70,157,117,37,105,40,197,93,9,31,48,162,130,173,159,14,136,104,176,116,218,27,233,64,50
153,168,55,39,138,174,244,224,190,125,67,47,97,22,178,167,251,16,184,120,185,77,247,191,59,195,148,118,8,121,253,23,32,80,225,246,132,139,4,11,135,101,254,119,69,20,158,110,156,196,43,71,214,165,115,181,26,235,92,19,28,186,63,65,108
154,128,255,42,38,81,147,216,143,102,151,227,114,15,232,189,170,61,94,50,136,113,236,249,207,126,31,35,14,240,176,141,215,105,229,197,62,117,231,169,70,73,226,228,124,230,213,248,25,130,187,140,210,194,201,78,131,220,107,74,242,188,175,34,159
155,161,245,51,205,123,129,152,57,100,149,13,12,0,211,58,45,150,60,3,157,95,241,54,18,40,30,34,223,220,74,201,194,46,187,9,25,213,44,116,41,230,228,233,104,64,70,117,27,131,197,37,105,48,31,173,93,106,176,136,162,130,238,49,159
156,110,158,254,119,214,11,4,26,132,246,225,80,19,65,23,28,108,148,118,121,8,59,99,219,247,97,6,163,112,84,127,83,244,179,16,103,224,167,120,178,122,253,47,209,125,251,22,55,165,88,67,185,192,184,109,133,77,36,190,182,153,204,138,183
157,60,0,58,241,13,51,205,245,155,161,233,116,123,129,64,3,40,18,100,152,57,149,211,12,45,238,9,150,27,104,95,54,30,34,49,106,166,68,74,137,82,201,194,220,223,187,221,25,44,46,230,200,213,70,228,117,177,41,237,197,202,85,87,173
158,156,110,119,254,214,11,4,26,132,246,225,80,23,65,19,28,108,118,148,121,8,59,99,247,97,219,84,6,163,112,127,83,244,16,179,224,103,167,120,178,253,122,47,125,251,209,22,55,165,67,185,88,184,192,109,77,133,190,36,153,182,138,204,183
159,162,218,130,107,131,93,41,29,250,180,14,37,236,249,46,223,105,141,170,213,220,228,252,63,126,44,31,38,201,187,194,25,48,136,117,74,70,230,150,186,57,197,152,149,98,12,181,172,173,147,71,95,34,232,128,54,154,255,100,50,176,189,81,45
160,56,134,243,91,212,76,146,217,222,144,96,66,177,75,111,17,202,237,200,142,85,33,106,49,166,82,137,193,210,164,27,104,188,234,248,9,215,40,35,30,18,233,5,94,176,113,207,15,50,114,189,197,68,102,34,216,230,143,231,151,24,42,70,232
161,245,155,123,205,129,51,100,149,152,57,13,12,211,45,150,58,0,95,60,54,18,3,157,241,30,40,34,74,220,201,194,9,187,25,223,213,230,46,228,104,41,70,233,117,44,27,116,197,131,105,64,31,37,106,176,136,93,48,49,173,130,162,14,159
162,159,218,130,93,131,41,107,250,29,37,180,14,46,223,236,105,249,141,252,170,213,220,44,228,63,201,48,31,187,126,194,38,25,74,117,70,173,136,57,172,152,150,149,12,230,181,197,95,186,98,34,147,71,54,100,232,128,45,154,50,255,211,176,69
163,112,6,127,83,219,99,179,103,108,28,19,122,26,209,214,88,65,156,110,192,158,109,254,133,119,36,182,11,4,204,183,132,246,225,80,23,21,7,253,148,118,84,145,52,121,8,59,1,224,97,247,244,206,16,167,120,178,47,125,55,251,165,22,67
164,193,234,5,75,202,137,82,111,146,68,166,177,91,49,200,56,212,160,243,106,233,27,217,134,237,142,104,17,40,76,9,85,18,222,66,58,157,13,96,144,60,30,0,51,205,24,245,211,248,45,123,241,129,161,210,33,54,155,100,95,34,150,238,12
165,196,120,251,47,178,185,22,167,125,67,184,16,77,247,8,59,198,121,84,190,115,97,118,148,195,139,23,225,80,246,101,132,92,135,4,11,20,119,244,191,55,158,254,138,65,69,156,110,174,181,214,26,19,28,32,108,153,224,99,172,252,219,39,199
166,82,49,137,202,177,200,106,27,104,233,237,40,9,17,18,85,212,91,68,30,243,13,58,164,5,56,157,134,146,60,205,211,51,45,76,0,245,160,54,123,129,248,34,95,161,100,75,155,150,193,12,210,230,74,149,194,25,197,234,70,187,241,201,176
167,178,120,16,47,125,251,22,247,97,67,185,59,8,184,121,118,148,77,23,190,165,80,225,244,246,132,55,4,11,196,119,138,84,254,195,158,110,156,174,139,224,214,101,65,115,153,135,191,26,198,20,92,19,69,28,108,39,168,181,99,32,253,219,6
168,153,39,55,138,174,224,244,190,43,191,125,32,253,67,22,47,97,184,77,251,178,185,167,120,16,195,247,235,59,148,118,8,121,71,23,139,135,80,101,225,69,246,132,20,4,11,254,119,186,158,196,110,181,156,98,63,115,214,165,92,26,19,28,108
169,226,73,124,140,78,242,240,90,62,175,229,231,61,227,207,203,15,154,94,255,128,114,102,42,216,215,143,81,38,151,188,147,126,189,232,170,208,50,113,35,249,141,236,210,136,33,176,31,248,14,197,105,117,70,228,98,107,230,130,235,186,25,213,187
170,236,38,249,14,126,141,128,154,255,147,105,130,232,136,81,31,151,42,107,143,189,216,50,131,102,114,228,227,113,159,213,117,15,176,197,70,162,61,220,187,25,201,35,194,218,230,41,94,29,74,250,180,207,34,98,240,63,186,93,215,248,229,169,95
171,10,239,87,221,238,64,116,241,68,157,60,0,3,58,5,233,51,155,13,245,205,161,123,129,199,40,137,57,152,18,173,44,100,149,82,12,48,166,27,211,164,45,9,150,49,223,46,104,202,95,172,106,54,30,37,200,177,234,34,193,252,41,74,220
172,252,48,173,37,44,93,46,223,199,198,92,218,115,181,162,159,20,250,41,29,180,69,101,135,139,196,131,130,107,3,195,57,152,191,63,149,32,77,12,165,155,184,71,14,185,220,190,150,100,161,105,67,213,129,123,22,251,245,236,201,249,186,47,228
173,48,44,172,37,252,46,223,93,3,199,41,162,57,218,152,159,149,131,155,12,130,198,250,92,161,29,100,129,180,123,150,245,181,107,51,205,115,220,241,213,20,45,95,211,69,201,116,105,0,54,14,64,135,101,194,187,228,60,74,13,139,25,34,196
174,138,191,190,195,55,32,39,77,184,139,67,153,135,101,185,22,69,125,251,20,47,178,168,120,181,167,196,71,115,16,92,244,97,247,63,198,186,165,59,8,121,148,118,98,224,23,80,225,235,180,43,246,132,250,29,4,11,119,254,158,110,156,84,253
175,90,140,62,124,231,73,78,229,226,242,169,240,203,61,207,227,188,94,215,15,208,114,102,216,42,154,255,128,143,33,81,151,210,189,147,232,35,38,113,50,248,126,170,136,176,249,236,141,31,197,96,14,117,70,105,144,230,228,76,25,85,17,187,213
176,113,50,197,136,35,117,189,70,232,31,230,151,147,81,143,228,25,248,187,194,216,74,42,201,102,34,114,213,105,220,255,15,128,94,210,54,154,30,95,14,215,170,38,207,150,45,211,236,131,85,249,227,61,12,9,100,130,17,41,188,149,33,104,237
177,200,49,166,202,106,82,237,27,137,212,17,91,104,85,9,243,40,56,134,233,76,18,160,146,30,248,164,210,13,68,75,33,96,211,45,34,58,54,5,95,205,230,35,144,51,176,123,245,74,129,193,197,100,157,60,70,217,150,25,161,117,194,187,0
178,120,167,47,125,16,251,22,67,185,184,247,97,77,59,8,121,190,118,148,165,23,244,55,80,225,196,246,132,138,4,195,11,174,119,139,84,254,158,101,115,110,156,135,191,153,224,20,198,214,65,92,69,26,39,19,181,28,32,168,108,99,253,219,6
179,103,83,127,112,163,6,122,219,99,209,108,88,28,19,192,109,133,26,36,182,214,204,183,65,156,110,158,21,254,7,119,145,11,52,4,1,132,246,225,80,23,206,253,84,148,118,121,8,59,224,97,247,244,16,167,120,178,47,125,55,251,165,22,67
180,29,250,63,107,218,159,162,71,186,98,130,181,93,141,32,69,249,236,20,131,126,37,252,14,41,135,191,92,170,101,139,38,46,115,223,195,105,172,198,48,44,235,174,213,220,228,173,31,154,128,196,190,136,147,255,201,187,77,194,25,117,138,70,232
181,69,20,135,101,92,139,191,115,195,32,198,180,63,250,71,196,29,190,77,174,252,184,218,185,67,186,22,138,251,98,107,172,93,125,47,162,159,37,178,120,165,167,55,130,48,39,16,141,173,46,153,41,44,131,223,235,249,236,126,247,97,14,168,59
182,36,204,133,183,109,192,21,7,88,145,52,209,1,122,206,103,179,83,127,112,163,6,219,99,108,28,19,26,214,65,156,110,158,254,119,11,253,4,132,246,225,80,23,84,224,148,118,121,8,59,97,247,244,79,16,167,53,120,178,55,47,125,251,165
183,204,21,182,7,36,133,109,145,52,192,1,88,209,206,122,103,179,83,127,112,163,6,219,99,108,28,19,26,214,65,156,110,158,254,119,253,11,4,132,246,225,80,23,84,224,148,118,121,8,59,79,97,244,247,53,16,167,120,178,55,47,125,251,165
184,185,67,77,22,251,125,47,190,178,120,167,196,195,16,139,165,101,138,135,174,115,191,55,247,97,20,59,8,121,92,69,198,118,148,244,23,181,80,225,246,132,153,32,4,11,84,119,39,254,158,110,156,224,168,214,65,71,26,63,19,28,108,252,180
185,184,67,22,251,77,125,47,190,178,120,167,196,16,195,165,139,138,101,247,97,135,115,174,55,191,59,8,121,20,118,148,198,92,69,244,23,80,225,246,132,181,4,153,11,32,84,119,254,39,158,110,156,224,168,214,65,26,71,19,28,63,108,252,253
186,98,71,63,32,180,235,29,250,141,107,126,181,69,43,249,191,218,236,20,159,170,130,135,162,174,101,38,139,195,14,39,92,138,93,131,115,190,154,128,41,255,252,105,77,37,168,227,153,147,198,184,196,55,185,67,31,81,22,136,232,42,151,61,251
187,194,25,201,74,228,213,230,220,70,117,34,197,31,54,95,105,150,136,176,45,211,30,12,50,100,131,113,149,14,232,41,189,147,35,152,57,129,123,151,81,130,143,248,161,205,245,170,42,216,18,236,9,128,255,155,102,114,51,249,159,38,162,13,223
188,33,215,210,207,94,231,229,15,62,114,248,102,35,61,216,240,42,143,175,151,81,113,189,227,50,232,124,96,255,147,176,73,128,154,169,226,140,17,76,85,136,78,90,144,203,242,197,237,31,117,70,38,230,243,134,212,25,228,170,187,34,194,74,105
189,232,151,50,81,143,113,147,216,42,102,35,114,136,176,255,15,128,31,94,154,197,117,70,248,215,207,38,230,228,105,170,227,25,61,210,187,14,194,213,201,74,236,220,34,249,229,240,188,54,231,131,126,62,30,95,130,141,33,150,85,45,211,169,41
190,77,184,67,185,22,195,251,125,47,174,138,178,139,120,191,101,135,167,196,55,16,20,115,69,165,92,97,247,32,181,153,198,244,59,8,121,148,118,39,23,80,225,246,132,168,4,71,11,224,119,254,84,63,158,110,156,186,180,214,65,250,29,98,26
191,69,195,135,101,139,20,32,174,181,190,77,138,115,92,184,185,67,196,71,22,251,125,47,63,198,55,178,39,120,186,167,180,153,250,29,98,16,165,168,97,247,244,252,218,59,235,8,107,121,148,118,43,172,23,93,159,162,80,225,246,132,224,141,4
192,109,133,88,36,182,209,204,183,122,21,7,145,52,103,1,179,83,127,112,163,6,206,219,99,108,28,19,26,214,65,156,110,158,254,119,11,4,253,132,246,225,80,23,84,224,148,118,121,8,59,97,247,244,16,167,120,178,79,47,55,125,251,165,22
193,234,164,75,111,146,5,202,137,82,91,217,142,56,68,166,177,160,212,243,200,134,49,66,106,222,27,76,237,233,24,17,104,85,40,9,144,96,18,58,157,30,13,60,33,0,248,210,205,51,89,211,245,45,123,54,129,161,34,241,95,100,155,188,150
194,187,201,25,74,230,220,213,228,70,34,117,197,54,95,31,105,150,136,45,176,211,30,12,100,149,50,131,113,14,232,41,189,152,57,129,35,147,123,151,130,81,161,248,143,205,245,18,9,42,170,155,216,51,236,13,128,255,102,114,223,159,162,249,38
195,139,101,135,191,20,190,77,69,115,184,196,185,92,67,181,174,22,251,125,47,138,32,198,178,120,167,165,55,16,71,63,247,97,39,153,59,180,8,121,244,148,118,250,29,252,186,23,168,80,225,98,246,132,172,4,218,11,84,119,224,107,93,254,158
196,115,77,198,184,185,139,195,67,101,92,165,22,135,251,190,47,125,20,120,178,69,167,191,181,16,174,138,247,97,32,59,8,121,55,118,148,23,84,225,80,252,244,246,132,172,4,11,153,71,119,63,180,39,250,254,158,29,110,156,65,199,214,218,224
197,117,70,230,176,31,25,136,228,187,194,74,201,213,50,113,34,220,105,232,189,35,147,54,151,95,81,143,248,30,42,216,14,150,102,45,114,211,255,128,131,15,170,12,154,100,94,210,38,149,236,41,130,249,215,9,129,123,152,57,85,18,207,104,161
198,115,92,196,139,101,20,135,195,181,69,77,165,184,185,67,191,190,22,252,251,172,47,125,120,178,167,32,174,16,138,199,180,250,48,29,173,247,93,63,37,218,97,71,55,59,8,121,118,148,84,162,44,23,159,225,80,246,244,46,107,132,186,4,223
199,172,173,48,252,198,44,92,37,115,196,46,223,93,165,3,20,181,101,139,135,69,195,218,77,162,184,185,41,67,159,22,250,251,57,47,152,191,64,180,29,116,125,190,120,178,241,167,155,149,131,84,130,16,161,107,12,32,245,129,123,63,51,100,238
200,177,49,106,237,166,27,202,104,17,82,85,9,137,212,91,40,18,243,233,30,56,76,134,248,160,13,210,211,34,54,45,146,58,95,33,230,205,35,74,176,51,123,68,197,129,245,100,70,150,164,25,96,194,117,161,187,157,60,113,201,12,0,155,5
201,194,187,25,74,220,213,228,230,70,34,117,197,54,95,105,31,150,45,136,211,176,12,30,100,131,149,50,41,14,113,232,152,57,129,189,123,147,35,130,151,161,81,205,245,143,248,170,155,18,236,42,9,51,223,216,159,162,13,128,255,249,102,46,38
202,82,166,137,177,200,49,106,91,27,212,237,104,164,17,243,233,56,146,85,9,40,68,5,134,75,160,18,76,193,234,30,111,13,58,217,248,157,96,60,211,205,45,210,51,54,0,245,34,144,123,95,129,33,222,161,100,230,150,155,74,35,12,176,197
203,175,90,208,140,242,78,124,73,226,62,231,169,229,240,61,207,188,227,215,94,15,33,114,102,216,154,42,255,128,143,81,210,151,189,147,35,232,38,113,50,96,248,126,170,144,176,136,249,141,236,31,76,197,14,117,70,105,17,85,230,228,86,25,187
204,183,182,21,36,7,133,109,192,145,52,88,1,209,206,122,103,179,83,127,112,163,6,219,99,108,28,19,26,214,65,156,110,158,254,119,253,11,4,132,246,225,80,23,84,224,148,118,121,8,59,97,244,247,79,16,53,167,120,178,55,47,125,251,165
205,245,51,161,123,129,155,13,100,211,149,12,45,152,58,57,150,0,60,18,95,54,157,40,30,3,241,34,9,74,220,201,194,187,104,25,233,230,213,27,228,223,70,117,46,41,197,116,44,106,64,105,131,31,49,176,136,37,166,85,237,200,93,130,48
206,1,52,145,7,21,183,204,182,36,133,109,192,88,209,122,103,179,83,127,112,163,6,219,99,108,28,19,79,26,214,53,65,156,110,253,158,254,119,11,4,132,246,225,80,224,23,84,148,118,121,8,59,244,97,247,16,167,120,178,55,47,125,251,153
207,94,15,215,61,229,114,102,231,216,62,227,42,240,143,188,81,151,255,154,128,189,35,147,232,210,113,124,50,73,169,226,175,140,33,248,176,78,136,38,242,90,31,170,197,117,70,236,249,230,126,105,203,14,228,25,187,194,213,141,74,201,85,34,17
208,203,90,175,242,78,140,124,73,226,169,62,231,240,229,61,227,207,188,86,94,215,15,114,154,102,72,255,216,33,128,42,143,81,151,38,210,147,126,189,232,35,50,113,170,96,141,249,248,236,235,144,136,176,43,31,14,98,197,76,186,117,105,70,228
209,88,122,192,109,133,36,103,182,179,204,183,83,127,112,163,6,21,7,219,99,145,52,1,108,28,19,206,26,214,65,156,110,158,254,119,11,4,253,132,246,225,80,23,84,148,118,224,121,8,59,97,247,244,16,167,120,178,47,125,55,251,165,22,67
210,248,215,33,35,188,94,113,15,114,207,102,176,50,85,189,216,143,17,151,42,81,232,147,197,136,237,255,117,70,229,230,61,128,31,231,154,227,62,76,30,25,34,74,187,228,194,240,96,201,9,104,106,213,105,54,200,212,220,38,243,95,27,175,170
211,45,95,100,150,54,12,129,123,149,34,30,205,161,245,152,74,57,51,13,155,18,194,201,187,220,25,230,213,9,70,228,40,117,197,58,104,105,0,31,60,176,41,27,157,136,131,3,223,46,113,50,106,241,233,248,35,14,85,232,189,49,130,237,44
212,91,243,56,134,76,160,177,17,237,200,202,146,85,96,106,49,144,166,82,217,222,27,137,33,104,210,75,9,248,66,111,188,40,164,30,18,215,35,233,193,176,142,234,113,34,94,197,230,50,54,70,189,5,117,211,207,45,114,74,15,95,13,102,68
213,220,228,201,187,194,25,74,105,70,117,230,31,197,34,95,54,136,131,150,14,176,41,45,12,211,50,149,100,130,232,113,30,147,189,152,57,35,170,151,129,236,81,123,159,162,143,249,223,42,38,161,128,255,216,245,205,46,248,102,155,154,114,93,51
214,26,156,110,158,19,254,28,119,108,65,11,4,99,132,246,225,219,80,23,6,163,112,127,83,118,148,121,8,59,179,103,84,247,97,244,122,224,16,209,253,167,120,88,178,192,109,133,47,125,36,251,182,22,55,165,67,204,185,183,184,21,77,7,190
215,94,207,188,15,210,114,102,216,35,143,42,33,248,151,81,229,189,113,61,231,50,232,62,255,227,147,176,240,128,154,136,197,124,175,31,73,169,226,117,70,38,85,140,230,17,78,170,228,25,187,105,242,194,90,74,34,201,237,213,14,236,30,96,249
216,102,42,143,114,81,151,15,189,147,255,232,94,128,50,113,154,35,207,136,227,61,215,176,38,31,248,197,170,210,117,229,240,70,231,62,105,228,230,14,236,188,249,25,187,213,194,201,74,126,169,124,73,226,220,33,34,141,140,175,131,130,78,54,30
217,66,222,160,146,142,56,134,111,243,91,75,144,212,76,96,193,234,202,177,164,24,200,17,237,82,166,85,137,33,49,106,2,27,210,188,104,5,248,9,215,40,68,233,35,18,30,94,207,113,176,15,231,114,50,229,102,189,216,197,143,34,230,151,42
218,162,159,250,29,107,93,180,130,131,41,37,14,63,46,252,236,223,249,141,105,170,181,44,126,48,186,71,98,172,213,220,38,69,228,173,20,31,32,92,201,187,194,25,135,136,117,74,101,70,57,152,149,150,12,139,230,191,147,197,115,128,95,154,232
219,99,6,163,112,127,83,108,28,179,19,103,26,122,214,209,65,156,110,158,254,119,88,192,11,109,4,133,36,132,246,225,80,182,23,204,183,148,118,84,121,8,59,21,253,7,224,97,247,145,52,244,1,16,206,167,120,178,47,125,55,251,165,22,67
220,213,201,187,194,25,228,74,230,70,117,34,105,95,54,150,197,31,131,12,45,211,41,136,149,100,176,14,152,30,57,130,129,50,123,113,232,147,189,161,223,245,159,205,162,35,155,170,236,46,151,81,51,143,249,18,13,42,248,93,38,128,216,255,9
221,87,238,64,116,10,241,157,0,60,3,58,171,155,51,245,13,161,233,205,123,68,129,57,152,149,44,173,100,40,12,18,48,211,45,223,46,199,150,95,9,27,54,37,104,172,137,5,30,166,82,49,34,41,220,106,252,74,93,201,194,187,25,213,230
222,66,217,160,144,134,56,96,243,76,146,91,142,212,111,75,33,17,177,237,202,85,200,188,2,210,193,106,49,166,82,24,234,164,248,215,137,27,104,35,207,9,94,231,229,15,62,114,113,175,176,102,30,40,216,50,143,189,203,42,151,18,5,81,61
223,46,44,37,41,93,48,57,152,173,162,131,149,159,12,218,130,252,150,220,100,3,155,172,213,129,161,123,95,201,105,245,45,211,194,187,228,54,74,205,25,14,51,107,34,250,29,230,70,117,180,31,13,197,236,249,136,30,0,241,170,60,58,176,18
224,244,253,254,97,23,55,80,132,246,225,11,4,119,148,118,110,153,156,158,59,247,121,8,214,26,16,28,19,167,168,108,178,99,120,138,219,125,65,47,6,112,163,251,127,83,22,67,39,185,190,179,184,103,174,77,84,122,209,165,195,88,191,196,192
225,80,246,132,23,4,11,118,148,121,8,59,119,254,158,247,97,110,156,214,16,65,26,244,167,84,19,28,120,178,108,224,47,125,99,251,219,22,67,6,163,185,112,165,127,55,83,184,77,253,179,103,190,138,153,122,196,174,209,195,88,139,168,192,115
226,169,73,124,140,78,242,240,90,62,175,229,231,61,227,207,203,15,154,94,255,128,114,102,42,216,215,143,81,38,151,188,147,126,189,232,208,170,50,113,35,249,141,236,210,136,33,176,248,31,14,197,105,117,70,98,228,107,230,235,130,186,25,213,187
227,61,240,154,255,128,15,207,102,114,42,216,229,94,62,169,143,81,73,226,231,124,151,38,147,140,189,232,78,215,242,170,50,113,175,126,35,136,90,249,236,188,176,141,31,14,210,248,197,105,117,70,228,33,230,203,25,213,187,130,194,201,107,74,220
228,213,187,25,201,194,117,70,220,31,230,105,74,197,136,34,176,54,95,14,131,50,150,113,232,189,147,45,41,211,12,30,35,130,151,81,100,149,143,170,236,42,216,128,255,152,57,249,38,248,102,129,114,159,154,123,162,15,161,223,205,245,94,107,46
229,231,62,240,207,61,124,175,73,169,226,227,140,94,15,78,215,242,90,188,114,102,216,42,255,154,143,128,81,151,203,189,147,210,33,232,35,113,50,38,248,176,136,170,126,31,249,236,197,208,117,141,70,14,105,230,228,25,187,213,194,85,96,201,74
230,70,25,117,74,187,194,197,201,34,228,213,220,31,176,54,136,95,105,30,50,113,150,45,211,232,35,189,12,147,100,248,151,14,149,81,131,143,42,216,129,41,123,152,9,57,102,114,18,255,128,130,170,161,205,245,15,154,236,104,210,38,94,85,13
231,229,62,240,175,207,124,61,73,169,226,140,227,78,94,215,90,15,188,242,114,102,216,42,203,143,255,154,128,81,151,33,210,189,147,35,232,113,50,38,248,176,136,170,126,31,208,197,249,236,117,70,141,14,105,230,228,96,25,85,187,17,194,213,201
232,189,147,50,151,81,143,113,136,42,216,102,176,114,255,35,128,31,15,154,197,117,94,70,105,38,228,230,170,248,14,25,187,207,215,213,227,194,201,61,74,236,249,220,210,34,131,126,54,130,240,229,141,95,30,188,231,62,150,41,45,33,211,107,159
233,40,58,27,18,157,166,13,60,49,104,137,82,9,0,106,68,51,205,200,245,202,177,161,123,241,129,155,30,211,45,100,237,54,12,95,149,150,116,85,152,57,5,34,17,64,3,238,74,230,194,201,25,187,220,70,212,164,117,197,213,91,228,248,176
234,193,164,75,111,5,146,202,137,82,142,91,68,217,56,166,177,160,212,243,200,134,49,66,106,222,233,24,27,76,237,17,104,85,40,9,144,96,18,58,157,13,30,60,89,0,33,248,210,51,205,245,211,45,123,129,54,241,161,34,95,100,155,150,188
235,43,98,186,71,63,32,39,126,141,180,174,29,191,168,250,107,138,69,249,181,153,236,38,20,170,135,101,195,139,218,55,190,159,130,154,14,227,162,169,226,128,242,73,78,92,77,255,124,140,115,184,61,67,240,185,22,131,125,147,251,90,93,47,196
236,249,170,14,38,141,126,130,107,105,128,154,131,255,147,159,31,136,162,232,81,151,218,228,189,42,29,143,213,50,250,216,41,180,117,102,70,220,113,197,114,227,176,187,25,201,194,15,230,98,74,63,61,93,186,35,94,34,207,71,37,95,240,54,223
237,17,85,200,106,177,49,104,27,9,212,166,248,202,30,91,243,40,82,210,76,18,137,134,33,56,35,34,176,54,230,197,233,211,113,45,160,95,70,74,117,25,215,50,13,194,96,187,201,188,189,150,136,100,228,31,232,205,123,129,94,220,151,213,143
238,64,116,221,87,241,157,0,60,3,58,10,51,155,13,233,245,205,161,123,129,68,152,57,40,100,149,18,12,211,45,44,150,173,223,9,95,27,46,48,54,104,30,137,166,82,49,34,5,37,106,171,74,220,41,201,194,199,187,172,25,213,200,230,202
239,171,10,87,221,238,64,116,241,68,157,0,60,3,58,199,5,233,51,155,13,245,205,161,173,123,129,44,48,57,152,40,137,18,149,100,12,172,82,46,223,211,166,45,164,27,150,9,37,104,49,95,202,252,54,30,106,234,93,200,41,193,177,34,220
240,62,229,124,73,61,169,231,226,227,140,78,207,175,242,90,15,94,114,154,102,255,216,42,128,215,143,81,151,188,147,203,38,189,232,50,35,113,170,126,210,136,33,176,249,236,248,141,31,14,197,208,117,105,70,228,230,25,213,187,194,201,130,74,107
241,0,60,157,116,64,58,3,51,155,245,161,205,13,238,123,129,152,57,100,149,12,233,18,40,211,45,150,221,95,54,44,223,9,30,46,104,27,34,87,173,74,48,220,201,194,187,41,25,37,213,68,230,49,106,228,166,70,117,131,137,93,82,197,105
242,78,140,90,226,73,169,124,175,240,62,229,231,203,61,227,207,208,15,154,94,255,128,114,102,42,216,215,188,143,38,81,151,126,147,189,232,170,141,50,249,113,35,236,33,210,136,176,248,14,31,235,98,197,105,117,186,70,107,228,130,230,213,25,43
243,134,212,56,91,76,160,96,144,146,17,177,237,200,222,85,217,202,106,33,49,166,66,82,210,75,27,137,104,248,111,188,9,215,164,142,40,35,30,193,18,234,176,94,113,233,207,50,197,15,114,34,189,230,102,216,143,70,151,117,54,232,42,81,74
244,97,224,247,148,118,23,59,121,55,8,80,225,16,246,132,4,167,11,254,119,178,120,158,110,156,125,47,153,251,22,67,214,138,253,185,184,26,190,77,19,28,65,168,174,108,84,39,99,165,219,6,195,163,112,127,83,196,191,179,139,103,101,135,115
245,205,161,51,123,129,155,13,100,149,12,152,57,211,45,58,150,0,60,95,18,54,157,3,40,241,30,34,9,74,220,201,194,187,25,104,213,230,233,223,228,27,46,70,41,117,116,44,197,64,105,131,31,106,49,176,37,136,93,48,173,130,85,166,14
246,132,225,80,23,4,11,148,118,119,121,8,59,254,158,110,156,247,97,214,65,26,16,244,84,19,167,28,108,120,178,224,99,47,125,219,251,22,6,163,112,127,67,83,185,165,55,184,179,253,77,103,190,138,122,153,196,209,174,195,88,192,168,139,109
247,97,59,8,121,148,118,16,23,80,225,167,246,132,120,178,4,11,244,119,47,125,254,251,158,110,156,22,67,185,84,184,214,165,65,55,77,26,224,190,19,28,108,138,196,99,153,195,219,174,6,253,163,112,127,83,139,115,101,191,135,179,103,168,198
248,210,35,113,176,50,215,189,85,197,232,94,143,151,114,216,102,136,81,17,15,117,70,230,42,33,147,31,188,30,34,237,25,207,74,187,194,228,255,201,128,54,9,213,104,154,220,105,95,106,61,45,227,211,27,200,229,150,18,231,38,14,170,62,49
249,236,170,141,38,126,14,107,130,154,128,105,255,147,131,159,31,136,162,232,81,218,29,151,42,143,189,250,228,180,50,216,213,102,41,227,117,114,113,70,197,220,98,176,187,63,15,25,201,186,194,61,230,74,93,35,94,207,71,34,240,37,223,95,54
250,29,180,218,107,63,159,162,130,93,71,186,181,141,98,249,236,131,69,32,37,252,41,14,126,20,170,92,135,101,191,46,223,139,38,105,172,115,195,48,44,198,213,220,173,228,31,235,174,154,128,136,201,187,147,196,194,255,25,117,190,70,232,74,77
251,47,22,125,67,185,184,178,120,77,167,190,16,196,165,247,97,195,59,8,121,55,138,118,148,139,174,101,244,115,135,23,191,80,225,246,132,20,198,4,92,11,69,84,153,119,254,158,181,110,156,32,224,39,214,65,168,26,19,28,108,71,253,99,219
252,172,48,37,93,173,44,46,218,223,92,162,181,198,250,159,29,180,115,20,41,69,135,101,107,139,130,131,199,196,63,195,191,32,57,152,71,14,3,149,77,105,236,220,186,12,249,213,141,190,184,98,150,185,165,67,100,228,201,155,22,170,187,174,161
253,224,244,254,110,26,156,28,214,158,119,19,99,11,108,4,219,132,23,246,80,112,225,163,6,127,83,97,148,118,179,59,121,153,103,8,55,247,65,168,122,16,209,167,88,178,120,192,109,133,138,125,39,47,36,182,251,84,22,204,183,67,185,184,190
254,119,110,158,156,11,4,214,132,246,80,225,26,23,19,65,28,148,118,121,8,108,59,97,247,99,219,244,6,84,163,112,127,83,16,224,167,179,103,120,178,253,122,47,125,251,55,22,209,67,165,185,184,88,77,192,190,109,153,133,138,36,182,204,196
255,128,154,42,81,147,216,143,151,102,114,232,189,15,38,227,50,61,94,170,113,136,207,35,31,176,236,249,14,215,126,240,105,197,117,229,70,141,228,62,231,248,230,213,169,25,73,226,187,210,124,194,201,130,74,220,131,188,140,34,78,107,242,175,159
