0,0.11674089101074411
1,0.05500202905391434
2,0.13845577624285835
3,0.08681122637106921
4,0.08554039224468468
5,0.09232726068818077
6,0.14461387758046818
7,0.07622369081706681
8,0.096558986834602
9,0.05487436818495559
10,0.12222527353172485
11,0.1023326001224138
12,0.09747500065396865
13,0.1067381005922808
14,0.12231698666285702
15,0.08277201247105943
16,0.07767079745021994
17,0.05446564726616754
18,0.09811412393516536
19,0.067318589040951
20,0.11715660188574221
21,0.06746885144641339
22,0.07515581781356559
23,0.13274109651988752
24,0.07946026418729002
25,0.07798473078866802
26,0.07487519153043758
27,0.04205730344930812
28,0.08579015852580833
29,0.0658488703412752
30,0.06397233021872833
31,0.07436890887386023
32,0.0851768640337553
33,0.07037527680053447
34,0.1369354839388886
35,0.10281111356639606
36,0.15135401535573442
37,0.0775896038440101
38,0.0913957766234268
39,0.09547074277699769
40,0.1520304765927001
41,0.08113817829742619
42,0.1406038645107878
43,0.08426869320288771
44,0.05579005505760898
45,0.07199028914306686
46,0.09923429962680119
47,0.06428141702545641
48,0.06803916957517533
49,0.08974079167111336
50,0.129055222336939
51,0.07436885749469249
52,0.07074449622866509
53,0.13023011439646742
54,0.06244467830841521
55,0.1382262528764191
56,0.09321032092197515
57,0.07968496768625043
58,0.09759378544755257
59,0.07572255332001486
60,0.09168737377748834
61,0.08640876854206417
62,0.10189417395137494
63,0.08310142824346994
64,0.09155246319113927
65,0.07682945194323697
66,0.08304822854953038
67,0.11129970112862535
68,0.11635977874776933
69,0.1177869372837263
70,0.07864158000350323
71,0.09481561793730112
72,0.07549466581751645
73,0.0922454889970983
74,0.05228965158386331
75,0.08517544922740294
76,0.0608387382464022
77,0.06204789216418458
78,0.06216098450012506
79,0.11098678109245416
80,0.06502419295588348
81,0.0833743085187616
82,0.07486764524202803
83,0.13787731774025705
84,0.048905213298215164
85,0.05645594425593092
86,0.08390077713122134
87,0.06563104218469888
88,0.1190741232540583
89,0.05692965933122437
90,0.07786928128517372
91,0.06594425292564428
92,0.05497581285894117
93,0.08275307524401852
94,0.06582942561426074
95,0.08701172389483201
96,0.0693524890348618
97,0.06318365263317473
98,0.09617720951859009
99,0.08747319841732437
100,0.08533031691126818
101,0.057701820133752746
102,0.1346700786299927
103,0.1130998718325343
104,0.05617045095546797
105,0.10546259459990594
106,0.07789306549852192
107,0.07918718710021011
108,0.12232024541780416
109,0.1010528812829949
110,0.08346539772697362
111,0.11874610676788483
112,0.07336620053321045
113,0.061615836338347274
114,0.14259983006963292
115,0.061492447003459606
116,0.06308756284498107
117,0.13393546573435539
118,0.07087919667933615
119,0.07362777971023726
120,0.06667840139106905
121,0.08772110968075444
122,0.06506440530988887
123,0.07612146646598891
124,0.07683196330787782
125,0.0984485975863783
126,0.0869432216282893
127,0.084021059892175
128,0.08730463856853816
129,0.06391085836555585
130,0.08679163086100533
131,0.0866541897504085
132,0.08154953897869965
133,0.051368532833860454
134,0.07340459293268574
135,0.08794170717725591
136,0.05502675649370574
137,0.12301025963675516
138,0.05446258743740803
139,0.0929810342173742
140,0.09554726041088486
141,0.1419533551993236
142,0.09575425355785827
143,0.07747951413193728
144,0.0929987084029843
145,0.08187005189923403
146,0.06227420167166873
147,0.10646134172405736
148,0.07494535797570966
149,0.08200943150012696
150,0.09115561214063653
151,0.08114115035966706
152,0.0909832566293553
153,0.1368905770219018
154,0.10705367562623799
155,0.06369931993381446
156,0.10352941973824012
157,0.07725217513599625
158,0.06723205214453402
159,0.06327997107483926
160,0.07677870841928715
161,0.06825948962847862
162,0.08868479987047988
163,0.06861031961601526
164,0.09004468277733159
165,0.12714344316880766
166,0.06652507016728412
167,0.08445049683860982
168,0.07755580128564946
169,0.0791200795252231
170,0.0874273127132875
171,0.06547672572364928
172,0.10402679204251221
173,0.10645450185111585
174,0.14509703248468592
175,0.062025611115023395
176,0.05967271262357427
177,0.054900302072926725
178,0.09368937316947874
179,0.07616512754914495
180,0.1416917716815444
181,0.10193595799071835
182,0.13404546989066535
183,0.07644341737920471
184,0.13104101072042373
185,0.05022043885264493
186,0.1368320996402845
187,0.09506720053806739
188,0.08840970559845404
189,0.06348669081439659
190,0.05089149670929727
191,0.07492697129197554
192,0.10883326828870489
193,0.11615032306676072
194,0.08560703879835492
195,0.08331271458480367
196,0.10272929565771009
197,0.07722792213289306
198,0.06406168921420201
199,0.04835018499526022
200,0.06256278317373971
201,0.06453984101624041
202,0.08784603005222617
203,0.08438896754919567
204,0.0804938874875215
205,0.07129082176176772
206,0.09025902824678445
207,0.09524169681875956
208,0.09695090710554308
209,0.06620433533332572
210,0.0904414220354487
211,0.11886443423635543
212,0.10209573913641518
213,0.09059286103451457
214,0.07231654658172278
215,0.05866829203526044
216,0.07213596090213154
217,0.07145226899228978
218,0.10453351412105548
219,0.06928634563030618
220,0.054404726291789586
221,0.09172676351989811
222,0.08265032025659122
223,0.09064952420697826
224,0.05856399690098987
225,0.06939691258040234
226,0.06439382874976363
227,0.09803860081524465
228,0.0651201779875549
229,0.10716019405194493
230,0.07118032086095463
231,0.07399180975517047
232,0.05288322887575628
233,0.09949975355986485
234,0.07378513032375854
235,0.10090896899449504
236,0.053908144048844614
237,0.060362046513365755
238,0.06722453349510864
239,0.07300703644120785
240,0.06806468207061517
241,0.07339979892027951
242,0.1255086575010459
243,0.07190766172979142
244,0.07096949173560249
245,0.13298406768134688
246,0.13582751539750085
247,0.09406093744570271
248,0.06919927853621965
249,0.06751575814108726
250,0.09080263390307927
251,0.055462787708590436
252,0.07249141471543724
253,0.07194022111213862
254,0.06661358907824884
255,0.09579509474545292
256,0.07578056941264709
257,0.09313326861490626
258,0.08090460836657191
259,0.08311809489267101
260,0.06315757720563187
261,0.14112543338976488
262,0.09627067252446914
263,0.09259948965882622
264,0.13214694065460197
265,0.08021332401745503
266,0.11806629606071355
267,0.07675643220563023
268,0.06585494633362615
269,0.07508945970123276
270,0.13468668179279977
271,0.052056575324658606
272,0.08007184286260008
273,0.07401033905781543
274,0.06783811917881409
275,0.08833304889419441
276,0.06197515075610907
277,0.06692098430959949
278,0.06388717263258334
279,0.10140786176383756
280,0.05614654164766814
281,0.0687787398862247
282,0.06884141735167844
283,0.06930242768807969
284,0.09678673672366696
285,0.0785541225386873
286,0.09600674616515129
287,0.07426448153055926
288,0.08797570850651157
289,0.13876984790618774
290,0.07656083683305481
291,0.0742353132535902
292,0.11433384541154258
293,0.06104604484736313
294,0.09089759290397846
295,0.07592115873533242
296,0.12800032364501865
297,0.08676974687929215
298,0.062274023282960986
299,0.07136828039294892
300,0.09054808632374267
301,0.08279489686529215
302,0.13541596302660858
303,0.06148203101485615
304,0.09708704854534163
305,0.07399180975517047
306,0.09383944029167732
307,0.05119959358785933
308,0.13349120337726067
309,0.1284674143116495
310,0.08638423739040473
311,0.07278121791953185
312,0.13976101813105887
313,0.08505673650557663
314,0.08023104526438606
315,0.08493416401591253
316,0.10734553002164483
317,0.07051687105887551
318,0.06311028732034615
319,0.12469375661040075
320,0.09745368081383524
321,0.1147199703150656
322,0.06466002217612418
323,0.09709591094981013
324,0.07438076531695423
325,0.06346617036971076
326,0.08313163805845934
327,0.09986509368742257
328,0.07749849238296766
329,0.054400673204631454
330,0.12442264443709593
331,0.11825303647683626
332,0.07607987147587042
333,0.07063751553056939
334,0.08142968420545285
335,0.06912890885337053
336,0.06404886517635475
337,0.12221996096293829
338,0.0638011764913044
339,0.052766271021043934
340,0.0737920701224935
341,0.1295434924653366
342,0.08221862166366772
343,0.11776311751153479
344,0.07183912290521278
345,0.06547898867801887
346,0.10966725278366993
347,0.09126937584642203
348,0.1249295882726996
349,0.07162774910052187
350,0.09102393591493597
351,0.07492280658432542
352,0.05372795762863347
353,0.10697649545862088
354,0.06576593916384064
355,0.05615164302364613
356,0.07387001554333719
357,0.0938408437499208
358,0.10988164104468173
359,0.07485450736348338
360,0.07833388158740992
361,0.113205210638374
362,0.05266913042821024
363,0.07065760130339027
364,0.08098586345749384
365,0.06383108025146408
366,0.05019021877830165
367,0.12408463351995953
368,0.11804586596331369
369,0.1037318786735284
370,0.08187238572392787
371,0.11563609659450413
372,0.13161622640092158
373,0.09423520629815406
374,0.13093610140795497
375,0.07266042901864808
376,0.08545839234522638
377,0.14116587226504057
378,0.08804141610095037
379,0.07867156826450838
380,0.12190137589719667
381,0.05856256469608703
382,0.07722022648625429
383,0.06971803538932742
384,0.1134469905164337
385,0.06524925747490867
386,0.09138543774317387
387,0.09062517602120017
388,0.04065684445605612
389,0.05844135473156162
390,0.07644878178274102
391,0.05581089081849328
392,0.1103019896390673
393,0.06824417322124313
394,0.09716112745139366
395,0.0885575064512565
396,0.08539890338630139
397,0.0957950947454529
398,0.1081426639257116
399,0.07250352653059186
400,0.06362578903034609
401,0.10108822445636259
402,0.07997680660560587
403,0.06357930816996292
404,0.0680481530988425
405,0.0865299404420449
406,0.06379010239768546
407,0.08589273825190394
408,0.07963971355660705
409,0.07066766524965097
410,0.152013866829906
411,0.08832613262650008
412,0.13298406768134685
413,0.11045526526297021
414,0.08147227835313804
415,0.08764715804564767
416,0.08248458117922226
417,0.12072621736746801
418,0.06512832613866099
419,0.1282306217458063
420,0.10693284477863525
421,0.05332941122288006
422,0.08317031519885815
423,0.07010618020626434
424,0.06598231046428332
425,0.07716423910859595
426,0.08000676101936777
427,0.07028632003560395
428,0.06977001437730494
429,0.06844526824259119
430,0.05836715221282099
431,0.05398215652930017
432,0.11783381629238261
433,0.13147296345847972
434,0.09087309636426806
435,0.0493136696448556
436,0.04389940058411396
437,0.07584973666006598
438,0.06650358563123929
439,0.06172931714418404
440,0.0886204024600635
441,0.06587687810404882
442,0.05941114180917363
443,0.0843803621265809
444,0.1165550082446899
445,0.10724241264760848
446,0.06666478200437556
447,0.07977386899924331
448,0.10618001961017012
449,0.122426892043928
450,0.10747420237039701
451,0.06295804123426314
452,0.08143509885915855
453,0.11617962952931964
454,0.13693677024228
455,0.05567539431633061
456,0.14130654697973252
457,0.1311466963956575
458,0.12315812565625754
459,0.07707377432942926
460,0.08002933621906047
461,0.08519915263160859
462,0.10810834505920089
463,0.05724476193612361
464,0.10752563978246348
465,0.13315474552563958
466,0.06315754997447863
467,0.09729257666166108
468,0.10621539395842435
469,0.0743966782081223
470,0.06903991311751492
471,0.10100403188456082
472,0.12592382251523643
473,0.06047183041683229
474,0.06391017140813879
475,0.11104907507734278
476,0.12709045059577856
477,0.06541658891323764
478,0.06941609480164639
479,0.09185992623397789
480,0.09505517182128881
481,0.07019614146471734
482,0.12792028619041548
483,0.0825923747258689
484,0.12222468462351704
485,0.08311759279040805
486,0.0756963664339659
487,0.12413459983914771
488,0.0659250313038589
489,0.06677087971271994
490,0.0701898090182754
491,0.08655485411187261
492,0.15248311910110438
493,0.09258183069810355
494,0.055345086404457455
495,0.13117314390119508
496,0.08328679078111635
497,0.09706703557151294
498,0.07949972680410507
499,0.07533456346335408
500,0.08676974687929215
501,0.1035408014765732
502,0.07795642704036737
503,0.1395867731525033
504,0.0837121175268397
505,0.08387679507651402
506,0.048261686155222715
507,0.1259593226539079
508,0.10057636054722965
509,0.11152613467917212
510,0.14329920789578662
511,0.06265966388650483
