0,321,23,449,270
1,421,129,115,260
2,456,42,180,410
3,479,294,426,483
4,58,151,130,500
5,353,392,386,86
6,454,341,492,331
7,4,500,130,397
8,411,140,369,233
9,44,315,87,402
10,482,111,108,196
11,98,316,456,68
12,140,464,347,35
13,320,117,495,105
14,368,165,246,482
15,195,110,57,434
16,459,88,401,269
17,159,31,63,170
18,257,247,154,462
19,386,62,461,233
20,193,117,348,165
21,418,275,390,290
22,93,295,66,470
23,456,114,0,42
24,188,497,82,263
25,124,487,197,332
26,372,464,497,412
27,393,407,216,333
28,39,61,131,62
29,303,158,163,402
30,285,256,134,475
31,408,63,24,188
32,347,464,384,154
33,317,360,400,253
34,55,465,153,503
35,147,172,206,304
36,410,102,302,312
37,75,169,461,49
38,58,196,449,102
39,28,62,233,35
40,454,270,141,492
41,145,62,386,5
42,456,2,23,410
43,483,498,223,479
44,265,9,389,455
45,486,323,221,357
46,221,227,286,323
47,324,359,489,440
48,438,86,349,411
49,188,394,61,131
50,308,492,454,292
51,225,508,238,131
52,150,24,121,159
53,261,348,309,186
54,451,254,259,406
55,34,153,312,465
56,480,415,111,10
57,15,110,480,195
58,4,503,289,102
59,390,290,425,500
60,221,502,357,323
61,28,49,39,222
62,233,39,508,140
63,408,480,56,13
64,353,250,257,70
65,279,191,172,396
66,301,286,364,195
67,368,309,165,229
68,456,433,11,420
69,465,458,433,103
70,64,170,354,353
71,140,373,392,62
72,382,0,269,120
73,99,247,326,12
74,25,124,134,332
75,109,304,37,461
76,122,224,167,170
77,247,408,31,63
78,262,317,101,25
79,453,165,358,368
80,336,393,290,275
81,152,384,154,353
82,349,144,24,263
83,270,264,454,40
84,362,91,283,239
85,474,369,447,478
86,5,386,411,28
87,163,205,328,267
88,102,432,2,410
89,224,215,399,33
90,15,437,123,440
91,244,286,195,66
92,404,66,91,364
93,434,204,22,437
94,209,183,161,326
95,304,416,147,35
96,305,158,231,130
97,295,364,340,301
98,11,316,444,501
99,306,247,73,300
100,151,407,405,297
101,78,430,45,187
102,36,410,484,289
103,458,69,245,377
104,280,56,196,415
105,108,178,111,13
106,351,99,300,73
107,462,398,392,211
108,111,482,105,10
109,181,304,75,468
110,15,195,415,57
111,108,361,10,482
112,151,281,63,100
113,278,115,155,252
114,55,410,23,495
115,113,278,439,256
116,214,213,434,255
117,302,174,449,495
118,370,282,221,379
119,287,295,258,443
120,269,382,72,442
121,128,206,334,149
122,76,350,167,267
123,437,90,459,93
124,332,25,487,197
125,108,105,196,482
126,206,35,149,294
127,462,467,211,450
128,450,121,263,306
129,187,486,258,198
130,4,472,137,242
131,272,394,49,62
132,210,376,414,314
133,175,255,258,22
134,285,256,253,473
135,162,483,450,485
136,389,231,305,67
137,472,487,348,261
138,143,107,57,426
139,164,212,218,468
140,12,411,62,8
141,40,492,454,472
142,233,387,508,218
143,426,483,3,412
144,62,394,491,508
145,386,41,5,152
146,424,345,189,441
147,172,35,304,392
148,267,437,399,250
149,334,206,126,121
150,188,373,497,398
151,112,4,100,408
152,353,81,5,392
153,55,503,296,312
154,384,343,294,257
155,502,278,113,115
156,69,371,346,465
157,468,461,35,121
158,29,96,246,446
159,31,24,150,17
160,3,505,483,479
161,164,209,214,94
162,135,263,491,498
163,328,411,365,71
164,139,218,508,144
165,368,495,348,453
166,112,281,274,425
167,350,186,309,245
168,351,347,462,18
169,147,304,37,75
170,326,462,70,64
171,135,162,281,202
172,147,35,279,392
173,229,501,302,510
174,302,510,117,410
175,244,241,323,258
176,474,460,414,253
177,234,251,66,470
178,105,449,108,337
179,342,310,244,239
180,510,102,2,410
181,109,218,468,450
182,261,377,53,495
183,390,402,344,259
184,245,412,372,503
185,473,345,285,215
186,309,53,495,377
187,221,46,323,227
188,150,373,49,24
189,285,260,227,424
190,22,364,301,66
191,65,71,509,273
192,348,165,327,417
193,20,117,302,229
194,294,12,35,479
195,15,110,356,66
196,482,10,38,246
197,332,487,124,25
198,241,134,129,220
199,499,320,105,408
200,7,488,500,442
201,107,324,440,359
202,483,154,3,294
203,415,405,259,100
204,93,437,459,401
205,375,347,140,12
206,35,121,126,279
207,378,2,484,180
208,507,184,372,492
209,94,161,405,214
210,320,309,376,132
211,392,509,343,384
212,468,218,181,139
213,422,434,46,255
214,116,223,497,135
215,210,473,224,146
216,313,297,100,429
217,399,317,423,33
218,212,468,181,139
219,238,181,218,75
220,435,134,198,345
221,46,227,60,187
222,5,272,150,131
223,492,58,503,184
224,76,89,269,120
225,51,8,508,272
226,368,14,48,338
227,46,221,422,60
228,441,254,4,7
229,173,501,193,309
230,434,239,322,409
231,305,478,390,497
232,236,303,96,297
233,62,508,142,39
234,153,359,382,393
235,372,397,255,434
236,232,96,390,303
237,179,239,428,299
238,219,51,479,268
239,322,179,230,93
240,243,106,99,300
241,198,360,287,460
242,472,495,417,330
243,351,43,240,132
244,179,356,91,195
245,184,412,372,312
246,482,495,410,186
247,257,18,99,73
248,499,110,385,481
249,262,511,229,454
250,257,64,18,154
251,451,177,110,248
252,507,401,6,268
253,460,256,439,134
254,441,407,228,297
255,434,235,397,213
256,285,253,134,308
257,247,18,250,154
258,443,323,241,46
259,203,100,402,415
260,285,189,474,422
261,53,182,6,454
262,270,444,40,141
263,491,162,128,394
264,83,454,270,507
265,491,128,144,263
266,374,503,245,153
267,326,148,167,140
268,252,238,51,225
269,120,72,16,335
270,454,83,40,264
271,175,45,421,466
272,131,222,497,8
273,467,191,509,147
274,100,408,166,281
275,504,111,378,361
276,63,445,408,281
277,511,359,167,249
278,113,422,155,213
279,172,509,35,147
280,104,415,196,125
281,385,112,151,499
282,118,141,492,223
283,432,180,72,207
284,372,377,476,330
285,134,256,422,227
286,46,221,66,323
287,379,241,314,119
288,319,448,98,475
289,102,410,270,456
290,390,425,59,297
291,49,150,26,188
292,50,308,454,261
293,16,58,269,123
294,154,3,257,194
295,364,22,443,340
296,153,374,312,372
297,313,500,407,100
298,139,219,164,212
299,195,110,370,356
300,99,505,450,479
301,66,323,364,286
302,510,174,457,117
303,29,158,163,21
304,147,109,95,35
305,231,478,390,151
306,99,128,140,121
307,171,219,135,157
308,50,454,492,40
309,53,186,348,67
310,342,88,83,179
311,459,401,437,252
312,377,55,374,433
313,297,500,4,407
314,460,357,46,379
315,407,100,390,405
316,11,270,289,456
317,423,33,262,217
318,187,221,262,45
319,475,53,348,261
320,13,210,327,105
321,0,23,456,495
322,239,230,409,391
323,443,357,221,46
324,275,361,440,47
325,345,363,91,286
326,170,462,267,73
327,320,192,330,242
328,411,163,267,71
329,73,168,480,127
330,372,182,377,242
331,419,346,6,371
332,124,197,460,25
333,259,203,405,415
334,149,121,35,461
335,125,269,440,350
336,80,290,425,100
337,302,457,510,180
338,418,48,328,226
339,349,390,383,21
340,356,295,481,43
341,6,419,476,261
342,310,179,88,83
343,384,392,211,154
344,183,259,290,390
345,325,363,285,473
346,331,371,156,419
347,464,32,384,12
348,53,192,165,319
349,82,231,144,373
350,105,167,14,368
351,106,168,347,243
352,299,110,248,385
353,392,152,5,509
354,70,353,509,170
355,281,428,162,499
356,340,195,244,481
357,323,60,314,221
358,165,319,475,79
359,440,234,277,167
360,241,314,460,33
361,111,495,453,114
362,230,409,90,84
363,423,262,345,317
364,66,301,295,22
365,163,328,87,411
366,72,423,435,269
367,465,458,55,69
368,14,165,67,246
369,184,464,394,8
370,357,310,195,262
371,331,346,419,433
372,412,377,184,245
373,394,188,150,411
374,266,312,245,153
375,347,205,164,32
376,210,320,223,498
377,312,182,372,495
378,207,275,504,10
379,287,314,357,118
380,433,289,465,68
381,127,191,206,279
382,72,120,88,234
383,390,290,425,151
384,343,392,154,464
385,281,248,112,499
386,145,233,5,62
387,142,233,152,392
388,59,4,130,313
389,267,44,136,158
390,183,290,305,231
391,322,239,382,234
392,353,211,343,509
393,234,275,80,415
394,373,508,49,369
395,361,103,458,330
396,172,461,35,147
397,434,235,255,296
398,462,464,392,343
399,217,437,459,148
400,33,317,282,423
401,6,503,83,507
402,183,259,203,462
403,105,108,125,111
404,66,301,286,364
405,203,415,100,407
406,384,496,183,343
407,297,500,100,315
408,63,56,31,151
409,230,380,322,264
410,36,102,510,456
411,140,8,328,5
412,372,184,245,330
413,471,53,309,348
414,464,150,186,132
415,203,56,405,480
416,95,304,109,181
417,495,453,242,165
418,338,21,290,349
419,331,341,476,6
420,68,23,453,34
421,1,227,60,271
422,227,213,46,285
423,317,363,217,33
424,340,481,146,379
425,390,290,407,59
426,143,3,149,294
427,207,482,378,484
428,498,162,43,499
429,259,297,407,216
430,301,101,45,486
431,281,171,408,110
432,88,180,510,449
433,465,312,380,55
434,255,397,93,235
435,220,423,366,358
436,31,24,159,226
437,123,204,93,90
438,488,48,69,34
439,253,115,287,256
440,458,111,359,207
441,254,228,405,7
442,120,200,224,488
443,258,323,295,357
444,270,448,454,308
445,432,174,296,312
446,158,67,14,368
447,394,369,346,373
448,444,319,475,487
449,117,180,0,432
450,128,181,468,343
451,54,112,500,407
452,266,483,374,412
453,165,79,417,495
454,270,40,492,83
455,44,224,446,122
456,23,2,410,42
457,302,36,510,337
458,377,42,103,465
459,16,401,204,311
460,314,253,241,360
461,396,75,35,95
462,398,464,384,343
463,244,299,357,195
464,184,398,369,462
465,367,433,55,34
466,477,60,357,502
467,509,212,211,468
468,212,218,181,450
469,371,331,346,419
470,93,22,434,66
471,413,20,117,475
472,137,141,242,487
473,134,285,345,185
474,176,422,32,223
475,319,53,358,348
476,419,341,6,454
477,466,486,60,221
478,305,231,151,214
479,3,483,450,294
480,56,412,111,415
481,340,424,356,248
482,246,10,410,108
483,43,498,202,479
484,102,36,2,88
485,135,450,496,263
486,323,45,187,443
487,137,472,341,6
488,438,200,490,34
489,359,415,100,277
490,207,2,488,380
491,263,162,144,265
492,454,141,50,6
493,153,361,55,114
494,151,4,303,313
495,417,53,165,246
496,181,485,450,109
497,245,184,150,372
498,483,43,162,428
499,248,498,320,13
500,313,297,407,4
501,173,229,193,302
502,60,22,357,323
503,153,55,184,374
504,275,378,10,56
505,300,450,135,160
506,481,92,404,364
507,6,492,454,83
508,233,62,394,142
509,211,392,467,353
510,302,180,410,174
511,277,249,63,13
