0,0.9941463678119391
1,1.0075229591981476
2,1.07686861934028
3,1.0051940293004484
4,0.9945657385523572
5,1.0009225758517637
6,1.0082326236799521
7,1.0203549517989254
8,1.0069401000003952
9,1.0404091250949903
10,1.0036032452140016
11,0.9909008282457681
12,0.9883013802707926
13,1.0363753396698177
14,0.9877961509865736
15,1.0048108712792354
16,0.9910119499924421
17,1.0104064453353323
18,1.0359695484486027
19,1.0038727001139789
20,0.9997357676387248
21,0.986556646644471
22,0.9879929104307756
23,1.0042479413392078
24,1.0373735352365259
25,1.022135028984454
26,0.9986173144173869
27,1.003902004151419
28,1.054322369923764
29,1.0112299236722277
30,1.002538003970034
31,1.0295929666691899
32,0.9947684869833615
33,0.9985504138908244
34,0.9923943343115185
35,1.003002198449856
36,1.0052432092204282
37,1.0067301697520552
38,0.9969903355455061
39,0.9931900576982688
40,1.0022242445764724
41,0.9988252253464216
42,1.046444777946857
43,0.9916628035599329
44,1.009097339400514
45,0.9953412023750331
46,0.9878182471327903
47,1.0013506142748672
48,1.0082720248643056
49,0.9883939520064235
50,0.9861988611605788
51,0.988848432395281
52,1.0110982198184448
53,0.9994532076896562
54,1.005826715501707
55,0.9946936122268433
56,1.0059879443010438
57,0.9967380471927122
58,1.011786397234711
59,0.9993204540959824
60,0.9900299322505604
61,0.998954709321357
62,1.0316355409017297
63,0.9969981284268968
