0,0.04179015307201108
1,0.04024456626078984
2,0.03708040993431821
3,0.039878567400885516
4,0.039170544742061664
5,0.03786471833371034
6,0.03796252912235572
7,0.03515271561050206
8,0.04118793808002736
9,0.04214520568214152
10,0.04273340691957296
11,0.041513330855129094
12,0.041506206112175995
13,0.041867096238221574
14,0.03144234801228843
15,0.043003575431933255
16,0.0415688392984534
17,0.04237878968862327
18,0.04262575784903613
19,0.040910436767412475
20,0.04145326297569169
21,0.040304324002711375
22,0.040582032977963804
23,0.03781957752271179
24,0.040328222009690974
25,0.037137744422553444
26,0.03763700398309664
27,0.04092608490628467
28,0.03835258490399277
29,0.043721973569892894
30,0.04063672520063933
31,0.04090265709395248
32,0.04248018195758274
33,0.038481730546375256
34,0.03855839905419111
35,0.032447091664544694
36,0.04380055764846382
37,0.03989861403913474
38,0.044158120303189635
39,0.04109995895897754
40,0.04318440099255352
41,0.04152889282579689
42,0.041256256012932306
43,0.042333431474894025
44,0.03784886788325045
45,0.038944202336738884
46,0.04261705875860843
47,0.04143066954646632
48,0.04252954331329077
49,0.03924369212994964
50,0.036991873680578664
51,0.03912890773823422
52,0.0392304003085331
53,0.04118346240945392
54,0.04103055108285428
55,0.038983751814887176
56,0.039788968062184266
57,0.042006852556245936
58,0.03584671695285504
59,0.04376658052984509
60,0.0425541486109732
61,0.03910918852437077
62,0.03824815050946687
63,0.041742596136546364
64,0.04244304138106268
65,0.03957085146670284
66,0.04242518884266709
67,0.037725746607441726
68,0.037461899253052884
69,0.037746126325436766
70,0.03927916828720894
71,0.0405096212453779
72,0.03573276394723156
73,0.03885013669612227
74,0.03898025552642188
75,0.03933138512851329
76,0.037714991344582914
77,0.04342959998770724
78,0.0400154477581389
79,0.04331609321659844
80,0.03864537154824796
81,0.04363908295108494
82,0.042791836685363405
83,0.03933952617970875
84,0.04148147149035622
85,0.04122072435751977
86,0.038430174518755814
87,0.04183357173293501
88,0.03819956770389221
89,0.04375997796397371
90,0.042378872835517487
91,0.034917685092678785
92,0.043329681737162
93,0.042257917766722934
94,0.04287690108418879
95,0.04183649386435254
96,0.034602243916063306
97,0.041738798743592966
98,0.036693253763722455
99,0.042486144254854384
100,0.041205460748323666
101,0.04272999361625567
102,0.04381733096470712
103,0.04175925049274159
104,0.04062166076443742
105,0.031504085729350026
106,0.041558053740307556
107,0.034288662515098184
108,0.04041275489928957
109,0.04041539053497156
110,0.03865694638278894
111,0.042334835598492146
112,0.04193323523939142
113,0.0396200357353319
114,0.04129784030147901
115,0.040961549484869186
116,0.04392733206855674
117,0.044034685454321085
118,0.04311484818039207
119,0.038630392850905255
120,0.038771952708267755
121,0.043341379151494566
122,0.04107293455371172
123,0.03819866587882457
124,0.03808597781084984
125,0.043803483854184096
126,0.037889361229146816
127,0.041793084066150836
