0,0.01742090282578255
1,0.01844338119979835
2,0.015345563997146039
3,0.01791476291234088
4,0.015331026603319153
5,0.018520547692331062
6,0.01744937301464179
7,0.01755799097271805
8,0.018236267966704845
9,0.018707972823753145
10,0.017641353947215464
11,0.01764671491826074
12,0.015648036617262436
13,0.01911134023495357
14,0.015509106317653636
15,0.017484615221870604
16,0.01735859320205305
17,0.017867710947553135
18,0.01785056435212949
19,0.018729958729598574
20,0.018669274038445524
21,0.018530938712439608
22,0.016651133269796756
23,0.01841379366278304
24,0.013969406467390307
25,0.014699905744148103
26,0.01592020915783499
27,0.01856620422031336
28,0.017615400077793154
29,0.018687905884548488
30,0.01855105918822386
31,0.01715233222086032
32,0.018214545424654734
33,0.015400443186462503
34,0.019882629715877936
35,0.018022641511366556
36,0.017362152358092083
37,0.017592631482499753
38,0.01577103634576842
39,0.019079030427862124
40,0.013925603954340594
41,0.018413168506303937
42,0.018206292275782514
43,0.01806684372733571
44,0.015673956546119396
45,0.018309336205207718
46,0.017814943715135582
47,0.01894018521911442
48,0.01735961893913657
49,0.01786318693906301
50,0.01832817608452986
51,0.017844028519529386
52,0.019939764165457778
53,0.018615951825935565
54,0.018510443489368478
55,0.018293691577859365
56,0.016106438337916366
57,0.015321701721948838
58,0.018558691083937234
59,0.015567560048092188
60,0.017169286933395294
61,0.018973078527405148
62,0.017069971012194523
63,0.015342568944814951
64,0.017056739190352145
65,0.02041040309127336
66,0.01809064535402842
67,0.015340711869204009
68,0.01802031726507771
69,0.01873039713161494
70,0.017767735880218644
71,0.017054723412148566
72,0.02009145914887837
73,0.014656004351930537
74,0.018818439772157185
75,0.01996754800049254
76,0.018148939363904996
77,0.018530631819734016
78,0.01903952938739854
79,0.0156365365089724
80,0.017066813090293724
81,0.018327602823502515
82,0.019129734336487268
83,0.018059220931647618
84,0.018369148288593744
85,0.01909791276649396
86,0.01755649786262875
87,0.017861777528377205
88,0.015354131354128801
89,0.01591346387644374
90,0.01747405155240398
91,0.018207007968274975
92,0.017472566485216518
93,0.018466816107798587
94,0.01929095684062516
95,0.019754003774877873
96,0.018257682109394355
97,0.018580332571081604
98,0.016034999954283445
99,0.016027564683545836
100,0.018407717513291164
101,0.015741410123587155
102,0.018440971643948503
103,0.015404033342540419
104,0.015285870493950207
105,0.01796831514154574
106,0.018517054049167283
107,0.01481804550141041
108,0.01814169816488187
109,0.017731114560898497
110,0.015890676668037302
111,0.019891119851386026
112,0.015708969947940705
113,0.018433542985261026
114,0.015272020408693583
115,0.0185681637120648
116,0.018154168969135964
117,0.01581044279444122
118,0.01669517260343736
119,0.01747296497153235
120,0.01877178812265427
121,0.01734772666378056
122,0.018741210285099775
123,0.01739349986971864
124,0.01745874059178696
125,0.018265482581514215
126,0.014551507563561451
127,0.018531860184010904
128,0.015246887401601059
129,0.015518893804048011
130,0.015491431788194687
131,0.017829465903119058
132,0.019082095653416953
133,0.01861774209099479
134,0.01828219888187316
135,0.015420484108420125
136,0.01652296154427183
137,0.015860504323022297
138,0.014411156530847567
139,0.01720861097484307
140,0.019907326883395284
141,0.01559774170569194
142,0.015894148515680533
143,0.01838149193915573
144,0.018934170207601467
145,0.01630190102111865
146,0.018566305424957706
147,0.016178080293055806
148,0.013191247539277568
149,0.017986591664778714
150,0.018966194784294003
151,0.01841453691949512
152,0.01890109874245641
153,0.019712870185590807
154,0.018831213192995556
155,0.01730217563875136
156,0.018899749462644083
157,0.018252480888461098
158,0.015034552302355716
159,0.017665368060444393
160,0.015212754486146327
161,0.014583116838525369
162,0.01748163209505702
163,0.0177877370416619
164,0.01879027708727214
165,0.01972382735340867
166,0.016457802246248904
167,0.018592305646702858
168,0.014604735701831472
169,0.017889116516268424
170,0.019178645876919524
171,0.01798498056809746
172,0.015242686006356185
173,0.018421859749062724
174,0.0197276749677443
175,0.018511649196483588
176,0.018774785871243618
177,0.015170268253887195
178,0.01845103942559692
179,0.017402378753693357
180,0.018465396678696972
181,0.015106644606615021
182,0.018556014595131058
183,0.013125807585664373
184,0.015765310209013044
185,0.01835862414938976
186,0.01906307587618139
187,0.01882590743954046
188,0.018331289432659634
189,0.018921490981060916
190,0.018217078948461543
191,0.015707082823120954
192,0.01835969675730739
193,0.018408154872075467
194,0.01779792608727521
195,0.01812633787205556
196,0.018184044124411065
197,0.017706430504248843
198,0.018342981437727834
199,0.019682588803832436
200,0.018643175797031463
201,0.018662264853447484
202,0.017252433501455538
203,0.018000020621304774
204,0.02038742549176339
205,0.0157973285645055
206,0.016163647477074064
207,0.020050097159596936
208,0.018310966441360016
209,0.015698443385808225
210,0.016188767682919478
211,0.016724109463644644
212,0.018113942062067723
213,0.015536077039821596
214,0.019606849979071195
215,0.01785442787010575
216,0.01825461263286611
217,0.014483965587757015
218,0.015711956490447352
219,0.014577979363999431
220,0.01609114785584833
221,0.018760568817870478
222,0.01793760336976101
223,0.015821167097534932
224,0.015352401039471834
225,0.014783609360645341
226,0.01841181380854215
227,0.019946479727209726
228,0.01501494807252629
229,0.01829371419827168
230,0.016040240461395506
231,0.01833778706930536
232,0.0176634661283466
233,0.017943487020562324
234,0.015006459882346411
235,0.018146008027711234
236,0.01671060545114434
237,0.01598003859739903
238,0.01653932031686368
239,0.01833336203179123
240,0.015268059157768028
241,0.0156923516041004
242,0.018496736548233875
243,0.01914967752813106
244,0.018487935325070842
245,0.01858553237484256
246,0.018664207043013255
247,0.016285437223522402
248,0.018425522848761675
249,0.015904147161396542
250,0.017329746656057132
251,0.015837925205980017
252,0.018156906461296442
253,0.01640018408630148
254,0.01576060749751507
255,0.017170375705262062
256,0.01606891291036403
257,0.01877593828010876
258,0.018711500880200967
259,0.017678459657522422
260,0.018285367165951597
261,0.018015613843577468
262,0.01588526724586361
263,0.01808100102606562
264,0.01866987188298484
265,0.01558648831793811
266,0.017903970076152437
267,0.018696397683081963
268,0.01794777737377069
269,0.015108759421853612
270,0.01739094788326804
271,0.018690569504954894
272,0.020290029755465157
273,0.018171186425067053
274,0.019421583465278325
275,0.01859870819967139
276,0.01630445961385481
277,0.015072310085626742
278,0.018286439288383367
279,0.01885713027814503
280,0.01861545902699338
281,0.015833657094323456
282,0.01452154805018803
283,0.01579097718291497
284,0.018152626635579896
285,0.01850256392938298
286,0.014462429275409874
287,0.018858229368435907
288,0.018412776371483273
289,0.018208004306773138
290,0.015800891904785473
291,0.01869952871261284
292,0.01547418364170121
293,0.018098269155908717
294,0.01898694191218137
295,0.01747664660015216
296,0.018472786129181983
297,0.01833291571712361
298,0.018539547395690508
299,0.01518361239141699
300,0.0189354501363422
301,0.01873459875075382
302,0.015346329793190238
303,0.016878471081240028
304,0.01812869074531026
305,0.015446368524517966
306,0.01788995013049224
307,0.018026473373218062
308,0.01776948616251937
309,0.01530122300965549
310,0.0183252124601399
311,0.015056492836151547
312,0.01786761374103828
313,0.01752228917828632
314,0.015482739618698598
315,0.018011632298250493
316,0.018144661922309097
317,0.01569300467970015
318,0.018233112123156085
319,0.01809655501960188
320,0.015701603566474726
321,0.014782589275744962
322,0.017741073901160094
323,0.018044970085796655
324,0.01824404742175089
325,0.016922226768647974
326,0.017432836389034204
327,0.01515617952286734
328,0.018221620971431245
329,0.017922463955235536
330,0.018790023530225877
331,0.018626198249963633
332,0.01854403500753868
333,0.01864004464746171
334,0.017681147332124884
335,0.01857165087389963
336,0.019177954789882212
337,0.018370869122197164
338,0.018003220997613787
339,0.017862910220867775
340,0.015064702966627382
341,0.01889807051410267
342,0.018408458304965368
343,0.014499873059014517
344,0.019344009228333986
345,0.01747735664014562
346,0.015527274584026961
347,0.018554397357975816
348,0.01883547845529877
349,0.018139860122114257
350,0.018398950054824725
351,0.018062742179995005
352,0.01785530258612938
353,0.01980249297880872
354,0.014609411117487633
355,0.019083829054321873
356,0.017698174677152703
357,0.019029983461680885
358,0.018701045963417477
359,0.019674879735715186
360,0.015303548688352266
361,0.015671085317649262
362,0.019557204419046986
363,0.01902368608168977
364,0.016355203578296642
365,0.017713244377748284
366,0.017549074912079275
367,0.018634965088306733
368,0.018180885226839118
369,0.020267699801352165
370,0.015191654811401578
371,0.017651370460687033
372,0.01586123942637468
373,0.019385519263889327
374,0.018513081175763096
375,0.01829024176466764
376,0.01559927526752398
377,0.015535102062624647
378,0.015525429597721309
379,0.016999679778328523
380,0.01692471662841032
381,0.015442702640019899
382,0.018050261290557316
383,0.018026347947113594
384,0.018646826933567454
385,0.018615320394809613
386,0.015442994464575123
387,0.015150624808779134
388,0.015545735193191253
389,0.015573573001534698
390,0.016839412616627317
391,0.019728221396208112
392,0.018733127700105254
393,0.015765041085903708
394,0.014681192004448364
395,0.018343938908764786
396,0.018170714589319265
397,0.017458371891081226
398,0.014710975421212498
399,0.015227785477077139
400,0.01792703538198355
401,0.016112656672831214
402,0.018444376530238796
403,0.017933037812064883
404,0.02000410254270929
405,0.019185755770446594
406,0.017981933907973428
407,0.017408221501294993
408,0.01891324577638785
409,0.015803794819149456
410,0.015604008278524014
411,0.017778221062893822
412,0.018298181674375774
413,0.016377464486231473
414,0.017968512931356703
415,0.01960167249747878
416,0.017962260165374555
417,0.018297524039046754
418,0.014056336880058728
419,0.018415622813508763
420,0.0160564573313249
421,0.01811842297132092
422,0.013832340331303889
423,0.016780924472953266
424,0.014209334409181252
425,0.018041154319085945
426,0.017589664342528066
427,0.015662568670165838
428,0.018313538051736224
429,0.018473528376904393
430,0.01856389751049333
431,0.017339797900813997
432,0.016737496313560803
433,0.017296443256975005
434,0.017908267767026524
435,0.018620595817267317
436,0.015981103603345922
437,0.01710921465665485
438,0.018349408706764013
439,0.017252198800143056
440,0.018518372268200755
441,0.01814151296731077
442,0.017246708437995407
443,0.015617795577681082
444,0.01804902194146468
445,0.01794936571894294
446,0.014482980877659361
447,0.018578407854531485
448,0.01836731198943072
449,0.016947931483041953
450,0.015289594326846807
451,0.0185669036105584
452,0.017302327280579722
453,0.01594694190084993
454,0.01987193386582847
455,0.01822321556985975
456,0.01781332106237471
457,0.014906282299451516
458,0.018498372921902297
459,0.020018746874545412
460,0.01710857608090691
461,0.019176493908677324
462,0.01710759634456489
463,0.015762273977299485
464,0.0198221675378302
465,0.01954984022098157
466,0.020567724911551174
467,0.019620329852205406
468,0.017279616254200793
469,0.015209029461039528
470,0.016235371991128927
471,0.018221924405953504
472,0.017878340367275564
473,0.018034664597273355
474,0.0196640758348627
475,0.01729956801200664
476,0.019554580618249853
477,0.018569215445164173
478,0.018990133611127617
479,0.0182567148634974
480,0.01825403112506628
481,0.01936289896150908
482,0.01791706596941367
483,0.015731344346010135
484,0.015606159881021073
485,0.017845056095484937
486,0.018288934109134264
487,0.019836881427893027
488,0.014251584790223983
489,0.016084238606149968
490,0.01586081388035755
491,0.01970386184014173
492,0.01885304643695849
493,0.015337326134982914
494,0.017794633747948263
495,0.015839003742383957
496,0.017250028498726356
497,0.018540037640918952
498,0.019052282958702035
499,0.018936081474065065
500,0.019655244174337307
501,0.019652600368546214
502,0.01954758337582145
503,0.016002492500330114
504,0.018108853792517532
505,0.014346104830040089
506,0.018453240222656923
507,0.017203014118747834
508,0.015920547316107866
509,0.017550874831238253
510,0.01811149572013461
511,0.01985712188555536
