0,138,1005,992,921,541,833,205,824,871,301,542,862,386,264,766,741
1,824,533,1005,0,535,332,1023,782,494,871,611,298,833,97,992,203
2,518,644,1010,636,747,615,948,96,731,278,9,416,29,707,859,56
3,31,737,123,956,988,69,608,717,104,377,683,749,373,1011,460,875
4,562,23,181,447,643,109,977,974,437,423,362,249,469,220,785,358
5,448,896,488,1007,87,240,753,337,842,24,277,121,261,233,972,671
6,426,613,631,440,204,287,184,550,232,398,436,144,62,957,901,473
7,113,290,500,405,648,645,460,840,525,694,397,890,779,953,415,282
8,977,180,577,109,346,216,358,892,251,785,987,895,345,996,730,181
9,529,747,713,2,403,500,995,990,547,948,644,663,480,93,890,96
10,583,653,911,240,503,505,732,277,671,369,401,752,760,356,309,421
11,639,798,148,452,531,122,913,458,46,792,547,747,9,852,96,106
12,358,376,1022,368,434,82,902,669,103,674,118,299,634,655,843,361
13,110,960,259,984,802,243,882,87,339,199,365,1012,702,86,820,686
14,20,706,837,536,740,243,291,80,412,703,37,532,202,19,805,475
15,140,386,137,992,269,535,553,231,856,993,260,786,720,494,868,522
16,684,186,201,389,133,685,162,647,528,689,566,839,443,947,44,783
17,564,602,228,75,709,21,279,360,550,1022,411,970,768,656,789,380
18,101,363,528,162,514,304,925,783,839,333,832,699,256,263,889,243
19,929,78,202,532,442,805,906,14,740,196,20,243,263,101,325,767
20,14,706,805,536,944,291,37,44,837,703,19,259,412,243,263,738
21,774,31,543,608,155,696,609,3,69,141,564,430,627,123,743,424
22,444,542,548,943,848,305,313,297,388,98,830,375,484,84,252,89
23,4,562,437,534,181,447,643,469,249,574,423,977,555,362,254,220
24,121,1007,671,451,401,5,357,337,233,406,797,61,277,240,896,732
25,1021,414,836,893,360,334,926,411,708,196,1003,686,302,243,958,520
26,708,414,610,1021,348,687,872,411,25,361,568,819,131,395,520,970
27,432,189,878,764,569,828,714,172,826,546,371,478,997,229,508,919
28,416,518,521,1010,208,303,195,318,976,278,917,340,425,2,422,49
29,441,129,308,636,2,410,1010,731,995,278,644,898,880,422,518,814
30,619,533,125,253,863,413,664,707,293,131,269,808,568,450,970,455
31,69,123,608,3,717,774,21,875,543,956,990,480,696,517,749,795
32,282,290,940,840,500,953,917,340,754,113,795,172,96,648,615,525
33,963,493,441,792,814,627,56,898,636,106,571,458,731,148,807,270
34,950,372,578,721,418,879,697,550,411,610,288,768,553,105,244,748
35,765,457,843,621,705,88,180,604,874,358,577,251,709,515,730,634
36,378,261,753,277,240,357,1007,320,398,337,653,732,51,373,24,322
37,703,947,936,738,255,686,688,805,365,729,762,1004,821,243,443,412
38,77,346,865,559,987,537,166,895,883,207,761,974,959,249,739,778
39,402,93,965,409,995,747,529,410,913,663,873,193,175,624,441,480
40,674,959,761,912,342,77,434,669,557,180,51,589,815,12,902,957
41,845,740,848,388,867,886,946,496,532,545,788,435,121,584,297,943
42,226,102,779,415,962,887,281,53,381,290,543,744,717,608,648,953
43,596,514,832,666,396,170,888,413,498,528,186,462,333,197,784,931
44,201,706,263,80,135,443,947,16,1003,45,276,606,703,243,389,291
45,606,50,706,1003,276,263,201,44,135,981,580,412,649,304,178,479
46,598,898,908,571,576,458,270,106,751,96,795,694,493,665,644,747
47,273,407,338,292,351,734,336,394,442,256,767,607,202,52,291,456
48,476,120,488,394,327,439,755,893,325,935,385,289,899,676,80,448
49,117,692,71,195,108,83,303,486,208,416,236,1010,425,512,367,393
50,45,276,606,706,80,263,196,427,1003,44,412,334,135,323,649,243
51,82,983,103,669,398,434,12,350,452,473,299,631,604,875,912,77
52,607,394,336,808,900,273,146,292,516,442,522,151,338,755,138,202
53,601,381,940,919,371,492,68,54,985,962,615,654,69,290,226,849
54,217,849,68,425,83,208,917,615,952,512,104,143,525,340,979,601
55,353,645,117,409,405,890,472,108,512,68,623,123,618,698,67,1011
56,814,493,963,636,517,627,644,792,731,33,106,742,948,148,312,571
57,422,318,408,642,995,976,791,74,403,663,873,308,852,565,880,410
58,836,374,889,334,839,304,863,925,414,646,893,456,255,479,237,1021
59,294,444,541,862,1005,205,790,147,445,542,921,716,801,305,0,786
60,210,94,234,392,679,279,604,932,17,497,924,914,436,709,21,918
61,827,406,24,121,1008,721,817,954,797,841,401,438,671,435,451,1007
62,723,398,575,539,817,631,797,721,969,232,6,436,605,419,107,861
63,831,807,576,570,916,654,458,371,229,492,878,636,270,549,569,731
64,301,833,935,729,439,97,638,766,298,494,808,769,394,823,356,194
65,70,383,682,390,292,267,607,481,52,673,637,157,900,47,379,771
66,888,134,832,186,170,212,783,197,399,1014,90,200,938,891,126,661
67,108,525,586,217,265,113,512,857,692,83,347,787,163,735,282,195
68,54,615,425,217,104,707,956,69,512,985,53,117,742,525,645,849
69,608,31,717,956,774,123,795,3,615,104,543,517,472,68,742,875
70,65,292,383,379,256,390,682,607,442,784,825,603,481,900,767,566
71,692,49,236,117,108,153,83,713,367,195,73,104,311,988,67,208
72,203,535,638,801,421,921,861,794,782,356,690,1009,766,332,494,1023
73,83,692,367,208,726,311,71,195,316,217,49,303,735,282,952,509
74,873,85,995,422,976,510,403,624,751,880,898,57,675,598,747,308
75,17,631,411,610,768,1017,418,550,687,593,279,564,115,187,154,348
76,933,885,361,892,994,376,803,348,745,184,118,593,368,939,902,669
77,346,434,537,761,669,778,974,166,350,358,349,987,473,428,156,902
78,929,19,442,256,202,325,532,101,162,805,263,906,291,18,47,243
79,450,114,142,602,134,850,594,185,635,799,455,465,626,647,709,300
80,243,263,893,947,44,443,1003,703,925,259,276,255,201,686,360,135
81,209,965,33,549,792,441,814,171,148,916,963,493,519,587,627,179
82,51,12,434,634,103,88,118,920,349,875,368,206,366,457,156,912
83,217,208,692,54,195,952,73,735,67,425,282,525,512,340,849,143
84,848,467,943,548,435,297,388,375,22,695,98,542,1015,317,773,401
85,510,74,898,852,880,270,598,751,441,873,576,46,995,422,876,96
86,199,514,132,499,168,18,259,162,784,832,925,924,490,389,43,13
87,5,337,488,984,753,448,869,561,1008,740,1007,951,896,261,911,271
88,103,299,358,843,604,778,470,942,765,368,12,350,206,669,550,621
89,847,294,313,147,297,695,444,542,309,305,548,165,22,435,459,375
90,1014,465,231,170,200,66,891,511,212,134,552,272,938,724,661,399
91,592,176,798,531,639,930,862,260,830,46,118,908,741,913,598,264
92,941,923,660,700,136,950,418,469,288,725,362,613,905,159,866,372
93,529,480,409,747,948,472,694,193,733,644,890,402,990,123,39,366
94,210,279,1017,436,550,299,679,60,426,631,473,234,187,75,709,17
95,740,632,834,758,532,869,121,1007,19,61,448,906,1008,87,5,446
96,478,754,880,458,876,751,46,636,898,940,828,917,598,32,2,644
97,729,64,227,808,462,1023,439,611,936,298,476,935,833,37,483,738
98,252,846,542,467,695,205,484,848,188,167,119,375,331,317,386,147
99,257,295,603,231,523,483,552,90,750,170,1023,511,1018,396,688,379
100,906,911,146,1004,442,5,151,87,505,289,202,752,755,488,320,900
101,18,442,256,456,784,151,333,292,325,1004,931,363,929,825,789,488
102,543,430,962,779,774,608,42,795,155,609,141,743,648,248,696,717
103,88,350,299,669,470,206,368,631,12,51,778,122,434,843,358,902
104,956,615,68,69,988,849,54,742,3,707,425,717,117,737,217,31
105,748,324,697,572,904,813,1013,817,538,315,693,721,372,540,418,252
106,571,493,627,795,963,46,792,743,694,452,598,696,141,458,56,33
107,605,769,723,284,721,861,553,766,575,539,727,921,583,205,704,972
108,67,117,890,692,195,113,525,512,425,645,71,49,713,217,500,83
109,577,620,515,998,358,872,655,387,447,977,368,843,819,361,181,803
110,1012,802,243,196,984,360,13,686,488,925,80,414,261,711,520,276
111,952,763,1020,163,735,726,509,316,83,143,217,641,347,512,927,73
112,526,1017,469,660,187,923,853,905,504,593,562,75,659,362,613,739
113,7,500,525,840,290,282,645,890,67,108,425,460,648,694,405,675
114,300,79,850,134,185,602,699,626,647,142,783,635,450,594,66,200
115,762,246,703,614,936,255,597,411,177,839,75,412,334,17,821,789
116,896,496,788,789,357,958,842,672,704,617,246,1007,121,448,484,252
117,108,49,512,692,71,217,425,890,153,195,104,67,68,83,54,645
118,376,368,939,349,361,12,348,930,994,593,82,434,76,998,306,902
119,822,999,698,1002,775,386,98,317,846,331,405,722,732,727,695,583
120,325,48,772,374,448,476,646,958,893,925,80,528,263,327,353,58
121,24,233,1006,1007,451,375,487,5,116,401,317,896,900,934,61,357
122,103,175,206,398,697,798,324,9,366,745,62,721,105,410,859,663
123,480,31,990,69,472,749,3,875,694,948,645,733,409,608,696,717
124,512,735,525,952,763,641,195,675,425,217,347,67,840,54,340,108
125,321,968,970,413,664,142,719,455,619,568,498,30,961,131,884,629
126,832,132,66,18,514,888,783,304,134,699,212,162,468,43,374,101
127,323,171,179,519,945,602,334,81,276,804,597,414,839,33,965,79
128,413,664,498,420,139,43,629,523,719,462,891,961,490,596,125,967
129,29,441,408,410,2,636,814,916,880,148,852,308,965,422,96,57
130,405,779,720,749,790,717,993,992,7,648,744,460,645,280,683,113
131,237,520,253,595,893,970,360,414,374,1021,413,142,889,242,321,58
132,126,168,468,832,514,86,43,596,199,783,888,162,18,925,784,354
133,626,839,647,363,255,258,889,514,947,783,688,528,293,699,970,689
134,783,66,185,647,938,200,465,626,79,450,293,832,498,114,888,661
135,242,201,178,44,964,595,80,558,1003,947,310,443,276,893,255,45
136,796,92,613,660,923,877,811,268,159,220,700,184,6,112,362,973
137,386,720,993,130,992,306,173,15,744,749,790,140,771,522,405,264
138,0,992,264,252,386,921,553,52,1002,205,1005,98,284,146,769,484
139,719,664,490,128,961,924,498,413,330,1014,554,629,142,125,724,354
140,15,691,992,856,741,993,137,696,921,720,386,749,535,130,522,269
141,743,155,424,248,609,774,571,627,430,493,543,795,102,106,962,963
142,498,719,79,970,850,321,134,125,237,664,450,131,647,455,413,114
143,217,347,982,461,265,985,756,54,952,887,599,83,735,53,226,849
144,761,287,957,204,640,6,426,669,382,955,885,342,238,232,1016,440
145,837,475,614,177,412,152,728,115,1013,762,567,463,703,936,944,886
146,52,900,752,1002,487,151,331,284,755,771,121,138,769,215,607,384
147,205,695,1015,309,107,98,583,921,846,89,471,605,165,294,188,575
148,792,458,814,549,493,56,636,33,106,209,452,639,46,546,571,963
149,858,854,185,635,661,158,870,328,659,856,602,701,937,658,853,450
150,991,151,683,737,724,456,668,771,938,988,200,993,331,333,137,101
151,825,333,1004,607,101,522,292,931,385,228,688,52,336,146,499,842
152,145,160,558,310,821,837,475,614,412,944,135,703,964,936,501,519
153,618,117,988,737,71,999,236,698,49,108,775,623,353,842,581,55
154,302,564,1021,538,789,75,12,352,17,364,602,376,411,3,456,926
155,609,774,141,424,248,743,543,608,962,102,795,571,21,69,625,430
156,778,905,434,537,739,800,206,667,349,372,939,368,88,12,350,376
157,900,487,52,146,292,584,755,607,121,617,772,138,442,773,331,273
158,937,149,429,219,544,725,288,635,418,79,580,450,633,185,941,659
159,796,92,268,136,877,941,700,950,34,923,736,702,680,613,973,660
160,152,310,728,145,427,821,794,177,558,475,837,1013,446,341,859,590
161,216,815,299,957,88,604,669,556,746,674,103,1022,51,358,662,634
162,256,528,18,832,666,186,16,389,514,566,263,304,784,684,805,363
163,857,586,763,787,1020,67,265,524,111,217,347,599,982,512,509,927
164,456,377,789,617,325,101,1011,683,737,889,628,991,3,374,958,551
165,280,309,695,766,583,397,317,790,744,301,934,375,130,491,972,648
166,346,77,251,345,350,51,892,987,225,669,883,103,434,874,38,757
167,697,98,672,578,467,788,252,553,386,605,116,623,284,193,372,693
168,199,132,647,925,514,304,783,276,915,86,18,126,323,300,237,759
169,526,658,241,594,659,635,272,455,998,858,469,465,854,515,577,633
170,832,333,514,396,43,783,66,528,200,1014,90,379,924,724,134,186
171,519,198,250,179,449,945,626,33,963,964,687,310,968,133,255,115
172,940,828,919,569,601,714,371,478,285,715,997,32,962,754,878,764
173,223,744,683,130,993,42,779,137,543,717,790,720,985,226,608,749
174,545,847,297,845,975,305,313,22,391,542,548,388,886,435,463,444
175,410,816,485,470,733,663,93,529,409,747,480,39,948,859,920,9
176,780,779,7,670,790,648,953,484,102,749,290,415,875,280,460,491
177,412,837,649,115,678,703,1013,728,145,196,475,951,762,334,337,243
178,201,560,595,135,242,964,804,237,253,606,630,276,479,863,1003,304
179,449,171,836,33,963,517,964,479,441,889,493,731,115,58,519,627
180,730,358,181,457,977,843,346,785,674,77,8,109,705,912,974,345
181,4,180,974,562,109,358,909,998,730,977,803,286,987,705,643,344
182,461,591,756,599,982,524,143,787,881,887,509,314,860,793,281,226
183,688,293,338,516,808,738,273,197,479,522,336,889,603,363,255,133
184,613,885,220,593,376,902,933,631,348,700,204,904,6,428,361,994
185,661,628,602,134,200,699,938,783,465,114,564,79,450,363,17,293
186,888,16,66,190,832,399,197,528,162,684,170,43,783,389,685,396
187,709,504,998,1017,564,909,428,75,550,17,853,856,473,1022,655,602
188,846,98,331,1002,138,695,542,147,583,309,119,752,165,252,386,375
189,432,27,878,546,718,828,625,764,148,63,549,478,458,831,714,172
190,197,186,685,619,552,563,888,630,399,245,66,891,863,16,498,407
191,419,777,122,969,247,827,489,62,904,640,973,324,817,105,813,697
192,901,417,274,352,1016,613,440,474,136,877,238,473,112,232,974,811
193,366,93,713,529,480,588,733,775,990,409,402,694,553,890,547,123
194,845,545,584,1006,222,946,833,886,900,532,454,934,202,989,301,773
195,692,425,208,83,108,525,49,512,416,840,976,282,735,217,67,117
196,243,334,802,448,110,263,18,925,789,261,276,360,25,325,488,304
197,190,528,619,183,338,891,66,685,186,293,273,133,170,888,483,407
198,250,242,171,519,626,968,964,945,133,258,689,918,647,365,501,237
199,168,86,110,925,132,276,647,13,514,802,1012,243,18,582,915,259
200,938,293,185,661,134,333,465,170,699,363,783,90,66,688,1014,724
201,44,1003,178,135,16,479,964,263,947,255,45,606,276,242,80,585
202,442,532,929,946,767,19,989,336,433,607,448,900,273,805,121,101
203,72,801,535,1009,921,861,638,1005,531,798,639,588,824,107,871,1000
204,557,902,6,669,184,382,957,144,745,613,700,761,426,398,589,885
205,147,107,445,98,1015,921,252,138,484,1005,542,553,444,605,801,695
206,103,434,156,778,88,912,669,122,12,82,800,902,368,51,350,920
207,537,77,473,579,260,349,225,274,156,778,739,38,166,436,531,939
208,83,917,195,340,416,54,425,518,28,849,692,303,282,73,217,615
209,549,81,916,148,33,792,831,458,965,441,814,493,898,576,636,639
210,94,679,234,279,60,187,392,497,909,709,853,922,1017,550,380,428
211,895,883,987,667,739,428,922,905,1001,362,974,537,613,238,923,1017
212,1014,272,891,66,888,465,134,938,90,724,330,832,498,43,413,455
213,770,214,569,715,908,876,826,32,754,919,576,172,478,675,282,840
214,876,715,754,478,880,340,917,96,172,770,940,826,997,828,32,569
215,727,769,356,284,553,766,721,107,421,326,1002,723,972,289,298,841
216,815,161,299,358,785,88,556,1022,843,942,515,957,335,674,557,577
217,83,54,512,67,525,143,952,265,68,347,425,735,117,282,195,108
218,918,590,650,850,587,884,142,573,250,275,198,961,321,815,125,909
219,429,544,920,288,158,998,450,620,1021,447,937,872,387,594,659,79
220,613,184,249,238,885,428,423,933,593,362,1016,803,902,700,562,204
221,513,967,931,966,499,971,899,439,355,622,462,653,838,771,1004,682
222,773,194,545,1006,848,934,975,233,943,375,584,845,454,317,301,487
223,173,744,683,137,130,42,779,790,280,543,993,651,102,165,717,720
224,757,912,434,745,368,103,206,122,669,892,9,51,82,118,346,674
225,874,765,345,987,679,88,604,251,473,710,166,914,436,94,865,778
226,415,42,982,265,887,347,290,53,143,281,461,381,779,717,953,787
227,443,97,476,258,329,729,986,821,585,365,37,462,483,738,439,646
228,380,656,768,326,17,3,385,564,395,319,676,931,269,970,279,333
229,764,492,371,997,601,979,919,807,878,278,53,654,570,940,715,172
230,666,407,595,389,734,43,818,443,80,413,893,596,201,396,162,48
231,90,1014,868,465,15,257,200,554,234,511,170,891,506,99,664,719
232,398,324,382,6,296,343,62,538,817,904,474,901,287,440,973,813
233,934,1006,121,317,375,5,24,451,972,401,671,240,1007,732,896,773
234,210,709,719,200,850,924,970,380,228,515,564,279,17,187,125,321
235,827,834,951,817,869,797,1008,435,758,271,813,297,561,406,388,61
236,71,367,692,108,775,49,713,698,153,117,618,999,67,822,195,581
237,131,520,595,647,242,360,970,889,839,626,925,893,133,253,947,414
238,974,220,1016,428,922,643,803,613,423,287,426,895,885,249,144,362
239,991,634,400,668,1011,485,544,126,623,373,772,602,164,456,937,17
240,277,842,896,378,653,5,732,1007,753,583,357,988,401,395,704,972
241,659,526,858,429,562,998,504,149,12,469,187,181,937,447,156,457
242,198,964,250,237,595,135,310,255,947,258,804,178,443,365,626,201
243,80,947,686,263,703,360,196,110,925,18,488,520,1003,255,893,839
244,841,329,855,289,755,327,646,215,823,900,820,721,677,52,516,394
245,359,190,1019,186,888,630,407,596,197,66,666,685,818,390,552,563
246,597,578,958,116,115,1011,353,409,315,762,334,266,123,623,789,480
247,341,907,969,827,191,777,1008,746,951,910,419,438,62,662,817,561
248,424,141,155,743,609,962,571,102,774,625,546,795,430,543,570,908
249,423,220,933,761,885,974,238,895,428,184,902,346,613,77,1016,537
250,198,242,519,171,501,964,310,945,968,804,626,918,884,573,258,689
251,345,874,765,166,346,730,225,88,180,8,865,757,35,457,358,892
252,484,98,697,375,605,704,848,107,721,138,116,388,943,264,317,205
253,595,131,863,237,242,30,178,964,893,479,413,619,501,374,836,502
254,978,447,725,700,469,562,736,600,812,877,620,655,387,811,593,659
255,947,839,703,964,133,646,1003,686,37,889,365,360,936,821,479,443
256,292,162,442,528,784,101,338,18,666,566,273,607,379,767,78,832
257,750,293,968,611,99,619,183,231,961,497,449,799,688,626,533,295
258,443,968,133,365,514,321,626,255,947,462,970,647,198,839,242,656
259,80,243,13,20,44,110,443,14,929,339,86,805,263,703,947,802
260,856,939,140,15,531,187,306,349,118,588,207,345,858,112,786,696
261,753,1007,337,488,357,5,448,36,240,196,378,842,277,802,896,789
262,810,657,649,767,45,617,496,532,706,263,19,433,551,915,202,606
263,947,243,80,1003,276,839,703,805,304,255,18,201,44,706,196,363
264,138,386,252,405,553,741,749,993,691,336,516,130,306,992,315,645
265,347,787,67,982,217,226,143,415,857,461,586,525,163,735,985,113
266,1011,816,485,733,623,581,958,326,578,353,896,246,123,448,676,935
267,511,65,390,506,682,481,90,70,637,383,231,379,1014,137,292,868
268,796,613,159,136,287,680,220,6,466,204,700,184,426,978,877,819
269,494,623,326,123,992,749,768,306,553,298,769,3,405,480,993,356
270,598,898,731,751,46,665,654,807,644,472,571,694,675,795,948,636
271,869,797,337,951,24,5,561,1007,87,671,827,357,672,753,972,896
272,212,465,1014,455,891,90,330,66,506,134,888,724,719,664,938,498
273,338,607,47,394,292,808,336,528,52,442,183,767,738,688,516,256
274,343,352,324,901,866,473,537,579,440,973,232,207,778,631,504,156
275,961,420,490,884,629,498,719,128,142,321,139,218,850,918,560,573
276,606,304,263,323,839,925,196,243,80,45,947,1003,201,915,334,412
277,240,378,753,896,972,732,575,653,583,357,835,5,842,723,671,395
278,518,416,1010,979,731,2,615,707,917,54,28,742,425,229,68,283
279,380,550,94,17,228,768,75,497,426,610,210,656,631,428,687,187
280,397,415,648,460,953,790,491,290,982,787,744,7,404,130,779,311
281,887,860,285,42,591,226,714,982,495,53,601,651,415,143,919,962
282,840,525,32,500,735,340,113,290,347,917,425,641,83,208,311,195
283,742,312,615,707,956,979,104,849,517,69,68,373,278,495,731,56
284,553,768,605,727,769,107,356,723,215,386,326,721,835,921,992,269
285,860,919,172,714,601,281,715,826,569,997,591,940,887,371,764,53
286,344,181,974,643,959,987,4,180,38,895,705,922,865,785,77,358
287,955,885,426,474,6,144,613,184,232,204,1016,803,238,220,398,669
288,418,348,593,655,700,610,469,544,725,620,659,687,92,994,387,372
289,755,760,911,298,326,394,356,385,971,676,439,935,215,769,476,380
290,648,953,460,113,32,415,7,500,282,840,779,717,525,875,226,795
291,536,738,566,338,805,202,1003,767,706,273,442,37,14,263,20,47
292,607,256,442,273,338,52,528,394,767,825,151,101,379,333,784,47
293,938,688,183,200,333,133,889,808,626,522,363,516,134,970,197,456
294,444,89,59,847,542,147,205,716,1005,309,305,801,0,445,165,921
295,603,688,483,684,396,607,522,825,338,379,566,183,170,528,729,738
296,817,951,232,813,797,1013,406,904,337,538,572,61,324,723,62,539
297,435,388,313,545,375,845,548,451,847,22,542,848,484,943,406,89
298,494,356,760,935,769,269,808,727,289,535,326,421,992,332,766,319
299,358,103,88,604,631,1022,350,815,669,216,428,550,470,843,709,12
300,114,699,689,647,626,783,829,133,507,759,134,399,945,839,185,79
301,766,64,992,769,833,130,638,972,935,317,494,356,539,921,336,1005
302,896,958,3,326,539,842,723,31,395,859,373,154,123,875,956,789
303,486,416,208,28,49,849,83,979,1010,518,54,73,104,195,692,278
304,839,276,18,925,263,889,580,363,323,58,915,699,647,374,133,162
305,22,716,444,592,542,830,89,847,548,294,313,862,943,174,459,388
306,269,720,749,648,386,130,875,7,835,460,405,280,786,137,768,583
307,459,297,548,89,235,388,313,435,22,847,527,84,305,567,943,797
308,29,422,1010,791,318,278,976,995,416,518,28,74,441,880,85,57
309,695,766,165,583,451,727,147,317,1002,972,375,934,769,107,752,356
310,821,242,964,250,686,255,198,365,171,414,360,947,519,558,936,135
311,397,282,692,113,73,290,840,953,71,415,280,67,7,32,500,460
312,283,742,373,56,707,615,956,2,517,104,948,849,278,731,69,644
313,297,388,861,567,484,435,548,22,542,252,375,605,459,444,89,847
314,381,226,182,860,143,461,591,281,285,887,985,42,482,919,982,53
315,246,697,116,418,748,264,789,617,402,334,578,597,409,353,105,167
316,927,763,367,73,641,111,509,726,735,692,195,952,83,208,163,282
317,972,375,766,695,769,934,401,773,233,484,583,732,999,575,107,704
318,422,976,57,565,28,791,995,416,521,1010,308,518,403,642,880,195
319,369,380,228,356,554,768,269,760,652,298,494,771,284,868,326,835
320,653,732,753,622,277,240,488,261,5,400,966,842,755,1007,322,24
321,970,968,125,629,258,656,142,514,719,520,626,237,498,133,961,647
322,753,1012,653,802,320,261,36,110,622,488,928,505,984,277,882,337
323,276,304,334,925,414,58,580,839,237,127,196,836,25,360,597,606
324,105,343,398,748,813,904,232,538,352,631,973,274,817,372,62,697
325,120,101,448,488,18,164,196,929,925,78,442,243,263,48,617,256
326,768,842,623,395,896,769,676,1011,578,380,284,228,356,269,302,958
327,329,646,893,476,823,48,475,394,80,958,202,448,989,120,25,935
328,402,691,472,179,55,645,270,741,409,701,598,264,665,694,315,449
329,327,820,646,823,841,703,475,244,476,821,37,289,989,243,227,448
330,1014,212,506,272,554,724,596,891,354,511,139,43,513,355,664,719
331,846,999,583,453,1002,317,401,487,188,698,98,146,822,121,732,842
332,421,824,298,356,215,494,535,1023,760,727,471,769,801,1005,289,1000
333,931,514,151,656,170,499,832,385,938,688,528,200,18,970,293,363
334,597,836,58,196,414,25,789,958,323,839,711,246,360,411,925,115
335,577,942,515,88,299,843,470,216,809,874,358,103,621,1001,710,883
336,808,273,52,607,516,688,767,522,394,183,496,338,456,825,762,202
337,753,1007,261,5,87,951,357,24,896,817,277,271,448,797,488,240
338,273,528,566,607,738,292,183,767,688,603,256,483,394,808,197,442
339,882,984,960,110,899,1012,259,427,80,893,13,802,243,488,520,907
340,917,282,208,840,715,425,32,735,518,214,641,525,754,54,940,601
341,446,1008,951,907,247,427,758,827,561,177,817,869,984,271,235,910
342,662,781,957,557,669,204,40,674,761,144,589,398,745,287,983,640
343,324,352,538,274,232,473,748,901,631,398,440,417,672,6,910,378
344,974,667,286,922,358,785,815,362,557,1022,643,428,216,238,504,181
345,251,874,346,368,939,765,166,88,358,730,349,225,77,977,757,470
346,77,166,345,434,669,350,761,883,778,537,358,987,368,902,757,180
347,735,265,525,282,982,143,217,840,415,226,67,641,787,113,83,952
348,593,610,994,361,376,620,687,288,939,655,184,998,118,803,368,418
349,376,118,939,434,306,77,156,368,82,345,930,933,12,902,361,346
350,669,631,103,473,299,902,778,436,905,368,346,537,1017,667,428,358
351,734,838,407,394,673,47,383,637,273,666,338,682,292,818,808,483
352,343,364,538,324,154,274,75,473,232,631,1013,398,417,748,504,901
353,55,1011,409,623,733,581,816,645,772,958,890,117,485,472,123,480
354,468,513,330,629,132,622,139,43,413,971,596,724,719,128,499,931
355,724,513,622,151,784,924,499,868,333,931,771,150,832,170,682,330
356,769,727,298,284,766,494,760,215,421,326,835,107,768,723,992,269
357,378,672,1007,896,670,116,261,240,277,24,337,575,5,842,789,121
358,299,428,843,88,12,655,368,515,109,709,1022,180,620,577,815,998
359,245,1019,888,186,190,596,844,630,66,552,891,399,389,563,43,666
360,520,686,414,947,656,243,385,839,237,970,255,925,893,365,25,889
361,885,803,376,76,593,933,348,902,118,872,994,368,184,939,12,620
362,667,905,700,655,613,562,923,902,469,466,1017,428,220,739,557,447
363,889,18,839,699,528,133,688,767,783,333,456,304,293,938,338,626
364,352,538,154,418,1013,877,748,725,926,736,75,105,700,411,950,540
365,686,821,947,703,258,255,443,360,37,243,558,839,133,242,198,520
366,990,193,480,875,123,93,733,529,694,696,588,749,835,713,948,816
367,692,927,73,236,71,195,763,316,49,311,83,108,586,67,208,163
368,118,939,994,12,358,902,470,103,376,843,345,434,361,350,88,348
369,319,356,760,380,228,10,421,653,289,690,298,656,911,385,768,835
370,881,726,509,111,182,524,316,1020,73,599,591,756,860,952,461,143
371,492,919,654,229,601,940,172,569,53,381,807,764,570,962,878,997
372,550,905,631,156,578,697,324,167,34,748,315,950,418,853,105,288
373,966,312,956,3,676,395,104,377,742,988,283,1011,302,707,31,737
374,58,889,836,456,863,304,479,237,528,893,925,131,772,273,363,839
375,317,484,848,695,934,451,388,252,435,972,943,121,766,233,773,297
376,118,361,902,349,12,939,184,348,593,368,885,434,933,700,930,669
377,737,3,104,988,956,1011,373,966,31,707,683,164,69,68,742,283
378,357,277,36,240,575,583,538,261,670,753,1007,896,401,672,842,24
379,396,603,784,170,256,295,292,684,832,528,390,566,825,607,338,783
380,279,228,656,768,326,610,676,319,687,385,970,395,356,369,269,17
381,53,492,919,371,654,42,601,226,665,314,962,985,940,569,347,143
382,973,204,904,232,184,144,613,761,640,6,466,220,885,398,902,287
383,682,351,292,673,65,838,70,390,666,483,256,338,734,607,637,407
384,1002,503,146,755,771,10,999,752,331,119,188,732,583,760,52,846
385,931,656,520,676,360,1004,499,333,228,456,970,394,326,808,842,151
386,992,553,284,749,993,137,1002,405,130,822,727,623,921,119,269,698
387,872,447,620,819,655,109,902,348,700,557,593,978,589,745,361,288
388,484,297,435,943,375,545,313,848,252,463,845,886,451,406,797,22
389,16,162,186,684,666,443,44,230,201,396,528,43,566,514,258,80
390,292,379,481,256,383,65,338,273,47,528,70,511,607,603,407,566
391,886,463,946,475,545,845,762,980,871,989,194,41,833,388,536,584
392,924,210,490,582,850,594,279,961,94,719,709,300,497,918,60,635
393,49,486,1010,791,117,303,416,236,28,195,692,71,816,108,153,318
394,808,273,52,607,292,385,338,442,1004,935,336,755,351,439,289,931
395,326,676,373,816,733,568,3,966,302,835,228,842,240,990,269,760
396,666,483,684,43,170,784,523,379,528,295,462,832,514,596,338,186
397,280,415,311,787,7,616,982,113,290,648,491,67,460,953,265,586
398,62,631,232,324,669,538,302,817,6,51,723,376,184,575,378,813
399,507,498,888,186,134,66,619,190,647,626,552,689,783,170,300,133
400,711,239,485,448,266,320,802,702,676,261,488,325,1011,925,984,879
401,583,704,732,575,317,24,240,695,671,121,721,451,467,972,331,406
402,39,93,409,193,624,472,529,480,890,873,694,747,995,353,948,246
403,873,995,663,624,976,713,529,74,642,9,195,890,108,547,913,791
404,616,612,793,787,415,491,790,982,397,280,265,226,586,461,857,347
405,645,749,130,698,7,822,113,779,993,717,460,123,890,67,55,623
406,451,671,797,435,575,61,24,401,817,539,375,934,723,121,695,388
407,734,47,351,666,596,273,197,338,230,43,256,528,396,818,374,292
408,57,129,318,852,410,422,29,791,995,642,308,976,74,441,663,880
409,93,472,480,890,948,529,733,123,353,694,747,517,645,644,402,816
410,175,747,995,663,29,2,965,859,529,791,93,39,441,129,644,948
411,610,414,75,687,360,115,25,302,17,631,334,418,821,768,26,380
412,837,177,703,706,947,649,243,115,263,37,1003,686,558,678,614,365
413,664,498,43,128,125,891,462,619,970,131,321,197,719,142,212,629
414,360,25,411,893,520,334,1021,925,711,58,131,237,26,836,323,970
415,226,290,397,982,280,953,265,648,347,491,42,460,787,887,7,113
416,28,518,1010,208,303,278,195,425,54,917,486,521,49,340,2,976
417,440,901,474,343,352,6,678,426,75,115,17,279,436,613,631,473
418,288,950,75,725,411,610,348,687,315,364,941,92,593,154,700,768
419,777,191,969,62,122,640,669,350,631,6,745,398,382,904,883,721
420,961,490,128,523,258,498,462,968,396,43,399,629,497,443,170,719
421,356,332,471,298,215,911,769,727,369,760,107,289,766,284,309,638
422,976,318,57,74,995,880,308,28,403,791,518,565,873,510,85,1010
423,249,220,761,895,238,902,885,204,557,974,466,437,428,933,362,144
424,141,155,248,609,774,743,571,570,493,962,795,963,625,627,106,102
425,525,500,195,615,54,840,751,68,890,917,208,217,113,512,282,340
426,6,631,436,613,287,440,279,299,428,550,350,1016,144,473,474,957
427,984,446,907,711,448,87,820,1008,341,177,475,837,327,110,339,50
428,974,655,358,1017,905,667,803,939,620,299,613,220,909,593,550,631
429,219,659,998,241,288,725,447,158,12,254,620,544,920,348,154,562
430,696,543,102,743,141,774,779,155,609,21,608,875,795,248,106,627
431,738,566,585,291,603,338,980,483,536,183,944,729,295,673,949,97
432,189,878,27,828,478,546,148,458,636,172,56,96,754,549,792,814
433,825,767,762,496,607,336,522,202,442,584,900,151,980,989,52,789
434,669,912,77,12,349,156,82,902,376,346,206,368,778,674,103,358
435,297,388,451,375,845,406,545,313,797,934,121,484,454,24,695,61
436,473,426,631,350,440,1016,94,6,62,279,550,428,613,299,1017,75
437,423,4,249,534,23,959,559,466,761,996,895,562,362,220,680,643
438,907,61,711,1008,827,984,329,448,758,446,928,882,1007,802,400,841
439,394,64,289,911,476,97,899,935,729,298,48,967,760,1004,327,808
440,901,6,426,436,417,474,473,343,232,631,910,613,287,350,274,62
441,29,636,33,898,731,644,814,747,965,963,270,916,56,948,85,493
442,202,292,607,256,767,273,101,805,929,338,394,1004,52,78,825,900
443,258,947,365,255,585,80,703,227,686,133,37,242,44,243,684,201
444,542,22,548,445,294,205,305,541,313,98,848,943,862,1015,147,89
445,205,541,444,801,542,1005,98,773,824,1015,1000,921,252,0,138,553
446,427,758,907,341,1008,984,820,438,561,329,951,711,827,87,95,740
447,387,562,254,620,655,978,469,700,872,362,109,593,998,557,4,902
448,5,488,1007,896,958,842,116,196,261,984,87,325,740,202,711,266
449,701,179,171,750,519,626,799,964,183,685,479,293,198,932,133,661
450,79,799,134,455,602,142,185,938,863,619,465,626,889,114,293,179
451,406,375,934,24,695,435,671,752,121,797,317,309,401,233,972,575
452,106,795,571,792,875,639,46,828,743,493,458,962,908,148,627,990
453,331,467,846,378,357,617,999,693,698,167,264,822,788,150,98,670
454,845,545,752,934,435,194,121,1006,451,375,975,146,297,900,946,61
455,450,664,619,465,799,142,272,891,125,719,79,212,850,498,1014,413
456,889,789,374,164,101,385,836,842,938,363,1021,333,18,377,931,958
457,843,35,730,180,358,765,920,88,621,634,368,12,82,577,705,912
458,46,148,576,636,96,898,478,493,792,571,828,106,549,908,33,598
459,567,313,861,388,307,813,89,463,798,548,531,297,1015,575,484,797
460,648,290,875,717,779,990,953,7,113,608,651,280,749,415,123,69
461,599,756,982,182,143,787,265,524,887,226,985,591,347,415,217,163
462,523,931,656,499,396,258,483,385,967,43,497,1004,413,970,333,514
463,886,861,567,475,638,833,989,388,946,484,391,545,301,539,823,871
464,957,640,1001,662,883,204,680,761,557,144,669,778,6,342,466,667
465,200,90,134,938,272,212,185,1014,455,450,661,66,79,293,635,602
466,680,362,613,557,761,667,700,220,204,382,902,973,423,238,268,249
467,693,98,846,695,484,401,252,167,788,375,575,331,848,1015,317,943
468,354,132,126,43,629,514,925,131,413,596,931,513,499,832,520,970
469,923,562,655,362,659,447,620,112,593,700,288,905,1017,92,725,998
470,175,103,368,610,994,299,88,366,843,410,588,965,920,856,485,93
471,421,107,309,205,147,769,583,824,356,677,1002,10,861,332,766,284
472,409,694,948,480,645,890,123,644,517,598,93,751,747,529,270,69
473,631,436,350,550,504,778,604,537,428,905,1017,187,299,75,343,667
474,287,440,232,426,955,901,6,417,398,352,1016,631,436,613,411,144
475,837,823,762,989,946,936,703,463,37,145,886,327,329,646,115,391
476,48,646,935,893,960,327,676,385,227,462,520,439,289,394,120,329
477,545,954,677,841,845,406,435,454,297,561,934,388,463,194,61,1008
478,828,96,754,940,172,214,458,876,880,878,32,636,917,569,46,340
479,889,1003,964,836,685,863,255,201,183,947,363,839,374,133,58,626
480,123,948,990,694,93,472,529,409,747,733,644,875,890,517,366,31
481,390,65,70,383,256,292,47,379,682,267,407,245,784,511,596,273
482,770,715,919,826,381,285,860,641,735,492,601,347,654,997,314,229
483,396,295,523,603,338,462,528,566,607,688,197,738,170,666,273,292
484,252,375,388,943,704,848,317,107,605,98,695,575,116,467,401,205
485,816,581,1011,733,175,266,623,353,326,772,578,676,409,395,958,568
486,303,416,49,979,54,83,117,28,1010,952,208,217,849,512,393,68
487,900,157,121,146,331,52,773,617,317,433,848,252,375,584,1006,116
488,5,448,896,261,87,842,753,243,984,385,325,653,240,676,1007,958
489,973,904,382,191,419,136,796,613,268,184,6,232,640,776,296,572
490,924,719,498,961,420,629,514,321,139,170,142,43,392,656,970,462
491,415,280,397,953,616,404,790,226,290,648,7,982,311,347,42,787
492,371,654,229,919,381,53,570,807,601,940,569,764,172,997,270,962
493,963,106,571,627,33,792,56,795,814,743,458,636,141,424,46,731
494,298,269,992,535,356,935,769,808,727,766,130,301,760,533,720,326
495,508,714,601,281,53,849,764,283,887,651,371,940,774,172,962,742
496,116,433,762,336,789,617,691,584,767,886,896,867,202,993,672,788
497,462,279,380,523,656,968,924,258,961,210,321,490,499,729,970,234
498,142,719,399,413,664,888,43,619,134,490,891,514,66,170,970,321
499,931,656,385,333,1004,514,513,462,520,784,676,151,970,43,101,622
500,840,113,751,282,525,425,32,290,7,890,694,615,917,529,675,598
501,585,250,964,611,986,242,198,519,949,255,310,253,171,968,135,903
502,563,560,799,804,619,253,450,595,178,863,884,79,190,399,498,142
503,732,760,755,1002,10,384,401,999,769,727,289,583,215,317,356,835
504,187,1017,905,667,709,473,1022,550,12,778,853,631,655,937,358,604
505,10,653,622,289,320,971,911,513,100,369,928,755,760,503,322,499
506,1014,637,511,682,891,330,212,90,554,231,272,523,596,390,407,673
507,399,689,300,626,133,685,647,552,198,186,619,134,16,750,783,449
508,495,764,714,371,601,281,229,997,492,878,285,53,919,172,381,591
509,793,524,787,111,616,163,982,1020,370,316,586,763,73,735,599,182
510,85,880,74,876,898,96,576,46,751,852,873,598,995,976,422,270
511,506,90,1014,390,267,891,231,170,682,330,379,212,552,66,596,523
512,217,67,525,124,425,108,117,195,54,952,68,83,735,763,692,265
513,622,971,499,931,355,354,724,554,385,656,760,462,289,43,505,333
514,832,333,43,647,133,18,528,783,170,970,925,258,499,656,321,931
515,577,620,109,655,709,358,843,998,299,428,335,1022,942,658,470,994
516,808,183,336,52,273,293,646,522,269,688,353,338,938,936,264,326
517,948,707,644,963,472,731,742,480,69,627,615,409,56,123,31,493
518,416,28,2,1010,278,917,208,340,425,615,880,521,976,731,54,195
519,171,250,198,903,964,945,449,689,614,626,242,501,179,310,558,255
520,360,656,385,970,931,237,131,893,686,676,414,925,947,243,499,960
521,28,416,518,565,318,422,976,208,880,917,214,340,278,876,1010,303
522,688,825,607,808,293,151,336,183,52,295,516,992,993,768,433,729
523,462,483,396,170,43,967,497,295,420,664,1014,197,924,666,413,499
524,1020,599,163,461,787,793,182,509,857,586,982,612,756,616,265,111
525,840,113,282,425,67,500,735,347,217,675,512,108,195,7,751,890
526,112,858,469,241,504,187,1017,659,562,853,905,635,667,739,149,998
527,235,813,467,271,672,693,84,324,827,788,167,459,307,797,575,969
528,338,363,566,256,18,273,162,514,197,688,292,133,333,832,396,607
529,93,747,480,890,948,409,9,644,694,713,733,990,472,995,751,500
530,977,555,730,8,180,224,996,872,559,912,674,757,109,181,40,4
531,605,798,861,921,107,588,553,284,697,723,631,366,62,147,539,639
532,202,740,946,442,929,19,1006,121,448,78,584,14,194,536,291,116
533,494,808,720,269,30,516,992,183,611,293,140,535,130,1,336,298
534,555,930,437,562,4,447,996,902,23,933,387,423,249,376,700,362
535,494,992,921,356,298,727,269,769,588,1005,766,553,203,284,107,140
536,291,14,20,738,532,946,202,194,327,475,37,944,442,706,805,329
537,778,739,667,905,77,156,473,350,207,974,362,346,428,939,883,504
538,378,154,352,364,398,1013,813,324,357,343,748,232,926,302,337,817
539,723,575,605,972,638,107,861,302,896,797,62,766,989,277,583,769
540,1013,572,105,364,817,904,748,25,926,232,296,538,813,324,411,736
541,1005,445,992,0,386,773,921,138,444,542,862,205,553,848,98,741
542,444,22,98,848,252,205,313,375,943,445,138,484,297,548,541,294
543,608,102,430,779,774,696,717,31,69,155,21,609,141,749,795,875
544,937,1022,288,942,239,655,736,700,12,920,219,879,634,633,620,550
545,845,388,454,194,297,375,435,886,934,463,484,848,943,946,222,975
546,625,792,424,828,493,458,743,571,248,141,962,878,908,807,549,155
547,713,913,7,624,9,529,193,873,403,500,113,311,990,890,694,840
548,22,444,313,297,542,388,84,943,435,89,848,445,305,307,1015,545
549,209,148,458,792,576,546,831,916,33,493,636,46,898,908,814,639
550,631,905,279,473,75,299,504,942,17,1017,372,428,853,187,6,667
551,448,496,597,164,246,789,958,325,116,617,334,196,740,867,896,488
552,190,891,619,399,197,90,507,66,186,563,750,799,685,1014,170,888
553,284,386,605,107,769,768,588,727,193,921,992,269,326,578,215,721
554,319,664,1014,568,971,269,652,931,413,724,212,330,760,494,506,462
555,872,387,534,589,447,361,977,930,109,118,376,562,902,429,348,368
556,216,161,815,299,1022,426,335,392,702,604,279,942,1001,809,321,629
557,204,674,902,669,815,589,700,761,957,362,785,12,667,655,387,342
558,365,703,412,242,821,135,310,964,519,947,255,443,573,614,44,152
559,38,959,346,761,77,996,437,977,40,249,434,423,8,166,895,349
560,804,178,595,829,502,689,759,242,630,201,198,237,16,399,250,647
561,1008,869,797,87,954,271,827,951,907,671,5,406,911,758,817,823
562,447,469,4,362,593,655,939,998,700,620,659,376,428,902,220,181
563,502,190,619,799,863,891,552,399,450,685,197,630,455,888,498,66
564,602,17,21,709,228,3,31,154,696,187,634,75,185,517,627,123
565,318,521,28,422,976,416,57,518,791,195,308,1010,316,642,208,403
566,338,603,738,528,767,805,684,256,607,273,295,483,162,291,292,16
567,463,313,861,459,886,1013,388,605,539,638,484,989,531,145,296,762
568,676,395,373,816,971,733,485,966,760,1011,125,668,554,269,970,380
569,172,919,371,828,940,654,826,962,492,715,478,714,285,601,908,576
570,807,492,424,371,654,731,229,248,270,155,963,141,493,571,53,878
571,106,795,493,627,743,46,963,424,141,598,908,962,270,248,694,792
572,105,540,748,324,1013,817,296,813,904,973,951,232,177,538,343,364
573,918,590,242,250,198,558,365,945,804,258,310,821,519,986,321,443
574,933,562,593,939,930,659,260,220,249,112,361,376,803,23,4,348
575,539,723,972,583,107,401,695,277,797,605,704,62,896,721,240,317
576,46,458,908,898,598,270,654,96,510,807,478,571,569,828,549,876
577,515,109,843,358,335,620,368,655,998,88,470,457,216,299,994,942
578,697,721,326,246,723,553,605,896,597,485,284,823,266,768,366,623
579,274,440,207,473,901,436,537,343,778,225,969,350,604,77,631,417
580,304,276,323,58,263,836,45,889,1003,839,606,374,201,334,25,196
581,485,816,775,733,623,353,772,1011,266,326,698,153,236,713,409,855
582,783,300,392,699,647,168,915,199,133,18,134,114,832,417,185,635
583,401,575,835,107,695,277,240,769,317,972,732,704,1002,10,331,723
584,194,900,433,496,980,607,773,767,202,532,762,336,246,116,442,52
585,738,443,501,986,964,201,255,947,479,183,611,242,949,37,258,1003
586,857,163,67,787,763,265,397,616,927,108,612,692,217,347,618,982
587,171,918,792,81,250,148,814,209,994,218,965,590,33,198,94,56
588,193,553,366,107,269,284,713,798,470,727,547,93,535,769,994,529
589,745,872,557,902,736,361,204,674,376,387,885,342,669,12,398,434
590,573,918,250,218,310,587,198,242,884,821,365,804,960,258,968,629
591,182,860,281,756,881,887,461,285,143,982,599,226,314,495,601,714
592,91,862,305,830,444,531,798,716,22,313,176,741,1015,542,205,921
593,348,994,939,655,184,361,620,610,803,376,1017,700,998,75,428,902
594,635,709,850,633,79,1022,620,142,602,114,998,465,719,937,515,655
595,237,253,242,131,178,135,201,560,804,893,230,964,443,520,258,198
596,43,666,888,832,396,407,784,1019,186,66,212,170,413,1014,514,498
597,334,246,578,115,958,1011,485,789,448,266,58,839,711,836,414,411
598,46,898,270,751,694,644,472,747,665,571,731,948,106,795,500,675
599,756,461,787,524,143,982,182,163,265,857,217,83,985,509,586,887
600,254,594,447,978,633,725,469,812,620,635,819,655,894,811,387,562
601,919,940,997,53,172,371,917,849,715,764,229,285,492,54,340,32
602,564,185,17,709,79,134,1022,634,114,450,938,937,970,200,187,154
603,295,566,338,688,607,483,379,183,528,767,738,684,825,396,522,292
604,299,88,473,634,709,765,564,17,550,103,504,358,631,187,1022,843
605,107,723,284,553,861,921,539,721,697,252,575,769,531,972,484,768
606,45,276,201,263,304,706,649,44,915,1003,178,981,412,839,50,964
607,292,338,52,273,825,442,688,394,767,336,522,603,808,151,1004,528
608,69,717,31,543,774,779,3,102,795,460,155,956,651,123,875,21
609,155,774,141,424,248,743,102,543,962,625,608,21,430,795,69,571
610,687,348,994,411,380,75,593,768,470,631,26,655,279,326,620,418
611,501,750,183,97,936,257,585,533,949,449,516,968,738,729,255,808
612,404,616,722,787,793,857,586,397,280,790,163,265,524,982,415,822
613,184,220,6,700,426,362,428,1017,905,631,593,667,204,287,136,902
614,115,519,145,412,762,964,558,649,703,936,980,177,903,255,449,179
615,104,425,956,742,68,731,707,948,69,644,54,849,517,940,500,283
616,404,793,787,397,612,982,491,415,586,265,347,280,509,163,857,226
617,789,116,496,164,456,353,55,315,788,842,487,246,623,336,958,325
618,153,698,857,999,117,236,586,67,108,775,163,55,822,737,71,405
619,799,197,891,498,190,563,968,626,664,399,455,413,450,552,863,293
620,655,998,515,109,593,1022,819,447,387,348,428,709,358,803,1017,469
621,35,88,843,457,800,765,335,216,604,358,634,785,809,942,705,1001
622,971,513,320,931,653,499,676,991,355,505,385,755,966,760,289,724
623,1011,353,326,581,733,749,123,3,993,737,775,816,269,405,485,698
624,873,890,403,675,751,529,995,74,113,500,713,108,7,93,913,694
625,546,609,141,155,424,248,743,718,962,774,792,493,571,570,878,795
626,133,839,647,198,689,968,889,945,293,255,258,970,134,237,363,171
627,963,493,106,571,743,795,141,696,517,33,948,56,694,480,792,644
628,185,661,699,363,134,783,938,200,164,456,789,889,602,617,66,915
629,321,970,258,656,490,520,514,413,499,960,125,468,462,719,498,131
630,685,186,190,16,201,178,888,981,304,66,245,560,863,479,1019,689
631,473,550,350,75,6,398,299,426,436,103,905,184,669,1017,411,610
632,95,834,758,740,929,438,906,19,87,446,1007,532,802,1008,984,427
633,594,937,655,1022,620,469,635,544,447,942,709,1017,504,515,362,600
634,239,668,602,82,564,604,12,920,709,991,1022,88,843,457,17,937
635,594,79,114,850,465,185,658,602,709,725,149,134,633,450,300,799
636,731,56,644,458,814,441,898,2,96,493,807,33,963,478,747,148
637,682,506,673,838,351,383,734,407,65,771,554,967,394,511,1014,330
638,861,539,301,107,833,766,794,463,723,605,769,921,64,356,989,823
639,46,452,11,148,106,458,792,908,898,598,798,576,747,571,96,493
640,761,144,957,464,382,883,669,419,204,350,778,466,6,537,969,342
641,735,282,340,347,525,840,763,952,124,195,83,715,917,316,67,208
642,791,663,403,57,995,318,422,976,873,74,624,713,913,529,308,195
643,922,238,974,895,4,344,181,987,423,220,286,428,249,562,211,362
644,948,747,731,517,472,480,598,636,898,751,529,615,694,2,270,93
645,405,890,472,113,7,55,749,123,694,717,108,409,525,480,500,67
646,255,327,893,958,836,516,808,329,476,936,58,821,823,703,947,385
647,133,783,626,839,514,237,134,699,970,889,363,18,304,258,300,16
648,460,290,953,875,779,7,280,717,415,990,113,651,608,102,397,32
649,177,412,606,678,115,196,276,334,614,263,45,262,728,837,915,551
650,850,658,79,218,799,635,455,171,587,594,884,142,450,114,709,250
651,460,608,648,887,717,956,988,3,774,543,744,69,31,290,102,281
652,319,998,803,348,554,909,620,269,109,593,380,361,664,687,228,994
653,240,277,966,753,320,488,10,676,622,5,971,395,373,732,505,760
654,492,371,665,270,807,919,381,940,53,569,570,908,576,598,46,731
655,620,1022,1017,700,593,428,358,362,905,515,469,998,447,348,902,387
656,970,931,385,520,228,499,380,333,360,676,321,462,514,1004,258,17
657,262,810,706,45,291,981,78,19,532,767,263,805,606,44,14,929
658,850,515,799,635,709,650,687,856,114,234,594,968,681,998,187,620
659,469,998,429,562,288,725,593,241,112,348,939,187,418,620,447,655
660,92,112,853,923,136,950,866,725,469,1017,75,504,941,613,700,418
661,185,200,628,699,701,134,938,363,66,783,293,685,465,90,889,626
662,342,957,781,464,746,669,204,161,557,674,206,912,745,640,36,398
663,403,713,995,529,791,642,175,9,93,410,733,816,873,890,409,747
664,413,719,498,619,125,891,1014,455,139,554,142,961,462,128,970,968
665,654,675,270,598,908,46,751,571,795,694,780,290,53,381,472,779
666,396,596,43,256,784,407,162,528,818,230,483,832,292,338,684,186
667,905,362,778,504,428,537,1017,739,655,974,358,1001,700,550,902,613
668,991,634,737,239,988,3,568,150,623,228,1011,966,373,395,564,153
669,902,350,957,103,434,761,204,745,398,299,631,557,12,77,778,346
670,460,357,648,717,875,290,672,779,608,749,990,69,7,988,737,123
671,24,406,451,401,797,732,277,972,575,5,240,233,911,10,827,723
672,357,788,116,670,867,167,378,789,896,496,176,467,1007,748,343,538
673,351,637,383,838,682,483,734,394,967,523,506,65,338,808,273,607
674,912,557,40,815,12,669,434,785,902,358,589,342,180,761,959,216
675,665,525,751,840,624,113,500,598,7,282,270,873,694,645,425,290
676,385,395,373,326,568,966,656,520,931,380,1011,760,971,228,960,842
677,1009,954,823,107,769,638,824,861,766,833,855,704,471,721,205,841
678,177,703,805,412,649,115,196,837,263,762,433,243,37,950,417,18
679,210,909,94,225,987,187,1016,922,436,60,428,279,234,473,856,974
680,466,362,557,204,464,667,268,700,423,796,238,613,1001,220,895,957
681,914,658,856,234,470,858,402,39,149,965,874,932,15,809,853,35
682,637,383,673,65,506,292,838,771,351,70,394,390,607,511,483,355
683,737,717,988,3,993,744,608,985,749,130,69,31,173,377,779,405
684,16,396,295,566,603,379,186,528,443,133,688,805,389,162,338,666
685,479,190,630,197,626,16,133,889,186,863,183,363,201,661,66,689
686,947,360,365,243,703,821,255,520,37,1003,936,385,310,1004,443,839
687,610,348,380,411,994,75,171,593,646,768,968,418,26,970,516,470
688,183,522,295,293,607,825,338,363,808,603,133,528,333,1004,37,273
689,626,507,133,300,945,198,16,519,647,685,839,399,258,250,560,968
690,356,228,522,539,21,369,723,766,835,430,151,972,284,301,768,993
691,993,741,336,140,496,749,696,780,522,543,264,762,130,430,779,328
692,195,71,83,108,49,367,67,208,73,117,217,425,236,311,525,282
693,467,252,98,484,813,167,105,388,672,846,538,697,788,848,176,324
694,480,472,598,948,990,500,751,123,747,795,529,890,644,875,93,106
695,309,375,317,451,575,583,972,846,147,766,401,165,98,484,107,467
696,430,543,875,627,749,123,31,106,743,779,21,102,795,694,608,990
697,578,721,252,605,105,116,167,553,704,315,107,723,246,484,798,284
698,822,775,999,405,618,108,236,119,645,713,153,67,623,7,113,890
699,783,363,185,18,647,133,839,661,300,200,304,134,832,626,628,528
700,362,655,902,613,905,736,593,184,92,1017,667,376,288,447,557,469
701,449,661,685,750,691,179,328,183,185,293,932,479,870,799,507,363
702,711,802,879,400,746,110,6,196,942,925,550,411,910,544,13,426
703,37,947,255,412,686,243,365,263,821,837,1003,805,115,839,936,443
704,401,721,484,107,252,575,116,842,240,583,896,317,769,723,697,972
705,765,35,358,180,457,709,909,843,668,604,181,634,515,730,216,187
706,44,263,45,412,20,14,291,1003,805,703,606,201,837,80,947,276
707,517,742,615,948,68,731,644,104,1010,283,472,425,956,409,278,69
708,1021,26,25,312,414,373,131,1012,742,520,283,302,360,849,154,893
709,187,1022,602,564,998,17,909,515,504,358,594,620,655,1017,299,234
710,550,853,942,225,372,905,94,809,279,210,88,335,1001,187,604,778
711,984,414,400,334,448,196,802,25,597,411,925,702,746,427,438,110
712,364,352,877,811,725,136,1013,418,75,92,812,538,660,567,941,904
713,529,890,403,733,663,547,108,9,775,193,71,624,93,236,698,816
714,172,285,495,601,281,919,828,940,764,569,962,371,508,997,878,860
715,214,997,340,919,601,917,172,826,770,285,482,940,569,641,735,371
716,305,294,444,592,548,89,22,847,862,59,830,313,542,174,459,205
717,608,69,779,460,31,683,543,956,3,648,290,749,645,123,130,737
718,625,546,792,549,33,493,424,141,209,963,743,570,148,56,248,155
719,664,498,139,142,490,924,961,321,970,850,125,234,413,1014,455,724
720,130,790,779,405,137,306,749,717,992,7,648,786,269,744,280,993
721,723,107,697,578,704,605,284,769,553,575,326,252,896,401,215,827
722,612,999,857,787,618,404,822,586,119,331,280,524,698,397,599,616
723,539,605,575,721,107,972,896,284,62,797,769,302,326,861,768,578
724,355,924,333,170,832,1014,931,212,200,134,719,150,499,151,784,43
725,254,418,978,700,75,288,364,593,620,655,469,659,92,1022,1017,635
726,73,111,881,370,316,952,83,509,303,486,599,208,367,756,763,692
727,769,356,215,835,766,284,553,107,972,1002,386,992,317,326,298,494
728,177,145,649,412,1013,614,160,115,837,572,540,310,127,50,427,334
729,97,37,808,1023,688,64,833,936,522,295,1004,738,483,394,607,439
730,180,457,977,345,251,765,181,358,843,368,434,82,109,118,349,705
731,644,270,636,615,517,807,948,898,751,598,278,963,707,742,493,56
732,503,401,277,240,583,999,317,320,671,972,835,10,24,331,378,233
733,816,409,480,529,93,123,713,890,990,1011,485,948,353,581,623,366
734,351,407,838,47,394,818,666,273,230,383,338,48,673,967,292,439
735,641,347,282,525,840,952,217,83,340,67,195,763,917,124,54,512
736,700,589,557,364,978,254,544,902,12,387,204,447,288,725,376,1022
737,988,3,683,717,377,956,104,153,31,623,460,966,608,749,69,123
738,338,566,37,291,183,273,585,688,255,603,767,607,980,528,947,431
739,537,905,667,156,778,362,939,350,211,428,1017,883,112,346,923,902
740,532,869,946,95,448,5,87,14,202,121,1007,1006,19,41,233,116
741,691,762,605,921,264,871,140,696,993,246,553,862,496,992,749,780
742,283,312,615,707,517,956,104,69,731,56,68,278,948,849,31,373
743,141,248,571,155,424,106,430,627,493,609,795,774,102,696,962,792
744,173,223,779,130,683,543,42,280,717,651,460,648,608,102,993,790
745,902,669,589,204,892,757,76,885,897,184,361,781,376,387,557,872
746,711,103,942,662,161,702,957,400,745,299,669,206,414,216,175,122
747,644,529,948,93,480,694,598,751,898,472,409,995,9,2,731,890
748,105,324,538,572,343,315,334,1013,364,697,789,372,672,950,116,926
749,993,405,779,123,130,645,717,696,460,31,875,543,7,990,3,648
750,449,257,949,611,183,701,799,689,552,507,519,685,619,626,293,501
751,598,500,270,840,425,694,898,644,675,747,46,96,890,731,472,525
752,451,934,146,309,454,121,846,24,10,401,233,1006,331,695,671,406
753,337,261,277,5,240,653,488,1007,87,378,896,320,36,357,24,671
754,478,96,214,32,917,828,340,876,940,172,880,518,715,282,840,208
755,289,760,842,772,394,326,52,503,971,900,769,146,935,385,676,581
756,599,461,143,182,591,982,887,881,787,985,217,265,83,524,849,281
757,224,368,892,745,103,434,669,346,912,345,122,51,897,9,902,118
758,1008,446,907,834,95,561,341,632,827,61,438,235,869,427,951,954
759,829,300,560,114,168,399,630,647,79,689,502,804,304,186,783,178
760,289,298,356,971,755,676,769,326,395,935,503,369,319,727,494,380
761,144,669,77,640,959,957,346,557,902,204,40,423,249,974,885,434
762,115,936,433,989,496,980,475,741,37,336,246,886,116,703,767,522
763,927,163,586,111,735,67,952,512,124,641,195,692,316,857,83,367
764,997,229,601,371,878,172,492,919,714,508,495,979,715,940,285,569
765,35,88,705,251,604,457,843,874,345,225,358,668,634,82,730,709
766,769,972,301,317,727,356,107,992,921,695,309,375,605,835,539,130
767,607,338,433,363,442,825,273,805,566,336,292,688,256,202,603,528
768,284,326,228,380,553,269,723,75,356,610,842,605,279,769,302,319
769,356,766,727,107,284,215,972,298,326,553,317,992,723,935,494,835
770,482,715,214,213,654,641,876,735,675,919,124,340,569,917,826,347
771,151,146,137,319,52,150,1002,682,384,554,394,355,683,737,992,720
772,353,581,1011,623,485,755,120,333,326,374,842,676,456,273,394,385
773,848,317,375,222,943,541,934,584,487,233,766,484,698,822,252,194
774,155,609,608,543,141,69,424,31,21,102,795,743,962,717,430,248
775,698,822,999,581,713,236,193,623,733,405,119,108,816,890,353,618
776,904,813,382,973,232,324,930,105,817,398,540,538,296,376,572,184
777,419,969,883,350,191,62,436,6,426,640,957,103,631,669,247,746
778,667,905,156,537,350,88,473,669,77,1001,739,434,550,631,883,504
779,543,717,648,749,130,460,102,608,290,42,7,875,744,405,696,415
780,665,176,779,102,42,543,248,381,691,962,226,654,908,795,717,571
781,342,662,745,144,204,669,589,957,761,398,851,746,892,928,640,557
782,1005,535,1,494,1023,992,332,64,301,72,0,720,824,766,921,533
783,699,647,832,134,363,133,514,18,170,66,333,839,626,185,200,528
784,256,396,832,101,666,379,1004,292,499,333,596,43,18,931,162,514
785,815,358,216,674,557,180,667,902,912,1001,109,655,577,344,362,942
786,720,306,790,822,386,130,137,397,7,405,15,280,698,269,491,992
787,982,265,586,857,397,616,163,461,67,599,415,347,612,404,524,793
788,867,672,116,848,670,357,167,467,943,617,496,484,252,375,317,121
789,456,617,842,116,896,958,334,164,496,363,302,889,196,1011,3,154
790,130,280,779,404,491,415,405,7,720,397,744,648,749,822,612,616
791,642,995,663,318,1010,403,308,57,422,410,976,74,29,529,873,393
792,148,493,106,814,33,458,571,963,56,627,743,546,452,549,636,46
793,616,404,612,509,524,787,1020,163,586,982,857,265,182,461,397,347
794,638,539,823,302,1009,62,723,861,395,821,356,859,935,107,972,575
795,571,106,962,694,69,875,774,627,493,608,102,940,46,743,598,290
796,136,159,268,613,877,811,92,923,680,466,220,700,6,362,973,204
797,723,827,575,406,869,817,451,539,671,972,561,24,721,271,62,989
798,531,913,639,11,588,1015,193,697,547,605,39,93,107,861,366,529
799,619,450,563,455,449,626,79,658,863,399,171,134,750,685,502,465
800,156,88,778,621,206,434,865,82,765,457,912,358,103,843,77,667
801,1000,1009,203,205,445,824,921,727,535,215,1005,107,147,421,861,332
802,110,1012,196,984,261,711,488,702,400,243,322,753,448,925,337,87
803,361,909,885,593,428,620,998,348,1017,994,1016,652,933,220,655,184
804,560,242,178,250,595,198,573,502,884,237,135,964,689,253,829,519
805,263,442,767,37,566,703,243,18,256,947,202,20,528,19,738,607
806,903,501,449,799,949,563,519,750,502,689,964,685,178,250,804,560
807,570,731,654,270,371,492,636,878,229,493,571,458,63,898,940,424
808,394,516,336,273,52,183,688,935,607,522,385,293,338,936,494,729
809,942,335,604,299,550,710,88,470,103,597,621,914,94,843,485,945
810,262,657,767,532,291,980,202,584,433,496,19,442,617,41,805,78
811,978,220,613,812,136,877,184,254,894,796,725,593,923,700,803,1016
812,978,254,811,725,803,877,600,447,594,620,909,562,998,635,593,364
813,817,324,538,575,105,296,398,693,1013,467,232,357,539,904,797,378
814,56,148,636,493,792,963,33,441,644,627,106,458,948,747,965,517
815,216,299,674,557,358,161,785,1022,669,957,655,902,12,428,620,819
816,733,485,581,1011,175,409,266,353,480,623,395,529,713,93,123,890
817,813,296,797,951,1013,827,62,337,723,575,406,539,398,721,61,232
818,666,734,838,407,230,351,383,596,396,256,389,245,784,47,162,43
819,620,387,655,109,515,978,872,26,610,447,815,1022,593,687,348,803
820,329,823,448,476,960,327,266,984,427,841,821,711,646,907,120,475
821,365,686,310,703,255,936,947,360,37,646,115,258,411,558,443,960
822,698,999,405,775,119,7,397,386,749,130,645,713,113,193,108,67
823,958,475,896,935,820,578,721,723,646,326,769,329,989,1009,246,833
824,332,1005,1,677,801,1000,0,205,298,471,421,833,535,445,769,1009
825,151,607,433,688,522,1004,767,292,295,333,442,363,336,603,101,52
826,715,569,285,172,214,919,997,764,860,714,482,601,213,828,770,371
827,61,797,954,817,721,1008,24,671,406,869,235,1007,561,401,723,697
828,478,172,940,878,569,754,96,458,962,546,32,714,371,452,919,214
829,759,300,560,804,689,114,168,647,178,507,127,945,626,276,399,323
830,592,22,305,444,91,548,862,716,542,1015,313,176,459,943,98,798
831,916,63,549,576,458,209,852,85,880,876,441,807,636,148,510,898
832,783,514,170,43,66,126,333,888,18,784,528,186,162,134,724,596
833,64,301,989,638,729,463,861,766,823,0,992,769,871,921,936,194
834,95,235,758,740,951,869,632,1008,61,946,1007,817,827,446,337,24
835,727,583,356,769,284,972,366,277,395,326,766,875,107,990,460,732
836,58,889,374,479,334,179,958,456,25,1021,255,1003,646,863,839,360
837,412,177,703,475,145,14,37,762,706,678,946,20,115,989,1013,944
838,351,734,637,383,818,673,682,967,407,666,596,394,396,506,483,47
839,133,255,626,363,947,889,647,304,360,925,263,18,276,58,237,699
840,282,500,525,113,32,425,751,290,735,917,340,675,347,7,195,67
841,244,329,911,954,215,61,989,289,823,900,721,755,820,833,677,327
842,896,326,240,958,789,302,385,448,5,755,456,116,623,395,704,488
843,457,358,88,577,920,368,35,515,299,470,12,709,103,765,621,634
844,359,511,596,888,330,66,212,832,90,1014,272,132,126,43,724,170
845,545,454,194,886,435,946,375,297,989,388,451,934,121,1006,41,463
846,188,331,98,695,467,401,1002,119,583,317,375,252,752,484,309,822
847,89,297,294,313,174,542,435,545,305,375,845,444,309,388,695,451
848,943,375,773,484,252,388,317,788,542,98,22,467,695,545,934,116
849,54,956,208,601,615,104,917,979,217,83,68,53,143,425,940,997
850,142,79,114,650,594,719,709,658,635,961,602,455,234,321,125,134
851,653,161,971,928,781,216,745,892,676,882,568,395,369,966,322,746
852,85,510,916,74,441,880,898,57,29,831,995,422,408,129,876,458
853,550,187,710,504,660,112,75,372,17,1017,905,858,210,279,709,94
854,149,635,659,465,701,799,661,449,450,856,185,241,998,328,429,140
855,581,823,244,775,485,816,733,266,663,704,677,353,935,713,755,236
856,696,187,140,75,260,564,470,627,106,994,171,932,269,366,709,694
857,586,163,787,67,265,618,612,763,524,217,1020,599,512,982,616,347
858,526,149,504,241,853,187,156,659,856,112,260,905,372,937,709,998
859,948,644,747,517,2,958,731,529,814,302,480,410,707,409,56,93
860,285,281,591,982,919,887,601,226,715,347,143,172,714,415,735,282
861,638,605,107,539,723,921,463,1009,531,313,575,766,833,721,567,989
862,871,592,741,921,541,444,0,140,1005,445,798,205,531,542,59,305
863,479,374,836,58,253,889,685,197,450,619,964,626,30,190,237,799
864,762,115,246,741,797,578,605,697,723,177,932,672,823,861,116,496
865,38,800,874,987,225,345,251,346,739,765,537,778,77,883,156,88
866,274,660,92,372,504,905,343,973,667,352,853,324,778,362,537,700
867,788,672,116,496,41,943,357,670,848,617,551,388,176,484,1007,467
868,231,319,355,724,554,15,924,771,234,137,151,333,210,200,497,228
869,740,797,561,271,87,1008,5,951,24,337,827,451,671,406,121,435
870,701,661,149,853,328,950,699,449,363,932,200,185,741,750,685,246
871,741,862,833,463,402,921,1005,0,861,936,798,516,541,391,992,605
872,387,361,109,589,620,447,26,348,819,555,745,902,803,655,978,998
873,624,403,74,995,751,529,913,976,890,675,747,93,510,500,598,547
874,251,345,225,765,88,335,470,865,35,577,914,843,166,368,346,103
875,990,648,460,123,795,694,31,696,480,366,608,290,749,779,69,543
876,880,214,96,478,510,754,715,917,576,340,828,976,458,770,422,85
877,364,978,796,254,136,811,725,700,736,613,92,352,268,812,159,712
878,828,478,940,172,764,807,371,432,636,229,56,997,546,731,601,458
879,768,550,326,842,702,755,380,289,279,400,34,544,284,622,721,228
880,876,96,214,510,478,422,518,754,976,85,917,751,340,898,636,74
881,591,370,756,726,182,599,143,461,860,73,509,111,982,849,952,887
882,339,984,928,960,907,438,13,899,802,1012,110,711,259,653,488,48
883,1001,895,957,778,350,346,987,667,464,777,211,669,537,761,640,77
884,250,968,125,198,961,804,619,501,502,321,986,242,799,142,918,850
885,361,933,184,76,803,287,902,220,376,955,669,593,428,613,745,204
886,463,946,989,845,762,391,545,475,496,194,388,833,567,375,484,301
887,281,982,226,42,415,651,143,591,461,53,756,860,290,601,347,495
888,66,186,832,1019,498,596,43,399,134,212,190,197,170,891,783,126
889,479,363,456,836,839,374,133,58,255,947,293,626,1003,237,304,18
890,108,645,409,529,113,472,500,425,694,624,480,751,948,713,525,7
891,1014,212,619,197,90,664,66,498,413,888,552,190,455,272,43,170
892,76,757,745,669,897,885,361,346,368,345,395,933,166,994,902,103
893,80,520,414,360,131,25,646,237,243,925,255,947,836,374,58,476
894,687,725,593,620,469,610,658,811,348,288,923,418,655,819,75,978
895,987,883,974,211,423,238,249,761,428,667,643,785,346,1001,922,362
896,842,5,302,116,958,448,723,972,326,240,1007,277,357,539,488,789
897,745,892,757,76,588,994,368,470,348,610,175,345,224,395,577,122
898,598,46,270,751,644,731,747,458,636,441,85,96,576,33,493,510
899,439,476,48,960,339,488,520,327,686,385,984,87,882,893,653,935
900,487,157,52,146,607,442,121,202,584,755,292,433,194,394,336,273
901,440,343,6,417,474,232,274,426,473,352,613,287,910,631,436,192
902,669,376,700,557,184,745,204,368,361,12,885,434,655,350,362,905
903,519,806,964,250,614,449,501,689,198,558,949,171,804,242,178,945
904,973,324,105,184,382,232,398,813,817,296,538,613,376,748,62,1013
905,667,778,362,550,739,428,504,1017,655,537,700,156,631,613,902,939
906,100,929,19,442,78,202,5,488,87,320,101,532,121,325,1006,900
907,984,1008,446,427,438,341,758,561,711,87,820,247,827,882,928,954
908,46,576,571,665,962,598,106,458,795,654,743,270,569,898,248,452
909,803,709,428,187,998,358,974,1017,679,620,922,515,181,652,299,1016
910,343,440,177,271,748,901,597,337,324,6,631,702,417,951,398,110
911,289,10,356,421,100,439,671,841,5,769,215,989,755,723,760,369
912,674,434,206,224,40,12,669,82,757,785,180,51,457,103,557,358
913,873,547,624,403,798,193,995,39,529,663,713,93,74,402,747,510
914,470,234,681,94,225,874,856,932,366,604,809,965,266,93,627,480
915,304,18,783,363,699,276,647,16,839,263,606,162,889,101,628,196
916,831,209,441,549,852,29,458,63,129,33,636,148,85,898,576,880
917,340,208,282,840,425,940,518,32,54,601,754,715,849,615,214,500
918,573,198,250,590,945,968,321,365,218,171,258,587,94,519,961,242
919,371,601,172,569,492,940,53,381,285,654,715,962,997,229,714,860
920,843,175,634,12,470,368,457,410,816,82,103,485,733,88,948,747
921,992,605,107,553,766,284,535,861,386,769,727,205,1005,138,741,301
922,974,643,238,428,987,909,1016,344,211,210,679,895,187,803,667,220
923,469,92,362,700,112,613,905,655,660,593,136,220,1017,562,288,667
924,490,724,719,170,333,514,499,497,656,832,392,234,43,355,139,970
925,839,18,304,514,360,237,520,243,414,276,58,893,196,323,80,647
926,25,789,1013,196,538,334,116,1003,154,1021,836,364,302,748,456,202
927,763,367,316,692,586,195,163,67,641,735,108,111,124,512,83,236
928,882,505,438,907,653,322,984,10,753,851,87,781,1008,61,240,911
929,78,19,202,442,532,906,101,325,243,196,488,256,805,80,448,263
930,376,118,349,933,939,368,902,156,434,562,361,534,593,91,348,700
931,385,656,499,333,520,1004,970,462,676,228,514,151,456,360,513,101
932,21,696,115,627,691,856,246,449,17,171,963,564,430,141,741,743
933,885,76,361,184,376,593,220,939,249,803,994,348,902,349,118,428
934,233,375,451,317,1006,752,121,695,766,972,309,435,845,773,301,406
935,298,808,494,958,769,326,394,64,356,823,301,760,385,269,676,377
936,37,762,255,821,808,115,686,703,183,475,646,688,729,947,336,516
937,544,1022,602,504,633,185,634,709,594,158,114,239,79,635,17,12
938,200,293,134,333,185,456,465,889,363,661,66,970,183,688,170,197
939,994,593,368,376,118,348,349,428,998,905,358,345,562,902,361,933
940,172,601,32,53,919,828,371,917,478,795,962,615,340,96,654,754
941,92,418,950,288,725,364,660,700,923,159,469,736,372,105,254,136
942,550,655,1001,88,335,905,299,515,667,1022,544,103,216,358,710,620
943,848,484,388,375,252,22,773,788,467,542,545,98,317,444,297,867
944,20,980,837,37,536,706,738,291,475,703,14,145,412,431,805,614
945,626,171,519,198,839,689,133,968,250,258,255,918,321,365,242,687
946,886,989,532,202,475,740,845,463,121,194,391,762,116,1006,536,545
947,255,686,703,243,839,1003,365,37,443,263,360,133,80,889,964,258
948,644,480,747,517,472,694,529,409,93,731,615,123,707,990,890,598
949,750,501,585,689,611,986,519,903,806,449,685,507,183,964,738,257
950,418,34,92,941,372,748,75,411,660,288,315,115,678,364,105,853
951,817,337,1008,296,341,271,869,87,797,177,561,827,834,1013,235,837
952,111,83,217,735,54,512,143,124,763,641,347,195,208,340,525,425
953,290,648,32,415,460,7,280,282,491,113,397,875,500,779,840,311
954,827,677,1009,841,61,797,721,561,1008,406,671,823,401,723,107,911
955,287,885,474,144,1016,803,361,76,232,238,426,398,184,933,6,342
956,104,615,69,3,988,717,31,849,742,68,608,737,283,460,373,54
957,669,464,204,761,144,662,883,557,342,640,161,6,1001,426,815,778
958,896,1011,302,842,246,353,707,517,935,326,116,448,3,836,859,409
959,761,40,674,77,557,974,559,344,423,895,286,957,434,466,669,346
960,676,520,476,656,360,984,821,499,385,380,414,629,488,686,365,258
961,719,968,490,420,664,321,498,497,850,125,139,924,142,619,884,257
962,102,795,940,155,248,571,774,424,42,609,141,53,172,908,743,919
963,493,627,33,56,517,106,571,814,731,644,948,792,795,424,141,636
964,242,255,479,1003,947,201,519,198,310,501,839,626,250,178,133,889
965,81,814,441,39,410,33,747,93,148,963,175,209,470,792,644,898
966,373,988,676,737,377,3,653,395,956,104,240,277,153,71,1011,651
967,462,523,439,838,351,97,734,513,394,483,673,476,221,396,128,413
968,321,258,125,626,198,970,961,133,619,945,250,687,462,884,497,171
969,777,419,62,103,350,51,957,247,398,669,436,122,631,191,640,883
970,656,321,520,931,514,360,333,385,237,142,131,626,133,647,228,968
971,622,760,513,676,568,289,755,931,653,966,385,554,395,499,153,772
972,317,766,575,723,896,769,539,277,695,727,107,835,375,583,605,240
973,904,382,324,232,700,613,184,466,204,105,489,6,274,92,572,902
974,987,428,238,77,667,922,358,895,909,344,537,181,761,362,803,643
975,545,845,454,222,194,41,848,174,542,391,943,297,487,375,886,773
976,422,318,995,403,74,195,873,28,880,518,416,751,425,57,1010,917
977,8,996,109,730,180,345,346,577,181,4,358,368,785,939,757,872
978,254,447,725,620,700,387,811,819,812,736,872,655,593,877,803,361
979,278,54,849,229,283,997,742,416,303,486,68,518,615,764,601,917
980,762,738,767,433,37,584,944,183,603,936,741,566,688,338,291,522
981,606,45,630,201,178,685,304,262,915,657,580,276,479,16,44,706
982,787,461,415,265,347,143,226,887,397,616,599,756,182,280,404,860
983,51,342,398,36,662,40,82,669,957,969,912,434,378,232,813,103
984,427,711,907,87,488,110,448,802,1012,5,339,960,753,882,261,243
985,143,68,53,217,265,717,683,461,54,226,381,887,756,956,69,347
986,501,585,443,242,258,135,250,227,558,968,198,689,949,964,201,884
987,974,895,428,77,883,922,358,346,211,537,225,667,679,909,38,238
988,737,3,956,104,683,966,153,717,377,460,651,71,373,31,117,608
989,946,762,886,723,475,833,896,539,202,721,463,845,823,605,37,936
990,875,480,123,366,694,460,31,948,529,648,733,93,69,795,749,500
991,668,239,150,737,377,988,153,634,456,164,373,3,724,1011,622,966
992,386,494,921,130,766,769,269,301,138,993,553,1005,535,749,284,405
993,749,130,683,405,779,543,696,623,717,123,691,31,3,386,992,608
994,593,348,610,939,368,470,687,361,655,76,1017,184,803,620,118,428
995,403,873,976,74,529,747,422,791,663,751,624,57,9,318,890,93
996,977,346,345,8,423,559,939,249,757,368,897,902,434,739,745,534
997,764,601,229,715,917,172,919,371,940,979,849,340,285,214,878,54
998,620,709,187,109,655,593,939,348,515,909,358,803,562,659,652,361
999,698,822,775,119,153,618,405,1002,236,732,623,331,71,317,737,988
1000,801,824,445,588,332,1009,215,535,553,205,727,203,1005,421,298,921
1001,883,942,667,778,464,957,88,905,216,785,550,299,895,211,362,335
1002,119,384,386,999,769,727,583,284,698,331,822,146,775,317,503,553
1003,947,479,255,263,201,964,889,703,836,243,686,45,80,839,276,412
1004,151,385,499,931,825,688,607,394,333,442,784,37,656,101,686,292
1005,992,0,541,824,921,766,301,138,205,494,535,833,769,445,130,871
1006,233,934,121,194,532,202,740,375,451,5,845,24,946,752,454,317
1007,5,448,261,357,24,337,896,240,121,116,753,842,488,378,277,704
1008,561,758,907,951,827,869,87,446,61,341,797,817,954,427,438,406
1009,677,861,107,823,954,801,769,721,638,794,588,215,727,723,798,766
1010,416,518,28,278,2,707,425,308,791,49,195,303,615,208,318,995
1011,353,623,816,485,733,266,958,3,123,377,326,409,581,373,31,676
1012,110,802,984,360,414,520,261,196,243,708,488,753,322,25,925,686
1013,817,540,538,926,105,177,364,115,302,762,296,748,539,989,411,25
1014,891,212,90,506,170,66,272,465,664,231,724,511,197,888,200,938
1015,205,147,547,798,98,467,484,107,252,695,913,193,575,704,697,444
1016,238,436,428,803,220,426,613,885,287,974,184,909,955,279,922,144
1017,655,504,428,905,75,593,667,187,613,631,550,1022,362,700,620,709
1018,853,658,231,210,90,635,894,200,257,392,99,112,660,170,300,870
1019,888,596,245,66,407,186,126,190,212,43,630,832,359,498,374,230
1020,524,163,111,793,857,509,586,763,787,599,461,265,182,952,616,982
1021,25,708,836,456,414,154,373,26,58,302,360,131,842,958,520,334
1022,709,655,620,12,299,602,504,358,17,1017,815,937,594,564,544,550
1023,729,97,332,494,298,535,497,522,833,64,523,356,421,483,992,808
