0,2.000923477376406
1,0.9440993918766372
2,0.9696196836592523
3,1.2663157457930012
4,1.56005873927462
5,1.0370306588385902
6,1.4756240705331893
7,0.9831564867413025
8,1.163635483483851
9,1.6183975352679634
10,0.9884564030041293
11,1.0008886750049395
12,0.980987525369089
13,0.9563003439382045
14,0.9719140192845906
15,0.9872377781020565
16,1.414742721029882
17,0.9732506578690768
18,1.0587508389951727
19,1.34755926722136
20,1.0135371330552967
21,1.0171852200373035
22,1.1157119746298443
23,1.0296636847546505
24,1.0288355041927555
25,0.9685181694401712
26,1.9970936104809593
27,1.1372544234964772
28,1.0385798285746626
29,0.9795119760670179
30,1.5118792192861883
31,2.632631728495771
32,0.9589834266626389
33,1.1843362554336876
34,1.0283593539131632
35,1.0102391888478313
36,1.020236516665737
37,0.9731752969544762
38,1.135080999733601
39,1.634131385035284
40,1.070145714637573
41,1.207610205773458
42,2.628510655425656
43,1.432887623340872
44,1.0192531040887327
45,1.0076817586262068
46,0.9795413284257473
47,1.0320000665378386
48,1.5208423693420443
49,0.9740236943090539
50,1.142989235310977
51,0.9596119718546039
52,1.0252064704057502
53,1.4812759194292004
54,0.9865926962305929
55,1.0926492187454133
56,1.0412172426633308
57,1.6562801146234256
58,1.008538526962637
59,1.1512618406944806
60,1.1273054110660863
61,0.9845755533856184
62,1.3268891496257107
63,0.9621647476203035
64,1.0525273579330243
65,1.287448242084168
66,0.9854686513494231
67,1.1245822311789264
68,1.0129548867569984
69,1.0207036069071944
70,0.9537614598947234
71,0.9678878781350216
72,1.0995350632441556
73,1.4957632107883443
74,0.9589979889723586
75,1.070589922831429
76,0.9600255755566276
77,0.9794623322900629
78,1.671932868422592
79,1.027529222384453
80,1.3183255800750784
81,1.0702368469692223
82,1.114869806753718
83,1.0019224311676687
84,1.0953524850269067
85,2.533678835651684
86,0.9983801232449473
87,0.9661006552855798
88,1.0237334842359314
89,1.0728922757222676
90,1.0526259738691086
91,0.985247203219932
92,1.0136567005743178
93,1.9688308480091457
94,1.1492785240168533
95,1.0790209298627031
96,1.5361314927599206
97,1.5325216553298169
98,2.3145566545316996
99,1.2807316286093489
100,0.9983613138724715
101,1.0191042569613917
102,0.9814623349307598
103,1.0103347647417809
104,1.9747289506367847
105,0.9550732625042397
106,1.1901552616858175
107,1.004995155170703
108,0.9748121074554934
109,1.1640533488214957
110,1.0974626596559216
111,1.0870713745554481
112,1.119218612944941
113,1.229523768306792
114,1.4326873429592026
115,0.977114236188593
116,1.6857956673955037
117,1.6041345346171436
118,1.490416196850467
119,2.0398394667191897
120,1.035035200452159
121,0.9751165606829166
122,0.9586579574448912
123,1.660580654580169
124,1.6337453152269243
125,1.5387598633173072
126,1.1450199290330065
127,1.1744391850003353
128,1.6348192700503892
129,1.293176883195966
130,1.0121127011798658
131,1.0551548480947406
132,1.1815378891386785
133,1.7764706473594414
134,1.0509330648581354
135,0.9696124304202679
136,0.9541672093431488
137,1.004803179127002
138,0.9689363523315145
139,1.5649197352720574
140,1.7892989186558557
141,0.9822761618518667
142,0.9815059697157527
143,0.9933809623569865
144,1.353893256470502
145,1.077700519931303
146,1.0623403295171459
147,2.711406634531649
148,0.9670037150402602
149,1.1562720931372419
150,1.6912107234094904
151,1.8910340953982365
152,0.9603883797226719
153,0.9554517141337419
154,1.7677664090518683
155,1.183885663192494
156,1.0857647284814314
157,0.9702387458418662
158,1.1054060188631465
159,0.9694005750986325
160,0.9710244972107079
161,2.804017245826857
162,0.9583755826826885
163,0.9983523198708848
164,1.115230194660355
165,0.9694211693155539
166,1.0709552654799304
167,1.1184130653797217
168,0.9751210433831634
169,1.0170939879711485
170,0.9425262416391968
171,1.2697686780450392
172,0.9678834347536757
173,1.0065977809544282
174,1.8544449167640602
175,1.980387417486558
176,1.0212511687592987
177,1.014328266865964
178,0.9592217354610323
179,1.054493208638546
180,1.4596691940693196
181,1.531555150702022
182,1.0223132746293917
183,0.9671139133195608
184,1.3804809473232549
185,0.9759084170194695
186,1.318306082159232
187,1.1525802067272228
188,1.0106956945582781
189,0.9673929475442659
190,0.9537134983959736
191,1.0290932568983493
192,1.0236448615504514
193,1.0204860647743614
194,1.5351903975074257
195,1.0015397459227335
196,1.1914340326448212
197,0.9597983239945207
198,1.051686379066383
199,0.9675011360748983
200,1.0048345487556452
201,0.9998615728470577
202,1.0513936751113593
203,0.997792776157127
204,1.0492666079728794
205,1.141038298164132
206,0.9685619579614705
207,1.1239041920432886
208,1.0552895522000272
209,0.9643906860736922
210,1.0671069328675837
211,1.0193639924298885
212,2.052653642648528
213,1.5859665635582831
214,1.561461568242741
215,0.9569972179668709
216,0.9952564669919639
217,1.0335849689502572
218,0.9641063669035056
219,0.997769715826087
220,1.7658448004659508
221,2.2476421497949053
222,1.0843978661262021
223,2.280702060664564
224,0.9556954177715662
225,0.9932966864856165
226,1.4468255920115665
227,1.0227250013723501
228,1.0317691411363146
229,0.990986403843847
230,1.0136006217608484
231,1.518609716275877
232,0.9665835524941696
233,1.0510525707429133
234,0.9537442688329659
235,0.9598159803373937
236,0.9658369679669605
237,1.091559884609182
238,0.9507128806104368
239,1.1772058504975602
240,0.9576896156614467
241,1.24427544988186
242,1.5995707851956364
243,1.0587920465480782
244,0.9739498794050414
245,1.156561737856596
246,0.9662153491833714
247,1.142847716624087
248,0.9817611590713694
249,1.632594821640084
250,1.5921457574818538
251,1.0014287206060564
252,1.283252966162951
253,1.0088508662581341
254,1.5728859786006397
255,1.058720294834382
256,1.7958300009240744
257,0.9579533998853962
258,0.9821029750085153
259,0.9735114755071494
260,0.9718325656796529
261,0.9714819095929097
262,2.726406361286622
263,1.0308526124682091
264,1.0014238396763853
265,1.3909017239945514
266,1.0514442913689241
267,1.2854586264255399
268,1.4802536305215903
269,1.4479572099478895
270,1.0527577828677446
271,1.0323804413568387
272,0.9616308603177713
273,1.0680082369481871
274,1.0536350577107627
275,1.4141653615860137
276,0.9819955266964916
277,1.176650268182767
278,1.0316327805310292
279,0.9794589301469177
280,0.9966670580358028
281,1.0217925438878042
282,1.1315987589022656
283,1.04583064078909
284,1.037739459147245
285,1.4085535960342304
286,1.040945269279304
287,1.2239080972110363
288,1.2061155607843956
289,0.9526352576781656
290,2.157590580380779
291,0.9965274766191755
292,1.1552972867872309
293,1.04980387817958
294,0.9655343965165054
295,1.3816097843004627
296,1.0324523723348507
297,1.4903749500581074
298,1.057214101386923
299,0.9712047190718701
300,1.0203034836206089
301,1.2024341056245422
302,1.0437742312963154
303,0.99013980929703
304,1.9218614384681074
305,0.9554835480122681
306,0.9586355699730578
307,1.174287861434965
308,2.0390939525782272
309,0.9572204715533552
310,1.5266870142457205
311,0.9608880767755845
312,1.848625991353666
313,0.9593323204400882
314,1.0957544944791366
315,1.0090390407922445
316,1.0826383399275286
317,0.9609438614552777
318,1.009326791055835
319,1.1089662558281272
320,0.9571252048732384
321,1.0271072522995008
322,1.4706667209123365
323,3.250466786496867
324,1.5720583622507311
325,1.0211648054438305
326,0.9640527754515582
327,1.0048800577150105
328,2.2511266972947634
329,1.1760074380646302
330,1.207616375665
331,1.0484574704772625
332,1.211453912746767
333,1.1547982772805798
334,1.014976156894213
335,0.9991903756635945
336,1.7279227475519612
337,0.9743841102692783
338,0.9744144603723109
339,1.003518710213367
340,0.9900344572590245
341,1.0224907820462923
342,1.7215433964916564
343,0.9809842808707778
344,1.377435000869252
345,2.278203423810422
346,2.0286005907363083
347,0.9834579375348442
348,1.0080142309946036
349,1.5164451721667238
350,0.9894023661350377
351,1.0050154267706588
352,1.0852352379372352
353,0.9847550214184841
354,0.9788919365507682
355,1.5261621471092197
356,0.9741261149858751
357,1.4186249529967843
358,0.9867177198877709
359,1.8757199197140269
360,1.7039636331731651
361,0.9646443640306165
362,0.9472908584056714
363,0.9868578971715378
364,1.459620047499319
365,1.045780339494251
366,1.1172559583612607
367,1.2892609425247785
368,1.700113748350971
369,2.3396257811992016
370,0.9796483832265437
371,1.0263524495177418
372,0.96989005969761
373,1.1325218613262893
374,0.9518483844208621
375,1.5333176343642427
376,1.2731017820831936
377,0.9571999121820014
378,0.9529474178176107
379,1.622798209605209
380,0.9731773788771241
381,0.9582860887482919
382,1.2069962863417465
383,0.9772233023071668
384,0.9731708930361351
385,1.033299179916638
386,0.9889437200739007
387,0.9589547594399406
388,1.7592004425753456
389,0.9808113597082407
390,1.4967427899970955
391,0.9793549276358549
392,1.0165681387047427
393,1.0650823418192608
394,0.9943440303146116
395,1.0421709061741606
396,1.0675852588527817
397,0.9552128965178334
398,1.136971761977239
399,0.9717849561839532
400,1.0901837199136397
401,0.9874388871434909
402,0.9583432408947204
403,0.9855525082281529
404,1.0708547582500747
405,1.030380479697022
406,1.0255170349531177
407,1.2001225903883772
408,0.996848922543039
409,1.5684082121825396
410,0.9977187680025079
411,0.9976448026564612
412,1.1475100474254956
413,1.6639742516449227
414,1.0572064787773896
415,1.0878462627063823
416,1.013018358476025
417,0.970176993648241
418,1.5617542760756298
419,0.9893075611916023
420,1.7680509961366817
421,1.8288848808311364
422,1.1135706536675243
423,1.759747606981011
424,0.9966616085126626
425,1.0923123516492135
426,1.1108653227166465
427,1.2625159524479135
428,1.0151521522427889
429,1.246849176099778
430,0.9853747622722622
431,1.4192321544965454
432,0.977197825634319
433,1.299221035060051
434,1.0946977124302508
435,1.1292769192329453
436,1.0219563277081445
437,1.07061386292431
438,0.957383253999418
439,1.5141644411813986
440,1.562479342386272
441,1.139203384142989
442,0.9938992079485812
443,1.34335947412945
444,1.4423715946669144
445,0.9900147350492564
446,1.0210283042590618
447,1.1566403147377975
448,0.9413334665788005
449,1.5781034568423968
450,1.264202699779676
451,0.9532918049972974
452,0.9530921211216111
453,0.9674548173541556
454,2.5794693794400474
455,1.0295276673274656
456,0.9422272499187241
457,0.9665387761502148
458,0.9776619865189962
459,1.0267632127956545
460,0.9651813681731992
461,1.003152965898447
462,2.187252727263736
463,0.956730932696068
464,1.421781852525279
465,1.0955502704261746
466,0.9742757072956649
467,1.4341100070810735
468,1.0723340345472723
469,0.9993365348663781
470,0.9872535253040364
471,1.4735715725769198
472,1.0408550979517424
473,1.013858448033031
474,1.544821104489321
475,1.2254194080202145
476,0.9575863686864066
477,0.9750412898625327
478,1.0006657376536587
479,0.9863348616648421
480,1.9100923191927748
481,1.0586935076063213
482,1.0661268996876478
483,1.2901036095124059
484,1.4722384153815529
485,0.961974648369113
486,1.0897073352616953
487,1.5077190469855593
488,1.065594314633746
489,1.0471197789716673
490,1.0061907113477746
491,1.0634188818886776
492,1.4582813113617423
493,1.3292795918000708
494,0.9757291221750495
495,1.0163006280068476
496,1.0289169716720483
497,0.9619244606635226
498,1.6052842190036554
499,1.0726329434969855
500,0.9706394578170943
501,1.0636993793076945
502,1.1152813143455487
503,0.9946451784020834
504,1.858022080868695
505,0.9623253216894465
506,1.1287335333351391
507,1.0074712860097712
508,1.03896382332157
509,1.1987868513482902
510,1.0189272308655328
511,0.9585690096792782
