0,0.10937654038362293
1,0.5497054403451599
2,0.5150468179833663
3,0.13590597941568283
4,0.12879421845556854
5,0.17341814544628742
6,0.1651508154373715
7,0.512840167293264
8,0.17885090493400618
9,0.1418946209689777
10,0.5116188949961318
11,0.20134461972498188
12,0.20912637897087083
13,0.2001008338473202
14,0.21064880253249177
15,0.49525926252700914
16,0.16183059580963738
17,0.2100710984044441
18,0.4591148343681077
19,0.13482014347341914
20,0.1863445726640079
21,0.46109359743725126
22,0.1667807929276429
23,0.18536978451749256
24,0.4492031676102495
25,0.5323581009434952
26,0.0912642825772994
27,0.16173346179172127
28,0.1735902499194072
29,0.19426434081950641
30,0.1479194112793255
31,0.13385780244734846
32,0.5358674834980599
33,0.14267938215551867
34,0.1833670317970821
35,0.1854759898045093
36,0.18134491892294455
37,0.19502932494630698
38,0.15292990564793332
39,0.1856333863795498
40,0.4595265603140465
41,0.14361542090498497
42,0.15860386604879032
43,0.323042971048381
44,0.18650180906632854
45,0.1927979121149314
46,0.5110087333515397
47,0.17710989127218388
48,0.16927933678866877
49,0.5114953067844532
50,0.3978930503567594
51,0.19890052749516907
52,0.18701657265145344
53,0.11319485378075697
54,0.19096337841403851
55,0.17874314484819334
56,0.4457679844168235
57,0.10098729553200567
58,0.18024092834961397
59,0.1649838084790033
60,0.1594692521464766
61,0.20267473680630416
62,0.3489525135788676
63,0.21442587892313358
64,0.4795564489975046
65,0.14097621101488314
66,0.19151387455152716
67,0.3899301145291519
68,0.46749179673611574
69,0.18550381569364854
70,0.2006711322808604
71,0.21224349665926678
72,0.40032780532217216
73,0.12926662018109164
74,0.2166425989350849
75,0.16577584753280844
76,0.21598261897218582
77,0.5184980904768156
78,0.10885690605420087
79,0.18530496416459827
80,0.18025683892263242
81,0.17676622505666426
82,0.43771339591139957
83,0.18240340008902717
84,0.16372466324602372
85,0.08741922174045878
86,0.18314411195501687
87,0.1942154051187978
88,0.18747349130140153
89,0.45078852050923784
90,0.17289958160710192
91,0.20253872897937328
92,0.19053829015556953
93,0.0925640750333676
94,0.15745791573678777
95,0.16373421656648923
96,0.14875262858405652
97,0.1862547588488616
98,0.1853536818390636
99,0.1468664428332076
100,0.20323945424931206
101,0.18831311076714935
102,0.5165747693247794
103,0.4865845400686791
104,0.10347809831058981
105,0.20109176770224707
106,0.3539522127783012
107,0.496992249099374
108,0.19325025324251494
109,0.3622455184969119
110,0.4427293498365659
111,0.1632203603425236
112,0.17880760742244678
113,0.17858326586664927
114,0.14353786590199882
115,0.21066584072570976
116,0.14486451626514724
117,0.2858607878271119
118,0.12046442148494325
119,0.19450748213988264
120,0.18239661031639465
121,0.5185689218433075
122,0.5321495899141868
123,0.09329763605460914
124,0.18683095011043144
125,0.11837738151791202
126,0.16256933794069953
127,0.37377384353374843
128,0.2587079920418308
129,0.17680061712142983
130,0.18385821388104584
131,0.17440664719687923
132,0.389792138968194
133,0.13887125393111027
134,0.4647269282432334
135,0.213134103259202
136,0.5436569281133179
137,0.1852930216778511
138,0.21171808421945276
139,0.2799722445154067
140,0.1663516897369959
141,0.5158765423275506
142,0.205592144967
143,0.5079231950817951
144,0.2865399479502524
145,0.17171289305221837
146,0.45789185034560664
147,0.12447193859999515
148,0.1937921510648735
149,0.392547008989431
150,0.10156466035795624
151,0.1849616075020644
152,0.21551162799082407
153,0.5335244146555731
154,0.13561431387957293
155,0.3569356466650371
156,0.17384065879917548
157,0.19687088253080026
158,0.40176105623315544
159,0.5255702127306292
160,0.19672855084701818
161,0.1306195460152281
162,0.21696151844070619
163,0.5004639384073163
164,0.39328629282415606
165,0.21071092978268527
166,0.44130366156939244
167,0.16638354871619462
168,0.19541621227386097
169,0.18189674533261743
170,0.5517573852026337
171,0.37252490479167233
172,0.19567874182678602
173,0.1828491579826815
174,0.11486358016362917
175,0.20997621110463505
176,0.48546014191020764
177,0.18301112849404097
178,0.19845827559099752
179,0.4268660632681922
180,0.2676880956788282
181,0.27331399185195576
182,0.17614328673432494
183,0.5253579573816637
184,0.1366227256887394
185,0.2087511600921569
186,0.3011929543667229
187,0.15703781946929896
188,0.49900109496460465
189,0.517472489554389
190,0.5395695996439505
191,0.1866393371212607
192,0.1788983286099725
193,0.18494229806905738
194,0.13085951819874858
195,0.4914595230509372
196,0.17829294867017567
197,0.21584413108156966
198,0.1813963687704711
199,0.1979144646938825
200,0.19965651678111676
201,0.1987850178016355
202,0.18029265604861636
203,0.5010983696009819
204,0.17486260492199535
205,0.3829579564463627
206,0.21308736614003693
207,0.1655817850166652
208,0.1822364548323616
209,0.19685569127256072
210,0.17727721312647482
211,0.17698545950005426
212,0.20263958448313027
213,0.2467797878655637
214,0.11662867353324834
215,0.20033942551245634
216,0.5058245676779864
217,0.48964739804199137
218,0.5300308858348948
219,0.5131988236578785
220,0.10046194176215366
221,0.0799147593733161
222,0.1673764392700875
223,0.18170744979548586
224,0.5392240856072431
225,0.1901191227386776
226,0.11692154732458236
227,0.18921378012188977
228,0.18617588520066133
229,0.4918133004500742
230,0.18629582128999672
231,0.11973547879936862
232,0.5185904289137125
233,0.18041830812734894
234,0.20128021682274613
235,0.2164488749548057
236,0.2130684491044765
237,0.41065137096537624
238,0.5343556671291759
239,0.4106767359429836
240,0.5406596975864362
241,0.17883278029194957
242,0.09912908292775684
243,0.4748429889751146
244,0.2116083531358282
245,0.1492962837117659
246,0.5258387563420623
247,0.37918885535151725
248,0.5162329558882017
249,0.16079107306658744
250,0.22721334915570357
251,0.19986674297435875
252,0.14510847968316615
253,0.5044663406784075
254,0.14175875602602142
255,0.4732235351010089
256,0.1031924690608104
257,0.2170556016914961
258,0.5127989462071146
259,0.20982317733111575
260,0.21066617857470202
261,0.1926808506615307
262,0.14792506628824487
263,0.45530926167100666
264,0.49715387120102983
265,0.12066232262920167
266,0.4636548560017002
267,0.31858738256924474
268,0.30093557281450783
269,0.1912710730878681
270,0.18121445947525372
271,0.18582070562290806
272,0.5247384648709967
273,0.45003696876510124
274,0.43903007705564634
275,0.24445439531456614
276,0.5049500060835974
277,0.35991399737177904
278,0.18564659103911266
279,0.5207441440116922
280,0.19723347500768074
281,0.17638362681798064
282,0.16063930713117638
283,0.18349689446772693
284,0.17349387542540481
285,0.2669204041043547
286,0.18189171589354403
287,0.15402576215910024
288,0.4129337677942641
289,0.20056503455814706
290,0.1374590890675418
291,0.19726067459320154
292,0.16474517572751582
293,0.1805616826512162
294,0.5325159240865684
295,0.3396146180235915
296,0.1743690752961447
297,0.15274377645997214
298,0.4602290000994035
299,0.2118036221833953
300,0.1766371634806279
301,0.36792312535521093
302,0.48148564560068213
303,0.5065427157233983
304,0.08923243822300117
305,0.2008243386421488
306,0.21606605654765515
307,0.41546928926646853
308,0.10023660000723275
309,0.21685143082408057
310,0.13482706483253865
311,0.1998102051995525
312,0.22144166581433383
313,0.21656830805428814
314,0.43450047313863893
315,0.1814243547426273
316,0.173285928919238
317,0.21580648346731696
318,0.19356963363802504
319,0.4400111759360836
320,0.20065344759258116
321,0.18703780321732044
322,0.12269614159512592
323,0.10063454979380407
324,0.15756379725245256
325,0.18203865660045904
326,0.5348707048650914
327,0.18481819268481542
328,0.19330104178082683
329,0.4123110011597756
330,0.3884645304405241
331,0.17499557195617663
332,0.15520182719127953
333,0.16304971053497394
334,0.18177889214752488
335,0.20295332661304996
336,0.22853398209399997
337,0.19526230620887136
338,0.19496217775090266
339,0.18267707052710974
340,0.1882369151942861
341,0.18666411465755706
342,0.09073916323240183
343,0.19222161983057007
344,0.29969294094146853
345,0.16004618134119034
346,0.10254196982659354
347,0.20369225689229037
348,0.19514726825433834
349,0.13257060560788556
350,0.20079741871356507
351,0.18509595440506194
352,0.17922639927428025
353,0.2026383769874879
354,0.2099761671032091
355,0.17520082777774873
356,0.5114423766137077
357,0.12813993690812664
358,0.4964869070762977
359,0.10542896024186017
360,0.16701092688851357
361,0.5217833793375312
362,0.5493143286559561
363,0.5070516792962569
364,0.13449611532349443
365,0.1836911231693698
366,0.15582003882872278
367,0.1407803719522538
368,0.22469914563753055
369,0.17273607055049944
370,0.19046119161133387
371,0.18931201103152737
372,0.19380096424514767
373,0.38340106233604787
374,0.542703866222684
375,0.10557130699962061
376,0.13631705446438866
377,0.19770018826428243
378,0.5440112065857282
379,0.11212141482552003
380,0.1932454869936627
381,0.21676950925371763
382,0.34998109771983216
383,0.19445394954513068
384,0.1923310476410791
385,0.17700750180786923
386,0.20639484752846454
387,0.20028585533323218
388,0.17989953744340714
389,0.1925027534188388
390,0.10591111077507057
391,0.19418953266527467
392,0.48474521202602494
393,0.4343796950051538
394,0.20400023758348657
395,0.18259962805865257
396,0.4150565684844819
397,0.20070563050802293
398,0.4249479308507087
399,0.2123368600218685
400,0.4378217544787033
401,0.19226251762296875
402,0.5398627827364101
403,0.1872036783068153
404,0.17566500679893693
405,0.18479985004771746
406,0.18566309812455584
407,0.15366070669274876
408,0.20166045594557339
409,0.1261393275859653
410,0.4989716064888052
411,0.20338317051138133
412,0.40918523013505104
413,0.10739369635119055
414,0.1800020344284671
415,0.17246809182010048
416,0.19715645371091337
417,0.19547165514386336
418,0.13846880991101937
419,0.20081636186324325
420,0.0993680359714836
421,0.11550693627244044
422,0.156328581629617
423,0.18519009575666998
424,0.19723453679035874
425,0.44711456969698016
426,0.1632239012117379
427,0.3182319614379904
428,0.19026185717167887
429,0.1454994672310874
430,0.5131939459456285
431,0.23157029208704333
432,0.5215441691226071
433,0.3139085364325335
434,0.17456268302010844
435,0.1638496355962529
436,0.18779459358992207
437,0.1650325694454344
438,0.21681515198862705
439,0.16096981103377656
440,0.21610404388476917
441,0.15154037273519175
442,0.18533182937609008
443,0.13931049256447936
444,0.11334655127253049
445,0.1865098119889776
446,0.1894689397316387
447,0.37070543237669845
448,0.5511705356081393
449,0.12537197500659378
450,0.1457407576555448
451,0.5446652370444841
452,0.5365217653734761
453,0.532998997440268
454,0.1478938127871528
455,0.18660733250125672
456,0.5487574830435469
457,0.1963174651286114
458,0.20779260193469656
459,0.4797228894696534
460,0.5292447982288884
461,0.4938373723982131
462,0.20332404114678018
463,0.19974649416004156
464,0.18498217999363978
465,0.1614397523875621
466,0.2096236354654536
467,0.2897483179359788
468,0.17648139565299287
469,0.4971657009426824
470,0.5106470300449514
471,0.12397706722761045
472,0.18462415978757962
473,0.1829092112059997
474,0.15268410782204406
475,0.14801188323998452
476,0.21628500139338241
477,0.5062361214759903
478,0.18208851344717977
479,0.5127021925185408
480,0.0815813952077233
481,0.42133290628233216
482,0.17097707679582175
483,0.1415890963508489
484,0.11417426497786595
485,0.21551879970765636
486,0.16576739375200333
487,0.14338050000504465
488,0.17400567550341536
489,0.1768340947517981
490,0.49590727253613587
491,0.18050590945638947
492,0.21437648200719323
493,0.29157710721036256
494,0.2087889145190908
495,0.18435305351137707
496,0.4649251879465326
497,0.2155298645125631
498,0.12163921184066886
499,0.1690348169185032
500,0.19610483434735212
501,0.17682957763107954
502,0.431478243305093
503,0.1987113047364472
504,0.2428885341757726
505,0.21484415807418775
506,0.17985874524072362
507,0.5051430665850722
508,0.4716306428927506
509,0.13970254168031934
510,0.19308850246465303
511,0.21671429317538646
