0,6.450330304384997
1,5.652103417411409
2,4.614653485984823
3,6.486099794625767
4,3.017748521692326
5,5.7121908113039614
6,4.109656720542166
7,10.653838077343107
8,11.891942432919597
9,8.590565214965297
10,2.909141859339656
11,2.4043354101821346
12,1.2368141514671354
13,3.000495704638261
14,4.301278963722271
15,12.016318448192047
16,1.8702442229673
17,6.726188797439688
18,1.259562704786175
19,3.5400043413541784
20,22.823587145246982
21,4.019881976024427
22,2.0824804044825216
23,5.893910959800397
24,9.888276101671458
25,2.011195818739187
26,0.6300173879639224
27,10.450075294383504
28,11.219550839312335
29,4.325307240326379
30,4.458378215919228
31,3.790925845043057
32,7.411361240199226
33,2.7136603872301603
34,7.456350323253112
35,4.798777383410883
36,4.030344480172368
37,1.9104040208986932
38,9.835117786196816
39,3.0977421330777415
40,5.963991179471858
41,1.6728314216952835
42,2.433028652207378
43,3.7463610231326814
44,15.246837204497744
45,3.4166353916908223
46,6.806938318070319
47,6.017738917592757
48,11.42072217973016
49,3.05010604681949
50,1.4111099545229349
51,3.8321660960168917
52,3.837410919178358
53,3.074150970139109
54,0.7007067709340998
55,3.3099431419413166
56,1.3743924836120582
57,1.36856295946192
58,10.809956380082129
59,3.6071321130883898
60,10.064452770047074
61,4.247514559394286
62,3.3099431419413166
63,3.2090311914203347
64,4.31738556336906
65,5.029111578682078
66,15.500217118791825
67,1.8540758065885168
68,10.144234567532065
69,2.2886168950891155
70,3.6303197243612395
71,2.57122452501428
72,10.672002270748223
73,7.634317776267139
74,5.681025118895324
75,2.4402911560625924
76,2.8784855716152533
77,14.651697123135294
78,3.8543838430346264
79,3.048272346909392
80,3.692407391732321
81,3.9522985901003893
82,4.640611101996529
83,6.93823935117516
84,4.641993497688896
85,2.631791791353294
86,6.3777091608421825
87,3.267482922234595
88,8.73648992082795
89,5.0337402609561765
90,10.00845190219224
91,4.129690298700967
92,4.011916976990656
93,12.520772116303519
94,4.843666293808624
95,2.7306291639339766
96,0.7206900150655632
97,8.591848414354043
98,2.9101930003554806
99,2.880695073598463
100,1.411492401789983
101,6.23288732111152
102,6.312840685313227
103,3.995559351647486
104,6.616358108117539
105,6.127192199830367
106,6.489567594310289
107,1.3007688587789599
108,9.98042752489976
109,6.6193239264210035
110,3.827423621813153
111,6.817383642005264
112,5.634016593271256
113,7.79069096974794
114,4.755423590874805
115,1.5283241683154551
116,4.25463331062531
117,3.764683041093798
118,13.76856399214126
119,16.04736595203229
120,1.1647527224235106
121,9.539106714217933
122,3.9692825288326086
123,5.116278747313453
124,1.4072762364378124
125,2.080196941037311
126,5.1721020685219585
127,17.301087177048533
128,7.91041603744181
129,7.057649426464913
130,3.914599878836263
131,4.804442181666257
132,6.484839455665905
133,13.763314685061536
134,2.930636921857968
135,5.184907053551585
136,4.803811055026837
137,10.027272602061895
138,4.656287925694911
139,8.887799436722478
140,1.9104040208986932
141,4.705545739007544
142,8.15621551670369
143,1.9450255367979128
144,2.174530584178017
145,7.612570772313955
146,3.258197923571256
147,3.181281256280009
148,4.514090969213316
149,1.9320143314928802
150,16.75786189273605
151,9.255642920629464
152,2.227048437328838
153,6.424542581066007
154,10.809565196043646
155,19.115633173685758
156,6.818427515261531
157,23.741298325176324
158,0.8185406629395038
159,3.680595286164743
160,3.3423136140993814
161,8.394865431285359
162,1.2587352385370003
163,2.6804523071017115
164,3.0668733451909307
165,5.868060433499222
166,4.536956508461128
167,3.809068541023068
168,2.1420579048132624
169,2.4648790392401922
170,5.641211651212371
171,16.746875299066232
172,3.0572699605274147
173,3.858657467134979
174,1.8453739605602115
175,2.252735182853783
176,4.693303331756968
177,3.981833199185113
178,5.075161960897019
179,2.8005761533799607
180,7.968849600425425
181,1.2018808642780663
182,4.031268645612193
183,3.655861779549895
184,2.6241150584973325
185,4.1006752194576155
186,2.978204133735879
187,1.8500732688145423
188,13.288869989915538
189,7.396055972856599
190,2.6274091968574305
191,4.3718105994129655
192,1.4710943618273977
193,6.886771190823544
194,11.899619087469578
195,7.455545568737769
196,1.6226006554100585
197,4.200215034478839
198,11.065897953012069
199,2.6851627829852047
200,3.9089727245860115
201,22.823587145246982
202,4.616645945478761
203,2.9038749355553053
204,7.48871892266501
205,3.73633260917597
206,13.408771494170331
207,0.9163603026993695
208,2.067175095522666
209,2.7008355847469763
210,2.4713240321609025
211,4.053041510673659
212,4.237313947301371
213,3.623078030536822
214,4.309339732748322
215,3.0130257969775345
216,5.064455924627587
217,2.1434654518892797
218,1.5460983299757742
219,2.9655109321203494
220,7.354358231071534
221,11.99629213843637
222,1.6761666734664282
223,2.2304708862497313
224,4.140726465071228
225,1.9802644692046414
226,6.261088946950295
227,20.480696453655113
228,5.686219150854805
229,1.466395445254569
230,5.527548298586721
231,2.3441726962798315
232,8.528078472831389
233,2.649800983989112
234,8.50356996212944
235,0.614264318892582
236,3.729245251077934
237,1.4142024393214851
238,12.153240779303028
239,8.693631704300534
240,4.785408880583005
241,1.5292076483999695
242,0.7007067709340998
243,1.6166605632038777
244,6.119327497693563
245,7.761308680685422
246,2.899627996112442
247,13.253654489848392
248,3.346106495894595
249,8.50356996212944
250,3.7403795661407884
251,8.208972420749859
252,4.053041510673659
253,4.758861888246324
254,14.978468632367655
255,4.830296118106784
256,1.5248462804212184
257,2.9422379828538565
258,2.77477863604529
259,3.7454968790175758
260,4.970036497035898
261,4.300367912232808
262,5.488090226933694
263,12.11607748838146
264,4.83090817178181
265,3.096997817291989
266,4.207337854954213
267,4.981343005530849
268,3.854961317111962
269,2.301786608193415
270,18.88734489263346
271,3.223523210097617
272,1.833585433769123
273,2.2806345093295466
274,3.9496528042127177
275,7.486333119481679
276,4.890889343011125
277,4.9328891627122005
278,10.746849795219616
279,1.279138284209308
280,3.2904760386527485
281,1.462715249008638
282,2.68048303061474
283,3.1309997513186083
284,3.3462706471691432
285,3.0546647695513203
286,4.690105899139063
287,1.1302724575639127
288,11.104485341621634
289,2.644482506264569
290,3.090977974812961
291,1.394387942910049
292,19.45807697689317
293,3.102912356347164
294,4.376286079257898
295,3.5442085183634964
296,1.0385922551540279
297,4.914350509198238
298,8.385065880948265
299,10.16216517103262
300,5.766915208695048
301,1.6813268827941183
302,2.9917254641384736
303,8.866828801767822
304,2.2021781330025374
305,1.679784046496972
306,3.0404588152717045
307,5.882027095189927
308,3.3429492270690315
309,2.9687513064822197
310,4.956920485942148
311,4.0158846595079085
312,1.9722959917925362
313,6.906924516927358
314,0.9670293334916222
315,4.13492617561165
316,3.2579985613232583
317,7.300842799264648
318,9.802615029351488
319,2.7563963143241823
320,2.2215619967615243
321,14.496135071978888
322,2.9499778588480536
323,1.8949587047519505
324,7.00899583743133
325,3.6791282005261103
326,2.311961898475911
327,3.2117444361756964
328,8.194041615400746
329,9.196030118337365
330,10.705778717772896
331,2.8620061679195197
332,4.6258799392511385
333,9.17025853468685
334,4.5774362222750655
335,7.342457729474616
336,22.76690329721365
337,2.268580213299508
338,4.186475402741544
339,12.163491571650416
340,4.759357907200292
341,20.301327364638173
342,3.338647446347604
343,3.33725353282893
344,4.583273462357957
345,5.486113860334412
346,9.03911183021622
347,5.239159890644518
348,3.7764878081384077
349,2.1833625695152405
350,7.1177804879197435
351,1.656260860246099
352,3.481123821249122
353,1.833455148086924
354,8.390969315595605
355,17.928814393976264
356,7.868633112792412
357,3.7686234860668115
358,2.8946427771093974
359,14.763048496822805
360,2.811667352396293
361,3.739152690318934
362,2.7813159356823305
363,1.448035610493524
364,4.365497187591854
365,1.270687643891588
366,2.9730096953700613
367,6.729898648399179
368,6.52359370730928
369,7.210926986859819
370,6.578137226364269
371,3.7726429966361374
372,5.047581628768204
373,2.5578343785592783
374,3.174286480706665
375,9.629510465294436
376,3.582375497103349
377,12.203470092865135
378,3.303606850446816
379,3.833564916931039
380,12.016318448192047
381,5.259975475938358
382,3.5896603934794196
383,4.3713927311007605
384,6.714131270643525
385,3.2990237756248955
386,2.160371502873107
387,3.902375687161981
388,4.440294271266069
389,1.102235871847381
390,4.141687112525737
391,6.052931484037233
392,3.148698738217501
393,4.099117926305619
394,4.466201102515952
395,5.833081426115006
396,3.6575208705143663
397,4.300367912232808
398,9.187479585611275
399,10.213499331280198
400,0.28279819882109236
401,5.606277367366224
402,6.265119583456723
403,6.603817972217952
404,3.701138745063319
405,0.770297402382166
406,7.5802188827727734
407,6.141780694651835
408,2.670711718646265
409,6.667446846291692
410,2.0499906731505955
411,11.42072217973016
412,22.65347026249245
413,3.892758837365875
414,2.409204139372107
415,7.5327325169953845
416,8.280881364142532
417,2.542038988089392
418,7.620486843682171
419,4.9324796188635025
420,2.403354569350464
421,3.632488012906901
422,9.188153932130978
423,2.8557113578405824
424,3.774598349795128
425,2.2644952993785386
426,3.076324542003938
427,4.343252782435199
428,2.359529034067746
429,4.312855273617572
430,3.3372855971606046
431,2.4451098273438845
432,4.0158846595079085
433,4.5673123510191385
434,4.6451313398631635
435,3.410618782518466
436,2.438841635554254
437,8.50704650001593
438,17.586870421480093
439,8.913794415057817
440,16.963473413239193
441,3.7789202559926864
442,4.1481731746979165
443,4.881217826674432
444,3.253751847845711
445,12.163491571650416
446,6.53922670131043
447,10.284206205602594
448,6.776602991880566
449,2.0192706121813915
450,5.595958953510517
451,7.068035745192139
452,3.3537122643308295
453,4.34870930446772
454,4.796935834717584
455,2.851669340127806
456,9.112404427037179
457,15.218061382130452
458,8.948084972228047
459,4.14174532331915
460,5.229675732428666
461,8.292332041596305
462,3.3730287744751744
463,4.119413577189497
464,2.2569551970999306
465,4.424239103620524
466,0.3867365929842766
467,3.151262935178554
468,4.1602094988778955
469,6.546213882046253
470,13.714866536283978
471,2.658921538631217
472,17.301087177048533
473,6.57377583073515
474,4.2742540855217985
475,3.142331227825915
476,3.4182994405237146
477,2.478581816392361
478,5.9582547850069965
479,8.145501699999805
480,1.9029536210118705
481,9.746944236172958
482,8.081113720536235
483,3.769346733418105
484,5.747208832613951
485,3.420894922276972
486,3.5925410831556723
487,2.78771303680503
488,18.593251215084265
489,5.693783293762837
490,2.7664563993333706
491,2.0130394382549883
492,1.080064863328446
493,3.981833199185113
494,4.545028529112219
495,18.3962941362253
496,20.185044281705622
497,10.621454666879659
498,17.557199600240484
499,7.896592707275983
500,11.767761055540364
501,16.207431793735186
502,5.572114202067044
503,4.609943644620053
504,1.3671417919146556
505,2.28128934692393
506,3.253751847845711
507,4.730964430040125
508,4.326722804517119
509,2.4703199955923263
510,5.542052807147677
511,4.502682256491955
512,1.3513468606758796
513,4.765962373585671
514,4.389632256506694
515,5.721275613958146
516,5.893934760747181
517,7.933751646515082
518,4.306274469562577
519,2.3102542573359166
520,7.144367715103912
521,2.2953458580670305
522,3.838721510279483
523,1.9598309542704622
524,6.908608261909861
525,7.396609146517112
526,0.8141884066618794
527,2.192144092712438
528,2.726206240923405
529,3.450624699982761
530,3.0846038814063435
531,2.2112152069708775
532,2.744985867033136
533,7.493653748509161
534,9.022764937410715
535,2.7618850822347847
536,2.4491271434635165
537,1.2033441281747455
538,4.181263991695395
539,8.93130784989261
540,3.9661396772732
541,3.1207784062790904
542,5.933588976275134
543,2.802290412994447
544,3.4146431739193615
545,4.658990492669888
546,4.825101807191568
547,4.213514190291448
548,5.342747442531538
549,12.048431279244214
550,11.324228044894657
551,1.9699361989088349
552,4.405244602362905
553,2.249415637797661
554,5.933577982955522
555,4.072428210536797
556,4.102179357780466
557,0.8185406629395038
558,3.4040636971765452
559,6.181927480577801
560,1.042228659525218
561,6.802777950749058
562,5.727836968099294
563,4.6867407708804665
564,3.0846038814063435
565,8.526934033122105
566,2.100923157566698
567,1.6437139895008577
568,8.998731468054405
569,2.0906426879161915
570,2.3086058373890177
571,3.7998489886374673
572,4.286519355840642
573,2.495681636330789
574,2.6669758222576267
575,1.9366410565241519
576,3.5501928374590785
577,20.294458168968852
578,4.412350947368465
579,4.466201102515952
580,5.227670413549777
581,9.12699816305275
582,1.737429715845975
583,6.296629619617252
584,5.831719238260905
585,6.196812995295796
586,2.6139633912185407
587,4.658466533605009
588,4.213025560944208
589,2.28128934692393
590,2.9219993891609897
591,7.229769837295715
592,1.8684133245613799
593,2.892892023366218
594,4.547533382688057
595,4.181198058918387
596,6.354646797776303
597,8.93130784989261
598,2.7235858444007732
599,3.7212892044743744
600,0.45557584168773574
601,3.2213400323971646
602,4.536995868391647
603,14.29844839892751
604,3.181281256280009
605,12.616817098898773
606,4.513191038272475
607,10.657705672451034
608,12.978937165409874
609,10.144234567532065
610,10.600220333279523
611,2.0192706121813915
612,18.90652646129555
613,2.617084972536806
614,1.9380199192750263
615,3.7865753424795354
616,4.824311399211999
617,2.439789249514495
618,0.9226980575612791
619,3.226758126012019
620,7.3281822308957745
621,8.559697654499807
622,4.25463331062531
623,10.80471518287686
624,10.465989732914945
625,5.00637266612674
626,8.788343243667525
627,4.865379644610869
628,14.716644099062584
629,1.398439215810001
630,2.9063065302464586
631,2.9785549165973033
632,14.452350027888553
633,1.6890991260469683
634,2.083529771239851
635,4.807804111784402
636,3.875847631469848
637,3.125508914050638
638,18.688060749119828
639,11.148945214632372
640,5.951428712532256
641,5.79891229797984
642,16.90652709516374
643,3.659451956181988
644,3.7907670064572763
645,3.7150000911865
646,11.381101361200463
647,2.6130548334963843
648,20.03974385430931
649,1.6553654521348788
650,9.405765350785149
651,12.700528531365785
652,6.8703936260549
653,1.3628331048017202
654,1.9489535071337054
655,5.608107260966463
656,2.7257953475487535
657,6.089452895048754
658,29.74554451196119
659,18.370772529373422
660,1.9029536210118705
661,5.629578980387236
662,3.0805980473545422
663,3.753701179288116
664,9.833082699576826
665,5.208228080593661
666,1.139200092114153
667,8.18111412058798
668,3.652940609078133
669,6.989466471048659
670,5.449757544293394
671,4.3799471430319805
672,0.30045929368990215
673,3.5205831872078237
674,7.003814844094362
675,3.135041379709371
676,0.3439423207837958
677,15.065585822335706
678,0.7856466457492625
679,11.653643273815808
680,3.166898142910962
681,19.700980441178277
682,3.8388638222722027
683,4.745522222913041
684,4.622175267588799
685,5.474984604724243
686,8.626543934679617
687,3.4040636971765452
688,4.5439584312739045
689,9.21953030778821
690,4.620808857423828
691,8.742939973571088
692,6.576647860353677
693,3.3253270815071274
694,9.494486763908379
695,7.164583455463915
696,3.0169376022765824
697,1.6176270251900169
698,5.114388613886918
699,11.928693363980726
700,9.687751572544101
701,1.8274108033352918
702,0.8669481742978219
703,9.321435875949232
704,13.418481044110775
705,5.151214462746993
706,5.366914089143197
707,11.198914330662623
708,4.106964829964611
709,3.4593208283729178
710,2.213530093696837
711,4.847311795885202
712,12.234055561459686
713,2.0396630942899723
714,5.366533564291623
715,4.231185388749786
716,0.7206900150655632
717,5.726664141673337
718,6.5824866239508735
719,7.798048117237534
720,3.4146431739193615
721,4.6934247328711844
722,16.339611789204042
723,6.852677659350188
724,2.581864097916617
725,1.2836309102060182
726,3.650869471116879
727,9.022764937410715
728,4.784479634996185
729,3.2024897661131795
730,5.206772617019226
731,3.235699288210768
732,6.204539553315546
733,3.4191938853888595
734,2.8552696669602327
735,3.3983653240710496
736,0.8817028942247233
737,1.7534857653698053
738,7.993891506448386
739,2.7984304633457993
740,4.58786257580618
741,3.5401711688893
742,3.145302203544859
743,4.154511950658138
744,2.8599828223982517
745,2.5343980394835954
746,2.3271837439362844
747,1.5842632220597241
748,2.4678299834309123
749,2.665013123216837
750,1.4378745529446122
751,2.6557714990015167
752,6.546213882046253
753,5.180488335860819
754,3.056226410251081
755,0.9236820589100591
756,3.5769235081275923
757,3.9156578498472387
758,8.528078472831389
759,2.7601197324194944
760,6.6911795033096535
761,6.308491410053252
762,1.773428226739207
763,10.877186275462554
764,1.1468239904809439
765,3.7055431782164208
766,3.67563878710502
767,4.986088536065029
768,1.2393947405370216
769,4.875962358353147
770,3.886996924820145
771,1.942988138331947
772,10.468522376270577
773,4.5426611510163095
774,22.76690329721365
775,2.6535148494295355
776,6.473985098380274
777,4.658990492669888
778,3.0214978942435136
779,2.360242675812167
780,4.908098142667146
781,4.616352932431579
782,14.764762058513712
783,5.118854037112364
784,9.42319499725612
785,4.562068585249523
786,5.415048381205885
787,2.681800318070737
788,5.944420709026864
789,3.0827151778288053
790,2.673947468077913
791,7.483941991022267
792,5.792457843378598
793,8.571428815940743
794,9.09440473971369
795,4.778423082156071
796,11.431079799454585
797,2.4412785813984352
798,9.660381448301678
799,2.2901455582145926
800,3.726981872247255
801,10.960198560054975
802,4.361625052873809
803,3.9123159652527426
804,5.319731621848718
805,1.8341807781877701
806,1.640521742994411
807,5.591386155887225
808,5.616540270203077
809,2.3996891060019174
810,3.0169376022765824
811,12.313833561189282
812,5.577398353896563
813,4.365510998872176
814,5.326566694754002
815,3.8034744248821544
816,9.301638110657178
817,1.5757240753012187
818,7.283345691662879
819,3.3326805469033127
820,8.265855554608951
821,12.174436781590531
822,4.724768017007848
823,1.4710943618273977
824,15.317093223441988
825,3.4635538405583715
826,4.284382880649638
827,2.9055608583907584
828,5.11952852903994
829,10.032264444573718
830,6.751722205560543
831,4.588088222583868
832,5.542052807147677
833,3.2990989007271034
834,4.229547831512093
835,4.426799851227504
836,9.974538769741901
837,7.657907837896644
838,7.0729868357821575
839,14.890196394338739
840,4.1769639235905895
841,2.9325026966602317
842,2.378756067117785
843,5.375368711860952
844,4.956779032327456
845,16.207431793735186
846,3.4398727240227327
847,7.2025817425893806
848,5.095998703848515
849,2.438841635554254
850,8.463029448870953
851,12.16824426081128
852,14.911062353603157
853,2.295380185657484
854,9.953084005251112
855,14.162915934046044
856,8.980285702970804
857,1.5899937797885464
858,1.3954185199305407
859,7.080539217523459
860,2.8153791400245076
861,2.5824590458790517
862,2.7625178639692596
863,18.25591319701442
864,5.572955203727317
865,2.137345334957232
866,2.9091945748965373
867,4.765362844022802
868,0.3699218661220601
869,7.785842212844722
870,7.158861878398583
871,3.0130257969775345
872,8.469478557932947
873,8.869511240307277
874,2.26237102158691
875,6.614164305921126
876,11.72399014251399
877,3.982200830114007
878,2.161585333546544
879,6.951373427092276
880,7.331848394683231
881,1.403679696573028
882,5.432520401132045
883,30.549337944382398
884,13.164694115767269
885,2.380779478258388
886,4.553020114981434
887,3.9279716067516417
888,1.562002054573691
889,5.284016948041192
890,1.1951631679348607
891,3.5790638050607395
892,8.558953738154791
893,9.377243017341918
894,14.741041539506927
895,2.9093138647228924
896,3.243010636885915
897,2.251160180938793
898,4.974934842366555
899,2.085569777706328
900,12.55490624765795
901,2.941910890294995
902,14.070404999999532
903,2.2852604124854383
904,9.080694235225089
905,4.6120298628762475
906,20.111350177551206
907,3.244143587380402
908,15.849542812334812
909,11.448016301376907
910,9.885403869915006
911,2.01099889071304
912,3.6866583400862822
913,3.0827151778288053
914,5.434376265525552
915,3.095397995416946
916,2.766216606370448
917,7.807104573838286
918,3.0036350823942564
919,2.252202323219534
920,5.190175142915332
921,8.769674125547608
922,7.367136290565579
923,7.756322543456838
924,9.998337261692685
925,7.5802188827727734
926,6.266866049105173
927,2.8516584886020864
928,3.930203197143097
929,2.5309548535484128
930,3.2500992782127827
931,11.123267002346104
932,3.3162641851556995
933,2.2360576026738657
934,8.783354312730147
935,10.43871058938713
936,2.5576552630801657
937,2.6534084346038855
938,1.4160237475347135
939,4.916289430061547
940,13.779607833021664
941,2.3421342386276724
942,4.728993784974908
943,4.329472416251541
944,8.06952235330309
945,7.024922185039373
946,2.9811189443117883
947,1.3191140360410631
948,3.2019834630139647
949,6.572580226600084
950,8.01782450410807
951,11.421928245295241
952,5.522004422211788
953,4.25454446824743
954,3.012519557394539
955,16.895594662213817
956,2.919636148050362
957,4.556612022314203
958,6.207178204097554
959,3.4930248668780206
960,1.8403040345269785
961,1.391167839579624
962,0.77472207527549
963,1.1699122058659304
964,3.818065777884387
965,4.890889343011125
966,7.456081936226921
967,2.8022693934322063
968,0.7922523244661673
969,2.874555329954232
970,10.40523063473463
971,3.564622375570505
972,9.423427252654248
973,1.1951631679348607
974,4.986190059411372
975,4.8865047206011685
976,4.150059652351043
977,3.7055431782164208
978,12.56725569656167
979,5.459364984513303
980,37.75682528687574
981,8.714689862672744
982,3.1878787693969532
983,3.0277993210130933
984,3.089294682887058
985,4.491359464692954
986,2.5076150106015676
987,19.783485593904917
988,5.6965414148572195
989,4.529402130951459
990,3.0065892052060534
991,10.440185403176306
992,4.669192281976098
993,2.855001557215078
994,18.238524830569016
995,2.724860165552918
996,1.80959435810613
997,6.547927985918553
998,18.3962941362253
999,10.915130483742187
1000,1.6315753798267028
1001,3.982637923037554
1002,5.287616693565899
1003,1.391167839579624
1004,5.491652691774513
1005,1.411492401789983
1006,2.4147169560499386
1007,5.748873799054517
1008,2.8654082953965214
1009,7.121361458433911
1010,6.497258209310549
1011,11.384653934958317
1012,3.235699288210768
1013,4.761149673552419
1014,3.0273793807854776
1015,13.048293531685616
1016,1.9210783867586505
1017,8.462325090898673
1018,5.947226262751491
1019,3.221121518439463
1020,7.266597550086439
1021,3.1378411056687923
1022,7.201563146590336
1023,3.808371418087097
1024,3.9535156099559488
1025,4.239408006786583
1026,4.895170751785586
1027,3.2079740472483445
1028,3.0467605303975454
1029,5.69139241185122
1030,9.147393718288615
1031,3.336885048760515
1032,4.130355900818317
1033,3.0214978942435136
1034,2.2559734346782587
1035,4.162972936374613
1036,8.48651086153976
1037,3.8850274992479035
1038,11.209791924756454
1039,6.092653637353488
1040,6.862121474956361
1041,46.4639608711544
1042,7.476835506495992
1043,2.268580213299508
1044,7.456350323253112
1045,5.55031490389988
1046,7.178543844217684
1047,2.8516584886020864
1048,2.5912549992878535
1049,2.903586315424719
1050,4.247356538698337
1051,5.044989188618021
1052,8.72129440738354
1053,3.914599878836263
1054,6.947130931666785
1055,1.9242322888899268
1056,7.130958665191182
1057,4.325307240326379
1058,13.270912614142361
1059,8.234926094724317
1060,2.970145289893318
1061,4.895740093769613
1062,8.5970453935147
1063,13.454875113037016
1064,10.295846749187154
1065,6.611209808226041
1066,12.611141591701694
1067,1.1524231528532902
1068,5.161698360772446
1069,0.8650360292109288
1070,4.992338888283522
1071,6.578137226364269
1072,10.472546693397184
1073,9.355166456736125
1074,2.394141031803162
1075,3.818065777884387
1076,5.963991179471858
1077,3.985106093470033
1078,4.72056607898065
1079,9.872728428894108
1080,3.0450798027459336
1081,4.756727286766214
1082,4.387805442159059
1083,4.445034321795659
1084,2.97401841871482
1085,2.3176980040529647
1086,5.747208832613951
1087,12.445644181297817
1088,5.404125391620928
1089,12.81547122849252
1090,2.919636148050362
1091,2.083881746763313
1092,2.645196281938385
1093,4.061691673625477
1094,4.2366743164505625
1095,2.2304708862497313
1096,4.017126850108743
1097,15.719977470970468
1098,2.4251909474571343
1099,6.714906931796743
1100,6.362205706519089
1101,3.5769235081275923
1102,2.8454272600782846
1103,9.014113776455977
1104,3.6434336916365297
1105,5.14834728289113
1106,5.151214462746993
1107,2.570205931976401
1108,2.533175761200086
1109,7.986127012072875
1110,2.876891753008486
1111,3.534535390577549
1112,3.3643576946608866
1113,3.106147789684268
1114,4.52424504671941
1115,10.981795469243627
1116,2.149232728986664
1117,2.439427462388928
1118,3.325208586368197
1119,2.1723847172782365
1120,7.469471850693354
1121,4.1487213700618435
1122,4.271216691584466
1123,6.861797905391377
1124,3.5712942825332505
1125,9.329236324879831
1126,5.214181002163384
1127,8.858019024749627
1128,6.818427515261531
1129,2.0994225072370116
1130,5.239159890644518
1131,4.190319885720026
1132,0.7581285996941841
1133,5.279863199725096
1134,10.42820102394092
1135,2.773716659100342
1136,6.092653637353488
1137,5.0133013739460965
1138,2.350143388562244
1139,4.062527336959642
1140,3.399646212535931
1141,3.027232498129034
1142,1.1927916172922304
1143,4.879338590514548
1144,15.777667089181636
1145,6.053429656431992
1146,2.715427571083341
1147,11.034360733029034
1148,7.645175630880317
1149,1.4160237475347135
1150,11.845202052683293
1151,4.301636469783615
1152,3.56673514133545
1153,7.4507890444754885
1154,4.194239475540492
1155,3.6903312452409445
1156,6.699572391990376
1157,3.197051020284249
1158,8.189309660162449
1159,6.219767917431304
1160,6.429407529960534
1161,5.936373723677761
1162,9.22393998009562
1163,11.028016619712472
1164,1.5899937797885464
1165,5.583137720963774
1166,11.358982881816484
1167,3.5043991192208224
1168,10.349689473313044
1169,2.171108187843693
1170,6.705798846765932
1171,3.6928500872847945
1172,8.95568766549709
1173,5.180488335860819
1174,6.407430087277982
1175,2.02038769581596
1176,7.51430879898301
1177,1.5757634691083189
1178,26.840729346687283
1179,2.226122643679816
1180,11.632157633042848
1181,5.058067814939057
1182,3.3605046356460417
1183,4.2349816308374875
1184,11.776508810196285
1185,3.142331227825915
1186,7.227055551371815
1187,1.2836309102060182
1188,4.301278963722271
1189,5.74419799203379
1190,3.4080312539257878
1191,2.0415898764736453
1192,2.1853369134748055
1193,3.1316388811472438
1194,6.07358127803628
1195,3.0690666493625365
1196,7.953055911315661
1197,4.165093237401444
1198,6.017738917592757
1199,7.428016788865957
1200,7.227055551371815
1201,10.809956380082129
1202,9.09895064812632
1203,5.3923261976922605
1204,9.889812046865998
1205,5.29077074792754
1206,11.618965182553382
1207,6.336703152799353
1208,1.8023788498211337
1209,0.606100361246729
1210,3.6950064682415484
1211,12.738443367804305
1212,5.022763229066314
1213,6.074022443841118
1214,8.714689862672744
1215,3.159827413844908
1216,8.758687934460024
1217,11.884793383899355
1218,3.21272536541249
1219,9.089120762608799
1220,6.305097166367639
1221,1.9722959917925362
1222,1.092351682231703
1223,4.3401486723224
1224,3.7460073755007373
1225,4.723429427844535
1226,3.5639163993062555
1227,2.4341488263581117
1228,6.378601865426226
1229,5.116128016190356
1230,5.766495202664504
1231,3.3896114715985926
1232,11.071183519126075
1233,8.189309660162449
1234,1.4647989634816916
1235,15.811481233421192
1236,2.499429708986414
1237,4.804442181666257
1238,4.085342935134646
1239,4.58743346641932
1240,5.367526259750688
1241,3.3365410576331733
1242,3.9825993196070995
1243,12.664479523903669
1244,1.075556902776551
1245,12.616395688696871
1246,8.18173109808236
1247,2.97933402785343
1248,4.0146364630620415
1249,3.875847631469848
1250,2.566296356778207
1251,2.8538505410272124
1252,11.841627401551548
1253,2.52465062173597
1254,9.352888566898946
1255,3.3822895110135214
1256,6.305097166367639
1257,3.3613680325036968
1258,2.736001811159679
1259,4.826825203577353
1260,2.4250759789310488
1261,18.018396981263855
1262,4.507885700827565
1263,13.06142077375353
1264,5.0390776760425595
1265,1.92408025191965
1266,1.8404014007469018
1267,2.6467890501097795
1268,7.665143226815772
1269,1.8801551734763133
1270,2.4609871107614785
1271,1.9480723772449533
1272,12.46111067235229
1273,2.692657343186936
1274,3.733498932357439
1275,7.908083001908953
1276,31.23222864393008
1277,3.357252954642892
1278,8.920816996908718
1279,4.409299451706717
1280,0.27136331587808316
1281,5.7612621392844385
1282,1.5242378270330428
1283,8.18173109808236
1284,2.979590553409774
1285,31.546082175042546
1286,5.694440235198801
1287,4.900456627543775
1288,8.681578368173588
1289,4.1769639235905895
1290,4.0152642977773
1291,4.116235543353861
1292,3.8863030224442086
1293,8.738362770130477
1294,3.740135288633974
1295,6.343082235398927
1296,7.706967176486388
1297,0.9905795351167686
1298,4.343252782435199
1299,3.4007678381402275
1300,3.3548197246502105
1301,15.656723609626638
1302,7.965390595238258
1303,12.029581762473653
1304,2.4221998208134323
1305,14.575997787819546
1306,4.026179522851457
1307,10.465159521268909
1308,6.260658737141372
1309,4.328139265712753
1310,1.7750377840647964
1311,1.679018111693645
1312,15.765741803201863
1313,3.444540633337068
1314,4.081020547358836
1315,4.398480476300017
1316,3.202556470397567
1317,4.5303876808742745
1318,24.051352839691077
1319,3.9548437922582913
1320,3.148698738217501
1321,4.916289430061547
1322,5.606277367366224
1323,5.965527136935231
1324,3.3770582305273003
1325,2.9171531258944636
1326,2.333128084609341
1327,3.6761835601425243
1328,3.5572913352369957
1329,3.0687430480812297
1330,2.1864773347750197
1331,9.167568461306685
1332,4.175110222062241
1333,1.3077756665845142
1334,8.086934178725356
1335,2.7407024503566184
1336,2.6440229491975447
1337,1.5318323833571768
1338,13.805110670614718
1339,6.8792166945988855
1340,9.105926349441688
1341,20.03974385430931
1342,1.1647527224235106
1343,3.2626744460839143
1344,4.93108719351797
1345,2.7265607963930893
1346,4.901314710153525
1347,2.874555329954232
1348,0.9540510216705844
1349,2.6014179510004456
1350,2.2360576026738657
1351,9.17025853468685
1352,3.063763024510401
1353,4.305558983233013
1354,8.329146785120708
1355,6.75117046021006
1356,7.859117280610289
1357,3.633896029571197
1358,7.7771188482513525
1359,0.9136210607674227
1360,2.745362252949832
1361,10.114401912350152
1362,1.606402059460475
1363,9.21183104863996
1364,10.440198058734437
1365,3.539139151284302
1366,3.3414913108437654
1367,2.8263357399971487
1368,3.5482678278784427
1369,4.712520800827097
1370,11.225294509531695
1371,13.239949870623903
1372,3.321018443899642
1373,0.5817964700050993
1374,10.877186275462554
1375,5.010210109541621
1376,2.8517151335503423
1377,4.79701561955516
1378,3.982200830114007
1379,6.303436493923359
1380,9.483796038174692
1381,2.8869649811623845
1382,6.266866049105173
1383,3.6423762911907995
1384,5.422876762782506
1385,5.3580506894986994
1386,3.872586483732672
1387,3.9156578498472387
1388,2.8119969495214794
1389,6.6305375491803975
1390,6.322520254022939
1391,5.580933800332794
1392,2.5824590458790517
1393,8.591848414354043
1394,1.1986619054896792
1395,2.5216010331351772
1396,1.2834087129691443
1397,9.080694235225089
1398,3.719783659537769
1399,10.285257662526803
1400,4.105361155454598
1401,2.0824804044825216
1402,7.011473670655629
1403,4.745522222913041
1404,3.148013365698247
1405,6.3888854401586945
1406,8.452617417453396
1407,5.585531959164486
1408,17.320354701389064
1409,14.554784431037346
1410,1.9880554721818218
1411,2.170676910825262
1412,1.8744558679119008
1413,8.426882643841905
1414,3.7152157867555897
1415,4.813197643612796
1416,4.389632256506694
1417,4.780159630052512
1418,6.587519584427277
1419,6.996184063684127
1420,6.688615747526258
1421,6.134779918133312
1422,3.339501597653707
1423,14.890196394338739
1424,15.095021088605087
1425,3.511086778510952
1426,3.228113081404035
1427,3.872586483732672
1428,5.0774785265579405
1429,2.3110348321133993
1430,3.65055715676013
1431,10.3180462702
1432,3.31071177564652
1433,3.0572699605274147
1434,12.099330604197895
1435,3.3668705259182867
1436,3.0194800910197404
1437,2.2780390573515312
1438,6.409182630294562
1439,2.489042246136874
1440,14.402685249968842
1441,4.242242771645622
1442,3.7150121930540037
1443,6.53922670131043
1444,2.8190179558217046
1445,3.683356808823304
1446,3.868741724015953
1447,5.1832410142124
1448,10.120585111702807
1449,2.7799822375809833
1450,4.405244602362905
1451,2.4126645411196437
1452,7.076462979912934
1453,5.370125331768438
1454,7.8321649321708975
1455,11.933723252785605
1456,17.93999514946159
1457,1.362694932683966
1458,2.0130394382549883
1459,5.5747028909332155
1460,9.231646659451197
1461,0.3694510875202923
1462,2.344506918062554
1463,5.314397678860644
1464,6.464076590492288
1465,2.813732818012755
1466,3.769346733418105
1467,1.8264100064110353
1468,2.1783691009639417
1469,9.568595743742623
1470,2.797486720253018
1471,5.486918833035478
1472,20.68026964181703
1473,5.754017569762203
1474,4.229254753610738
1475,10.064947137565653
1476,4.067934213909579
1477,2.466777514734147
1478,3.182432135781116
1479,3.4667823328930556
1480,9.231646659451197
1481,17.65645021166443
1482,9.835117786196816
1483,2.439789249514495
1484,4.644553460335307
1485,10.70621303064845
1486,1.0949232738270198
1487,3.0354815599290483
1488,7.770429563060878
1489,3.1292726616470623
1490,8.606806440730146
1491,2.8654082953965214
1492,3.622883277039978
1493,6.30047455674159
1494,4.847431768683898
1495,5.7121908113039614
1496,3.764683041093798
1497,3.7857056062529235
1498,8.090768604756157
1499,2.8445290885133745
1500,8.10311629809392
1501,0.8510608747232382
1502,10.431982026848054
1503,14.554784431037346
1504,11.09564436290998
1505,2.475067531505871
1506,0.6205045390833427
1507,7.101714219034953
1508,10.490878681376225
1509,7.164583455463915
1510,1.785078465838706
1511,4.5303876808742745
1512,2.8837626074331704
1513,4.170194509080001
1514,4.20384983985028
1515,12.11607748838146
1516,8.775625275420941
1517,9.15279620260159
1518,4.6165374725459785
1519,3.7660488357902664
1520,32.00936439695882
1521,3.3788124430661295
1522,2.2564491737370203
1523,1.466395445254569
1524,5.279682298181585
1525,7.840028587329207
1526,5.254847087203482
1527,5.224428447655579
1528,6.611493220243293
1529,10.450075294383504
1530,3.455016647135195
1531,7.008151968026757
1532,5.314148906835325
1533,1.0527672936925003
1534,3.082992826486375
1535,5.367526259750688
1536,3.9083279390107384
1537,4.20783996491295
1538,11.477377985162716
1539,9.881298018545966
1540,9.635090151889402
1541,4.669658154457998
1542,2.2901455582145926
1543,5.004129645684352
1544,12.535065056914782
1545,2.3874337860166506
1546,1.7697230752265303
1547,4.801892611026707
1548,9.15279620260159
1549,3.5384220906378867
1550,3.766827258398368
1551,3.23936823922171
1552,1.8745143381531102
1553,3.993251127649696
1554,1.9994620917558528
1555,4.5870959318020805
1556,3.000295256858953
1557,1.0224628459909695
1558,4.841468804000436
1559,10.555705348187997
1560,1.4480356104935483
1561,1.516063160268778
1562,9.621998511141614
1563,7.1053452318055355
1564,3.2704320998636103
1565,1.9699361989088349
1566,2.279248121754172
1567,7.011473670655629
1568,16.695088394634787
1569,8.419881374862
1570,8.590565214965297
1571,9.77234894266753
1572,3.972966556726356
1573,5.2216405057949435
1574,3.036959033042435
1575,20.05041909659287
1576,3.16511187950081
1577,5.339062510421339
1578,3.695929239785122
1579,3.4543262986275303
1580,3.9661396772732
1581,20.68026964181703
1582,3.1394978988189384
1583,5.3879393609760005
1584,2.6352273098514476
1585,3.569287351857271
1586,16.507829795125218
1587,4.726407621405399
1588,19.29497536719634
1589,19.29497536719634
1590,5.087941355414865
1591,0.9569504473932002
1592,3.717052346038988
1593,6.97364026002881
1594,2.8951913780991823
1595,3.237136731939138
1596,0.2458744254610062
1597,6.763156294558865
1598,7.776522006103909
1599,2.7618512573438045
1600,4.658466533605009
1601,5.9938042543921695
1602,10.559573971878363
1603,3.7187487962994847
1604,4.4546974558866586
1605,5.630332089384714
1606,4.334307561810106
1607,17.220105707337435
1608,14.219500327062502
1609,5.149762227042906
1610,5.721974321697412
1611,13.270912614142361
1612,4.002115264725525
1613,4.194866673924195
1614,3.3845352198267453
1615,4.039221052857948
1616,11.037883863670432
1617,12.313833561189282
1618,1.4428040950442889
1619,10.698360203684594
1620,2.543011122960809
1621,2.235649128104856
1622,4.224355102076512
1623,6.212386119286009
1624,4.514938766826582
1625,2.494502486498582
1626,7.552119335113981
1627,0.7507259530416339
1628,7.076998597155312
1629,3.465862858167513
1630,5.59077034758588
1631,1.1783262598630069
1632,3.707466593254921
1633,6.858326830194499
1634,4.231185388749786
1635,4.556728988642356
1636,6.1853944529962375
1637,23.03285657308866
1638,8.146195701834479
1639,1.1588626740991168
1640,6.978419777525326
1641,11.083192184297022
1642,5.161698360772446
1643,3.393799085622384
1644,1.9480723772449533
1645,2.136351077015521
1646,6.737304373339693
1647,4.471040789772403
1648,2.7216084334858706
1649,5.078314969997927
1650,3.7108250409204513
1651,5.210678321749789
1652,3.385894945401862
1653,3.6629410983432233
1654,2.2567467634210447
1655,7.267000713900815
1656,11.872353608577543
1657,4.128716346658641
1658,9.157551825787097
1659,6.588071999186515
1660,6.3743543254259185
1661,3.910842474686846
1662,5.303714834238076
1663,4.360521609772784
1664,8.227920276182687
1665,6.668365944725709
1666,8.986728837494041
1667,2.7795261723724107
1668,6.916496764950587
1669,3.602424344760052
1670,18.335408822378525
1671,11.653643273815808
1672,5.450470250739867
1673,9.566415825106874
1674,5.804673330187609
1675,3.339501597653844
1676,9.60627190244009
1677,3.059597611868562
1678,12.645870267930096
1679,8.441436930661203
1680,2.1493526237899108
1681,2.524097671267982
1682,4.148840093056368
1683,5.393662220644093
1684,2.7445993530181436
1685,3.629560756263094
1686,5.4797899492196995
1687,9.540879326856018
1688,4.329509755756922
1689,8.292332041596305
1690,9.25165255483294
1691,5.01554726211972
1692,3.5338828229938497
1693,1.4428040950442889
1694,2.212182109941692
1695,2.230561475646977
1696,16.209342545629074
1697,3.810202119760737
1698,1.7016004471344937
1699,4.1668563395103515
1700,3.192594973889004
1701,2.8032355454618014
1702,3.623078030536822
1703,3.2204180715718835
1704,5.7672623908080745
1705,3.6506487657166042
1706,8.327598500119882
1707,4.3542806919159345
1708,7.3281822308957745
1709,26.840729346687283
1710,3.997299387072285
1711,6.302856500160693
1712,1.1468223199147407
1713,3.0587025164939776
1714,7.2025817425893806
1715,2.637502773007575
1716,4.336661316140873
1717,3.4034344716408236
1718,3.0386036525241806
1719,1.1896920719201027
1720,3.34351481876713
1721,5.445849538092591
1722,8.948084972228047
1723,7.1799894332093865
1724,3.12009960803384
1725,2.9345558220478023
1726,4.625210291466092
1727,14.089360379817013
1728,4.469557070953487
1729,3.813364475909874
1730,3.661223497253284
1731,7.847099725939332
1732,4.2778218814017475
1733,2.131517104921641
1734,0.77472207527549
1735,4.1462832393751645
1736,4.691078572463143
1737,3.2189171964993992
1738,12.46111067235229
1739,3.7500531323639015
1740,4.410419014697177
1741,4.345888192455578
1742,3.3736614334534427
1743,1.2554366113399784
1744,4.765962373585671
1745,6.40535761390954
1746,8.168465081351748
1747,11.10732623768169
1748,9.15225918605111
1749,10.143711406868979
1750,16.390912330223372
1751,6.950483239489595
1752,3.8733330775381627
1753,46.4639608711544
1754,6.116635434479299
1755,4.954863122145369
1756,2.5042237032389423
1757,8.31713331764626
1758,6.176596646745768
1759,3.396050400236841
1760,8.09765825314284
1761,8.85442893902964
1762,19.546767208461084
1763,6.536325838955666
1764,11.034360733029034
1765,2.5223653584992825
1766,20.301327364638173
1767,2.673947468077913
1768,3.8388638222722027
1769,4.859673042351468
1770,4.212739425197159
1771,5.961963888223293
1772,2.4503208456179704
1773,6.263392269951957
1774,2.776652847291144
1775,5.400613427462523
1776,1.7137960673810535
1777,9.24438896974868
1778,11.20677650633861
1779,1.8453739605602115
1780,0.45297155648683585
1781,5.208228080593661
1782,7.584944488532179
1783,1.9141989659053402
1784,19.41545726457797
1785,4.074654522313408
1786,4.06740772636607
1787,6.101568039495938
1788,0.6022405057499215
1789,3.1498768075288504
1790,4.329509755756922
1791,2.8678498810182753
1792,1.3737066107702929
1793,11.041767278684164
1794,1.1162582715557843
1795,13.151472897705595
1796,6.9190582785826615
1797,2.025129722058423
1798,4.686077789695198
1799,5.595958953510517
1800,5.879642792855366
1801,6.885882902747487
1802,11.53741424557663
1803,5.461757193391806
1804,8.591718355958333
1805,12.990798202011783
1806,1.282939150445646
1807,4.434762920021006
1808,3.191287925642558
1809,4.689866024707505
1810,3.780142770248478
1811,10.981795469243627
1812,4.206969629767072
1813,8.568508488839461
1814,1.942988138331947
1815,2.77477863604529
1816,4.8865047206011685
1817,3.2176859163301983
1818,7.270740311076148
1819,4.419537443670332
1820,7.012321685942896
1821,2.0583086954790795
1822,7.389139591494739
1823,4.6120298628762475
1824,7.462515515880016
1825,2.7685474956280314
1826,4.064029801747573
1827,2.947901612402222
1828,7.493653748509161
1829,7.561762148383556
1830,4.334647893323536
1831,2.6101166269617613
1832,1.8468026743759198
1833,9.812234644521782
1834,4.964682371809205
1835,19.700980441178277
1836,3.253849235867598
1837,1.679830261778012
1838,5.111769409345263
1839,3.663982439611092
1840,14.16328384765234
1841,9.519096731885819
1842,3.039407845673198
1843,5.669375593318898
1844,2.4591049849846787
1845,8.788343243667525
1846,12.616395688696871
1847,4.414320713480923
1848,3.3534398200112947
1849,3.6893501477323407
1850,2.917247956807522
1851,2.7813159356823305
1852,3.490923719330986
1853,10.70315930838287
1854,2.0443536742457833
1855,2.6304033053975626
1856,9.569777446820677
1857,5.885435324002009
1858,10.869361384251416
1859,2.6371119251185697
1860,4.183383442185914
1861,14.908349406671867
1862,6.171816805790642
1863,3.648503582757583
1864,6.116635434479299
1865,3.303606850446816
1866,7.665143226815772
1867,4.162497149832101
1868,2.213716406676177
1869,2.0415898764736453
1870,2.9888306107808176
1871,4.317411517537167
1872,5.082701569596451
1873,5.8647910718364065
1874,4.092838257303448
1875,2.3960823814696823
1876,3.1156329595831056
1877,9.694870298953738
1878,2.085569777706328
1879,3.9795573053365993
1880,1.758476613435561
1881,2.658258910307521
1882,3.6126225249411714
1883,6.071876767835335
1884,1.6025798099666853
1885,3.2137184335964752
1886,7.850631330013286
1887,4.826825203577353
1888,3.3896247903856844
1889,2.869935749928674
1890,6.785140496362104
1891,3.3910059276609643
1892,2.818653494801625
1893,2.3226548001631278
1894,2.818653494801625
1895,0.7568109350028586
1896,8.998731468054405
1897,19.419321857061075
1898,3.0122789676126467
1899,5.137602881312366
1900,2.152077821938558
1901,8.33550717759816
1902,3.114473360493942
1903,3.6815990465095383
1904,4.7774887115931675
1905,2.2319745584443185
1906,1.4696682805514278
1907,3.874422930209743
1908,14.563782870244985
1909,5.548359964840306
1910,9.24438896974868
1911,2.649800983989112
1912,2.4606194387740916
1913,4.924501669329519
1914,3.3110944375185185
1915,1.1310177952576201
1916,4.605766293668778
1917,4.379566131388699
1918,2.9965573125179805
1919,3.7150000911865
1920,5.064455924627587
1921,3.985464696494723
1922,16.35510171260438
1923,4.539175387419243
1924,2.5726443182489476
1925,3.9970659044103805
1926,10.032535273197581
1927,0.5561112632256582
1928,20.05041909659287
1929,4.802672637259765
1930,3.780142770248478
1931,6.172945113241882
1932,2.204597193437594
1933,4.076903683621291
1934,6.940126454808318
1935,15.765741803201863
1936,6.1577339557563615
1937,9.629510465294436
1938,7.605111835717957
1939,14.55340947824054
1940,11.674536791560595
1941,1.7718492324350217
1942,2.6021869340398136
1943,13.247600173197922
1944,4.482173660965436
1945,2.4713240321609025
1946,3.876562130106613
1947,2.663503167581641
1948,12.5213518088769
1949,10.285257662526803
1950,14.165366056437081
1951,0.3582606936538505
1952,21.198626400589717
1953,5.339062510421339
1954,2.7216084334858706
1955,1.6083163103411444
1956,2.3406276909446437
1957,3.166898142910962
1958,11.358982881816484
1959,1.7419082264718924
1960,13.277608930394706
1961,8.323737121344667
1962,3.222347747105474
1963,3.0358098206512234
1964,4.140475328094194
1965,4.1768900137287925
1966,9.227844351526462
1967,4.082734273286425
1968,4.353546182507407
1969,8.559697654499807
1970,2.8179766813627993
1971,5.014169419193235
1972,5.739866253984152
1973,9.540879326856018
1974,4.807840129735764
1975,2.4972169312410237
1976,13.676121488195648
1977,13.164694115767269
1978,3.0373702940734546
1979,6.647341367699446
1980,3.0211576503047093
1981,6.1094047961370315
1982,2.6015278667828916
1983,7.235309579191821
1984,3.7681251156099917
1985,6.705798846765932
1986,4.977154120653471
1987,0.2655509973950927
1988,3.095397995416946
1989,5.207402421483412
1990,3.0894397552360315
1991,3.655861779549895
1992,4.805047662772098
1993,2.9447193630112674
1994,15.943296263709188
1995,5.789021477168434
1996,5.700685984221034
1997,7.326110128744843
1998,5.012345301321839
1999,19.599264888711758
2000,1.259562704786175
2001,3.02121330593344
2002,3.7530849404091517
2003,1.328345548453169
2004,3.7557568269889723
2005,4.959190068045131
2006,3.282671220969485
2007,3.3365410576331733
2008,8.027348165413827
2009,3.701138745063319
2010,4.05101487871201
2011,5.241238243663981
2012,8.568508488839461
2013,1.7981596660493901
2014,4.570129680691059
2015,11.419359389859137
2016,1.1927916172922304
2017,3.9609810602900892
2018,11.419359389859137
2019,4.703642953596274
2020,1.4593641806830935
2021,0.8536915655741111
2022,15.87416552360672
2023,4.1481731746979165
2024,14.496135071978888
2025,4.635138197846571
2026,1.5456557383691463
2027,2.6392266465449983
2028,9.105926349441688
2029,12.241000638038605
2030,2.8190179558217046
2031,4.319422528398279
2032,12.54435629508141
2033,5.1837262149021
2034,6.47815583333398
2035,3.6194602344172044
2036,8.758687934460024
2037,5.303051187938076
2038,10.653838077343107
2039,3.3610746831890674
2040,6.1463073115086235
2041,4.154122537494245
2042,2.6385433308759874
2043,5.451685319672057
2044,4.38628130568493
2045,5.406220294214308
2046,4.25454446824743
2047,3.4072758161007863
2048,3.2159889545124316
2049,44.568150721309514
2050,17.760203953580646
2051,1.8048087711751777
2052,7.725143643183358
2053,9.660145270255573
2054,8.210905655931992
2055,16.206521630352295
2056,2.8581378682684937
2057,3.632899395240097
2058,11.295190278804238
2059,38.87602463845773
2060,2.0909080929944297
2061,3.38736233854481
2062,6.812161082769785
2063,6.611209808226041
2064,5.809707279427946
2065,9.481653243567278
2066,3.494248921007472
2067,11.905427390948335
2068,2.277515629172576
2069,4.1825241765063685
2070,3.145302203544859
2071,3.8320671989552433
2072,5.7957045743917694
2073,5.772781693878146
2074,16.339611789204042
2075,3.680595286164743
2076,3.665202078673472
2077,3.5528229919057535
2078,3.090136397287113
2079,5.053943507941449
2080,4.924334681809621
2081,6.473985098380274
2082,5.195834465991692
2083,2.3430067717750407
2084,12.703628194350177
2085,2.4210151519965932
2086,3.642459499546314
2087,2.899627996112442
2088,3.2265634206117944
2089,3.67884978555619
2090,3.3979091928812535
2091,4.409299451706717
2092,3.7640592495742444
2093,5.295162971803898
2094,2.8657921425511845
2095,9.02594091874745
2096,2.2911180221165743
2097,0.7884408542699671
2098,8.111023018456443
2099,13.019693937410144
2100,3.938573397339426
2101,1.0636022469321882
2102,3.5419822931027616
2103,4.237421475262893
2104,3.08934708636204
2105,3.2749121824169705
2106,28.896313721801896
2107,6.295549762728948
2108,2.791771046766014
2109,2.4151394151571535
2110,1.6250299442196727
2111,4.476566943403099
2112,10.01217175631055
2113,7.546776571772837
2114,3.8291357418299463
2115,3.2909986109199045
2116,5.882027095189927
2117,3.0910408015228534
2118,29.74554451196119
2119,2.1420579048132624
2120,2.1864773347750197
2121,4.928160007456572
2122,8.313565143023446
2123,7.270740311076148
2124,1.5757240753012187
2125,4.4608733435673935
2126,5.029002990954569
2127,13.418481044110775
2128,2.959450528087338
2129,2.9084193047751326
2130,4.081020547358836
2131,3.2957432275421312
2132,3.148013365698247
2133,4.013110424802388
2134,8.200452118245686
2135,2.18907890745065
2136,3.9768823545074796
2137,1.942427347605646
2138,2.174530584178017
2139,3.0229991208860594
2140,1.5429163075986152
2141,2.3922206026187665
2142,4.131303933971284
2143,3.07648721367146
2144,3.0065892052060534
2145,4.669658154457998
2146,2.594113402726467
2147,3.2547464780607425
2148,2.690027645164748
2149,8.849831740587229
2150,5.1449038082010015
2151,9.660155015981362
2152,3.318511717569626
2153,1.2099448171642815
2154,9.556718513069672
2155,4.124875553527713
2156,4.865379644610869
2157,5.3580506894986994
2158,3.160266566903182
2159,9.802615029351488
2160,5.714739812970242
2161,9.123664240674266
2162,1.3007688587789599
2163,8.15263972342441
2164,3.322408151920051
2165,2.930636921857968
2166,3.1708476948282747
2167,0.5288635562954377
2168,19.503704784793605
2169,6.5793708898313765
2170,5.947226262751491
2171,2.6241150584973325
2172,5.869775606312674
2173,6.964358322550168
2174,5.864531308934107
2175,7.776522006103909
2176,4.129886402674914
2177,4.041509622890794
2178,2.867060407300806
2179,17.606236978182316
2180,2.3571514004214706
2181,1.742999893690434
2182,5.752067372592068
2183,2.4147169560499386
2184,8.345007997149322
2185,11.24062218691636
2186,3.2388112344587614
2187,6.076930245171171
2188,3.4191938853888595
2189,13.029694022685414
2190,2.8678498810182753
2191,4.242242771645622
2192,1.4279353023923993
2193,4.608577626959155
2194,4.735668471573865
2195,0.38606090832364565
2196,4.197178000044172
2197,4.466201102515952
2198,13.660346160141392
2199,5.591386155887225
2200,9.188153932130978
2201,1.4915559306402018
2202,4.285200987000012
2203,2.780037587509865
2204,3.598969451858014
2205,3.039407845673198
2206,3.9768823545074796
2207,4.17233005121609
2208,2.7358599952455114
2209,3.232921060489503
2210,1.3954185199305407
2211,2.1182142690465295
2212,3.5892931435916218
2213,4.085342935134646
2214,4.4593723056163865
2215,4.901957124315127
2216,5.8475779200510365
2217,12.481855370508574
2218,7.491708587367632
2219,6.808962088054984
2220,5.35067341630655
2221,4.945015480369049
2222,4.219055896882099
2223,2.475067531505871
2224,2.618612953416438
2225,9.600919323363822
2226,1.3548990189277461
2227,4.112706207184916
2228,1.5587758158279972
2229,3.7547888611904607
2230,2.86345368902487
2231,3.5790638050607395
2232,4.9034018729295035
2233,2.859861652039128
2234,2.8822080458355575
2235,1.4142024393214851
2236,2.7588266250546964
2237,3.4011792981155335
2238,28.896313721801896
2239,6.176681500109238
2240,7.271739477688917
2241,15.493693450729106
2242,5.904506900697656
2243,3.615971674940467
2244,3.215399471868419
2245,5.499857502861588
2246,5.772781693877765
2247,20.294458168968852
2248,3.9522985901003893
2249,3.878012803322894
2250,2.171144449446731
2251,2.9101930003554806
2252,17.40680091266031
2253,2.5665616996491094
2254,1.5634061114267912
2255,22.65347026249245
2256,11.07169212380161
2257,3.607542273577043
2258,5.98278499831324
2259,3.282671220969485
2260,7.833354592329792
2261,6.8131186295788035
2262,10.132815438634909
2263,4.449939537881291
2264,5.953149451825102
2265,3.601946078443121
2266,4.785241763614113
2267,7.070573260392062
2268,3.8521892911743105
2269,3.104106781922893
2270,7.213102098420128
2271,8.208972420749859
2272,1.531078470794815
2273,6.611493220243293
2274,6.048147751109763
2275,8.432575094421388
2276,1.4835596013221852
2277,4.87956543635543
2278,1.368116092281034
2279,38.87602463845773
2280,31.23222864393008
2281,7.076998597155312
2282,19.454525369825557
2283,9.137422462830179
2284,2.410200276534275
2285,2.617084972536806
2286,9.833082699576826
2287,1.723345833165348
2288,5.3114040719264715
2289,2.2120116000431334
2290,3.774598349795128
2291,2.149232728986664
2292,2.6529989629810506
2293,8.703913609517933
2294,3.2585664327489146
2295,1.4555322713138468
2296,4.536283687328463
2297,8.31713331764626
2298,0.5395198944318772
2299,2.376094470602649
2300,8.469478557932947
2301,1.596380906394621
2302,4.352885765087153
2303,4.375150584132254
2304,10.45891406441586
2305,9.208637377008541
2306,6.050087152368703
2307,5.953149451825102
2308,3.090977974812961
2309,6.6277443876542375
2310,8.706362453236936
2311,2.289346842433817
2312,4.176811902741274
2313,8.742939973571088
2314,11.920431346342909
2315,8.368552386501396
2316,2.6392266465449983
2317,24.051352839750578
2318,2.230561475646977
2319,4.261091227318809
2320,4.353546182507407
2321,7.3895723600399
2322,3.762708638126076
2323,3.807152593904603
2324,4.194866673924195
2325,7.6259282587723005
2326,3.291456458897348
2327,2.197591547096574
2328,3.5331394679152264
2329,8.280881364142532
2330,2.794154924863665
2331,2.350962290461134
2332,3.528520209606457
2333,5.370125331768438
2334,10.066656574293436
2335,0.5051970331482833
2336,16.33639403589465
2337,1.8832009821238707
2338,1.7555012786339017
2339,4.081541472960958
2340,20.111350177551206
2341,3.1344476690450302
2342,1.9598309542704622
2343,16.29566362009632
2344,4.77399499042522
2345,2.572081169765365
2346,6.280571703772202
2347,17.701725325904963
2348,13.68565160611627
2349,15.228230948277863
2350,6.429407529960534
2351,3.8954068472313335
2352,5.004129645684352
2353,4.216654015882976
2354,2.8517151335503423
2355,3.1491753026652916
2356,3.5419822931027616
2357,2.7795261723724107
2358,1.7534857653698053
2359,7.342457729474616
2360,7.111634123263241
2361,10.651058445061878
2362,12.110066681255658
2363,11.816677828842549
2364,1.2033441281747455
2365,9.405765350785149
2366,3.651510916404063
2367,7.633076433309178
2368,1.5767646171972496
2369,8.73648992082795
2370,4.635182751267318
2371,7.219588386748417
2372,8.372186987543824
2373,4.895170751785586
2374,5.402416501952682
2375,4.387454562253947
2376,12.197362327493442
2377,2.799394231205902
2378,3.6632557748080976
2379,4.124875553527719
2380,5.882055905129365
2381,11.225294509531695
2382,3.9342410775752668
2383,8.451103589135094
2384,4.630029172653569
2385,4.445231138980289
2386,14.452350027888553
2387,13.78880040469099
2388,4.34870930446772
2389,4.987277036153592
2390,3.345636352283991
2391,2.311961898475911
2392,5.642254462925299
2393,6.946636753575776
2394,12.304698686140785
2395,3.747224597257392
2396,6.336112616451484
2397,3.7123643277314766
2398,3.686214470736286
2399,4.580601707741789
2400,6.913265477525268
2401,5.5898751825842385
2402,8.419824173400523
2403,6.134779918133312
2404,2.9382726102581227
2405,4.407946674802548
2406,8.48651086153976
2407,2.8054591201706227
2408,5.973194759514776
2409,2.2965843672813766
2410,4.65249346314152
2411,7.8401719360820845
2412,4.154244645040631
2413,5.794507132928206
2414,6.424542581066007
2415,5.065497747406526
2416,2.4972169312410237
2417,4.635148290573393
2418,8.526934033122105
2419,5.5957907349681895
2420,6.654666880364082
2421,6.151630426684507
2422,6.667446846291692
2423,2.18907890745065
2424,1.8832009821238707
2425,2.9902154981001154
2426,11.552571516013673
2427,2.0937106267430763
2428,5.726741863013507
2429,3.6410048440622167
2430,3.264727921106558
2431,1.2645473536584215
2432,3.2878620846050413
2433,2.279248121754172
2434,2.995977079935681
2435,18.84190175264671
2436,15.0500200423347
2437,3.34406670198529
2438,3.8670599009244393
2439,5.7799617409178765
2440,8.083076074664042
2441,10.334213286017846
2442,3.11398399821471
2443,3.357821177499424
2444,5.003243023146691
2445,6.4674786265707915
2446,3.7660488357902664
2447,3.693482964210657
2448,2.4251909474571343
2449,1.125852012825321
2450,10.465989732914945
2451,11.343135546697244
2452,4.835666391771551
2453,7.997108756434971
2454,4.981343005530849
2455,5.04453997673524
2456,10.064947137565653
2457,1.1824333456309615
2458,5.448553477654881
2459,1.1347618029424158
2460,2.551696100334363
2461,18.70982788475621
2462,4.3401486723224
2463,7.408756095853269
2464,1.9764153719465307
2465,13.013966275808244
2466,3.165239549081233
2467,5.175823333902794
2468,6.886771190823544
2469,5.5643467196259175
2470,3.8307305653861388
2471,7.074723580917082
2472,2.5822159878112516
2473,0.5288635562954377
2474,5.645086237852961
2475,0.7568109350028586
2476,8.986728837494041
2477,1.707112312053414
2478,18.145682418268677
2479,6.309761132702011
2480,2.6368464126727327
2481,2.3086058373890177
2482,8.152121233454944
2483,4.620742969375386
2484,9.861592053772338
2485,3.565694097713582
2486,6.430401299935315
2487,9.16380429000523
2488,2.239913265555378
2489,6.428789914594624
2490,3.260213505585091
2491,5.75200642810506
2492,12.98706252519526
2493,3.576387611266818
2494,1.0051495375682813
2495,2.876417210228656
2496,1.009008638861346
2497,12.153240779303028
2498,12.803657329758629
2499,4.061691673625477
2500,7.686871181329837
2501,8.368552386501396
2502,11.198914330662623
2503,4.05771989210677
2504,8.22259467054914
2505,3.118809728157965
2506,2.9084193047751326
2507,3.146445780978842
2508,5.732929939949717
2509,7.271739477688917
2510,15.699656846895385
2511,0.8016351801194938
2512,12.664479523903669
2513,4.162727387480613
2514,5.108499647163156
2515,3.711934379064537
2516,4.352120048291502
2517,4.970036497035898
2518,1.5515460386651783
2519,7.068967707527935
2520,3.766827258398368
2521,3.707419027849504
2522,11.458386304089586
2523,2.3110348321133993
2524,4.169279474896362
2525,2.0059490798622375
2526,6.548343951740119
2527,9.486334146238963
2528,1.3869627178632726
2529,5.111205338687752
2530,3.0911373346778364
2531,11.569270820985345
2532,2.8046663970087344
2533,5.483304100367134
2534,5.566463392348057
2535,1.6099284974670405
2536,1.9077809450546503
2537,1.328345548453169
2538,11.209791924756454
2539,3.347056549200196
2540,4.106964829964611
2541,8.866828801767822
2542,9.71531684384178
2543,2.0957471012472437
2544,5.399379458905246
2545,4.514965877516684
2546,14.241143506661226
2547,4.918736027874799
2548,3.1010915988942473
2549,4.24262857484375
2550,5.841685194077014
2551,6.751722205560543
2552,3.3423136140993814
2553,0.8351803752069016
2554,4.312855273617572
2555,1.679830261778012
2556,12.063214887217585
2557,6.95601955923693
2558,4.318749072090624
2559,2.872168629637176
2560,3.9883354799540984
2561,3.455439311226361
2562,2.281040054028168
2563,1.6250299442196727
2564,2.9315918171031075
2565,13.689079149375619
2566,6.802074875827725
2567,3.2595449072375207
2568,6.4674786265707915
2569,3.7408799812817564
2570,2.4042920380698947
2571,1.5879690434467522
2572,4.849714716718377
2573,2.6535148494295355
2574,2.6965248454179642
2575,2.3960823814696823
2576,15.719977470970468
2577,5.43924248315956
2578,3.2137184335964752
2579,3.0940876799057433
2580,5.8858063614399905
2581,11.342804261037234
2582,11.041767278684164
2583,3.7640592495742444
2584,3.6932921586699674
2585,7.428016788865957
2586,2.350962290461134
2587,6.296629619617252
2588,2.2953458580670305
2589,1.5077843388905605
2590,4.101789387166748
2591,15.931295544843024
2592,5.7612621392844385
2593,6.9435018907828985
2594,10.132815438634909
2595,4.015890420722427
2596,10.657705672451034
2597,6.065609866193889
2598,5.003572498034865
2599,9.295827692189361
2600,6.31131241331996
2601,3.2484750251819037
2602,5.206772617019226
2603,1.9242322888899268
2604,7.603259163982572
2605,4.905528714291523
2606,3.127541278658898
2607,4.1007456717181325
2608,4.924501669329519
2609,1.3263220358014745
2610,3.5305267573907573
2611,2.124644977684098
2612,3.0007598742774246
2613,1.607481773148065
2614,3.770522253095854
2615,2.9382726102581227
2616,7.35016954015909
2617,4.206969629767072
2618,3.4080312539257878
2619,11.402653856809641
2620,4.132815908006763
2621,2.2500826419923197
2622,3.0159203268825325
2623,1.5429163075986152
2624,5.752067372592068
2625,1.6592387046507628
2626,2.6669758222576267
2627,8.01782450410807
2628,6.929995184780649
2629,12.83598600531797
2630,4.002115264725525
2631,18.25591319701442
2632,3.2204180715718835
2633,7.149607620260241
2634,3.613353888737525
2635,3.0122789676126467
2636,9.196743960700374
2637,2.3842585729843018
2638,3.9664971469276122
2639,3.5880591892163496
2640,4.1579124671138175
2641,12.596156410678399
2642,3.661969650353624
2643,7.787296625054328
2644,3.560761120605016
2645,3.9609810602900892
2646,4.709627229486209
2647,18.370772529373422
2648,2.8788668202193404
2649,9.959831570383535
2650,1.7690803377013946
2651,10.800081956088667
2652,3.808371418087097
2653,3.2053316342170497
2654,2.869425556838568
2655,4.833649836049043
2656,7.715011488145613
2657,3.629560756263094
2658,3.74842603593865
2659,3.1157705809022485
2660,2.3842585729843018
2661,10.45891406441586
2662,4.547909413231729
2663,3.116368942610827
2664,1.8418339082025588
2665,5.392603908597328
2666,3.061865704775397
2667,2.8179766813627993
2668,9.269478583680224
2669,2.2418915603186726
2670,4.635148290573393
2671,3.8469634033923805
2672,3.465862858167513
2673,1.4756306335664806
2674,2.6440229491975447
2675,3.2053316342170497
2676,1.7007879259270355
2677,7.603259163982572
2678,13.029694022685414
2679,9.739333633464085
2680,7.178543844217684
2681,7.715011488145613
2682,13.048293531685616
2683,2.871667035518298
2684,4.162972936374613
2685,3.021616174265837
2686,6.773029603911047
2687,12.516472095294928
2688,5.809878925163034
2689,14.541013667980817
2690,1.8468026743759198
2691,1.9791914359771445
2692,5.688097355605274
2693,1.0306174771183862
2694,7.933751646515082
2695,2.9628950582163553
2696,2.672391584114163
2697,7.489012571294102
2698,11.742137147657528
2699,5.922276618093473
2700,2.2439831451150383
2701,9.107812967494665
2702,7.012321685942896
2703,10.121224199101835
2704,1.6882061202411862
2705,2.2960075928190165
2706,2.6775050523057566
2707,3.4809496003162597
2708,3.2432506623965454
2709,2.5310181600530863
2710,2.4412785813984352
2711,1.4491531814405152
2712,4.150059652351043
2713,2.6914435528896803
2714,12.16824426081128
2715,2.6251719263533633
2716,14.402685249968842
2717,5.056218661501757
2718,7.326110128744843
2719,4.2742540855217985
2720,3.170551914127962
2721,8.195989094314633
2722,2.060109305917686
2723,3.4338884260194793
2724,3.2826240803154447
2725,1.7555012786339017
2726,2.0131177456283735
2727,5.6965414148572195
2728,4.417435160299625
2729,4.101261957476267
2730,2.7734001562585044
2731,0.8318675328912462
2732,7.660316868494102
2733,3.642027344693695
2734,2.226122643679816
2735,4.9324796188635025
2736,10.428357323921437
2737,9.486334146238963
2738,4.807804111784402
2739,2.0499906731505955
2740,3.2068895528323798
2741,2.980734151994749
2742,2.717852196964296
2743,7.411361240199226
2744,0.28279819882109236
2745,2.7592033191622405
2746,3.7501728006114003
2747,3.221121518439463
2748,6.908608261909861
2749,5.693710447118293
2750,7.858816049573152
2751,3.0105756200641522
2752,0.45297155648683585
2753,2.6965248454179642
2754,2.4809954969315005
2755,3.322165943474832
2756,2.976212511516611
2757,7.087907002657733
2758,3.378153758108254
2759,3.8656506818538974
2760,5.951428712532256
2761,2.4160211424399045
2762,17.317510763921707
2763,9.079226454961624
2764,3.9569185627786525
2765,6.338406404757497
2766,2.4451098273438876
2767,2.2826841922730297
2768,4.533994087436206
2769,5.1398287696229685
2770,7.165073758618106
2771,3.5719857602398046
2772,2.0131177456283735
2773,6.331838381784551
2774,3.922721956224591
2775,7.2902573142352525
2776,9.377243017341918
2777,7.645175630880317
2778,2.422813131594571
2779,6.312840685313227
2780,4.023257215706318
2781,2.277515629172576
2782,15.600093587062632
2783,5.893934760747181
2784,15.280795096947337
2785,11.219550839312335
2786,2.8669539678098017
2787,3.146445780978842
2788,5.784888420571047
2789,2.4486589866094715
2790,6.0721874828710405
2791,7.905613676289759
2792,2.200289171803497
2793,4.023257215706318
2794,5.732929939949717
2795,8.969483698683302
2796,3.7907670064572763
2797,4.72056607898065
2798,1.3572484866993926
2799,4.250738968614108
2800,15.606177129274363
2801,3.463469333669551
2802,3.6450876708906477
2803,14.716644099062584
2804,3.5647974326864733
2805,3.9697671661966747
2806,2.2217551356379035
2807,15.841027220079123
2808,3.0403807099338067
2809,2.505937373249816
2810,3.916407160279809
2811,3.6575208705143663
2812,8.972184253162844
2813,10.926930378917154
2814,6.499858933364375
2815,3.1939368934489294
2816,3.2990989007271034
2817,4.098113018463561
2818,4.52424504671941
2819,14.408133944493168
2820,3.2024897661131795
2821,8.008151341747075
2822,3.695929239785091
2823,5.003572498034865
2824,4.529402130951459
2825,4.212735361531413
2826,3.425694445480596
2827,2.9468435573508405
2828,3.1207603138582973
2829,3.174286480706665
2830,3.7789202559928796
2831,6.841962378279629
2832,4.635182751267318
2833,14.62087478191382
2834,2.6701937133619347
2835,4.217422798500903
2836,3.395100074568611
2837,6.956061553687758
2838,4.24262857484375
2839,7.331886104497641
2840,8.533598809505396
2841,2.425298758759571
2842,2.268552728592917
2843,6.276110231166899
2844,8.661347707456905
2845,6.061346755932865
2846,2.9874389195920874
2847,2.213716406676177
2848,11.477377985162716
2849,14.921930652369468
2850,4.335502388171661
2851,3.579599158858143
2852,2.111670885628098
2853,12.213131982610829
2854,2.9528728118978895
2855,7.25283106288977
2856,13.993907743736528
2857,2.812912903650969
2858,2.7454123938794175
2859,3.260043898826408
2860,2.7008355847469763
2861,7.168559788015052
2862,3.3534398200112947
2863,1.362694932683966
2864,0.854729507867167
2865,6.714906931796743
2866,2.213530093696837
2867,6.646876024742392
2868,3.132859074713116
2869,6.1577339557563615
2870,3.0308174786889155
2871,12.221519370985323
2872,2.4278934226528293
2873,2.719590522497857
2874,8.482719648819549
2875,3.1964911710802655
2876,3.4843081064504053
2877,10.154053720298702
2878,12.063214887217585
2879,6.776602991880566
2880,4.803811055026837
2881,4.724768017007848
2882,5.950433637296179
2883,7.140245067719346
2884,2.909141859339656
2885,2.1723847172782365
2886,4.451566769656971
2887,2.7672375263291538
2888,6.464076590492288
2889,3.457808167679635
2890,0.7581285996941841
2891,0.9803088218348981
2892,3.707419027849504
2893,2.1833625695152405
2894,2.888747143132029
2895,8.668008643090644
2896,3.455439311226361
2897,4.690105899139063
2898,2.265773884912892
2899,4.2446852683996585
2900,3.339152216873678
2901,3.8848470456334754
2902,6.94802933118574
2903,1.125852012825321
2904,3.396050400236841
2905,3.74143425150018
2906,4.130370488055021
2907,2.403354569350464
2908,3.0791949760449633
2909,2.181245095982224
2910,3.387417603630931
2911,3.65924455718661
2912,0.37908156501695306
2913,2.750159780614903
2914,16.90652709516374
2915,13.883209705713616
2916,8.385065880948265
2917,6.203431120474099
2918,4.487433847762001
2919,2.4042920380698947
2920,2.2125051457755824
2921,12.232945552424908
2922,14.825758518697167
2923,13.593668368878141
2924,16.031847969424096
2925,2.5595831421935884
2926,2.465736335641393
2927,4.644553460335307
2928,5.750166459830407
2929,4.410419014697177
2930,3.048724107986515
2931,1.2406508897795094
2932,9.658353536466024
2933,1.2876504666453152
2934,9.157551825787097
2935,7.621167958773221
2936,1.4491531814405152
2937,13.854924266031375
2938,4.613983044491915
2939,7.331124843311526
2940,5.373892670315267
2941,5.133681775105055
2942,4.712520800827097
2943,5.241238243663981
2944,1.8745143381531102
2945,9.112404427037179
2946,3.1351792604926887
2947,5.029111578682078
2948,2.6297276980431366
2949,3.9089727245860115
2950,3.0202821373312236
2951,16.84040141287438
2952,1.9917915876791246
2953,42.32809410075406
2954,8.687228232535867
2955,9.660381448301678
2956,14.29844839892751
2957,4.702851719441116
2958,13.714866536283978
2959,8.895346851178505
2960,2.1009789968314987
2961,4.99919118211724
2962,3.2469755853852087
2963,6.616358108117539
2964,2.4682904793625644
2965,4.6934247328711844
2966,2.6534084346038855
2967,3.0277993210130933
2968,3.9927142807699885
2969,3.1394978988189384
2970,8.848128710241086
2971,7.624820934434087
2972,1.8023788498211337
2973,4.440814134026962
2974,4.495021228071394
2975,2.6993345891858023
2976,4.788857521926135
2977,3.665202078673472
2978,2.201142974972985
2979,4.620742969375386
2980,9.865608630286934
2981,12.052712466652215
2982,8.895346851178505
2983,8.134894004631033
2984,0.9734202863853991
2985,25.761007063699445
2986,2.2852604124854383
2987,3.6240044945454426
2988,4.452929218647713
2989,5.463247039536588
2990,6.438720024728391
2991,4.269459706621957
2992,4.092838257303448
2993,10.16216517103262
2994,3.7403795661407884
2995,12.611141591701694
2996,4.1388605144684965
2997,2.8484564226994227
2998,4.23879168539127
2999,8.971642041030844
3000,2.6208042273106518
3001,2.376094470602649
3002,3.517759858374037
3003,10.473600810122461
3004,21.06760165812032
3005,14.089360379817013
3006,2.728453488576681
3007,1.6592387046507628
3008,10.09053593827391
3009,3.2626744460839143
3010,3.544837170921211
3011,5.406220294214308
3012,10.975790748763128
3013,4.569408192626045
3014,8.06952235330309
3015,7.574388971736454
3016,4.77399499042522
3017,3.716450726852635
3018,8.345007997149322
3019,4.371822016228383
3020,8.616725427051692
3021,1.4916964903621428
3022,3.4641095079941646
3023,4.293179636213464
3024,2.5696114297435675
3025,0.9128411757535249
3026,4.67083595356926
3027,2.7625178639692596
3028,0.7489536922007994
3029,4.1387402370580855
3030,4.322389720337336
3031,3.020437247146989
3032,12.203470092865135
3033,3.457610837370304
3034,5.5623582174739505
3035,4.83937922837585
3036,2.9628950582163553
3037,2.9661443515497132
3038,11.123267002346104
3039,14.30180209840675
3040,4.632057884558867
3041,12.099330604197895
3042,10.202942944466566
3043,2.561872707309577
3044,1.9994620917558528
3045,10.386712156902739
3046,2.9652221707647275
3047,9.4858786459913
3048,12.481855370508574
3049,8.155299065656472
3050,6.150512917662192
3051,10.325810477341435
3052,6.856307198090294
3053,2.6470614883327737
3054,9.03952028526067
3055,0.5603759999998197
3056,2.4332700680649593
3057,4.204693653784778
3058,6.689978702020311
3059,5.608107260966463
3060,4.633176496157549
3061,11.618965182553382
3062,13.571115711224321
3063,2.5884898938679157
3064,2.2886168950891155
3065,4.2610090606946125
3066,3.6347389146040316
3067,2.375332907743803
3068,3.0940471255796305
3069,4.923431947140771
3070,7.396609146517112
3071,3.8866602349616133
3072,5.721275613958146
3073,10.218917462159913
3074,13.398028702944403
3075,6.842004570216408
3076,25.592167369071518
3077,1.606402059460475
3078,4.476566943403099
3079,5.14834728289113
3080,4.214319590341285
3081,9.48912014466868
3082,11.582761300042488
3083,3.688072749002744
3084,5.384641785813623
3085,4.142139793207662
3086,4.708875776521381
3087,5.1933727229931765
3088,7.7771188482513525
3089,5.154572173948731
3090,7.79069096974794
3091,1.4093398547392029
3092,5.464439298587146
3093,2.2418915603186726
3094,22.716004299940558
3095,4.79701561955516
3096,25.592167369071518
3097,10.120585111702807
3098,1.76795233259794
3099,6.862121474956361
3100,4.764901317363482
3101,6.053578238410513
3102,2.2344408917445393
3103,5.726741863013507
3104,14.921930652369468
3105,2.710639755270617
3106,18.656813826903026
3107,4.156989730683431
3108,5.359633476283994
3109,4.027944718076929
3110,3.482775072145804
3111,2.5696114297435675
3112,1.080064863328446
3113,5.935043104361794
3114,3.3366186607200397
3115,9.301638110657178
3116,4.1579124671138175
3117,6.3888854401586945
3118,16.48085791122342
3119,3.5331276219097427
3120,1.4696682805514278
3121,2.080725075948519
3122,2.923147546719625
3123,3.356402991289068
3124,5.750166459830407
3125,4.312049934737031
3126,4.879338590514548
3127,3.481123821249122
3128,6.145271747769401
3129,2.745362252949832
3130,2.9105335301558783
3131,20.489568790760863
3132,4.803058398370104
3133,7.527412770190863
3134,4.365497187591854
3135,3.142712720039702
3136,2.22158063893308
3137,9.147393718288615
3138,4.602043200715881
3139,3.933047404792847
3140,13.175241030267847
3141,7.432428779094317
3142,2.680452307101567
3143,5.11856234631216
3144,6.8105618629258835
3145,3.0985317012659843
3146,1.742999893690434
3147,3.1523588337851645
3148,1.0527672936925003
3149,0.511439195130703
3150,1.4773323883099265
3151,1.6001176586045722
3152,23.741298325176324
3153,2.7358599952455114
3154,1.7210012824639351
3155,1.30074920956609
3156,7.732060096726391
3157,1.8523103574625917
3158,2.638281576693006
3159,2.6160904765684507
3160,2.4332700680649593
3161,4.468670507982356
3162,12.095802173435155
3163,1.522639070687169
3164,20.568539175005043
3165,2.362514388266735
3166,13.805110670614718
3167,4.200215034478858
3168,9.231884181274737
3169,5.245640881409984
3170,1.4903950611112435
3171,3.5705840821871306
3172,2.92724920589604
3173,4.1829141237798275
3174,3.3354600771119673
3175,14.063727073448598
3176,2.644482506264569
3177,18.593251215084265
3178,8.083076074664042
3179,2.8218386780494216
3180,12.881167175646889
3181,3.227192928238708
3182,3.175324125823355
3183,4.482805044508918
3184,2.9171531258944636
3185,2.8533613787845087
3186,9.220061534025335
3187,2.204597193437594
3188,3.0687430480812297
3189,2.2972340646971716
3190,3.7723715641598163
3191,4.63661143947342
3192,12.5213518088769
3193,13.381686464969741
3194,1.9753347071193452
3195,1.8744558679119008
3196,6.646876024742392
3197,4.131704297151572
3198,4.026571011349306
3199,2.5169415486904962
3200,10.074497015235576
3201,8.619969694864805
3202,5.645086237852961
3203,5.461757193391806
3204,17.010775016249326
3205,7.817174713571075
3206,1.3142419926749542
3207,4.143181983105109
3208,5.302488200043892
3209,8.364038784520092
3210,11.913405955294012
3211,3.756250685001509
3212,5.611263342834683
3213,5.922276618093473
3214,3.6240005747781323
3215,4.014665342362659
3216,5.55031490389988
3217,7.354358231071534
3218,10.535567507809649
3219,6.728636877316549
3220,3.419755384015012
3221,6.906924516927358
3222,6.85863379929812
3223,2.824022754712397
3224,5.820088292570491
3225,3.7036654552651322
3226,3.060077867635543
3227,6.711230227790699
3228,15.0500200423347
3229,2.1180487389791876
3230,1.6548333767282717
3231,4.620808857423828
3232,4.558874032254523
3233,3.0805980473545422
3234,2.7983153143259023
3235,2.873696545888464
3236,12.668814397375984
3237,5.833667363474458
3238,3.1173469278252925
3239,3.954406311999402
3240,4.972350821116092
3241,3.4896643545681885
3242,4.742447347876467
3243,4.855599739101488
3244,4.657139421684972
3245,6.497258209310549
3246,4.8262541838439
3247,0.7190706376779158
3248,15.253169696340214
3249,5.368846010217737
3250,3.8034744248821544
3251,5.868060433499222
3252,2.891042234115723
3253,3.6765553121613923
3254,7.0039897333144445
3255,9.746944236172958
3256,5.471961716328926
3257,3.9365926458997813
3258,4.144039203237703
3259,16.77196796003041
3260,5.98278499831324
3261,18.517769849958384
3262,4.404644878940888
3263,6.144803813819185
3264,3.7459580254773814
3265,3.415382053684355
3266,4.547533382688057
3267,3.0542059855496495
3268,1.1468223199147407
3269,3.622883277039978
3270,3.0430683600079544
3271,1.1589011659793067
3272,2.5843459950272343
3273,2.501000191082731
3274,12.309169412890052
3275,3.8665210617378967
3276,3.2171765375213903
3277,11.582761300042488
3278,4.3877954380585305
3279,2.776741807752816
3280,1.7623398700687738
3281,4.18158258043015
3282,2.52465062173597
3283,3.0698482232007587
3284,7.532268123600221
3285,4.237421475262893
3286,8.72129440738354
3287,4.6081826175417575
3288,5.638624787305079
3289,0.841302354611415
3290,6.688615747526258
3291,3.3657548291410175
3292,9.250710826505195
3293,0.30045929368990215
3294,5.187271236266058
3295,3.4765462533856497
3296,2.157027481158966
3297,2.831495563499505
3298,5.895916047353297
3299,14.051310710797237
3300,4.954371351957379
3301,1.1028873342692627
3302,5.276460017591094
3303,4.275480122528087
3304,4.178941457878646
3305,5.363161751863543
3306,15.051020117872326
3307,31.546082175042546
3308,1.0939943442712774
3309,5.933588976275134
3310,4.518051614439753
3311,2.1983003370039875
3312,15.504771008880516
3313,9.53524560352033
3314,11.148945214632372
3315,6.988457928020672
3316,7.3104746650449215
3317,5.993956130296992
3318,2.235649128104856
3319,4.4608733435673935
3320,16.695088394634787
3321,3.253739978762092
3322,8.122566502439525
3323,13.013966275808244
3324,2.472806652582561
3325,3.2909986109199045
3326,3.659451956181988
3327,2.6557714990015167
3328,42.32809410075406
3329,7.095816584304046
3330,2.360242675812167
3331,7.704531477638967
3332,2.9183702240668707
3333,7.841179614362793
3334,5.5019293563760625
3335,5.11952852903994
3336,3.3910059276609643
3337,3.222347747105474
3338,4.148601396121917
3339,4.1462832393751645
3340,4.10880321496535
3341,7.348466148550163
3342,1.4254787521918795
3343,12.00832402696768
3344,3.0450798027459336
3345,6.181927480577801
3346,9.227844351526462
3347,3.177082021954848
3348,6.763973734477077
3349,2.2569551970999306
3350,3.3954296622984423
3351,10.440198058734437
3352,3.2826240803154447
3353,5.622138976501196
3354,2.3257170498169
3355,11.031379611434332
3356,3.0383055556456573
3357,6.096101756094834
3358,4.3404495241013885
3359,2.4591049849846787
3360,3.215883647069888
3361,8.797221310672573
3362,11.90307459615354
3363,3.9013339420071667
3364,5.177500581513221
3365,2.596934978721303
3366,4.4311228892665415
3367,9.16380429000523
3368,3.2749121824169705
3369,3.5586181907440024
3370,10.015439179947592
3371,7.3895723600399
3372,11.458386304089586
3373,9.71531684384178
3374,7.095816584304046
3375,4.131336636196669
3376,4.20384983985028
3377,1.381775820764379
3378,4.030344480172368
3379,13.55822675004516
3380,2.5036895380591626
3381,10.13405005753056
3382,11.104485341621634
3383,4.482805044508918
3384,4.528018472965252
3385,10.780601019588806
3386,5.422876762782506
3387,3.716450726852635
3388,3.3613680325036968
3389,3.7181625908066267
3390,6.441126579016934
3391,4.469557070953487
3392,2.425298758759571
3393,8.576586917212133
3394,10.621857914100598
3395,2.02038769581596
3396,2.843673030680058
3397,5.508281757622698
3398,1.639924014231982
3399,3.338647446347604
3400,2.86345368902487
3401,4.702851719441116
3402,5.754017569762203
3403,3.8344486145552614
3404,10.56426572432846
3405,3.884847045633607
3406,2.867474024912928
3407,6.309704487576331
3408,5.936373723677761
3409,30.549337944382398
3410,9.48912014466868
3411,11.201841857012967
3412,3.7301007335743144
3413,6.097286811140604
3414,4.084388963145768
3415,1.394387942910049
3416,8.323737121344667
3417,2.684485993921204
3418,2.1310889638484065
3419,2.1850465769014535
3420,1.80959435810613
3421,2.161585333546544
3422,5.008324388082645
3423,1.5460983299757742
3424,3.618236415423862
3425,3.061865704775397
3426,6.056510833731366
3427,8.661347707456905
3428,2.4221998208134323
3429,2.1261993859098793
3430,10.336121365128372
3431,4.977154120653471
3432,4.735668471573865
3433,3.2957432275421312
3434,4.205586175661074
3435,20.36491123392266
3436,5.515823918387835
3437,1.2500545252495954
3438,3.9059189863195654
3439,3.70754356078295
3440,8.541833638737577
3441,2.1182142690465295
3442,4.587003273325815
3443,7.003814844094362
3444,10.809565196043646
3445,6.781274499714509
3446,4.785408880583005
3447,8.081113720536235
3448,3.959554139230051
3449,9.801023421301618
3450,1.6998437399145248
3451,2.307043361838217
3452,5.448096931974066
3453,8.297997501823886
3454,3.8866602349616133
3455,2.670711718646265
3456,12.118288618719003
3457,19.578010071966165
3458,3.275103918721279
3459,13.779607833021664
3460,1.5242378270330428
3461,10.283794807123169
3462,2.9725628782188256
3463,2.5873152632521683
3464,5.154572173948731
3465,4.325203310248646
3466,5.314148906835325
3467,5.561960916263837
3468,13.019693937410144
3469,6.3096489477786
3470,8.22259467054914
3471,4.6904417433801004
3472,8.985296807180504
3473,3.4773526844422253
3474,4.067934213909579
3475,2.2729272264740628
3476,4.7581772459823615
3477,3.613353888737525
3478,3.6434336916365297
3479,2.6872916512266234
3480,2.3790247544460654
3481,0.9675451574241213
3482,10.081147168922078
3483,9.21953030778821
3484,0.7278320772662021
3485,7.968849600425425
3486,4.333915791967284
3487,2.2762208182264096
3488,2.9769647726988957
3489,4.205586175661074
3490,2.235011701214912
3491,2.5144949685726607
3492,4.2778218814017475
3493,5.012747858831782
3494,11.645280360826723
3495,2.446622200040024
3496,3.804808429099458
3497,3.098950122047361
3498,5.329231711349776
3499,7.125654941677076
3500,9.573369948756064
3501,6.428789914594624
3502,2.9508949040612653
3503,2.3743611817001113
3504,3.556553274906174
3505,4.216990570624475
3506,3.1351792604926887
3507,1.4165899971608227
3508,1.5077843388905605
3509,4.241825454467325
3510,1.679784046496972
3511,2.715427571083341
3512,14.070404999999532
3513,5.2963000997030765
3514,5.483304100367134
3515,3.386197205144212
3516,1.5923544795983429
3517,3.868741724015953
3518,4.4311819371183905
3519,2.3347076868614827
3520,2.739044941331241
3521,5.370307285969432
3522,2.1850465769014535
3523,3.379650568144593
3524,2.252660521855025
3525,8.265855554608951
3526,11.037883863670432
3527,4.693245629609003
3528,3.0208105154296265
3529,4.026644030446279
3530,3.0858819806881432
3531,1.2314142476545082
3532,4.414320713480923
3533,10.490878681376225
3534,7.00899583743133
3535,4.9079986795850035
3536,3.1227352804874884
3537,5.4516863346527975
3538,2.663503167581641
3539,3.2705341506317183
3540,6.002326735866883
3541,3.0106413464428665
3542,3.0363308862445897
3543,9.815628520815588
3544,9.413435725320243
3545,1.1776133314966502
3546,3.8850274992479035
3547,0.3699218661220601
3548,3.500573083738795
3549,5.814450188872071
3550,3.5911551164708957
3551,4.830296118106784
3552,4.713159594517373
3553,16.241381563884172
3554,3.0579556541568556
3555,2.2152171197559287
3556,18.341217650624216
3557,3.427691156342379
3558,3.7459580254773814
3559,1.878307187321828
3560,4.893685028598142
3561,3.065001455000772
3562,1.7718492324350217
3563,2.3986346383647166
3564,3.6761835601425243
3565,2.111670885628098
3566,1.497470474087322
3567,2.6139923724540557
3568,4.108028852258548
3569,0.8181027662797596
3570,5.103958551996974
3571,2.86175863218587
3572,2.2344408917445393
3573,11.156332400008047
3574,6.388054916532164
3575,8.481980437824317
3576,3.897109844782727
3577,3.1375179469774426
3578,5.486918833035478
3579,3.1358828332850877
3580,0.6123805345854555
3581,1.8949587047519505
3582,10.123481945386798
3583,17.320354701389064
3584,2.33459452395517
3585,5.656964119704959
3586,6.806938318070319
3587,4.3938089696786955
3588,4.204693653784778
3589,2.2707091428224855
3590,6.047124968820073
3591,3.6423762911907995
3592,3.9569185627786525
3593,4.3943963513825075
3594,25.786989289930208
3595,4.657139421684972
3596,5.656964119704959
3597,3.38736233854481
3598,0.9803088218348981
3599,1.0636022469321882
3600,4.005620464941832
3601,1.6703617701070568
3602,3.6440469373584534
3603,10.295846749187154
3604,2.2418590395620024
3605,6.218543097326463
3606,4.229547831512093
3607,3.0644153151283864
3608,6.201092844411484
3609,4.58786257580618
3610,1.1783528190548647
3611,5.561960916263837
3612,5.721974321697412
3613,8.095356775200688
3614,2.739044941331241
3615,8.041071086096098
3616,6.8848174618598055
3617,5.017969853510854
3618,6.853621288523709
3619,2.4804017817512096
3620,8.03833798278264
3621,2.0601689876571485
3622,2.9878203645967107
3623,7.489012571294102
3624,3.6633281840287992
3625,9.413835407957114
3626,4.30055563915378
3627,3.1645030298185826
3628,4.064789768761996
3629,14.576086673289419
3630,0.2655509973950927
3631,4.2446852683996585
3632,4.895162683649796
3633,4.613979436289879
3634,4.358282912794155
3635,1.5119118461965801
3636,3.8743463261062083
3637,7.158091576999408
3638,5.928701255903528
3639,4.1596787276875675
3640,1.755456431692917
3641,2.271715126425301
3642,16.921823691061732
3643,3.23936823922171
3644,2.947901612402222
3645,5.486113860334412
3646,12.83598600531797
3647,2.548799774815311
3648,3.0546647695513203
3649,9.881298018545966
3650,5.51890788760573
3651,1.5607852897614256
3652,2.171144449446731
3653,9.490562426173703
3654,3.106147789684268
3655,20.195724060903565
3656,2.8054591201706227
3657,13.76856399214126
3658,1.4394846959683352
3659,4.779341027157019
3660,22.329653535739574
3661,4.445885053514208
3662,2.82191354805847
3663,5.432520401132045
3664,12.161796744392488
3665,4.992352914673403
3666,2.2610195961751995
3667,2.4341488263581117
3668,6.218543097326463
3669,6.729898648399179
3670,2.818299294064541
3671,3.0962407032569614
3672,2.0583086954790795
3673,4.370023502891998
3674,2.9886208751534356
3675,3.2159889545124316
3676,3.4809496003162597
3677,5.942465862951582
3678,7.35016954015909
3679,2.2500826419923197
3680,8.030164746763264
3681,9.423427252654248
3682,9.732174483704851
3683,6.074022443841118
3684,4.21573010128434
3685,8.481980437824317
3686,4.621840557649486
3687,15.317093223441988
3688,8.869511240307277
3689,5.245873671240265
3690,3.2473344546080427
3691,3.4088135869610596
3692,1.7169489579448758
3693,4.062952870878126
3694,9.064924596639916
3695,2.0973505072638066
3696,10.47680754452021
3697,3.560761120605016
3698,1.097356095689348
3699,3.3823803735963116
3700,6.8792166945988855
3701,3.912776955009878
3702,3.0211477409453837
3703,1.7259359814589497
3704,2.776741807752816
3705,7.008962068970989
3706,4.703642953596274
3707,2.472806652582561
3708,3.985106093470033
3709,4.847230602486897
3710,21.672880636736707
3711,4.176811902741274
3712,44.568150721309514
3713,4.218879098023387
3714,0.6337522952645919
3715,3.7212892044743744
3716,5.9751650928201006
3717,3.7574133507480485
3718,4.348399229483811
3719,3.7414145706667634
3720,3.3823803735963116
3721,5.476569021604299
3722,3.5435468469037725
3723,7.539854872711307
3724,4.326147829150013
3725,2.9153502248938006
3726,3.009974065393021
3727,10.203996781988183
3728,4.689866024707505
3729,25.761007063699445
3730,3.1207784062790904
3731,3.3548197246502105
3732,4.6451313398631635
3733,6.929995184780649
3734,2.7796522549086142
3735,3.2751349041749416
3736,4.407566128358803
3737,3.3417395420643845
3738,4.3713927311007605
3739,4.719315539151938
3740,2.433028652207378
3741,12.099260258271
3742,2.5144949685726607
3743,5.642321649768414
3744,11.421928245295241
3745,9.208637377008541
3746,8.185928067237857
3747,3.5965847947039125
3748,0.511439195130703
3749,11.088116592885424
3750,4.156989730683431
3751,1.5923544795983429
3752,5.075161960897019
3753,5.069177641441232
3754,4.011916976990656
3755,1.3320985760024602
3756,5.0453760366656235
3757,4.312049934737031
3758,2.756744031305888
3759,6.15072086968144
3760,9.33963131181894
3761,7.35016954015909
3762,12.868894556836521
3763,8.058166209958163
3764,11.128141017295276
3765,3.683460204268744
3766,5.9542868705912335
3767,9.377601479898631
3768,2.5199733583722193
3769,4.390772046436537
3770,4.578775285731103
3771,6.882013979897505
3772,4.609312835701219
3773,6.061346755932865
3774,4.456540719876708
3775,9.976932763156023
3776,1.7867119493499737
3777,4.40963912547599
3778,7.8907663984239305
3779,15.168728722778381
3780,3.1078481229871033
3781,2.4884763992799526
3782,3.995559351647486
3783,3.5177509425518037
3784,3.2744505352967264
3785,2.7999025914932547
3786,3.6289802278616476
3787,5.207800880298306
3788,4.691078572463143
3789,7.752914555856493
3790,6.188151867435564
3791,1.351644108491665
3792,3.0183853854437257
3793,4.771128323226768
3794,3.825679818923781
3795,13.67744842053846
3796,1.7594375192791838
3797,1.403679696573028
3798,3.6950064682415484
3799,2.435045487316084
3800,7.770429563060878
3801,1.4891556076564267
3802,2.248958927695641
3803,4.58743346641932
3804,4.268219377703073
3805,3.1663446705493477
3806,3.6499440685867355
3807,9.883445391452183
3808,6.088881132055491
3809,9.888276101671458
3810,6.31131241331996
3811,2.790146645704755
3812,1.7021304529406567
3813,3.4579037084980935
3814,1.9210783867586505
3815,3.948567045544086
3816,4.940176288652762
3817,4.4763069091889705
3818,13.993907743736528
3819,4.4311228892665415
3820,2.52519024307757
3821,1.562002054573691
3822,1.9791914359771445
3823,6.141310218384686
3824,6.634887657978176
3825,7.87572334341581
3826,13.68565160611627
3827,3.2595449072375207
3828,2.8452431940763843
3829,3.0317743969311173
3830,4.1386322316904325
3831,3.08934708636204
3832,6.18931147524591
3833,7.132009787479726
3834,2.6775050523057566
3835,7.657907837896644
3836,2.789830280798699
3837,3.683356808823304
3838,4.300711524118706
3839,2.5702837050354432
3840,4.039221052857948
3841,6.667644005585089
3842,2.197591547096574
3843,3.125508914050638
3844,16.241381563884172
3845,3.6303197243612395
3846,3.596598657098939
3847,5.664322206171189
3848,7.008962068970989
3849,7.584944488532179
3850,1.522639070687169
3851,4.045818949976241
3852,5.361427247382055
3853,3.060335408158372
3854,2.8718786726796037
3855,3.930203197143097
3856,2.2313593368604985
3857,11.187499156184396
3858,3.7150121930540037
3859,7.697392816225969
3860,4.702506765457554
3861,2.710639755270617
3862,12.881167175646889
3863,3.12009960803384
3864,5.583137720963774
3865,4.500961107421327
3866,2.962932251586855
3867,3.3979091928812535
3868,2.7563963143241823
3869,9.815628520815588
3870,3.819022542127514
3871,2.2120116000431334
3872,8.027348165413827
3873,4.550526268484815
3874,2.7575144867981307
3875,10.191730131335257
3876,7.979878078598087
3877,4.004236618470077
3878,3.8318934990228497
3879,0.6907999539784213
3880,3.817005504514122
3881,5.318634754937674
3882,3.741359117446718
3883,3.7784006451978844
3884,19.578010071966165
3885,6.450330304384997
3886,8.150813121076116
3887,4.0152642977773
3888,3.835349294335249
3889,8.044616144730053
3890,10.915130483742187
3891,10.9300550338476
3892,3.142263147774238
3893,3.4066016666440566
3894,9.687751572544101
3895,2.1966150820414136
3896,6.8183901299861285
3897,4.92069891336235
3898,9.865608630286934
3899,3.602424344760052
3900,5.134355019039867
3901,1.3011431633574546
3902,4.322919877397264
3903,2.913716976615659
3904,11.448016301376907
3905,2.138537632113123
3906,8.975357757956841
3907,0.4155901888833282
3908,9.04574962694475
3909,4.219055896882099
3910,4.1255383724196895
3911,8.849831740587229
3912,5.845361923195056
3913,5.032718983179889
3914,5.363161751863543
3915,4.319422528398279
3916,3.558022740947437
3917,9.031266645072238
3918,1.5978363981669186
3919,5.191242891554057
3920,2.9396961862356386
3921,3.4423261097596622
3922,8.95568766549709
3923,2.730703921634296
3924,2.995977079935681
3925,2.295380185657484
3926,12.125909304231895
3927,3.430357517865097
3928,8.105437142029404
3929,4.523249830778798
3930,12.12316903104136
3931,3.55230055268821
3932,4.489978731736837
3933,4.895740093769613
3934,13.875933460388797
3935,4.879394803823321
3936,5.373892670315267
3937,3.214280576277023
3938,11.552571516013673
3939,4.858177494274428
3940,10.334213286017846
3941,2.637502773007575
3942,8.146195701834479
3943,2.249415637797661
3944,6.88506191077082
3945,4.649665342191422
3946,3.9735542426437385
3947,2.531336272928513
3948,8.394865431285359
3949,7.25283106288977
3950,7.123596158608691
3951,14.655939076250895
3952,3.819022542127514
3953,5.1223649613445055
3954,7.993891506448386
3955,3.06908285789463
3956,8.950938135698115
3957,10.121224199101835
3958,3.230319925935306
3959,4.3943963513825075
3960,5.880898880174471
3961,3.2704320998636103
3962,8.687228232535867
3963,4.3849583055422
3964,4.407946674802548
3965,4.059702358322102
3966,4.013110424802388
3967,4.445034321795659
3968,5.8858063614399905
3969,2.362219425302615
3970,2.8334194984252203
3971,10.577391343521224
3972,6.5793708898313765
3973,3.3273879778770046
3974,19.41545726457797
3975,4.020803677744397
3976,1.7981596660493901
3977,7.787699573996848
3978,2.3751118843827754
3979,4.206109128236966
3980,3.001449487804335
3981,4.544965487089634
3982,5.8499796740546355
3983,11.913405955294012
3984,4.820700231191545
3985,8.210905655931992
3986,12.912602497553817
3987,3.471078553039159
3988,1.460011918889646
3989,3.747224597257392
3990,2.4321076176294265
3991,8.141832806687
3992,2.566548096943767
3993,9.329236324879831
3994,3.4949111357245446
3995,5.800130048507277
3996,0.9477168594856296
3997,8.808352532263392
3998,7.283345691662879
3999,3.213246211207431
4000,2.984726775648114
4001,4.657416996452635
4002,1.8672222299715355
4003,14.605913816186984
4004,20.88804512661284
4005,9.378984420868758
4006,5.29077074792754
4007,3.9078308979213627
4008,3.275103918721279
4009,5.840363762265311
4010,2.0909080929944297
4011,7.140245067719346
4012,0.5561112632256582
4013,19.90503257185334
4014,6.254433650966619
4015,32.00936439695882
4016,3.563345872645881
4017,3.768278868876209
4018,3.7501728006114003
4019,4.102179357780466
4020,7.4095867848124115
4021,3.1600391565071457
4022,14.143211870190122
4023,5.1223649613445055
4024,5.555062595976821
4025,5.622138976501196
4026,0.8536915655741111
4027,2.4767711708293785
4028,5.566463392348057
4029,4.101261957476267
4030,1.5568794958122607
4031,3.021616174265837
4032,25.747677091426745
4033,4.135326750511952
4034,1.9717729814668383
4035,4.213025560944208
4036,5.572114202067044
4037,12.264754612310018
4038,2.325686232121591
4039,2.2644952993785386
4040,3.3723130419299765
4041,2.7588266250546964
4042,5.828779912851026
4043,11.343135546697244
4044,5.7672623908080745
4045,3.3585022526207036
4046,3.922721956224591
4047,3.396760998317818
4048,3.651872043978718
4049,14.162915934046044
4050,5.4022881900226745
4051,3.1465420240684794
4052,6.581030844778705
4053,4.1255383724196895
4054,4.309339732748322
4055,1.5930634177648988
4056,3.0159203268825325
4057,4.138583301790345
4058,3.639901024936486
4059,15.797080122809717
4060,3.5622602341951515
4061,3.648503582757583
4062,2.7697710676165697
4063,8.111023018456443
4064,13.375117497782284
4065,3.993251127649696
4066,4.913601244413132
4067,3.74143425150018
4068,2.6866571258400525
4069,3.4896643545681885
4070,6.6193239264210035
4071,0.4758768445212903
4072,6.330285824707082
4073,6.8183901299861285
4074,2.3790247544460654
4075,14.30180209840675
4076,7.707143298029941
4077,4.833649836049043
4078,2.413066633623871
4079,2.711582604474723
4080,8.950706657585558
4081,2.531336272928513
4082,3.6260976907502975
4083,2.880782364628169
4084,3.7434127490219504
4085,4.945015480369049
4086,12.520772116303519
4087,4.814935335044363
4088,2.8557113578405824
4089,3.0202821373312236
4090,1.787212254308831
4091,3.7731030394082956
4092,3.096997817291989
4093,5.3107734541145195
4094,4.490657867392545
4095,9.460761034577168
