0,786,3885
1,3374,3329
2,2927,1484
3,3061,801
4,485,43
5,835,1495
6,2825,3686
7,2038,3192
8,2363,2362
9,451,1570
10,2884,3216
11,954,3397
12,1561,762
13,1718,1236
14,1188,3706
15,1252,380
16,1266,1859
17,3771,2636
18,1486,2000
19,4058,1852
20,201,3884
21,343,4001
22,1401,3822
23,2680,1046
24,3809,3248
25,2710,797
26,736,702
27,1529,539
28,4080,2785
29,2590,1057
30,3935,2346
31,726,2950
32,2743,2293
33,76,930
34,875,1044
35,804,3945
36,3378,494
37,140,573
38,1482,3875
39,433,3283
40,1076,2169
41,3635,582
42,3740,2852
43,4,3196
44,1481,1908
45,3493,3541
46,2043,3586
47,4042,1198
48,411,2252
49,4027,2209
50,1336,2674
51,3386,1527
52,1160,2242
53,792,3571
54,242,1359
55,62,2719
56,3988,806
57,2589,3508
58,1201,2127
59,3464,3089
60,3073,3461
61,780,1513
62,55,2719
63,2799,641
64,2940,3936
65,2375,2947
66,894,638
67,1074,3199
68,609,1066
69,3064,589
70,3845,2454
71,2526,1578
72,1211,3862
73,3898,2980
74,926,1382
75,2913,3970
76,33,930
77,824,3687
78,315,3414
79,2771,1487
80,3877,268
81,2248,907
82,481,1699
83,892,1100
84,3260,297
85,1986,197
86,109,4070
87,3691,588
88,869,2369
89,3649,1288
90,3385,1127
91,3892,2440
92,3754,2206
93,1232,4086
94,616,1013
95,2683,3352
96,716,963
97,142,1393
98,2460,2251
99,777,2957
100,1005,241
101,2514,1454
102,3759,2779
103,3782,2306
104,2963,2372
105,153,3050
106,1397,3052
107,2162,1884
108,3430,2310
109,86,4070
110,976,2529
111,2773,1934
112,4014,2814
113,3090,3612
114,458,1302
115,582,3635
116,1197,622
117,1496,1476
118,3494,3657
119,3004,3655
120,755,1342
121,1252,15
122,3304,3258
123,1711,2220
124,2528,256
125,1411,2137
126,625,3739
127,2387,472
128,145,1679
129,482,3447
130,1231,1053
131,2041,1237
132,2550,3260
133,1235,2032
134,2165,1551
135,2371,3875
136,1819,2880
137,2871,2698
138,2202,3793
139,1063,2022
140,37,1975
141,3034,548
142,97,1393
143,2470,1218
144,2138,2852
145,1679,128
146,1155,959
147,604,2545
148,1609,3092
149,2650,566
150,2922,1750
151,3789,3175
152,3273,3839
153,3050,2414
154,3394,3444
155,987,2050
156,1597,1128
157,3152,3076
158,557,2020
159,2075,822
160,2552,939
161,3948,1036
162,512,2201
163,373,3142
164,2938,866
165,3251,4076
166,216,1920
167,3882,1871
168,2119,3451
169,2158,842
170,2274,3493
171,1908,1481
172,1433,4048
173,1936,1683
174,3776,1779
175,3941,1715
176,379,1133
177,887,493
178,3752,1094
179,1556,1898
180,2732,3485
181,1396,1719
182,2610,2438
183,1991,264
184,2171,780
185,2303,3872
186,2377,3836
187,3566,2337
188,3047,2527
189,499,934
190,3554,1117
191,9,518
192,823,2674
193,1665,2468
194,1307,3411
195,4076,2668
196,281,2124
197,3624,3167
198,2381,1370
199,2713,1882
200,1653,2949
201,20,3884
202,3588,513
203,3597,2061
204,2656,2681
205,543,1925
206,2923,3104
207,2931,526
208,2889,840
209,2860,959
210,1945,2885
211,252,453
212,3848,3705
213,2758,1702
214,4054,1587
215,871,2530
216,166,1920
217,3296,1956
218,2192,3423
219,724,1193
220,3217,3115
221,2981,495
222,1467,3157
223,1095,2674
224,3147,1374
225,3659,614
226,403,761
227,908,722
228,2385,4085
229,1523,3651
230,3617,2544
231,1411,125
232,758,2456
233,1911,159
234,4052,249
235,1506,1396
236,1720,1475
237,3120,1906
238,3343,2497
239,3156,1926
240,3446,664
241,3165,2972
242,54,1359
243,629,3507
244,2814,838
245,1706,3284
246,1388,2087
247,852,2336
248,1402,3973
249,4052,234
250,2994,1842
251,2271,1961
252,211,2388
253,2173,104
254,3328,2856
255,3551,2380
256,2528,2013
257,3839,3643
258,1815,700
259,2830,441
260,1287,2517
261,397,3454
262,2547,3833
263,1515,2015
264,317,1991
265,2742,4092
266,4033,3439
267,2454,958
268,80,3877
269,3992,1982
270,3261,1456
271,3561,3396
272,3091,2931
273,3645,3943
274,1152,1925
275,966,3054
276,2976,965
277,1967,2245
278,2185,2095
279,1693,179
280,1541,3350
281,1337,196
282,2606,3330
283,2954,3316
284,1027,849
285,3648,2381
286,2897,1440
287,1394,3150
288,3767,3382
289,3176,2534
290,2308,1790
291,3415,222
292,3660,1637
293,88,869
294,721,2965
295,1810,1930
296,3698,2494
297,1547,84
298,2916,2776
299,1841,2993
300,2882,1022
301,2650,762
302,2828,590
303,1525,2541
304,2543,1552
305,3510,961
306,1988,915
307,2116,1390
308,3892,91
309,2440,2479
310,1106,705
311,432,928
312,1221,1565
313,3221,34
314,2693,2494
315,78,3916
316,813,3607
317,3746,2383
318,2159,3118
319,3868,2659
320,1091,1138
321,2024,1897
322,3592,2764
323,3581,3479
324,561,3534
325,1425,1436
326,2391,1859
327,1021,1372
328,1056,1658
329,763,1374
330,3908,3891
331,749,3347
332,3665,1405
333,591,1351
334,2550,1050
335,2359,3404
336,4004,774
337,1043,3350
338,1478,547
339,445,3367
340,1286,4001
341,2168,1766
342,3399,1585
343,2801,21
344,1710,992
345,2516,3645
346,3625,686
347,1130,1931
348,3882,3898
349,2893,1360
350,2062,1589
351,3450,649
352,3127,3535
353,3601,2536
354,2932,3991
355,495,998
356,1616,3290
357,2010,3557
358,2809,109
359,4022,2807
360,1978,4062
361,3937,2227
362,1851,3065
363,1560,938
364,3134,3741
365,3755,3377
366,1759,2904
367,3357,3669
368,1502,2678
369,2371,3875
370,2415,1071
371,3628,2166
372,2064,1971
373,163,3142
374,2829,1526
375,1469,1937
376,3829,2158
377,3032,2995
378,1865,2702
379,176,3030
380,1252,15
381,579,394
382,3414,4045
383,3738,3432
384,3049,669
385,1914,2355
386,3354,3994
387,1194,1601
388,2296,65
389,2424,3990
390,663,2754
391,1020,1659
392,1320,3831
393,3606,834
394,2197,381
395,880,621
396,2811,3798
397,261,3454
398,1690,694
399,3047,188
400,2744,2731
401,1322,3319
402,3294,3685
403,226,798
404,2143,2009
405,2553,526
406,925,3254
407,714,706
408,1772,3455
409,2422,2173
410,2739,2601
411,48,2252
412,3710,2255
413,3530,2100
414,3792,586
415,917,2134
416,2329,2386
417,1110,532
418,2134,2902
419,2735,3334
420,2907,1108
421,2499,1093
422,2200,998
423,4088,990
424,3326,643
425,4039,800
426,2503,1381
427,1298,2091
428,1436,3229
429,2554,2779
430,1512,1028
431,2766,1092
432,311,928
433,1573,2080
434,3732,3825
435,3915,2031
436,849,284
437,3346,1966
438,119,3004
439,3642,3710
440,3435,2951
441,259,2830
442,1729,2023
443,2770,1726
444,506,643
445,339,3512
446,1443,723
447,1017,3393
448,2879,1054
449,654,611
450,563,1799
451,9,1570
452,2139,673
453,2388,252
454,3108,1899
455,3234,2930
456,3778,2945
457,2631,863
458,1302,1722
459,684,3243
460,3705,3848
461,1689,2932
462,2910,2911
463,1739,1122
464,3349,2810
465,4007,728
466,2335,1297
467,2462,2328
468,2799,3521
469,2990,752
470,2958,3039
471,3607,316
472,2387,127
473,1983,1355
474,2719,3413
475,1185,2547
476,841,1808
477,573,3479
478,2551,830
479,2476,1666
480,660,3842
481,3889,3255
482,129,3447
483,1466,2769
484,1086,4073
485,4,3564
486,2224,2708
487,2745,1195
488,3779,3177
489,2306,3049
490,2417,453
491,1458,1108
492,3112,3229
493,887,177
494,3040,3378
495,355,998
496,1696,1276
497,1858,609
498,577,2247
499,189,934
500,2853,2067
501,2819,845
502,1798,4036
503,920,1830
504,2704,2234
505,589,2089
506,444,3759
507,1081,3422
508,379,2353
509,465,2506
510,832,3041
511,3981,3774
512,162,1000
513,1744,202
514,555,1416
515,3072,2592
516,2783,1419
517,2694,2340
518,191,1241
519,1352,2330
520,2680,1046
521,2588,564
522,1647,1229
523,2342,1956
524,2748,2297
525,3222,3070
526,207,2931
527,2128,2772
528,744,1192
529,3448,2485
530,3980,564
531,1345,809
532,417,3419
533,2187,1828
534,727,1562
535,1707,508
536,3704,3279
537,2364,3516
538,3661,1353
539,597,27
540,1580,1019
541,3730,3369
542,3309,2636
543,4083,205
544,948,720
545,3215,777
546,3766,1083
547,1570,1478
548,141,3034
549,940,3459
550,821,3218
551,1565,2767
552,1450,1207
553,3943,742
554,1633,1029
555,1416,514
556,4019,800
557,158,2020
558,984,687
559,3897,3345
560,1191,3531
561,324,3534
562,2628,3733
563,1799,450
564,3980,530
565,2418,2487
566,2898,149
567,1412,3195
568,1896,1201
569,2943,2846
570,2481,2735
571,1112,2712
572,4066,3287
573,3479,477
574,2626,1648
575,4074,3506
576,2002,1918
577,498,2247
578,3278,1428
579,3138,381
580,2974,914
581,1017,447
582,3640,41
583,2587,2321
584,1672,1382
585,980,2279
586,414,126
587,1600,286
588,3701,4035
589,505,69
590,302,1889
591,1351,333
592,2559,2786
593,2908,2730
594,1262,3266
595,2738,635
596,1651,2526
597,539,1180
598,1752,3026
599,2733,3715
600,2903,2449
601,572,4066
602,3505,3203
603,2084,2956
604,147,2545
605,355,495
606,1933,2150
607,1856,2596
608,1877,1087
609,68,497
610,1150,1795
611,654,449
612,1784,3974
613,2285,2019
614,225,1410
615,3304,846
616,94,1013
617,1483,3182
618,2864,196
619,1576,2048
620,3075,1708
621,880,1969
622,1197,116
623,3573,2225
624,1062,2450
625,3650,126
626,1845,3355
627,2156,2454
628,2803,3435
629,243,4055
630,2672,1629
631,3321,3063
632,2198,2386
633,2295,1959
634,4019,3528
635,595,2738
636,4016,1249
637,3843,3081
638,894,1243
639,3314,1087
640,1590,2760
641,1463,3590
642,3259,2914
643,424,2290
644,2796,2675
645,1919,264
646,3891,330
647,3463,3159
648,4059,1341
649,351,1177
650,2365,3983
651,2762,3312
652,3942,1638
653,1878,2609
654,449,611
655,698,3059
656,3356,946
657,1493,723
658,2118,883
659,3248,2647
660,480,3842
661,3224,2769
662,3233,3626
663,2266,390
664,2286,3362
665,1781,923
666,1067,2933
667,3393,3623
668,1425,1436
669,384,3049
670,3196,2867
671,1697,2207
672,3293,120
673,2139,224
674,3790,3443
675,2474,1113
676,3996,1069
677,3762,1456
678,2021,4026
679,1671,1472
680,1957,332
681,1861,1835
682,1479,1768
683,1403,2258
684,3659,3243
685,1672,1899
686,1296,3625
687,984,558
688,1741,1992
689,3483,3411
690,2339,3231
691,2313,2596
692,3499,1418
693,2328,467
694,398,1805
695,1509,738
696,3978,810
697,2464,1692
698,655,3059
699,2058,1802
700,2260,3894
701,3566,187
702,2864,890
703,924,3051
704,2127,2055
705,310,1106
706,714,867
707,2502,2878
708,2540,1573
709,2350,742
710,2866,3325
711,1771,3208
712,3039,3313
713,3027,862
714,706,407
715,1634,1676
716,96,963
717,24,2959
718,3254,3052
719,1949,1399
720,948,544
721,294,2965
722,2074,227
723,1493,346
724,1193,3854
725,1187,3135
726,31,1474
727,534,1747
728,4007,465
729,2820,789
730,2602,1630
731,1012,3241
732,811,2921
733,2188,753
734,2292,913
735,3805,1579
736,890,973
737,2358,3374
738,3954,1509
739,2430,3927
740,3262,3609
741,1152,3627
742,2070,709
743,555,2979
744,3571,528
745,3037,3536
746,2525,22
747,744,574
748,1905,2898
749,331,1395
750,2272,2201
751,3327,3571
752,2990,469
753,1173,2455
754,147,2545
755,120,1342
756,1101,135
757,1650,1387
758,232,2456
759,1309,3975
760,3620,1660
761,226,403
762,2650,301
763,329,1374
764,386,3994
765,2755,977
766,1474,2642
767,2526,2817
768,1792,1955
769,3753,1482
770,877,1378
771,1814,2057
772,1217,3385
773,2396,3240
774,4004,336
775,2573,1745
776,1230,2081
777,3215,545
778,1033,3424
779,3330,2427
780,61,1513
781,4091,3995
782,3076,3096
783,3957,2163
784,4020,3054
785,1603,1944
786,3885,0
787,3438,2186
788,2392,1308
789,913,2820
790,1767,1262
791,1507,1640
792,2514,101
793,3500,2679
794,2935,2484
795,2079,3939
796,1503,1409
797,25,2710
798,2955,1097
799,1542,2669
800,2606,556
801,3061,1206
802,1225,3878
803,2312,3711
804,3436,35
805,1167,1091
806,1311,3988
807,1630,2199
808,3817,3810
809,531,1427
810,3978,696
811,2921,1617
812,1007,2882
813,1974,3607
814,2107,2315
815,3250,2824
816,3115,380
817,4030,2124
818,3407,3998
819,1495,2753
820,3876,3525
821,1371,550
822,2881,2063
823,192,2674
824,77,3687
825,4017,2880
826,1583,2322
827,3719,4046
828,957,3335
829,2813,3168
830,478,2551
831,2370,2832
832,510,3041
833,1102,2816
834,393,3606
835,5,1495
836,4095,1097
837,3144,3835
838,4011,2883
839,3074,1423
840,1289,607
841,2740,476
842,169,2158
843,336,4004
844,3778,456
845,2819,501
846,615,3730
847,3219,1714
848,2982,2959
849,436,284
850,4043,2451
851,3727,2714
852,247,2336
853,3925,2586
854,3097,1448
855,4049,884
856,1938,3977
857,1164,25
858,2210,1187
859,879,4073
860,1737,2612
861,1392,721
862,3027,177
863,457,2631
864,478,2551
865,1546,3563
866,2741,164
867,706,714
868,3547,2553
869,2369,88
870,999,3890
871,215,1325
872,2300,1761
873,3688,1528
874,1703,1554
875,1044,34
876,1073,1364
877,770,1378
878,3421,1844
879,2874,859
880,621,1969
881,3797,4034
882,3663,3876
883,3409,658
884,1977,855
885,2520,3474
886,3659,684
887,177,493
888,1234,3821
889,1803,3203
890,973,1337
891,2231,1223
892,1540,83
893,2776,3082
894,638,66
895,2663,1140
896,3410,4021
897,373,163
898,1838,2444
899,1878,2080
900,1568,2800
901,4085,2221
902,3512,2522
903,2986,3285
904,1103,1397
905,2302,1823
906,1762,2340
907,3117,81
908,227,1424
909,3904,3038
910,1761,2300
911,2778,1880
912,4091,2428
913,789,2820
914,2974,3830
915,306,1988
916,417,1110
917,2134,415
918,1825,3539
919,1192,751
920,2401,503
921,2594,2262
922,1233,1158
923,3381,1824
924,703,4049
925,406,1619
926,74,1382
927,1047,780
928,3855,311
929,583,1231
930,33,2442
931,3038,2362
932,3502,2869
933,1350,3519
934,189,1746
935,1588,3983
936,407,520
937,2966,3570
938,1149,363
939,1321,3089
940,549,3459
941,2846,1253
942,1872,1577
943,2681,3023
944,3014,3951
945,2122,2593
946,656,3356
947,2464,1774
948,544,720
949,2420,1711
950,2627,3687
951,3744,1709
952,3476,3870
953,2046,2899
954,1825,3539
955,3741,994
956,1090,2390
957,3335,828
958,3469,2486
959,146,1155
960,2960,3703
961,1003,3510
962,1734,2475
963,858,1187
964,1075,2388
965,2976,276
966,3054,275
967,3828,3270
968,3871,536
969,1347,2686
970,2531,3660
971,3591,1383
972,3681,2689
973,890,1337
974,2421,3633
975,1816,1389
976,2712,3200
977,2755,765
978,2631,1544
979,2973,3244
980,2279,2059
981,3020,1214
982,3502,3960
983,2967,3448
984,558,687
985,2177,4087
986,1855,3056
987,155,2050
988,2727,1172
989,2824,2106
990,2144,423
991,605,221
992,1710,2187
993,2715,2832
994,2252,955
995,552,1574
996,3420,376
997,3413,2246
998,355,495
999,3890,501
1000,3901,162
1001,3358,2193
1002,2456,232
1003,961,3510
1004,1168,3236
1005,100,3165
1006,2183,2277
1007,812,2882
1008,1491,3883
1009,2763,1531
1010,3245,3410
1011,2058,699
1012,731,3070
1013,616,3242
1014,2493,1414
1015,2682,2565
1016,3814,2691
1017,447,581
1018,2170,801
1019,2747,540
1020,391,2971
1021,327,1372
1022,1475,232
1023,2804,2652
1024,3465,3713
1025,2053,740
1026,2373,2821
1027,284,3145
1028,430,1512
1029,554,1633
1030,3137,2334
1031,2876,2294
1032,2703,2163
1033,778,3424
1034,2411,3604
1035,2684,2927
1036,2406,3948
1037,3546,142
1038,1380,2538
1039,1136,4025
1040,1636,3099
1041,1753,3712
1042,944,1480
1043,337,3350
1044,875,34
1045,3216,2770
1046,520,2680
1047,927,780
1048,3965,3067
1049,788,1308
1050,334,2550
1051,1428,3278
1052,3286,3346
1053,1231,130
1054,3256,448
1055,2603,2768
1056,328,3331
1057,2590,29
1058,1611,1318
1059,1371,821
1060,3781,1888
1061,3933,1973
1062,2450,624
1063,2022,1939
1064,1278,3603
1065,2063,3221
1066,2995,377
1067,3651,666
1068,1642,2073
1069,3996,2553
1070,2277,3757
1071,2415,370
1072,2531,1147
1073,1455,876
1074,1108,3199
1075,964,2388
1076,40,1145
1077,3708,2309
1078,2797,3851
1079,4095,3688
1080,3344,1316
1081,3815,507
1082,3401,2957
1083,3967,546
1084,2078,19
1085,1541,280
1086,484,1781
1087,608,3314
1088,2199,1630
1089,3573,623
1090,956,1675
1091,1138,320
1092,1231,431
1093,421,2499
1094,1662,3535
1095,223,2674
1096,3397,624
1097,2784,2576
1098,2448,3978
1099,2865,2482
1100,83,892
1101,756,1409
1102,2816,833
1103,904,1397
1104,3478,1463
1105,2717,3079
1106,310,705
1107,1888,1725
1108,1074,420
1109,609,68
1110,417,916
1111,3657,3494
1112,571,3576
1113,3654,675
1114,2044,2818
1115,3696,1811
1116,2291,1385
1117,190,2001
1118,2056,1446
1119,1645,2885
1120,1873,3914
1121,2794,1996
1122,463,1860
1123,2239,1655
1124,2620,3225
1125,3993,1813
1126,2917,2572
1127,90,3385
1128,1597,156
1129,1776,2623
1130,347,1931
1131,1587,3639
1132,2890,56
1133,2214,176
1134,2736,2029
1135,2505,2284
1136,1039,4025
1137,1128,1597
1138,1091,3895
1139,318,1646
1140,895,269
1141,2152,3794
1142,2016,2457
1143,3509,3126
1144,3106,1994
1145,1604,1076
1146,3511,1584
1147,1764,2937
1148,2777,1283
1149,938,363
1150,1795,610
1151,4087,2177
1152,274,1925
1153,1355,1655
1154,1430,2142
1155,146,579
1156,1263,782
1157,2741,2132
1158,922,1233
1159,1840,499
1160,2242,2350
1161,3408,1626
1162,2721,3042
1163,2736,2029
1164,857,25
1165,3919,3864
1166,1571,1958
1167,1039,4025
1168,3236,3008
1169,1462,2825
1170,1447,1985
1171,2545,2089
1172,3361,3922
1173,753,3826
1174,1923,2307
1175,3395,169
1176,3727,851
1177,351,649
1178,1952,1709
1179,2909,2734
1180,2853,500
1181,3161,3078
1182,2684,656
1183,2406,1716
1184,412,1637
1185,475,2196
1186,1200,1866
1187,725,858
1188,14,3706
1189,1638,1822
1190,2618,2718
1191,1869,1566
1192,528,2611
1193,724,219
1194,1864,1754
1195,487,2178
1196,917,399
1197,116,622
1198,4042,47
1199,2585,4028
1200,1186,3217
1201,58,568
1202,321,2024
1203,1315,2951
1204,1994,1144
1205,4006,952
1206,801,3061
1207,2389,3743
1208,2972,1924
1209,3879,2000
1210,3798,2348
1211,3180,3862
1212,3678,1829
1213,3995,3683
1214,3020,981
1215,2377,1868
1216,2036,1217
1217,3385,772
1218,3774,898
1219,2999,422
1220,2455,1256
1221,312,1565
1222,1639,1915
1223,2462,2231
1224,3936,64
1225,1929,802
1226,1309,3975
1227,3667,2236
1228,1972,1760
1229,1647,3222
1230,2081,776
1231,1053,130
1232,93,4086
1233,922,1158
1234,888,3821
1235,133,3062
1236,13,3117
1237,2041,131
1238,2213,3303
1239,3803,1226
1240,3442,1535
1241,2007,518
1242,1697,3326
1243,2512,638
1244,3703,960
1245,1641,1846
1246,1283,4032
1247,3122,3691
1248,1722,3754
1249,4016,636
1250,1946,1864
1251,2004,1306
1252,15,380
1253,3282,3129
1254,2581,1656
1255,2551,2443
1256,2455,1220
1257,1942,3388
1258,3582,2573
1259,3770,1887
1260,1439,2622
1261,3884,20
1262,594,3266
1263,4003,3456
1264,3466,1532
1265,1573,433
1266,1859,16
1267,2579,3488
1268,1866,2314
1269,1057,2057
1270,2491,2109
1271,1644,2637
1272,1738,2386
1273,3923,2530
1274,3568,2025
1275,3574,1804
1276,2280,1520
1277,1214,2678
1278,1064,3603
1279,2091,1298
1280,2298,2475
1281,2592,3072
1282,3206,3460
1283,1246,1148
1284,3145,1027
1285,3594,3307
1286,2216,340
1287,260,2517
1288,3649,1539
1289,840,3847
1290,3887,2582
1291,2072,3310
1292,2817,767
1293,1938,856
1294,1382,584
1295,2082,1770
1296,686,2471
1297,2693,314
1298,427,2091
1299,1773,3400
1300,3731,4084
1301,3553,3844
1302,1722,458
1303,2687,1602
1304,3428,4035
1305,3162,1922
1306,3794,2004
1307,194,2256
1308,3824,2392
1309,1226,3803
1310,833,2331
1311,3988,1523
1312,2782,1935
1313,3888,1595
1314,2130,336
1315,1203,1879
1316,1368,3473
1317,1511,3442
1318,3164,2317
1319,1663,1105
1320,392,2206
1321,939,160
1322,401,3745
1323,3616,3537
1324,3253,1944
1325,3184,871
1326,1378,878
1327,3564,3697
1328,1478,338
1329,3188,1428
1330,2120,2826
1331,2275,3682
1332,4066,572
1333,2734,2020
1334,2874,3453
1335,3373,1379
1336,2674,1095
1337,281,973
1338,1943,3166
1339,1758,3700
1340,2028,2200
1341,4059,648
1342,755,120
1343,3009,3015
1344,1605,1676
1345,531,1947
1346,3476,1099
1347,969,3639
1348,2984,3121
1349,2564,2209
1350,933,3519
1351,591,333
1352,2330,3479
1353,538,3249
1354,3427,2844
1355,1153,1983
1356,2008,3872
1357,3066,2004
1358,1857,3088
1359,492,54
1360,3129,1253
1361,1318,722
1362,3077,306
1363,2283,3186
1364,3351,1073
1365,669,384
1366,4060,2991
1367,476,1259
1368,1316,3344
1369,2942,1646
1370,198,2381
1371,821,550
1372,1021,1855
1373,3247,3028
1374,329,763
1375,3026,2486
1376,2354,2259
1377,3095,2454
1378,770,877
1379,3237,1391
1380,1038,2538
1381,426,2628
1382,74,926
1383,971,3591
1384,1527,3386
1385,2998,2157
1386,2539,1427
1387,1650,757
1388,246,2087
1389,3574,1816
1390,1526,2116
1391,1379,3237
1392,861,1729
1393,142,97
1394,3150,287
1395,749,1081
1396,181,2016
1397,1103,904
1398,78,315
1399,1949,2871
1400,3726,4065
1401,22,3822
1402,1787,1567
1403,683,2258
1404,2132,3085
1405,3665,3117
1406,2310,1490
1407,3101,1934
1408,3583,2282
1409,796,1503
1410,225,887
1411,231,125
1412,567,3195
1413,3575,3685
1414,1014,2493
1415,2988,3422
1416,555,514
1417,2202,926
1418,692,3499
1419,2831,516
1420,3290,2823
1421,2403,3844
1422,3958,1675
1423,3074,839
1424,908,3974
1425,668,325
1426,2988,1415
1427,2539,1386
1428,3278,1051
1429,2523,3088
1430,2071,1154
1431,2154,3544
1432,2639,4017
1433,172,2324
1434,3041,1950
1435,1536,1624
1436,428,325
1437,2745,1854
1438,1568,3227
1439,3557,1260
1440,3926,2716
1441,2607,2191
1442,3858,2640
1443,446,3254
1444,2030,2887
1445,3837,3724
1446,3171,3517
1447,1985,1170
1448,854,3097
1449,3348,1325
1450,552,1207
1451,2925,3662
1452,2281,1628
1453,2333,1672
1454,3618,1563
1455,1073,1364
1456,3261,2179
1457,2863,428
1458,491,3199
1459,812,300
1460,1480,2049
1461,3580,1191
1462,3549,1169
1463,3590,641
1464,2888,3896
1465,1809,3728
1466,483,2769
1467,3157,222
1468,271,3421
1469,1937,375
1470,3811,1415
1471,3578,2419
1472,1897,1581
1473,2288,3402
1474,726,766
1475,2456,232
1476,3474,1496
1477,3463,3272
1478,338,1328
1479,682,1768
1480,1460,2049
1481,1908,44
1482,38,3875
1483,617,3182
1484,2,2927
1485,2112,3573
1486,2000,18
1487,79,3488
1488,2393,3800
1489,2294,2209
1490,3430,1540
1491,1008,2353
1492,3269,3504
1493,723,657
1494,3086,1503
1495,835,5
1496,117,1476
1497,2079,3994
1498,2527,188
1499,2014,364
1500,1679,3012
1501,365,3377
1502,2678,2189
1503,796,1409
1504,3971,3857
1505,2223,1705
1506,1396,235
1507,2325,791
1508,4005,3533
1509,695,3954
1510,3398,152
1511,1317,2979
1512,3135,430
1513,61,3765
1514,3376,3095
1515,263,2015
1516,3544,3186
1517,3917,1548
1518,2474,3202
1519,2446,3673
1520,4015,2280
1521,3602,2398
1522,3486,1554
1523,229,1311
1524,1704,4044
1525,303,2541
1526,1390,3397
1527,1384,3386
1528,2273,873
1529,27,3018
1530,2039,2614
1531,1009,2763
1532,1264,3466
1533,3148,2717
1534,1705,3783
1535,3442,1240
1536,1624,1435
1537,2263,3800
1538,2848,1544
1539,1288,3649
1540,892,1490
1541,3010,2145
1542,799,2288
1543,2352,3259
1544,978,2848
1545,1680,1039
1546,865,3563
1547,297,2296
1548,3917,1517
1549,2092,2583
1550,2520,1010
1551,2244,3643
1552,2944,304
1553,4065,1400
1554,3044,874
1555,206,3104
1556,3297,179
1557,2228,3901
1558,2782,1935
1559,3012,1150
1560,363,2863
1561,2447,1632
1562,1602,534
1563,1454,3618
1564,3961,4023
1565,551,1221
1566,2433,1869
1567,1787,1402
1568,2800,3320
1569,3468,8
1570,451,9
1571,1958,1166
1572,1548,3917
1573,433,708
1574,397,2854
1575,2347,1928
1576,3360,619
1577,1953,942
1578,2822,2417
1579,3805,2706
1580,540,1007
1581,1897,1472
1582,2969,2862
1583,826,2163
1584,3511,1146
1585,3253,3399
1586,3204,3306
1587,1131,4054
1588,2435,1589
1589,2435,1588
1590,640,2760
1591,1222,1639
1592,2265,3325
1593,2372,2173
1594,2468,3084
1595,1120,3276
1596,2167,2473
1597,156,1128
1598,2939,2175
1599,3781,1060
1600,587,286
1601,3881,1194
1602,1303,1562
1603,785,2759
1604,1145,2529
1605,1676,4024
1606,3459,549
1607,2050,155
1608,2914,642
1609,148,3092
1610,3612,113
1611,1058,1318
1612,3033,2630
1613,2257,2324
1614,2851,3285
1615,3840,783
1616,3526,1853
1617,2921,811
1618,1693,1963
1619,1778,925
1620,4,43
1621,3318,3056
1622,4007,2554
1623,3413,997
1624,1536,3953
1625,310,1106
1626,2334,2519
1627,3598,2891
1628,1452,2281
1629,630,2672
1630,807,2199
1631,2354,746
1632,3375,2447
1633,554,2270
1634,715,3471
1635,3816,2221
1636,1040,3099
1637,292,412
1638,652,3942
1639,1222,3755
1640,791,2509
1641,1846,1245
1642,1068,3124
1643,3147,2139
1644,1271,2637
1645,1119,2885
1646,2510,2565
1647,1229,522
1648,1954,2626
1649,2515,310
1650,1387,757
1651,596,2526
1652,139,1939
1653,200,2949
1654,4038,2180
1655,2239,1153
1656,4015,2581
1657,3997,3
1658,2934,2923
1659,391,1721
1660,760,3620
1661,1290,3720
1662,1094,3752
1663,1105,1319
1664,691,2313
1665,193,2468
1666,479,2476
1667,2357,2836
1668,3678,3761
1669,3899,2462
1670,3556,2282
1671,679,1472
1672,685,584
1673,2999,2050
1674,2749,2458
1675,3958,1422
1676,1338,1605
1677,2034,1158
1678,2629,3646
1679,145,1500
1680,1545,2858
1681,259,3187
1682,3375,1632
1683,2869,1936
1684,2575,2190
1685,2657,3103
1686,2790,2917
1687,3760,1973
1688,1790,3391
1689,461,2932
1690,398,3042
1691,3787,2126
1692,2088,2771
1693,1618,1963
1694,3970,2488
1695,2318,1321
1696,496,2478
1697,671,1242
1698,530,3980
1699,82,3855
1700,2965,3536
1701,2715,993
1702,2758,213
1703,2696,2632
1704,1524,4044
1705,1534,1505
1706,2095,245
1707,1819,2880
1708,3075,620
1709,1952,1178
1710,344,992
1711,949,2420
1712,3268,2537
1713,1800,763
1714,3219,847
1715,3941,3114
1716,3239,1183
1717,3266,2756
1718,13,3650
1719,181,2003
1720,3281,236
1721,1838,1659
1722,1302,458
1723,2260,700
1724,3863,2540
1725,2493,1014
1726,1849,443
1727,3005,2807
1728,3391,2414
1729,442,2023
1730,3962,3316
1731,3985,2054
1732,3492,3532
1733,441,200
1734,962,2475
1735,1839,3339
1736,3838,3788
1737,860,2612
1738,1272,2386
1739,463,2430
1740,3303,2929
1741,3060,1992
1742,2378,3883
1743,3651,2933
1744,513,3588
1745,1293,3141
1746,934,638
1747,2687,727
1748,3680,772
1749,2915,2241
1750,2762,3312
1751,3456,1764
1752,3026,463
1753,1041,3712
1754,1194,1864
1755,3717,3959
1756,102,3759
1757,2297,2748
1758,3700,1339
1759,366,2904
1760,2261,3763
1761,910,3205
1762,2340,906
1763,851,3727
1764,1147,3456
1765,3497,2085
1766,2168,341
1767,790,3266
1768,1479,682
1769,620,3075
1770,1295,3600
1771,711,2665
1772,3455,408
1773,1811,3696
1774,1820,3832
1775,2973,979
1776,1129,2287
1777,1910,2921
1778,3274,1619
1779,3776,174
1780,2752,666
1781,665,1334
1782,3608,3849
1783,4090,2949
1784,612,3974
1785,1916,807
1786,1686,2372
1787,1567,1402
1788,2021,678
1789,2203,4000
1790,1688,3391
1791,2575,1875
1792,1955,768
1793,3003,2582
1794,3755,1915
1795,1150,2099
1796,2668,3224
1797,2826,2232
1798,502,4036
1799,563,450
1800,763,329
1801,2791,1147
1802,1858,699
1803,889,3203
1804,3574,3729
1805,2498,2241
1806,1350,933
1807,2727,988
1808,2945,476
1809,1916,3728
1810,295,1930
1811,3696,1115
1812,2617,1567
1813,2012,1125
1814,771,2818
1815,258,700
1816,975,1389
1817,3405,2901
1818,2123,1015
1819,2880,136
1820,3832,2702
1821,3672,471
1822,652,3942
1823,2302,905
1824,3381,664
1825,3539,918
1826,2054,700
1827,3725,3644
1828,2187,533
1829,3678,2616
1830,503,2780
1831,2994,214
1832,2690,3632
1833,3204,1586
1834,2303,1044
1835,1861,681
1836,3722,1888
1837,2555,3157
1838,1721,2444
1839,3339,1735
1840,2376,2343
1841,299,2993
1842,2205,2994
1843,2469,2843
1844,3359,878
1845,626,3825
1846,1641,1245
1847,3532,89
1848,2862,2422
1849,1726,3019
1850,1613,4048
1851,362,3065
1852,19,4058
1853,3526,1616
1854,1437,2745
1855,1372,986
1856,607,2596
1857,3088,1358
1858,1802,497
1859,1266,2391
1860,3116,3909
1861,681,1835
1862,3096,1156
1863,3927,4061
1864,1194,1754
1865,378,4033
1866,1268,2314
1867,3317,3617
1868,2847,1215
1869,1191,1566
1870,2086,3867
1871,3898,73
1872,1883,942
1873,3833,1120
1874,2155,2379
1875,2190,1791
1876,2567,3827
1877,3370,608
1878,899,2563
1879,1315,1203
1880,911,2285
1881,1990,180
1882,3214,2713
1883,3841,1872
1884,3640,41
1885,2269,2578
1886,935,2701
1887,3770,1259
1888,1836,3722
1889,302,590
1890,3763,2261
1891,3336,3433
1892,1894,276
1893,3366,1965
1894,1892,276
1895,2475,1734
1896,568,703
1897,1581,1472
1898,2635,1556
1899,685,454
1900,849,436
1901,855,4049
1902,2490,3126
1903,3638,3837
1904,3040,3808
1905,748,3311
1906,237,2235
1907,2249,3438
1908,1481,171
1909,1757,2297
1910,1777,2921
1911,233,159
1912,426,1050
1913,2608,3763
1914,385,442
1915,1222,1794
1916,3728,1809
1917,1517,3917
1918,576,2094
1919,645,3269
1920,166,216
1921,2325,1507
1922,3162,270
1923,1174,3173
1924,3567,3235
1925,1152,205
1926,3156,3948
1927,4012,3025
1928,2347,1575
1929,1225,802
1930,295,1810
1931,3212,1130
1932,3187,1681
1933,606,2150
1934,2773,111
1935,2782,1312
1936,1683,2869
1937,1469,375
1938,856,1293
1939,1063,2022
1940,3741,955
1941,3562,2085
1942,3388,1257
1943,3166,1338
1944,698,785
1945,210,1558
1946,3626,1754
1947,3538,246
1948,3192,2038
1949,1399,2871
1950,2546,1434
1951,2912,4071
1952,1709,1178
1953,1577,3841
1954,1648,2626
1955,1792,373
1956,217,2342
1957,680,156
1958,1571,1166
1959,2295,2931
1960,4022,359
1961,3416,251
1962,3337,2966
1963,3297,1556
1964,3197,3769
1965,3366,3819
1966,3346,845
1967,2245,277
1968,3902,2320
1969,880,621
1970,2667,4067
1971,372,2064
1972,3445,1228
1973,3760,1687
1974,2688,813
1975,2416,1352
1976,3594,1285
1977,884,855
1978,482,360
1979,2941,3578
1980,1479,3172
1981,2577,3823
1982,269,2975
1983,1355,473
1984,4094,2389
1985,1447,1170
1986,2232,3431
1987,3630,2195
1988,306,915
1989,3527,3013
1990,3550,2827
1991,183,264
1992,1741,688
1993,2900,3496
1994,1144,3106
1995,3212,1931
1996,2508,2794
1997,2718,145
1998,2174,2961
1999,3307,3594
2000,1486,18
2001,3726,1400
2002,576,1867
2003,2537,2301
2004,1306,1357
2005,3560,539
2006,2259,1376
2007,1241,518
2008,1356,3872
2009,2143,404
2010,357,2775
2011,2943,1264
2012,1813,3993
2013,3098,3976
2014,1940,3653
2015,2018,263
2016,1142,1396
2017,2645,2646
2018,2015,263
2019,3706,1188
2020,611,3490
2021,678,4026
2022,1063,3629
2023,1729,442
2024,321,1897
2025,1274,2768
2026,175,1715
2027,2316,2692
2028,1340,605
2029,2736,3526
2030,1444,2887
2031,3915,1123
2032,133,1235
2033,3240,3169
2034,1158,1233
2035,606,2243
2036,1216,1217
2037,3553,1301
2038,7,3192
2039,1530,2614
2040,1246,496
2041,1237,131
2042,4027,49
2043,46,3586
2044,2818,1114
2045,3011,3292
2046,953,3949
2047,2045,3292
2048,3675,619
2049,3712,1753
2050,155,1607
2051,2146,3395
2052,3616,1323
2053,2383,3746
2054,1731,3985
2055,2461,704
2056,1118,2548
2057,2249,2671
2058,1011,699
2059,980,2279
2060,4010,2148
2061,203,3597
2062,2360,350
2063,1065,2881
2064,372,3808
2065,3333,4063
2066,2265,2808
2067,500,2853
2068,2781,419
2069,3860,3743
2070,742,2242
2071,1430,1154
2072,3255,3889
2073,2246,2874
2074,722,908
2075,159,822
2076,2332,2977
2077,3673,2561
2078,2584,1084
2079,795,1497
2080,433,1573
2081,1230,776
2082,1295,2692
2083,3836,3495
2084,603,2956
2085,1765,337
2086,2911,3754
2087,1388,246
2088,2771,1692
2089,1171,2442
2090,3867,114
2091,1279,1298
2092,1549,2583
2093,3889,481
2094,1918,576
2095,3449,1706
2096,3029,2978
2097,1959,2295
2098,4063,2065
2099,3468,1795
2100,3530,413
2101,3599,3610
2102,2128,2356
2103,2851,3285
2104,3831,3845
2105,3368,3564
2106,3094,2238
2107,2861,814
2108,2129,2506
2109,1270,3327
2110,2563,1878
2111,3078,3518
2112,3236,1485
2113,628,2697
2114,3877,3477
2115,3325,3496
2116,307,1390
2117,2545,2442
2118,658,883
2119,168,3451
2120,1330,2826
2121,2467,3498
2122,3333,945
2123,1818,2497
2124,4030,817
2125,3319,2266
2126,1691,3787
2127,704,58
2128,2356,2102
2129,2108,2506
2130,1314,549
2131,3433,1891
2132,1404,1157
2133,3966,2248
2134,418,917
2135,2423,3295
2136,2206,92
2137,125,231
2138,144,2975
2139,673,452
2140,2623,1215
2141,2302,905
2142,3709,1154
2143,404,2009
2144,990,1237
2145,3010,1541
2146,2887,2653
2147,3829,376
2148,3006,2778
2149,3911,2484
2150,1933,802
2151,2478,4015
2152,3794,1141
2153,2589,567
2154,1431,3544
2155,1874,2992
2156,627,267
2157,2998,1385
2158,376,169
2159,318,3118
2160,1926,3156
2161,3904,909
2162,107,1884
2163,2703,3957
2164,3530,2100
2165,134,2702
2166,371,2425
2167,2473,1915
2168,1766,341
2169,3972,40
2170,1018,20
2171,184,780
2172,3960,2770
2173,1593,409
2174,2961,2775
2175,2939,1598
2176,3851,3401
2177,985,4087
2178,4045,1195
2179,1456,3261
2180,1654,2505
2181,3146,3159
2182,2491,2624
2183,1006,2277
2184,3018,1960
2185,2465,3323
2186,1339,3765
2187,533,1828
2188,733,753
2189,1502,2678
2190,2575,1875
2191,2607,1441
2192,218,3423
2193,1001,3246
2194,3432,383
2195,2933,1743
2196,2547,3888
2197,394,3138
2198,2386,632
2199,1630,807
2200,422,1340
2201,162,750
2202,1417,3793
2203,2654,1789
2204,2245,2840
2205,1842,2994
2206,2136,92
2207,671,1697
2208,3153,3239
2209,1349,49
2210,858,1187
2211,3441,3905
2212,3700,1339
2213,1238,3035
2214,3912,1133
2215,1161,3408
2216,1286,340
2217,3048,3583
2218,2812,3620
2219,689,2151
2220,2458,123
2221,4085,228
2222,3909,3116
2223,1505,1705
2224,486,2253
2225,623,1089
2226,3751,3516
2227,3937,2407
2228,3901,1000
2229,2610,182
2230,3400,1299
2231,891,1223
2232,3431,1986
2233,3436,1294
2234,266,4033
2235,1906,3120
2236,4041,3667
2237,3674,3946
2238,3094,2106
2239,1655,1123
2240,2509,3934
2241,2498,2349
2242,2350,1160
2243,606,2035
2244,1551,3643
2245,1967,2840
2246,2073,997
2247,498,577
2248,81,3966
2249,1907,2671
2250,3652,3387
2251,2460,98
2252,994,2394
2253,2224,486
2254,2536,1584
2255,3710,412
2256,1307,194
2257,1613,2324
2258,3260,1403
2259,2006,1376
2260,3894,700
2261,3763,1760
2262,921,2594
2263,3800,1537
2264,2307,1174
2265,2808,1592
2266,663,2125
2267,3411,3394
2268,1723,2260
2269,1885,2578
2270,1633,3499
2271,251,3416
2272,3895,750
2273,1528,873
2274,170,3493
2275,3682,1331
2276,2944,1552
2277,3632,1070
2278,806,1906
2279,980,2059
2280,1276,1520
2281,1452,1628
2282,1670,1408
2283,2599,1363
2284,1135,2480
2285,613,2019
2286,664,3362
2287,1776,3450
2288,1473,3402
2289,3194,3871
2290,3326,643
2291,1116,2251
2292,734,3332
2293,1611,1058
2294,1031,1489
2295,1959,633
2296,1547,388
2297,1757,2748
2298,1895,2475
2299,3001,1304
2300,872,910
2301,3150,2537
2302,905,1823
2303,1834,185
2304,2840,2661
2305,2750,3745
2306,3049,489
2307,2264,1174
2308,290,1790
2309,3237,1379
2310,108,1406
2311,404,2143
2312,803,3711
2313,691,2502
2314,2394,2252
2315,2501,3911
2316,2027,3731
2317,3164,1318
2318,1695,509
2319,2403,1598
2320,3902,1968
2321,3371,2587
2322,826,3957
2323,3469,1375
2324,2257,1613
2325,1507,791
2326,1860,3912
2327,3842,660
2328,3864,693
2329,416,2386
2330,1352,3182
2331,2586,3925
2332,2977,2076
2333,1453,1953
2334,2519,1030
2335,3569,2798
2336,247,1261
2337,2424,3566
2338,3230,2725
2339,3231,690
2340,1762,906
2341,55,2719
2342,523,1956
2343,2376,2349
2344,3016,3816
2345,2997,2708
2346,2633,3935
2347,1928,1575
2348,3045,3826
2349,2241,2343
2350,2242,1160
2351,1212,1668
2352,1543,3259
2353,508,379
2354,1376,2006
2355,385,2023
2356,2128,2102
2357,1667,2836
2358,737,3374
2359,335,3404
2360,2062,1886
2361,2647,3379
2362,2363,931
2363,2362,8
2364,537,3516
2365,650,782
2366,3439,1551
2367,3789,66
2368,2102,2673
2369,869,88
2370,831,2832
2371,3875,369
2372,1593,104
2373,1026,3341
2374,3881,1601
2375,65,2947
2376,2343,1840
2377,186,1215
2378,1742,1441
2379,1874,2992
2380,1939,3551
2381,198,1370
2382,3830,3412
2383,3746,2053
2384,3529,2996
2385,2918,228
2386,2198,632
2387,127,472
2388,453,252
2389,4094,1207
2390,3958,956
2391,326,1859
2392,3824,788
2393,1488,3800
2394,2252,2314
2395,3989,3467
2396,2831,1419
2397,1600,344
2398,4070,1521
2399,2476,479
2400,3949,2855
2401,920,503
2402,1340,298
2403,1421,1969
2404,2615,2768
2405,3964,2392
2406,1036,3948
2407,3656,2227
2408,758,232
2409,3780,1917
2410,1691,3787
2411,869,2369
2412,3239,1740
2413,4014,3302
2414,3050,153
2415,370,1071
2416,1975,617
2417,2670,2822
2418,565,4043
2419,3777,2737
2420,949,2837
2421,974,3514
2422,409,1593
2423,2135,138
2424,2337,3990
2425,2166,371
2426,3938,44
2427,4019,2722
2428,3103,3427
2429,2607,1441
2430,1739,739
2431,1523,47
2432,1143,3509
2433,1566,1869
2434,3924,205
2435,1589,1588
2436,3228,3204
2437,2585,4028
2438,89,182
2439,3069,3716
2440,2479,3178
2441,3940,1922
2442,2089,930
2443,1255,4031
2444,1838,898
2445,2568,2604
2446,1519,2077
2447,1632,3375
2448,1098,3919
2449,3301,2903
2450,1062,624
2451,3749,4043
2452,3403,2688
2453,2714,3613
2454,267,1377
2455,1256,1220
2456,1475,232
2457,2016,1932
2458,2749,2220
2459,1499,510
2460,98,2251
2461,3435,2055
2462,1223,3899
2463,609,3370
2464,2227,2407
2465,2185,3323
2466,1769,2656
2467,2121,661
2468,1665,193
2469,1843,2843
2470,1176,851
2471,1296,3201
2472,3503,2732
2473,2167,1915
2474,1518,3202
2475,1895,1734
2476,479,1666
2477,3121,2767
2478,1696,496
2479,3178,2440
2480,2505,1970
2481,570,2735
2482,632,2865
2483,2979,473
2484,2935,3911
2485,529,3448
2486,1375,3469
2487,3367,565
2488,2913,1694
2489,3501,3848
2490,2751,1902
2491,2182,2624
2492,3274,3556
2493,1014,1725
2494,314,296
2495,2562,3130
2496,3569,305
2497,3343,238
2498,1805,2241
2499,421,1093
2500,72,1178
2501,2315,3911
2502,707,2313
2503,2628,562
2504,3470,68
2505,1135,4067
2506,2108,2129
2507,2787,230
2508,1996,2794
2509,2240,1846
2510,2565,1015
2511,1719,2003
2512,1243,638
2513,4040,3684
2514,792,101
2515,1649,3207
2516,3645,345
2517,1287,260
2518,3802,459
2519,3723,2334
2520,1550,1010
2521,2892,1874
2522,3372,902
2523,1429,3088
2524,3384,3634
2525,3990,746
2526,1651,767
2527,2737,188
2528,256,124
2529,1604,1145
2530,3923,215
2531,2937,970
2532,2805,3258
2533,3514,2421
2534,4028,2585
2535,3635,1376
2536,1584,353
2537,2003,2301
2538,1380,1038
2539,1386,1427
2540,708,2862
2541,1525,303
2542,3373,3299
2543,304,3799
2544,3317,3617
2545,1171,147
2546,2689,1950
2547,262,2196
2548,2056,1118
2549,2838,2677
2550,132,334
2551,478,830
2552,160,1726
2553,1069,405
2554,429,2779
2555,1837,3157
2556,2878,707
2557,3982,3426
2558,3257,3211
2559,277,3497
2560,2906,3334
2561,2896,2077
2562,3130,2495
2563,2110,1878
2564,1349,3854
2565,2510,3118
2566,2418,3766
2567,1876,3827
2568,2445,2604
2569,1704,1524
2570,2919,2499
2571,4090,3562
2572,1126,2266
2573,775,1258
2574,2753,819
2575,1791,2190
2576,2784,1097
2577,3823,1981
2578,2269,1885
2579,3602,1267
2580,3968,3896
2581,1656,4032
2582,3003,1793
2583,1549,2092
2584,4058,19
2585,1199,4028
2586,2331,3925
2587,583,2321
2588,521,564
2589,57,3508
2590,29,1057
2591,3986,3175
2592,1281,3371
2593,2122,945
2594,921,2262
2595,3133,3618
2596,1856,607
2597,2790,2749
2598,2823,1420
2599,2283,3186
2600,3810,2184
2601,4057,4093
2602,730,1539
2603,1055,3768
2604,2677,2445
2605,2699,3213
2606,800,282
2607,1441,2191
2608,1913,2261
2609,653,1878
2610,2229,182
2611,1192,853
2612,860,3053
2613,3001,3064
2614,2039,3386
2615,2404,3264
2616,3761,1829
2617,1812,1567
2618,1190,3123
2619,2784,3764
2620,1124,2538
2621,3679,728
2622,4068,4056
2623,2140,1129
2624,2491,2182
2625,3007,857
2626,574,1648
2627,950,1211
2628,562,3733
2629,3646,1928
2630,3033,1612
2631,457,863
2632,2696,1703
2633,2346,28
2634,3477,1968
2635,1898,693
2636,3653,3771
2637,2660,1644
2638,3815,1081
2639,1432,136
2640,3116,1442
2641,3404,1999
2642,766,3009
2643,3956,1206
2644,3697,427
2645,2017,3936
2646,3835,1839
2647,3248,659
2648,3031,3365
2649,330,3908
2650,762,149
2651,3404,2641
2652,2804,1023
2653,2675,2796
2654,2203,1789
2655,2728,4077
2656,204,2681
2657,1685,3103
2658,3403,2452
2659,2075,159
2660,2637,3980
2661,2840,2304
2662,3761,2616
2663,895,2975
2664,3398,125
2665,1771,711
2666,3425,867
2667,1970,4067
2668,195,3682
2669,3093,799
2670,2417,2822
2671,2249,1114
2672,630,1629
2673,2368,3229
2674,1336,1095
2675,2653,2796
2676,3450,660
2677,2604,2445
2678,1502,2189
2679,3500,3582
2680,520,1046
2681,204,2656
2682,1015,2565
2683,3352,2724
2684,1035,2927
2685,4031,3107
2686,2980,73
2687,1303,1747
2688,1974,2452
2689,2833,2546
2690,1832,532
2691,3822,1016
2692,2082,1295
2693,314,1297
2694,517,1762
2695,3036,2583
2696,2632,1703
2697,3623,2113
2698,137,2871
2699,2605,3213
2700,3291,954
2701,3775,1949
2702,3832,1820
2703,2163,3957
2704,3280,504
2705,3017,3387
2706,3834,1579
2707,3676,2957
2708,2997,486
2709,1553,4065
2710,25,797
2711,2936,3195
2712,976,3200
2713,1882,199
2714,3727,851
2715,993,1701
2716,3926,1440
2717,3079,1105
2718,1997,2649
2719,474,3413
2720,3734,3389
2721,1162,3042
2722,2427,1169
2723,3059,655
2724,2683,3352
2725,3230,2338
2726,2772,2792
2727,988,1172
2728,4077,2655
2729,4029,2829
2730,593,3829
2731,3148,234
2732,3485,180
2733,3715,599
2734,2909,1179
2735,419,3334
2736,2029,1134
2737,2527,2956
2738,595,635
2739,410,1247
2740,841,476
2741,1157,866
2742,265,4092
2743,32,60
2744,400,2731
2745,487,1437
2746,4018,3198
2747,1019,2395
2748,524,2297
2749,1674,2458
2750,2305,3745
2751,2490,4051
2752,1780,2933
2753,2574,819
2754,3528,3920
2755,765,977
2756,1717,3597
2757,639,2765
2758,1702,213
2759,1603,3399
2760,1590,640
2761,3726,2001
2762,1750,3106
2763,3341,1009
2764,3592,1051
2765,2757,1109
2766,431,2205
2767,2477,1565
2768,1274,2025
2769,661,483
2770,2172,1045
2771,2088,79
2772,2726,527
2773,1934,3101
2774,3719,4046
2775,3128,2174
2776,893,3082
2777,1148,2581
2778,2148,911
2779,3759,102
2780,2793,3603
2781,2068,3188
2782,1935,1312
2783,516,2396
2784,1097,2576
2785,4080,28
2786,274,2559
2787,2507,1400
2788,1011,2058
2789,1106,705
2790,2917,2597
2791,3313,1801
2792,3194,2772
2793,2780,3603
2794,1996,2508
2795,3582,263
2796,644,2675
2797,1078,3984
2798,3271,305
2799,3521,468
2800,1568,3320
2801,343,4061
2802,3109,2751
2803,628,3435
2804,1023,2652
2805,1407,3258
2806,613,3006
2807,359,1727
2808,2265,3866
2809,358,2948
2810,131,3448
2811,396,3798
2812,2218,3361
2813,829,411
2814,4014,244
2815,3579,4047
2816,1102,833
2817,767,1292
2818,2044,1114
2819,845,501
2820,729,789
2821,3341,1026
2822,1578,2417
2823,2598,1420
2824,989,815
2825,3686,6
2826,2758,213
2827,1990,594
2828,302,1731
2829,374,2729
2830,259,441
2831,1419,2396
2832,831,2370
2833,2689,2546
2834,88,293
2835,3587,3932
2836,580,387
2837,2420,949
2838,2549,395
2839,1038,1380
2840,2661,2304
2841,3392,1530
2842,230,3617
2843,2469,3972
2844,1354,3427
2845,3773,1678
2846,714,407
2847,1868,2377
2848,1538,2631
2849,2923,3104
2850,2385,2415
2851,2103,3285
2852,3565,42
2853,500,3483
2854,1574,995
2855,2400,3949
2856,3818,254
2857,544,948
2858,1680,2652
2859,3853,3523
2860,209,959
2861,2107,2283
2862,1848,2540
2863,1457,428
2864,618,702
2865,1099,2482
2866,710,3325
2867,670,3196
2868,3860,2408
2869,1683,1936
2870,2899,2855
2871,137,1949
2872,2659,2940
2873,3396,1549
2874,879,3453
2875,3634,3295
2876,1031,2294
2877,2849,2934
2878,2556,707
2879,448,3205
2880,1819,136
2881,822,2063
2882,812,300
2883,838,4011
2884,10,3477
2885,1645,1119
2886,2769,2352
2887,2699,2146
2888,1464,3896
2889,1782,3608
2890,1132,1557
2891,1627,3598
2892,2521,1046
2893,349,3129
2894,1321,939
2895,1813,1125
2896,2561,1083
2897,286,1440
2898,748,566
2899,3631,953
2900,1993,3496
2901,1817,3405
2902,418,3605
2903,3301,2449
2904,366,1759
2905,4067,2505
2906,3334,2560
2907,420,1108
2908,593,3181
2909,1179,2734
2910,462,2911
2911,462,2086
2912,1951,2890
2913,75,3002
2914,3259,642
2915,824,77
2916,298,3082
2917,2790,1126
2918,2385,228
2919,2570,2515
2920,3330,282
2921,1617,811
2922,2924,150
2923,2849,3104
2924,2922,150
2925,1451,2595
2926,3715,2657
2927,2,1484
2928,3124,1642
2929,3303,1740
2930,3234,3622
2931,1959,207
2932,354,1689
2933,1743,1067
2934,1658,2877
2935,2484,794
2936,2711,2285
2937,2531,4003
2938,579,381
2939,1598,2175
2940,64,3936
2941,1979,3549
2942,1369,1646
2943,2011,1264
2944,1552,1227
2945,3778,456
2946,3506,2832
2947,2375,65
2948,2809,3669
2949,1653,200
2950,4089,1474
2951,440,3435
2952,2207,1697
2953,3328,1753
2954,3316,3962
2955,798,1097
2956,2084,603
2957,1082,3401
2958,470,3039
2959,2982,3379
2960,3475,960
2961,2174,4057
2962,3636,3786
2963,104,2372
2964,3783,1893
2965,294,721
2966,937,1962
2967,983,2485
2968,3275,1312
2969,1582,2862
2970,3908,1853
2971,4037,1020
2972,1208,1924
2973,979,1775
2974,580,914
2975,2663,895
2976,965,276
2977,2332,2076
2978,2096,3063
2979,2483,1511
2980,73,3898
2981,1581,221
2982,2959,3379
2983,3886,3906
2984,3121,1348
2985,3131,3729
2986,903,3310
2987,1890,3763
2988,3422,1415
2989,1464,3016
2990,752,469
2991,3191,4060
2992,2379,2155
2993,1841,299
2994,250,1842
2995,1066,377
2996,3529,3806
2997,2708,2345
2998,2157,1385
2999,1219,1673
3000,1610,1793
3001,2299,4035
3002,4000,131
3003,2582,1793
3004,119,438
3005,1727,2807
3006,2148,2778
3007,2625,857
3008,1168,3694
3009,1343,2642
3010,2145,1541
3011,2045,171
3012,3891,1559
3013,1989,3527
3014,944,3951
3015,2012,3284
3016,2344,2989
3017,3846,3387
3018,2184,1529
3019,1849,1726
3020,981,1214
3021,2952,2691
3022,3558,3264
3023,2656,3085
3024,3111,2374
3025,272,3091
3026,1375,1752
3027,862,177
3028,1373,2097
3029,3717,1755
3030,379,3606
3031,3365,2648
3032,377,2995
3033,2630,1612
3034,141,695
3035,533,2213
3036,2695,2583
3037,3536,745
3038,931,909
3039,4075,470
3040,1904,3808
3041,1434,1950
3042,2721,1690
3043,2182,2491
3044,1554,1522
3045,3826,2348
3046,3811,1946
3047,188,399
3048,2217,3583
3049,384,2306
3050,153,2414
3051,703,568
3052,718,106
3053,2612,3728
3054,966,784
3055,716,557
3056,3160,1855
3057,3588,202
3058,3227,3950
3059,698,655
3060,1741,843
3061,801,1206
3062,1235,4064
3063,631,3321
3064,69,3701
3065,752,469
3066,3784,1357
3067,1048,3100
3068,3375,1632
3069,3716,3709
3070,3222,525
3071,3454,3690
3072,515,1281
3073,3461,60
3074,839,1423
3075,620,1708
3076,3096,3152
3077,1362,306
3078,2111,1181
3079,2717,1105
3080,3302,4014
3081,3410,3245
3082,3355,3277
3083,4057,2961
3084,2468,193
3085,3023,2656
3086,1494,3873
3087,3787,1691
3088,1857,1358
3089,3464,939
3090,113,3612
3091,272,3796
3092,148,1038
3093,2669,33
3094,2238,2106
3095,1377,1514
3096,3076,3152
3097,854,1448
3098,3976,2013
3099,1636,1040
3100,1174,1923
3101,2773,1407
3102,3572,2554
3103,2428,3427
3104,2923,2849
3105,3861,3208
3106,1144,2762
3107,3750,1807
3108,1883,454
3109,3161,2802
3110,3853,3523
3111,3024,209
3112,492,1560
3113,2172,2770
3114,1747,2687
3115,816,380
3116,2640,3909
3117,3665,1405
3118,2565,2159
3119,1687,2344
3120,237,2235
3121,2477,2767
3122,3691,1247
3123,1190,2618
3124,2928,1642
3125,3757,1070
3126,3509,1143
3127,352,3535
3128,3263,2775
3129,1360,1253
3130,2562,1257
3131,2985,3729
3132,1423,3074
3133,3618,1454
3134,364,1159
3135,1512,430
3136,2044,3647
3137,1030,2800
3138,579,2197
3139,2307,2264
3140,488,4037
3141,1938,856
3142,373,163
3143,3605,1059
3144,3835,837
3145,1027,1284
3146,2181,3159
3147,224,1643
3148,1533,2215
3149,3748,4012
3150,2301,1394
3151,2695,2655
3152,157,3076
3153,2208,3239
3154,3601,3145
3155,196,2495
3156,1926,239
3157,1467,1837
3158,1369,775
3159,647,3463
3160,3056,1621
3161,1181,3109
3162,1305,1922
3163,3850,3565
3164,2317,1318
3165,3567,1924
3166,1943,1338
3167,3624,197
3168,829,2813
3169,3240,3570
3170,747,2514
3171,1446,3517
3172,3462,1980
3173,1923,1174
3174,3691,87
3175,3986,2591
3176,289,4009
3177,3779,488
3178,2479,2440
3179,3074,912
3180,1211,3862
3181,2908,3214
3182,2330,617
3183,3383,3689
3184,1325,871
3185,3515,3363
3186,2599,3906
3187,1932,1681
3188,1329,1051
3189,889,4083
3190,3718,1514
3191,2991,4060
3192,1948,2038
3193,3118,2159
3194,2289,3871
3195,567,1412
3196,670,2867
3197,3769,1964
3198,23,2746
3199,1074,1458
3200,3381,3362
3201,1283,1148
3202,1518,2474
3203,889,1803
3204,1586,2436
3205,1761,3637
3206,3460,1282
3207,2515,1649
3208,711,2665
3209,48,411
3210,3983,292
3211,2558,3257
3212,1995,1931
3213,2605,2699
3214,1882,2713
3215,777,545
3216,1045,2770
3217,220,1200
3218,550,821
3219,1714,847
3220,773,2831
3221,313,1065
3222,3070,525
3223,2708,486
3224,661,1796
3225,1124,2620
3226,1370,2381
3227,3058,1438
3228,2436,1586
3229,428,1436
3230,2338,2725
3231,2339,690
3232,3257,2558
3233,662,3626
3234,455,2930
3235,1924,3567
3236,2112,1168
3237,1379,2309
3238,524,2748
3239,2412,1716
3240,2033,3169
3241,4069,1647
3242,1013,94
3243,684,3659
3244,3595,624
3245,1010,3081
3246,1958,1571
3247,1373,1557
3248,659,2647
3249,3527,1989
3250,815,338
3251,165,4076
3252,2728,4018
3253,3275,1585
3254,718,406
3255,3889,481
3256,3677,1054
3257,2558,3232
3258,122,2805
3259,2914,642
3260,2258,132
3261,270,1456
3262,740,3609
3263,3128,4093
3264,3558,3022
3265,1937,3407
3266,1262,594
3267,1964,3542
3268,1712,2190
3269,1492,1919
3270,967,2839
3271,3545,2798
3272,3463,1477
3273,3839,152
3274,2492,1778
3275,2968,3253
3276,1595,1120
3277,3355,3082
3278,578,1428
3279,536,3704
3280,3519,2704
3281,1720,1799
3282,1253,1360
3283,39,2080
3284,3015,2594
3285,2851,2103
3286,1052,3346
3287,572,3669
3288,2400,3949
3289,3569,2496
3290,1420,356
3291,1354,3427
3292,1481,1908
3293,672,120
3294,3452,402
3295,786,3885
3296,217,1956
3297,1556,1963
3298,839,3074
3299,774,4004
3300,2214,3912
3301,2449,2903
3302,2413,4014
3303,1740,2929
3304,122,615
3305,3914,3833
3306,1586,3951
3307,3594,1285
3308,353,4055
3309,542,3217
3310,2072,3255
3311,1905,748
3312,1750,2762
3313,712,2791
3314,639,1087
3315,251,2271
3316,2954,3962
3317,3617,2544
3318,1621,3056
3319,2125,401
3320,2800,1568
3321,631,1882
3322,3440,3615
3323,2185,2465
3324,3707,3941
3325,2115,1592
3326,424,2290
3327,751,3571
3328,2953,1041
3329,1,3374
3330,779,282
3331,1056,328
3332,2292,789
3333,2122,2065
3334,2906,2735
3335,957,828
3336,1891,3433
3337,1962,3558
3338,3777,2419
3339,1839,1735
3340,3514,2533
3341,2821,2763
3342,3007,2625
3343,238,2497
3344,1080,1368
3345,3897,559
3346,1966,3286
3347,1919,331
3348,3982,3426
3349,464,2810
3350,3722,280
3351,1364,3687
3352,2683,2724
3353,4025,1136
3354,1497,386
3355,3082,3277
3356,656,2194
3357,3669,367
3358,1001,2193
3359,1844,4069
3360,1576,619
3361,1172,3922
3362,3381,2286
3363,3515,3485
3364,879,859
3365,3031,4079
3366,1965,3819
3367,2487,339
3368,2105,43
3369,4044,541
3370,1877,608
3371,2321,2587
3372,2522,902
3373,2542,3299
3374,1,3329
3375,1682,1632
3376,1514,3095
3377,365,2192
3378,36,494
3379,2647,2959
3380,3503,2472
3381,3362,3200
3382,3767,288
3383,3183,3689
3384,2524,3302
3385,1217,90
3386,1527,1384
3387,3846,3017
3388,1942,1257
3389,3734,1151
3390,1738,2161
3391,1728,1688
3392,2841,1530
3393,447,667
3394,154,3444
3395,1175,2523
3396,3561,2873
3397,1526,1390
3398,2664,1510
3399,342,1585
3400,2230,1299
3401,1082,2957
3402,2288,1473
3403,2452,2658
3404,2651,2641
3405,1817,2901
3406,4021,3275
3407,3998,818
3408,1161,1626
3409,883,658
3410,3081,3245
3411,194,1307
3412,1131,2382
3413,1623,997
3414,78,382
3415,291,222
3416,1961,3372
3417,514,1537
3418,2759,3067
3419,3522,417
3420,996,1284
3421,878,1468
3422,2988,507
3423,2192,218
3424,3088,1857
3425,2666,867
3426,3982,2557
3427,1354,2844
3428,1304,3272
3429,2044,2818
3430,108,2310
3431,2232,1986
3432,2194,383
3433,2131,1891
3434,3489,2266
3435,2461,440
3436,804,35
3437,633,865
3438,1907,2249
3439,4033,2366
3440,3322,1089
3441,2211,2164
3442,1240,1535
3443,3790,674
3444,3394,154
3445,1972,3816
3446,240,664
3447,129,482
3448,529,2810
3449,2095,852
3450,351,2676
3451,2709,168
3452,3294,402
3453,2874,1334
3454,3071,397
3455,1772,408
3456,1263,1764
3457,3884,201
3458,3820,4008
3459,549,940
3460,3206,1282
3461,3073,3323
3462,224,3172
3463,647,3272
3464,3089,939
3465,1024,1929
3466,1264,1532
3467,3865,3611
3468,2099,1795
3469,1375,958
3470,2504,1448
3471,3932,3587
3472,3789,66
3473,1316,4081
3474,1476,1496
3475,2960,2907
3476,1346,952
3477,2634,2114
3478,1104,1463
3479,573,1352
3480,4074,3171
3481,491,1458
3482,2247,498
3483,689,2853
3484,3508,3797
3485,2732,180
3486,193,1665
3487,309,3178
3488,79,1487
3489,3434,1979
3490,283,2954
3491,3742,1550
3492,1732,3873
3493,170,45
3494,3657,118
3495,2083,3836
3496,1993,2115
3497,2145,1765
3498,2121,1562
3499,692,2270
3500,2679,793
3501,2489,3848
3502,932,982
3503,2472,3380
3504,1871,1492
3505,3736,602
3506,2946,366
3507,243,2190
3508,57,2589
3509,1143,3126
3510,305,961
3511,1146,1027
3512,902,445
3513,2788,699
3514,2533,2421
3515,3363,3185
3516,2226,3751
3517,3171,1446
3518,3078,2111
3519,3280,1350
3520,3614,877
3521,2799,3590
3522,3419,417
3523,1405,3110
3524,2586,3925
3525,3876,820
3526,1616,2029
3527,3249,1989
3528,2754,390
3529,2384,2996
3530,2100,2164
3531,2664,504
3532,1847,1732
3533,4005,1508
3534,561,324
3535,1094,1662
3536,3550,3037
3537,1323,3616
3538,1947,246
3539,1825,954
3540,1059,1371
3541,45,3493
3542,3267,3471
3543,3869,4022
3544,2154,1516
3545,3271,2798
3546,1037,3353
3547,868,4071
3548,2263,1001
3549,2941,1979
3550,3536,1990
3551,255,2380
3552,3817,3852
3553,1301,3844
3554,190,3517
3555,1414,1014
3556,1670,2282
3557,357,1439
3558,3264,3337
3559,362,4002
3560,3852,2005
3561,3396,271
3562,1941,2085
3563,1546,1129
3564,1327,2105
3565,2852,144
3566,187,701
3567,1924,3165
3568,1274,2025
3569,3289,2496
3570,3240,3169
3571,744,751
3572,3102,102
3573,623,1089
3574,1804,1275
3575,1413,3685
3576,1112,2945
3577,1346,3476
3578,1471,1979
3579,4047,2815
3580,1191,1869
3581,323,2025
3582,2679,2795
3583,1408,3048
3584,1028,1669
3585,3596,949
3586,2043,46
3587,3932,2835
3588,3057,1744
3589,2657,1213
3590,1463,3521
3591,971,1383
3592,2764,1051
3593,3959,1558
3594,3307,1285
3595,3244,3132
3596,3585,2420
3597,203,2061
3598,1627,2891
3599,2101,3610
3600,1770,1295
3601,3154,353
3602,4066,2579
3603,1278,1064
3604,1034,2411
3605,3668,550
3606,393,834
3607,813,471
3608,3849,1782
3609,3262,740
3610,1282,2101
3611,3865,3467
3612,1610,113
3613,1833,2453
3614,3520,877
3615,3322,1219
3616,1323,2052
3617,3317,230
3618,1454,3133
3619,1106,2789
3620,2218,760
3621,2873,522
3622,2930,2439
3623,2697,3393
3624,3167,197
3625,686,346
3626,1754,1946
3627,1332,741
3628,371,2166
3629,2022,1063
3630,1987,2752
3631,2899,3769
3632,2277,1070
3633,974,2421
3634,2524,3384
3635,2535,41
3636,2962,2023
3637,3205,3646
3638,2106,3094
3639,1131,1587
3640,4034,582
3641,668,2102
3642,3710,2255
3643,2244,1551
3644,3725,1827
3645,2516,345
3646,2629,1678
3647,2111,2212
3648,285,2381
3649,1288,1539
3650,625,126
3651,1743,1067
3652,2250,3387
3653,2636,3771
3654,1113,3747
3655,119,3004
3656,2407,3937
3657,3494,118
3658,897,1792
3659,684,886
3660,292,1637
3661,538,1170
3662,1451,1666
3663,882,3876
3664,3762,3940
3665,3117,1405
3666,3387,3068
3667,1227,2236
3668,3605,2902
3669,3357,367
3670,2620,2538
3671,2398,2091
3672,1821,2900
3673,811,1617
3674,3946,2237
3675,2048,1068
3676,2707,3465
3677,3256,1054
3678,1829,1668
3679,2621,2164
3680,3928,1748
3681,972,2689
3682,2275,2668
3683,3995,1213
3684,4040,1329
3685,1413,3575
3686,2825,4053
3687,77,824
3688,873,1079
3689,1036,3183
3690,261,3071
3691,3122,3174
3692,2593,324
3693,563,450
3694,3008,1607
3695,1566,2433
3696,1811,1115
3697,2644,1327
3698,115,296
3699,3720,1661
3700,1758,1339
3701,4035,588
3702,414,1998
3703,960,3918
3704,536,3279
3705,3848,2489
3706,2019,1188
3707,3324,3941
3708,1077,2309
3709,3069,2142
3710,2255,412
3711,803,2312
3712,2049,1041
3713,1024,3465
3714,2101,3599
3715,2733,599
3716,3069,2439
3717,3029,1755
3718,3095,2238
3719,4046,2774
3720,3699,1661
3721,1758,3700
3722,1836,3350
3723,2519,2334
3724,1233,922
3725,1827,3644
3726,2001,1400
3727,851,2714
3728,1916,1809
3729,3131,2985
3730,541,846
3731,1300,4084
3732,434,3825
3733,562,2628
3734,2720,3389
3735,3784,3066
3736,3505,3586
3737,2399,1563
3738,383,2733
3739,126,625
3740,42,2852
3741,955,1940
3742,3491,2901
3743,3860,2389
3744,951,1709
3745,2750,2305
3746,2383,317
3747,1009,3654
3748,3149,4012
3749,4043,2451
3750,3107,2812
3751,2226,3516
3752,178,1094
3753,1482,769
3754,92,1248
3755,365,218
3756,1597,156
3757,3125,1070
3758,1139,945
3759,2779,102
3760,1973,1687
3761,2616,1668
3762,677,3664
3763,2261,1890
3764,2619,3930
3765,1513,61
3766,2566,811
3767,3382,288
3768,3552,3022
3769,3197,3631
3770,1887,1259
3771,2636,17
3772,2604,2445
3773,2845,2522
3774,511,1763
3775,3795,2701
3776,1779,174
3777,2419,3338
3778,456,2945
3779,488,3177
3780,1917,1002
3781,1599,1060
3782,103,669
3783,1534,1705
3784,3735,3066
3785,3923,1273
3786,2962,3636
3787,1691,3087
3788,3838,1736
3789,3472,151
3790,3443,674
3791,3027,862
3792,414,3083
3793,2202,138
3794,2152,1306
3795,3986,3775
3796,3091,272
3797,881,4034
3798,1210,2811
3799,2543,1197
3800,2393,1488
3801,3354,2103
3802,765,2755
3803,1239,1226
3804,974,2533
3805,1579,735
3806,2996,2686
3807,4013,2255
3808,3040,2064
3809,24,679
3810,2600,794
3811,1470,3046
3812,223,1095
3813,3878,3339
3814,1016,1859
3815,1081,2638
3816,3445,1635
3817,3552,808
3818,2856,3328
3819,1965,3366
3820,4008,3458
3821,1234,888
3822,2691,1401
3823,2577,1659
3824,2392,1308
3825,626,1845
3826,3045,2348
3827,1876,2567
3828,967,465
3829,2147,376
3830,914,2382
3831,2104,392
3832,1820,2702
3833,1873,262
3834,2706,1579
3835,3144,837
3836,2083,186
3837,1445,1903
3838,3788,1736
3839,3273,257
3840,1615,2973
3841,1883,1953
3842,2327,660
3843,637,3987
3844,1301,3553
3845,70,2104
3846,3387,3017
3847,2062,691
3848,3705,2489
3849,3608,1782
3850,3163,3191
3851,3984,2176
3852,3560,3817
3853,3110,2859
3854,724,2564
3855,928,1699
3856,3863,1724
3857,3971,1976
3858,1442,3606
3859,4020,784
3860,3743,2069
3861,3105,3401
3862,1211,3180
3863,1724,2540
3864,3919,1165
3865,3467,3611
3866,2808,1292
3867,2090,1870
3868,319,2659
3869,3543,1341
3870,3952,952
3871,3194,2289
3872,1356,2008
3873,3086,3492
3874,548,1277
3875,2371,1482
3876,3525,820
3877,80,2114
3878,802,3813
3879,2000,1209
3880,3345,3897
3881,1601,2374
3882,348,167
3883,1742,3987
3884,3457,201
3885,786,0
3886,2983,3906
3887,1290,1661
3888,2196,1313
3889,3255,481
3890,999,3192
3891,646,3012
3892,91,308
3893,964,3961
3894,2260,700
3895,1138,1091
3896,4073,2580
3897,3345,559
3898,73,2980
3899,1669,2462
3900,2542,3373
3901,2228,1000
3902,2320,1968
3903,517,2340
3904,909,3762
3905,1823,2211
3906,2983,3186
3907,3598,1627
3908,330,2970
3909,2222,3116
3910,4053,2760
3911,2149,2501
3912,2214,3300
3913,685,74
3914,3305,1120
3915,2031,1123
3916,315,78
3917,1548,1517
3918,960,3703
3919,1165,3864
3920,2754,2969
3921,1655,1153
3922,3361,1172
3923,3785,2530
3924,2434,205
3925,853,2586
3926,2716,1440
3927,1863,4061
3928,3680,1748
3929,525,3222
3930,2576,2619
3931,1604,110
3932,3587,3471
3933,1061,1687
3934,2317,3164
3935,2346,30
3936,64,2940
3937,2227,361
3938,2426,44
3939,795,2079
3940,2441,3664
3941,1715,3324
3942,652,1638
3943,553,273
3944,3664,3390
3945,35,804
3946,3674,2670
3947,4081,3417
3948,161,1036
3949,2400,2855
3950,3058,3320
3951,3306,1586
3952,3870,952
3953,4023,1624
3954,738,1509
3955,4000,1789
3956,3457,201
3957,2163,2703
3958,1675,1422
3959,3593,1755
3960,2172,3113
3961,1564,3893
3962,3316,2954
3963,761,226
3964,2405,1004
3965,216,166
3966,2133,2248
3967,1083,2414
3968,2580,484
3969,1292,3866
3970,75,345
3971,1504,3857
3972,2169,2843
3973,248,2489
3974,612,1784
3975,1226,1309
3976,3098,2013
3977,856,2497
3978,696,810
3979,760,1660
3980,530,564
3981,511,3613
3982,3348,2557
3983,3210,292
3984,3851,2797
3985,1731,2054
3986,2591,3795
3987,3883,1742
3988,1311,56
3989,2395,3467
3990,2525,2424
3991,354,2932
3992,269,1140
3993,1125,1813
3994,1497,3939
3995,1213,3683
3996,1069,2553
3997,3104,2923
3998,3407,818
3999,1100,83
4000,3955,3002
4001,340,21
4002,3559,3812
4003,1263,2937
4004,774,336
4005,3533,1508
4006,1205,416
4007,728,1622
4008,3820,3458
4009,1199,2585
4010,2060,2148
4011,838,2883
4012,1927,3149
4013,2255,3710
4014,2413,2814
4015,1520,2280
4016,636,1249
4017,1432,825
4018,2746,3198
4019,556,800
4020,784,3859
4021,896,3406
4022,359,1960
4023,3953,1624
4024,1605,1344
4025,3353,1136
4026,678,2021
4027,2042,49
4028,2534,2585
4029,2729,2116
4030,817,2124
4031,2685,760
4032,1520,2280
4033,266,3439
4034,3640,881
4035,3701,588
4036,1798,502
4037,488,3140
4038,1654,4079
4039,425,800
4040,2513,3684
4041,2236,3667
4042,47,1198
4043,3749,2451
4044,1524,1704
4045,3213,382
4046,3719,2774
4047,3579,834
4048,795,3939
4049,855,884
4050,1660,2218
4051,2751,948
4052,234,249
4053,3910,3686
4054,214,1587
4055,629,3601
4056,4068,2622
4057,2961,3083
4058,2584,19
4059,648,1341
4060,2991,1366
4061,3927,1863
4062,360,3568
4063,2098,2065
4064,3062,1235
4065,1553,1400
4066,572,3602
4067,2905,2505
4068,2622,4056
4069,3241,1647
4070,86,109
4071,1951,1373
4072,2451,3749
4073,3896,484
4074,3480,3992
4075,3039,470
4076,195,2668
4077,2728,2655
4078,3357,2948
4079,3365,4038
4080,28,2785
4081,3947,3473
4082,9,1570
4083,543,3189
4084,3689,3731
4085,2221,228
4086,1232,93
4087,2177,1151
4088,423,990
4089,2950,31
4090,1783,2571
4091,781,912
4092,2742,265
4093,3263,3128
4094,2389,1984
4095,836,1079
